NaN NaN NaN NaN NaN
NaN 2055.813076531543174497 1689.575158890483180585 1784.87757388544036985 1702.638515507617739786
2221.099282665916689439 1787.47675201156471303 1790.487287622618168825 2154.156877157614871976 1797.841667341052698248
1741.364005687318922355 1404.12003271472644883 1617.489198571392307713 2125.412370523829849844 2156.756882258463974722
1778.149450244522540743 2603.224668576348449278 2404.941652817057729408 2573.4306656115873011 2220.287706678962877049
2063.988826247326414887 1848.073960795867606066 2384.664268818077289325 2346.242810127665507025 2211.956819128908591665
1783.410031112347951421 1828.115431196191821073 1245.990618913279604385 2247.799042490478313994 2188.386249648392549716
2471.510860059985134285 1931.347180791122355004 2446.58645039727753101 2083.12742117564266664 2592.744226478578639217
1397.831227015291460702 2120.399062396853423706 1995.884861188581226088 1284.588621878362346251 1767.332555637596897213
1634.437741908906446042 1832.726567928236363514 1704.465024773843197181 1819.386786462094732997 1854.944349831288718633
1591.197531291818449972 2255.317829054499270569 2071.643609211331749975 2013.900369903389901083 1940.814463686485396465
2286.126533051235128369 2155.211974300634665269 2266.459027539634007553 2082.824196537222633197 2248.231834235949918366
2252.873618544792407192 1924.57794817290687206 1584.246075412044774566 2467.902402557652749238 1764.317438045590961337
2150.280134082892345759 NaN NaN NaN NaN
NaN NaN NaN 2188.047423031537164206 2191.359404780573640892
2168.750374192502476944 2613.439246974873185536 2399.817295208711584564 2277.056729252798504604 1979.783261164910982188
1945.980990208817274834 1919.409708449936260877 1933.427622635805619211 2070.123367485986818792 2038.707705368487950182
2687.764031777193395101 2593.95650314695740235 2435.888509767364666914 2551.462966011986736703 2470.081060569217697775
2322.509244990986644552 2320.486008831215258397 2394.115511147019333293 2373.038558911461677781 2497.234885911920173385
2286.597604896212942549 2266.763360462480704882 2361.379979859152172139 2311.291335363191137731 2378.011408099982418207
2416.72366013096552706 2324.539334415859229921 2564.74473905868944712 2374.104072769287085976 2284.193463184740267025
2500.556997250264885224 2554.614568285975565232 2275.187347222749849607 2281.755538037744827307 2171.833775628025705373
2185.953891640200254187 2293.522292083785487193 2232.155484208657526324 2346.959551401992484898 2338.305253484129934805
2405.02179806628919323 2335.34952431219699065 2412.086506783601180359 2391.577968848786440503 2752.172596307093044743
2580.667911269910291594 2741.740087183586638275 2418.548946804423394497 2339.314933711651065096 2566.064136440980746556
2689.59870446419745349 2334.996020359416434076 2030.135661367195780258 2558.383735869756037573 2667.751818306706809381
2358.567251867944378318 NaN NaN NaN NaN
NaN NaN NaN 1620.015986690550562344 2270.22121468925024601
2012.721916751541584745 1542.171752619775361381 3023.433305430545260606 2005.520083557203179225 1082.70607549810938508
2018.879411938965404261 1575.03332571582404853 1847.702266082353162346 2399.153546867813474819 2441.806307888835362974
1914.372684771268495751 2272.266277851247650688 2166.845448406305877143 2569.190382481824599381 2156.224498165534441796
2817.386339005020090553 2190.607285434346977127 2240.375416179439525877 2206.171442004238542722 2208.285251475984750869
2750.014049249760319071 2024.302745151705039461 2029.813453675877099158 2233.986918012917158194 2139.81270815511516048
2752.708634027381322085 2420.560520363445903058 2631.4036339143249279 2487.126431557621799584 2418.626058061635376362
2238.453555410849730833 1290.407488097939221916 2229.827683872862053249 2329.784837637741929939 2478.768600940555188572
2002.25170534189760474 2574.893685793627355451 1303.303957477533458587 2171.557911453047381656 1977.521330379109031128
2528.695047074011199584 1932.287235615874806172 2928.127105035004660749 2649.200182622824740974 2845.654719722372647084
3227.669480518547061365 2074.961211688922958274 2308.175611283908892801 2722.146038673323801049 3045.063687318558550032
2695.609586798377677042 2438.102928792788588908 2082.208811968691406946 2287.615906502452162385 1513.765254478415727135
2306.673010506728587643 2416.667406579011640133 2193.245769899513106793 NaN NaN
NaN NaN NaN NaN NaN
1408.469789516789660411 1880.050711794728840687 2447.666084134969423758 2616.355656664746220486 2416.907732199177644361
2412.80017365000276186 2561.433080081332718692 2416.155924746759865229 2475.624289609447714611 1693.497803588809802022
2583.073424334110768541 2191.379560224701890547 1781.18522639226694082 2288.816321182098363352 2238.68017374286591803
2487.516753862706536893 2046.579034183688236226 2501.771015001361320174 2413.797168070734187495 2119.535202259241032152
2251.167228101126056572 2126.96570865757212232 2483.86191564774753715 1921.379192366199049502 1564.669371654544875128
3380.408830494856829318 3298.731386231812393817 3169.354737693431616208 1942.081292586907466102 2961.473356245925060648
3626.356779912743604655 2312.037367567103046895 2324.058080534145574347 2463.577413380555299227 2762.161588285757261474
2205.132418142205096956 2620.924209452593004244 3331.054779192691512435 3137.07598743576591005 2934.364141500983805599
3806.360925160169699666 2047.733609185011346199 3160.904361467463786539 2176.601366012683683948 3165.538385895707051532
2070.175820263432797219 1642.807864588001166339 2115.162982815497343836 2542.737792383233227156 2419.807016480211132148
2092.522053476151086215 1710.684986601013179097 2566.054918983710649627 2792.867672243336528481 1638.041669706449738442
1753.585183523451178189 2406.068956212241118919 NaN NaN NaN
NaN NaN NaN NaN 1350.998808268298716939
1386.373680562940307937 1955.967667706845077191 2179.271649816606441163 1858.550664162557723103 1051.431126175294366476
1575.049804708445208234 2394.131668788865681563 1758.574507528064259532 2248.735908767764158256 3079.989676095237882691
1822.042099267492631043 1335.73445321462031643 2500.602617312869824673 2433.416536287001690653 2336.073581988007390464
1684.644023122111320845 1747.35710574711197296 2734.229388385665060923 1521.887261679707307849 1794.099113690679359934
2197.663721889656699204 2198.734821766393451981 2038.245982103476308112 1878.937237194850695232 2455.826548260258732626
1953.415470453019906927 2570.885295997461525985 2668.818370007551038725 1934.049579245008089856 1855.107277599871622442
1790.062519967900470874 1867.785375605960325629 2087.73147351801617333 1679.611364788696164396 1566.181497761528362389
2105.940965387789674423 1955.588658517939848025 1979.779833165101308623 1412.525518146049080315 1536.30604908545615217
1361.165885076509084683 2053.59343324076371573 1779.67544020057130183 1920.423163661350827169 3047.996025649840248661
2217.142690854057036631 1984.746208891202286395 1878.49589137353609658 1705.097903425883487216 1684.187241433998224238
1312.154212159946609972 1959.413072259658974872 1988.287455519826607997 1524.167064667366275899 2128.445843271719240875
2251.036679252989870292 1488.501454107462450338 1618.476009921677814418 2251.932009695569377072 NaN
NaN NaN NaN NaN NaN
NaN 2124.11199163122319078 2428.577315779761192971 2064.202813648103983724 2188.524736633023167087
2641.957174438651236414 1649.629218486649733677 2289.502727830668391107 2692.634149487907052389 2145.104030849594437313
1525.589010499205642191 1792.014565752367161622 2131.338415856672327209 1998.764034327578656303 1635.136158850056062875
1801.741355114822681571 2303.209393417063893139 2064.474717292898276355 2004.954287232187425616 1847.951504956173039318
2581.420499460645260115 1832.943602128880456803 2728.656047246176967747 2753.60727430072347488 2858.857841220901264023
2047.72460150765959952 3052.061590563478603144 2019.520474513000635852 2295.542729236739432963 2370.42021477235130078
2600.813176804902013828 2495.644905730080154171 2097.988138552996133512 2295.738143356386444793 2140.29820265002308588
2328.797456132527258887 2252.35390121642012673 2463.347660551279659558 1510.135058741722559716 2073.654346579606681189
2628.707226171538422932 1727.596549673697609251 3229.858362758457133168 1723.42664490264678534 1703.863783693305549605
2395.653527871704682184 1847.710320664238224708 1588.430833185670962848 2184.971889043181818124 1765.183900188120560415
2338.98309344295421397 1926.557536074220706723 2368.95311439876240911 2860.225537984194943419 2050.346061174033820862
1823.177964089396255076 2806.926971883179703582 1981.689923898505412581 2116.448329615120655944 2477.09945667248848622
1661.846260482016305104 NaN NaN NaN NaN
NaN NaN NaN 1524.542307256395815784 1752.490984755523186323
1606.808708426846123984 1952.341929765148506704 1995.107955770175749421 1762.320594158814174079 2231.344653646416190895
2506.070408166844572406 2098.123533919719193364 3681.538131293332753557 1875.078439138930434638 1860.036080135138945479
2776.128745239899217268 1942.754522708637750839 2039.468774894440912249 2202.004902737972315663 2498.395710784355287615
2372.566334796919363725 2852.100856541334451322 2431.755254024376881716 2653.73176257268869449 2293.336214524329079723
1981.403601412960369998 3171.730413944460451603 2742.990514200011602952 1834.151009300816440373 2320.479538821523419756
2616.682850790832162602 2204.911735666811637202 2758.954814971976247762 2615.440091946453776472 2089.641181475597477402
2464.121556272741599969 2546.74152487745959661 2643.040109796207616455 1999.963184070064926345 2243.953851637793377449
2119.145417185745827737 2238.835297357196395751 2082.496864199034462217 2618.29063798000333918 2810.808673730963164417
2511.803134291985770687 2413.773986894109384593 2396.304649541877097363 2219.03503046168907531 2265.6291445898064012
2194.782963725309855363 2307.736118524879657343 2379.060546418476405961 2140.693538141294993693 2538.404305195148026542
2493.482596232694504579 2160.37953212725733465 2197.662205288996119634 3233.141528679666407697 1866.307255656994129822
2617.79438664187773611 2454.305312920711912739 2765.844713264279562281 NaN NaN
NaN NaN NaN NaN NaN
2022.614436323365225689 2380.07061577721606227 2061.934865932291813806 2322.569171148792975146 2252.342938853036685032
2659.956897715318064002 1650.918984994349784756 1282.55848689954996189 1503.167300531242062789 2285.904842557802567171
1664.314544526728468554 1952.177819532412286208 1253.788581860283557035 1818.314912026380170573 1056.994747684537742316
2046.139221337344679341 1827.108670366288833975 2274.874342430540309579 1483.966194142182757787 2161.902368511751774349
1547.824225653971097927 2173.51097832825689693 1466.060127923603886302 2037.271219204550106952 1827.15795634530377356
1809.200152551728479011 2188.166855113916881237 2451.52166416881391342 2266.653424269487913989 2170.866970732693062018
3221.121959901881837141 3193.145938380776897247 3069.898681773286170937 1906.833639925743682397 2341.031306153113291657
2277.240506630278559896 2512.911225760952220298 1528.668477939808553856 2298.824657432218828035 1693.266672712009494717
1361.178174260770674664 3012.675245692374573991 2758.467168641724128975 1669.878153452638343879 2448.833439110432664165
1669.466052405836080652 1597.189301816961460645 2408.484444686992446805 3225.968972679485432309 2333.423619163846979063
3079.373986620829327876 2269.358664215150838572 1305.209505133320590176 2060.095014998378246673 2005.425612213677140971
2299.417504626263053069 NaN NaN NaN NaN
NaN NaN NaN 2108.745626387444644934 2286.257230196913042164
2773.588993943120385666 2505.491271359385791584 3395.278398102824667149 2660.741828046376667771 3132.450397269853965554
3034.81338406644817951 2401.368815129188078572 2339.832075196577079623 3020.980116968361926411 3193.943449010276708577
2483.624565077594525064 2578.993900855874016997 2580.938332118789730885 2931.495195857987710042 1317.379984860101558297
1895.012897483158440082 2501.287394222405964683 2595.39572893538434073 2527.769837407579416322 2463.939884464941314945
2024.589532127566144482 2904.240330515801815636 3964.044519106275856757 2926.994998605162436434 2732.415924998064383544
2736.737973915487600607 3229.17806106485249984 2520.209759236402533134 3305.27039434218659153 2535.807662729502681032
2931.818368677042599302 2603.640127475234294252 2715.763808378461362736 2177.242429832423113112 2449.297422642178844399
1950.552986376512535571 1625.018628002575724167 1737.909523922055541334 2097.739635245233785099 2017.674433937387448168
1873.074278852945781182 1862.426919076008744014 1907.753091852601528444 1901.171746423223567035 1844.480428866050260694
2492.60894971913057816 2585.398372884582386177 2203.522075179333569395 2376.011375599651728407 2576.374597902973619057
1807.277397253966228163 1846.856343798159059588 1724.33992673575767185 1750.152342301723820128 1751.215430801661568694
1930.181984260516401264 1621.39323122906239405 1612.010363429814333358 NaN NaN
NaN NaN NaN NaN NaN
1975.798796935925565776 2200.980033582281066629 1791.673569823343996177 2503.204365132184648246 2837.889502020056625042
2654.402689991970873962 2959.245969783087275573 1834.922658545468948432 2100.571062809603063215 1558.67768261843707478
1614.977827644466970014 1255.931742535140301698 1550.581073885619616703 1742.295556117355545211 2087.974612751215317985
2049.193469996948806511 2059.166384035069768288 1674.102645406343526702 1557.513144243940132583 2981.732504543503182504
1978.278369949291572993 1548.759612460919697696 2329.555284602527081006 1815.186833544534465545 1889.522578143674536477
3227.191831971048941341 1497.592027873312872543 1805.297677544342377587 2293.849998249646887416 2208.785946797132055508
2160.553047272425374103 1477.528704689005508044 1432.93344550838332907 1600.113834963354520369 1514.432940990817542115
1719.209662943456578432 1775.822528942882854608 1629.958201061696627221 1708.701059002545889598 2117.286822687644871621
1701.851373329667922008 1429.262084362247151148 1716.792796341774192115 1278.770910263648374894 1955.065992382455078769
1820.929365271956385186 2263.477143193269512267 1661.99300956818387931 1912.507978318639061399 1705.692406081299168363
1698.102807653613808725 2079.409611113851497066 2123.915141992423286865 1295.696093000347673296 1888.826313310251862276
1882.758087455905524621 2174.873571250611803407 1753.444891449140641271 3264.390621182019913249 2382.827071345208423736
NaN NaN NaN NaN NaN
NaN NaN 2393.150778483955491538 2027.717509841002538451 1851.180635215185475317
2624.870322096784093446 1766.514172297543836976 1713.190474846926463215 2138.748863586823517835 2135.710583515912276198
1780.052991348034311159 1470.420889592351386455 1658.677286336693441626 1856.206551160177696147 1586.285584530949108739
1885.259499207489852779 1797.524879584091877405 1881.506665937270554423 1434.682350851787077772 2321.396160202807095629
2173.97916428322378124 1575.254175031277554808 2465.380520716846604046 1507.015583360609525698 1905.418244562896688876
2030.62046031272802793 1907.771456776476270534 1908.271744159789477635 2247.450795716428729065 2278.549401361061427451
2406.091632926956208394 2076.191390990060426702 2422.144826705254217813 2609.511416786744575802 2225.339332303397441137
2314.150337309805763653 1539.174326102836857899 2605.087883684489042935 2681.017562040508892096 1585.783448767233949184
1325.330526630736585503 1673.140852948495194141 1705.530424517794926942 1849.605761350587499692 2268.080518997375747858
1974.064794879309602038 1507.551618062908346474 1548.708193848866812914 1874.492625596780271735 2579.26739361673617168
1956.934491960361128804 3292.808805510887850687 2632.154067479682453268 2609.613325402713144285 3253.132171463942540868
3277.68501036912221025 3152.633229301613937423 3073.196267147695834865 2657.866767646102289291 3424.924912171334199229
NaN NaN NaN NaN NaN
NaN NaN 1886.533487718039850733 1883.225558246667560525 1941.185805616002880924
1919.550934903028746703 2051.421691763925537089 1812.02174742371244065 1566.979548093483344928 1555.395529348383888646
1712.170512708767546428 1596.59082644721752331 1739.116239428014750956 1725.174582453675384386 1698.525433941509618307
1969.765732361581285659 2113.631187173039052141 1915.562592761233190686 1867.79967009782740206 1492.388993585245543727
1737.260490963051552171 2104.26351801130158492 1925.135597529414098972 2129.162329381335894141 2336.684745387368820957
2196.746381197884602443 1999.518445490012936716 2053.136186886989435152 1746.170322296678250495 1525.975512814700323361
2034.326535750765970079 1761.795822709607364231 2156.861974121521143388 2019.837474603768896486 2080.920448276462138892
2140.945194430799801921 2001.620779540893408921 2468.712238721778703621 2436.901472593017388135 1843.999821491700458864
2415.627049202390480787 2624.46581874554112801 2135.646443270233248768 1481.511417208032298731 2366.838975354952708585
2794.953240043072128174 NaN NaN NaN NaN
NaN NaN NaN NaN NaN
NaN NaN NaN NaN NaN
NaN
