5460 5322 5520 5264 5982
6519 6676 6769 6565 6675
6624 6805 7037 6926 6876
6690 7337 7515 8190 7628
7304 6952 7117 7252 7079
6801 6434 5842 6174 6690
6991 6998 7242 7308 7121
6047 5854 5097 5238 5026
5916 5635 6272 5933 6567
6238 6701 6649 7029 6844
6771 7286 8007 8095 7761
7182 6984 6950 6857 6940
6914 6482 6964 6398 6719
6123 0 8553 8218 8142
8602 9415 9144 8242 7700
7915 8003 8066 8275 9103
8951 8973 8960 9609 9642
9997 9612 9874 9442 9528
9447 9951 10528 10214 9942
9538 9847 9841 10092 10105
9808 9220 9087 9568 9728
9621 9315 9829 9978 10138
10370 10444 10430 10496 10365
10347 9914 10048 9771 9281
8925 9175 9324 9463 8963
9569 9526 9873 9233 9632
9436 0 5211 5473 6069
6023 6381 5836 6152 5847
6877 6676 6377 5452 4964
5183 5484 6046 5596 5305
4678 5050 5078 5202 4934
4845 4862 4628 4107 3574
3900 3935 4655 4362 4864
3870 4048 3687 3511 3417
3562 3847 3500 3431 3295
3267 3626 4344 4794 4515
4348 4115 4641 4475 4885
4170 4971 4555 4633 3797
4103 4159 4077 3974 4116
3995 4229 4249 0 6090
6212 6374 5707 5519 4931
4839 4452 5069 4903 5151
4846 5467 5169 5075 4463
4458 4383 4072 3770 4031
3822 4499 4247 4802 3036
3247 3304 4818 4697 4289
5078 4812 5207 4209 4233
4090 4741 4734 4653 3700
3903 3670 4113 3876 4043
4271 4542 4277 4106 3680
3529 2969 3183 3446 3636
3606 4086 4148 4107 3681
3506 3123 0 4460 4700
5258 5603 5897 5704 6453
6393 7188 6476 6324 5048
5421 5674 6145 5948 6211
6253 6240 6039 5622 5567
5485 5451 5932 6354 7340
7439 7325 7115 7030 7310
7140 4841 5028 5610 7929
7513 6591 5982 5454 5653
6129 6448 6243 6291 6362
5944 5733 5792 6231 6151
5868 5838 6317 6656 6817
6629 6586 6585 6368 6021
6246 6665 7178 7080 0
7046 5607 6546 5163 5641
4042 5454 4625 5664 4019
5307 4776 5605 5215 6250
6262 6172 4521 5197 5464
5974 4722 4372 3754 4817
4099 5003 3428 4154 3494
4966 4347 4956 4174 4752
3788 3812 3211 4980 4220
4614 3138 3475 3268 4515
5237 6594 5738 6492 5357
5608 3708 3789 3521 5245
4995 5357 4335 4743 4065
5899 5563 6162 4001 5088
4812 0 4731 4387 5060
5453 6401 6364 6491 5678
5860 4879 4758 4327 4266
4089 4030 4786 5531 5601
5100 4889 5178 5101 5244
4810 5247 5016 5002 6054
5941 5475 4514 4229 5236
4856 5504 5491 5663 5261
4990 4908 5423 5271 5404
5296 5839 5884 5574 4774
4769 4742 5074 4874 5481
5441 5489 5046 5104 5136
5112 4873 5012 5175 5110
4969 5168 5315 0 4835
4844 5509 5261 5229 4502
4484 4172 4487 3277 3631
3017 4175 3798 4112 3514
3845 3538 3927 3544 3989
3545 4066 3690 4285 3597
4172 3711 4354 3818 4325
3847 4293 4007 4010 3281
3057 2500 3201 2865 4308
3874 4569 3776 3936 3446
3755 3101 3796 3643 4569
3791 4251 3941 4699 3491
3324 3226 4197 4332 4215
3693 0 4792 4951 5334
5193 5197 4857 4628 4181
4262 4131 4575 4080 4106
3982 4777 4906 4445 3560
3341 3320 3595 4013 4093
4328 4125 4255 4188 4244
4624 4298 4092 3754 3926
4055 4266 4299 4222 4091
4075 3790 3399 3189 3258
3000 2740 2556 3201 3408
3625 3310 3485 3194 3129
3222 3842 3422 3437 2802
2951 2436 2769 2852 2787
2076 2016 2120 0 6224
5643 5518 5441 6092 5925
6409 6080 6483 6082 6319
5843 6191 6498 7214 6817
6060 5075 5042 5592 6052
6018 5682 5768 5874 4949
4921 4730 3819 1765 2214
4115 5908 5751 6195 6436
6751 6274 6363 6123 6794
6430 6346 6055 6455 6009
5712 5239 5481 4937 5078
5404 6114 6169 6291 6310
6302 5522 5456 4685 5150
5264 6065 6039 5548 5122
0 7026 6478 6563 6344
6763 6934 7499 7310 7060
6846 7045 6896 6543 5887
5581 5436 6207 6673 6817
6119 6487 6503 6813 5942
5829 5563 5860 5558 5931
6521 7186 6949 6732 7096
7781 7902 7884 6988 6615
5700 5671 5049 5769 6110
6883 6284 6174 6295 7498
7216 7687 6952 8091 7436
7931 7662 8569 8045 8057
7326 7930 7357 7600 7146
0 6268 6201 6403 6667
6568 6506 6031 6534 6330
6758 6664 6708 6019 5570
5641 5623 5555 5330 5556
6262 6297 6275 5397 5592
5332 5712 5035 5501 5429
6357 6242 5965 5598 5594
5484 4958 4468 4696 4873
5308 5267 5547 5016 5100
4943 5045 4318 4099 4229
5067 5430 6009 5603 6020
5611 6051 5940 6447 6345
6162 5722 5799 6045 6398
6532
