0.112681265116036447016 0.02644420224751696177345 0.1121720250014357489476 0.1779118657831660066382 0.07679480475945135720117
0.0532977840935032615155 0.06772472887598687818489 0.1374516832357958462385 0.1588316318869389398571 0.09860482520003571726974
0.08298737126960652188412 0.01906892012947598163963 0.1756900588294832976644 0.1480547476007739449155 0.1527447491078748331716
0.1662903120605241924501 0.1145082115746892947872 0.1545457512088151408314 0.1551892922282805120648 0.1885291961795882154096
0.06940852383364831679202 0.1440019286002240106459 0.1325957634592636602555 0.1210725258804389581346 0.1830333030700219132392
0.1523231883630034311228 0.1823746435985187930306 0.123429015933347180356 0.1634548461429710941584 0.1031702934876406324571
0.1497708664756914054283 0.1292852728241206672344 0.1622710206477379346612 0.1694802379886560239619 0.1978769555063836227404
0.1538793723083936582086 0.2058835422451157082246 0.1779078611820635591467 0.137165246671077684093 0.1760293164344950977984
0.1788533037963580540897 0.1531682751279585252835 0.2032183607857489526793 0.1419466070522795164699 0.2047792194516313835084
0.143896592616097607209 0.1587995194293768119742 0.2025889391619781210174 0.183903931809734938474 0.1693664954274629597109
0.1836465073409738746335 0.1838792185342990603836 0.09394027048863008710899 0.1310606441073811911924 0.1747313908819275452
0.1846406062060530206548 0.1977757436911694033377 0.1671640836845331989924 0.1903919836054386582891 0.1291180783540785970143
0.1862778554294591548679 0.1240854872711969203447 0.1380915991044198154469 0.1144956862033864736228 0.1818672747277770007646
0.1599691018532521658013 0.1654530820961797321633 0.1830630694731491536764 0.1993388115578475783263 0.1875266028413741792313
0.1705410969724762970667 0.2141151119125286328426 0.2093375757727914676654 0.1648736993809941930866 0.1609277603421271074513
0.2179145820105508890574 0.1891111562850046612372 0.2087386920225446917954 0.1737774569768354426813 0.2021985291091225600546
0.2255302198244731881616 0.1884837947416383718835 0.1807608388629629581068 0.1706201503719348699928 0.2048486715644897704358
0.225345550253956194986 0.1567722979147775086428 0.110600417223635699715 0.2305589425996243113648 0.1578685998735687434635
0.2374589087488722660702 0.1919547078655293448346 0.1737297242578492995069 0.1921799368071501756816 0.1579447247224443073854
0.2222763005181455087111 0.1923874750538844824455 0.1967472251897363910711 0.2084757527737880478114 0.2203513406990684209141
0.1788649962682168081951 0.2033143806463623692871 0.2024797033937211221399 0.2182360632868077521263 0.2100802855664985480111
0.1819487401479638333246 0.1950702699077966895125 0.2082516757327109169218 0.21772402869109278023 0.1858683138844489102226
0.2084840331018199544033 0.1618878106711088005198 0.1916414789733154322438 0.1782470845404525994216 0.2099528230698322339709
0.2279788565223623275635 0.2251437915152491864301 0.1779792811253443352015 0.220653139690827365671 0.2144053431075503834968
0.2251275931751585968055 0.2082792535494988606093 0.2162163444695076042201 0.1842826881058700072558 0.1927430304963663187934
0.2134979062431993923621 0.1911870629663189047331 0.1889546014160172759944 0.1964341714450370812717 0.181819629502533802734
0.2014250484254161144282 0.2112271010063006271285 0.1768746187823404536488 0.2023173698581468282764 0.1617546538019108137707
0.1729132062929358282233 0.2094420972386281665223 0.2138529560173375865251 0.2386183390957726802029 0.2130270368190662066965
0.187687403070292524454 0.2080233354216923236102 0.202905153156102635581 0.2252187189141965084627 0.2096228740257728706542
0.2382686862656369641833 0.1978414767928939332897 0.1946676553473510040693 0.2419750201131350975103 0.1789235418921764075861
0.2169856614320517518291 0.2048650398541200512437 0.2084659274270974638199 0.242913072102009575115 0.217343866096439936042
0.2338104858548109565852 0.1927824393572898642457 0.1909075571804675908183 0.2270535106181184037411 0.1864517181426327552263
0.1782150922428187567181 0.2464294936616702180743 0.2279291907288230334405 0.2079424337843747971899 0.2158190995352450292089
0.2135284884390509230201 0.1785538861454230574743 0.2052339434290131048311 0.1991565042671015195452 0.2266722989324942705291
0.2382742977304667941763 0.2324789372760632244486 0.185511661949505940461 0.2216555840128769938602 0.1859687287911009068164
0.2295020886657135605891 0.2120928352883942602514 0.2317145308084318511277 0.2208915124525116790988 0.2309813195594304091607
0.2311524391419974844286 0.2161188107947751013693 0.2488607542683169693287 0.2047250253045607981672 0.226760421716385912605
0.2090068742700608439566 0.2233653198854980703736 0.2162754793940893649484 0.2314760814188669690861 0.2404077127606191466302
0.260480731667055653844 0.2278891505548931439851 0.2408559765839075883509 0.2194020589882576532936 0.1864150032201873641302
0.2500772769050870203422 0.1959991786794970103358 0.2396821460074007592578 0.2490975763848795321298 0.2003487056543353239668
0.2144260945502499682291 0.2310114226349945509842 0.2205202691732980335715 0.2136019092115789275166 0.2450505037902429017471
0.2199284134975342808183 0.2319401470881921334399 0.2192046941622926015114 0.2221396669165960624515 0.2185723718006043203577
0.2174622591047377373474 0.2175093060753394147433 0.2366911020721265412892 0.2223694563114519129332 0.2077420410766125657975
0.2752013012230506427969 0.2272680372848108476536 0.2497535644989385406056 0.2006382455675893572433 0.2443906226140143689296
0.2443123323577426342368 0.2648506694820501050636 0.2319107380587589750665 0.2067192520169641722916 0.2274125164170826829402
0.2044907599453298086001 0.1984879084476665611625 0.2156407547098584953638 0.2327580891330663093175 0.2406842232845711748723
0.2389424401682914977929 0.2185997924416633875211 0.2452714599517538118789 0.2410654039171771789718 0.2170880772305028849622
0.2185715332609564631738 0.205795835318243414136 0.2377595016613580636289 0.2540041050969074620802 0.2330569527128477091971
0.2379363868074895749238 0.2365677245296867181601 0.2316142341898248246945 0.2447631062349290842484 0.1977815314006325930762
0.202999353683664979231 0.2111610735951192641124 0.226138079210712078515 0.2317304389117495200257 0.2272052285258443771188
0.237557073471525603825 0.2188690924046212682441 0.2273001118796031949643 0.2157895169040747740397 0.2277549139595765881339
0.2543394137725394354987 0.2173939098737612263257 0.2012418759196398510003 0.2242960464767796424645 0.2539064098861806839658
0.2464697625944790859709 0.239469078129244922204 0.2232485581908963956366 0.2199241758446085492906 0.2111294241743906230369
0.2115239364210510508713 0.2184481790535480749682 0.2425282851154178520581 0.238028178482726920917 0.2056826034818238779778
0.2413884581192435874186 0.2390918781460824038554 0.2570719383249067124808 0.2440085161112691691798 0.2517876386115324716108
0.2214152849684908608285 0.2178280840185073952142 0.1976747137043137758639 0.2151963399147263089617 0.2499285121832612310833
0.2401497683451801201659 0.2368489630225278363973 0.2425242383370627419215 0.2234300997461161897295 0.2558063652122460340799
0.2302774717040334817586 0.2340674634828280586962 0.2472114684068815737561 0.2401254141388454721451 0.2460981759640455124316
0.2325161969163612452061 0.2181570640207040889802 0.2262274740991850885408 0.2389555851088455695752 0.244162324371080652341
0.2403030041362430035967 0.2214630437233713611267 0.2432206389580653937976 0.2144370065033585071035 0.2328015885419337516193
0.2504324823510593600595 0.2412579177194645596582 0.2318628881798701635297 0.2303967517025201083847 0.2178298699908442215278
0.2328723840661446886635 0.2294491049372085200719 0.2330781083094956573909 0.2443211406310456246249 0.2562582590586847675063
0.2416474619505182552803 0.2263824621928899605283 0.2439588291885141646542 0.2414568200255643448671 0.2531341926014696319669
0.2359879606858870659813 0.2387370437347320351051 0.1987659202647188982915 0.2562384512297323224672 0.2293325848672218281177
0.2437566314622096608211 0.2207309263288764478173 0.2533344281158739774718 0.2404665173047396964368 0.2228901219677884293358
0.2442257313436632659709 0.2645209883213196500051 0.2520225663145918559849 0.231264484813612114511 0.2597961937276996868817
0.2185343657442606613017 0.249282134684007228298 0.2265362239873674743418 0.2028259783762144941033 0.2303952859554000698328
0.2357703201129724424057 0.2576692349097433609728 0.2358674174664158740278 0.2618751387683446729682 0.2133767647352032281738
0.2558082420391505351631 0.2017784422629251284143 0.2225440027430039269252 0.265185247361786669007 0.2653028022862472523613
0.231418578448862155561 0.2409879967398791122957 0.2428990040940890993149 0.2405684520439506923761 0.2057203059738945960522
0.2135988291907899294664 0.2610297431924568645201 0.2459508229686546421089 0.246419301702358817252 0.2160248103444387668404
0.2314697315736919114304 0.2298478442669513455154 0.2319662301685194161216 0.2403291624180392827004 0.2433778272135286857569
0.2663598595987852757361 0.217122186078917533969 0.2354779276327764181431 0.2259260777371616124576 0.2648510953127393707796
0.2142457926287337499627 0.2081912016594998360297 0.2476422663456775141722 0.2470781376754261904338 0.2343095987571423566287
0.2659606617244005821732 0.2298093360769733750626 0.2384771202058872663354 0.2399939593113298574867 0.2179002632621681312397
0.2383078332812566813015 0.2319807558128462454672 0.2493244500518932982303 0.2327554923584042312346 0.2172715117328266609675
0.2739503161722508517428 0.2470096805055839450649 0.232877337968890041342 0.2357541905961509365319 0.254980309488842371568
0.2386647521554679796107 0.2349257751528301685351 0.2471893686195734962663 0.2562075124845215046143 0.235958825597206989233
0.2267691280871672321329 0.2374815278845902322136 0.2287162439338571995329 0.2503734118529779006934 0.2308153127560041151245
0.2367429213797993536872 0.2437303671060605803067 0.2549820594636057480287 0.2439912554924345833296 0.2361325571580507876046
0.2452667632048836088288 0.2409929974961324550264 0.2207642405209524483212 0.2437584894773783816824 0.2703918457623234461451
0.2632270420064339866428 0.2182804579285251289633 0.2182642436274782604677 0.2444916336780511012527 0.2266896483042255827645
0.209098670164505229252 0.2179475826747016564688 0.2475899353042936013036 0.2425607114882480375151 0.2117370963292485031015
0.2446377841165448818739 0.2273181870880791322076 0.2440179903150858919947 0.2510407806068291058921 0.2449799367285357687418
0.2300901824434007370002 0.2504562559315619552081 0.2324025574673502514411 0.2496935483880927952871 0.2610823880104951033587
0.2714594208434588651357 0.2309968501754935121806 0.2229527742797043354805 0.2431156911286704302988 0.2278938939812428510212
0.2352754838440274109956 0.2624297119734471106511 0.2131526964598892959213 0.2438606078839977708839 0.2495814204714380812877
0.2302346215353295866279 0.2420140991672649899424 0.2458748219025916337266 0.2481895306237241194403 0.2304518714399640955115
0.2495053027023005354224 0.2063006072127752110745 0.2354944498622664472709 0.2456034886274078843371 0.2413314707468201258944
0.2542830801750078917323 0.2143157337419775432252 0.2247533990196674547057 0.2275443458829492227036 0.2497760034179822008493
0.2446011188761536003788 0.2380092095560018827793 0.251836148271157855838 0.2686212816179368578773 0.2318226449513168252459
0.2419226041581969965932 0.2355102522582353530289 0.234258094882491829658 0.2294480519243215221881 0.2493111497427851486197
0.2549910125782773873127 0.2273389740593462493568 0.2601163151912436743984 0.2456140271306292421905 0.2416776553355324541617
0.2104140677169052398021 0.2430805616802657331821 0.2478558950993035858712 0.218179910081122668819 0.2692689316075801975181
0.2533730092376754727823 0.2247158307779455743702 0.2374759735257826465116 0.2177090961277681202546 0.2367536527129188717034
0.2345680061891409207142 0.2528716700386476334828 0.2512381057224779001835 0.2440474802198314696611 0.2297070540959164630657
0.2467123095171524782554 0.2446293796598170144918 0.2373438473908364709786 0.2393650051205118145514 0.2405683686020605449585
0.2189490648597662569852 0.225886580884457871532 0.2163534735809307940624 0.2479785754340591563682 0.2265015062197404949185
0.2549261717488807144072 0.2205024934721183382802 0.258840973614608838016 0.2496907758145564815155 0.2411187413231734855135
0.2448039750224584587546 0.2374166391998200620339 0.2312398926976325930216 0.2513518305836145438903 0.2387565830510878228665
0.2401246228667454074568 0.2359559150003054384115 0.2460949271990622577722 0.2475159573139172619616 0.2505628124537909728886
0.2391845870529723250275 0.2350403939918504769846 0.2375115782430700095418 0.232612027272372179354 0.2372389958008220556263
0.2360957727875902245618 0.2672142907899414665529 0.2492901214735786241672 0.2384941111899882282277 0.2209004539800067945521
0.2427738082827871901603 0.2369673419699491190293 0.2195005673923875744169 0.2205110543194621630647 0.2638728487202979811066
0.2385440257270697861358 0.2339536206239738735935 0.21684048892580493062 0.2406300548617606172019 0.2216845849258485545707
0.2181011231333593591852 0.252350051028307043044 0.2403397896892407459291 0.254503344096000616581 0.2375551014416516226735
0.2241353097700975183226 0.2301740894269454218435 0.2459511700744855255962 0.2384935051115862902904 0.2348842049314497915091
0.2306767944311919615874 0.2289315702781775652142 0.2345859343184733825094 0.2221141856385031032595 0.2246147257728067225813
0.2332356463916748778864 0.2192965434713855799043 0.2257795266859987382002 0.2305879247159536016287 0.2383983700099067681855
0.2187932334541371481862 0.2336213559504500270059 0.2586605109723355000462 0.2342168023387870556817 0.2386546960068553491219
0.2569561405255205155385 0.2620205642623558706106 0.2483942989336615780882 0.2465540333235250458621 0.235855120868230599962
0.2057161278502684376157 0.2132564437197059237228 0.2344149548694117457526 0.2305353379264719337893 0.2423472576525794730529
0.2393421075361663041825 0.2556630691663028809302 0.2472779120651877882153 0.2367266101149404500248 0.2436266309043995381689
0.2321381857896274159003 0.2245367947229529037578 0.2564930533218631736325 0.2229838709980107858133 0.2652729760493900967866
0.238062418960819421887 0.2363585829971220908519 0.2371754468487749789585 0.2239981472745263824109 0.2443041634485331181637
0.2442175518598286854122 0.2309958659324425622739 0.2359494943560566104779 0.2537854684969519380999 0.2418656971726822202395
0.238294533581684397916 0.2223456646644775824839 0.2390936282386852407278 0.243503626253200489149 0.2425137814309040462657
0.2231057959437990900753 0.2365114059660188561285 0.2421482240651006978549 0.2196641905042049092156 0.2339622299096689173048
0.2318970498238865918239 0.2340818960242599944266 0.2439483867209231715556 0.2512495672205527497134 0.2324268231477093493709
0.2392820395041767023159 0.2163133362833427608685 0.1997281303619646841696 0.2222320803812551925915 0.2305654410908046791917
0.2211219208935743807398 0.2281120880799480943324 0.2180939255997525472175 0.2273939368773183478112 0.2327082141084256816654
0.2485176716570311195031 0.2374908585810535099903 0.2434064416973558131474 0.217149087594277034885 0.258487177991311378733
0.2324257990987149136153 0.2205816651468738565089 0.248041084683319063009 0.242512074451435549749 0.2537057556867081120622
0.2232223194808382604748 0.2557136537328321135298 0.2387895390656472605073 0.2236621383218335146204 0.2333411483985342593783
0.2359840325387555226566 0.2382212892542256710282 0.2269255117862411241791 0.2373477754422479435448 0.2193120638857324888882
0.2423600507745492516065 0.1997438354306094454582 0.2248537021021491388861 0.2517807413339608890723 0.246345681831686452723
0.2343336642969686689497 0.2271887423072087297538 0.2137654725518362552883 0.2126789737126411894419 0.2232706590977147353971
0.2432102624693234516062 0.2390585492698603653494 0.2191583399323425440652 0.2518300264736653693021 0.2358522055364840608327
0.2565433136105143008265 0.2529907257738660542046 0.2469271153697228660118 0.2381288712984843958242 0.2200513529475865148743
0.2356269098623392510561 0.2358208042544360227843 0.2509307300683136787711 0.240648120958488948018 0.2105483837653117085154
0.2097735738567904073548 0.2580371544565910335578 0.240010341620358197412 0.2338027146153224822278 0.2326155298422977468764
0.2452937943151031752187 0.2494140043551556218393 0.2268022621462064680742 0.1960119139745895577853 0.2349493971613701437384
0.2254199376897315365564 0.2114107957675057936076 0.2280916319043483631024 0.2207295973395645150017 0.2281270601141305864878
0.2213342618716426790648 0.24644153550912797912 0.2240024810913566477577 0.2257611301990377350446 0.2413427296849477432517
0.2224346969675526641819 0.2299870490633686703763 0.2402852979967217694757 0.2340921447005491762283 0.2300802135334343856421
0.222520962625302631821 0.2230754605956290492763 0.2126154848637929750677 0.2170056373631702728577 0.2309447515371456371991
0.2328058617464920654339 0.2168236620148654425488 0.2216280081575853488918 0.2354722823502585771216 0.2163626256498820954466
0.2213742625324075508075 0.2260956728625189982029 0.228089813278860686907 0.2314604395995286389986
