0.1026708598582769804697 0.08131998458825681619366 0.08985231312469357800587 0.04140400303263254422337 0.09000142616099553183329
0.1091107884017887136308 0.1391041004284503113109 0.03480524309494342771742 0.06729220060611958154073 0.1067863875500864451196
0.08553930806267846798097 0.07129169429660996148979 0.08317403902744234522881 0.1064757465070253761308 0.1153679450867958200533
0.05386873269479094256118 0.08637327701724435702335 0.07353181935846482553121 0.05204073877157950472894 0.020969971335811011387
0.07270971601052257649034 0.08653870623134055084513 0.06447015043128660749527 0.08990843727754893599524 0.07171564294333743205812
0.06857402867660383760651 0.03235529186399620921177 0.1367807022579325404443 0.0875891840724982856381 0.1105653192626373237939
0.08725672426162771333491 0.04000905074120025828321 0.07333131459848545030678 0.07153785289128543334325 0.01775873942035759156521
0.04014984995433121955921 0.04924903884578044066522 0.05384010963583615860806 0.07259582101634011463975 0.06461157301753703285918
0.09488288411748461992357 0.07682113302101367668939 0.02660698292490975419566 0.03739917063564560106848 0.02371539546073108198354
0.09163944199070195306689 0.04401921673878262525337 0.06477083822587131889392 0.1084021130544558786379 0.03335809271216671340055
0.08407792127206900612002 0.05046492671062273449589 0.05060613771039992186962 0.08877480032165452339399 0.02223265236670771832772
0.05344917791290445391317 0.05195284013022771762991 0.07262052214234662739223 0.04292264705569114741079 0.06724976442496093109735
0.05222623978439434877519 0.07357759444224165612525 0.04765725217616265108056 0.07579036017818129022938 0.05644066816295676553006
0.01562568172917917080911 0.06027498795506475159911 0.03918219382720830590294 0.04944436885084563942927 0.0893204920435319849048
0.03886451338028219099074 0.04195828312984450220169 0.04218085232569691173099 0.03116291913837309496271 0.0479759205057822893381
0.0681834457215705347366 0.04342889765677525326648 0.03954456121371848625889 0.06881564147266516773271 0.0523546314528035988678
0.01829090911492187165877 0.06784240639416794227401 0.04817706850602458679145 0.04556053832729842906213 0.03750207791859526407219
0.02479461166599573537783 0.04015548370308410358609 0.07910240726975581448954 0.0247503015727365133225 0.06295840860965846996766
0.03446421037154621946907 0.04619402132515404435509 0.0589672290859423048337 0.02522393925200468872694 0.04654331417373035878482
0.04363619490843516357526 0.04842549058079272800148 0.03789982571533701688482 0.02475399844350771594303 0.02519636056864887202478
0.04791404200668994417533 0.04315692873161833253981 0.05605555812608323251744 0.03431156689241603857665 0.03701486315253071923692
0.03126473905978999906496 0.02631636135777030288674 0.02733051836089635949767 0.06508715073806473072615 0.03729483806508429588611
0.07047640233470735260379 0.01839470155371777937425 0.0277288993136950087659 0.04326282761142007798894 0.01930230042233605641799
0.04731733043266310445585 0.02867710643816041848897 0.06787264364961707874269 0.03024647987899017897995 0.02157627430039114196925
0.02767324729277413630779 0.03987168580991511807055 0.07185020832569720405925 0.02544830814728830242766 0.02847019846150197416867
0.06133235238734419808582 0.02650499453609009639643 0.03410249852270381271113 0.04108079433790203655041 0.02967111641170091379527
0.05938095083846433447361 0.05678718544857617317456 0.05572310427703615343109 0.03756626723834508713162 0.0491950593897655594211
0.06765920899538573063392 0.0657623257623683593609 0.06382855827954742045094 0.03534320624646401093338 0.03010403583996744750206
0.08399315075000907127034 0.02558399011251944951684 0.05182170549657127978094 0.03571660399489069021017 0.0222267701282024450482
0.02283849376699962491211 0.05957888641986502226144 0.04248467465592594555224 0.03555180097179571480082 0.04726502285994250290857
0.01629867927013587194929 0.01294503132922758363577 0.04337364266912022148226 0.04382848411108249131463 0.04757546741242352217327
0.0414724356348966580188 0.03507607444428308823836 0.05517124040244023031043 0.05846952312562009312913 0.03865293527981970150842
0.03226996108354542036611 0.03958279012628809073737 0.03474692867273479479628 0.06095563104556322303607 0.03092329569013388748666
0.0350588156167874684388 0.04887718012169898346153 0.01766530145306311957998 0.04044011178068062511981 0.04047793566431813483408
0.04519584434339692091687 0.03309948694673923996756 0.06688500563944284327267 0.0197845862697984264944 0.03511439194730404944611
0.04204241137519711124515 0.02959785920046770213432 0.06077205185582434249225 0.04727844442255275253517 0.03517690003181254271292
0.05731371362886160392147 0.04335697795104986873582 0.01940836990643815887503 0.04416589664548160876212 0.07229614544585513669084
0.07146828057588630600527 0.0167401760206633241912 0.07261331183047738113689 0.0476922494320071027607 0.03152611057938776301102
0.0418143888257687182386 0.05607686183377883631929 0.03764285066553365449726 0.03830020382610566098691 0.01477514927180866889656
0.02381160296408179471994 0.04175146561148735530056 0.0126608460763272864108 0.006967524292114191455938 0.0525532361020327187795
0.03392737394086396685022 0.02052126851242331434522 0.02407913211771603445577 0.02503769308581431027316 0.03837463504101848443817
0.04490031369455198262397 0.03847351563572548593939 0.05382626420656271698517 0.0205690141119314780227 0.008923722838199700871376
0.03063235650156010542178 0.01478565787172617801426 0.02634111899212157603678 0.03822803592664514305 0.03084995290496051964513
0.01458167601220416824404 0.03337869545778895941091 0.03998106673812869271689 0.0263202284718569538835 0.02107622149016360330043
0.02363831113457191129834 0.02394873749809598231786 0.05929579539375885027797 0.01897726546001812439335 0.04523183832573961921097
0.0579578642806796578979 0.04930103820075348169949 0.02388889404290605797399 0.03597224912936762553084 0.0348496237681233320127
0.02446598321317202187619 0.01895514411453999570334 0.01362150265563874008967 0.04255555921969876587152 0.05588500085396425065554
0.02687638819960098610085 0.04327993565642525991555 0.03590243433469244432876 0.03807134510763700990799 0.04649211711235658878172
0.01091230891438541711347 0.05807599309039166574076 0.02010136402700997068638 0.03570240299746632595124 0.02012488077992023727258
0.04522536431136518070284 0.02998267759445413793706 0.04608436783830460042877 0.05234845671483500523236 0.0423629382881023502927
0.01837094218708600415479 0.02847591952794593581078 0.03997420101863928543207 0.03876983749068900475532 0.008583937397240981245772
0.02576841257656891509553 0.02649914229108391722223 0.03094758624750215333932 0.05180841456335974481995 0.02949411651071905809962
0.007816274490375316533197 0.03279165804274020157294 0.03243179822660990918592 0.023289100289336412547 0.03981761012956004652796
0.02767593151818150895571 0.01924619978573873999017 0.05176662953961172486395 0.0609549361224397817649 0.04654216467760342867965
0.04497724309287232102861 0.03058268361039593111195 0.05186995262495987246698 0.02663388740830987394537 0.04176553598045052578813
0.04753969989445499394476 0.02753632460871705336936 0.01379872794426243581833 0.03137159165537261457102 0.03234282369238479504236
0.03118131914310240046517 0.02713370440324108789909 0.02216254576943994455962 0.04664688859746471405465 0.02690265920405054272946
0.04890359285187292209818 0.03383936453823756240755 0.02760025084103901946153 0.04031938536809599044064 0.0436696995309509422567
0.02570282838247337636739 0.04199047974001952898693 0.006939780892547304722018 0.0192692051967613339758 0.04166624613136776095201
0.03265475650764194243125 0.02356870555093588948115 0.03221204218773396354969 0.02728974253159612353703 0.04506553008351130151787
0.02966294432813997711262 0.01482093096493528397439 0.04238411789471503016147 0.03203330602400170090682 0.02832424905232714187897
0.04508191347467938731031 0.03957438352404526321626 0.05452246072474900562277 0.01402790741778354999258 0.03018339928528230436955
0.03643240694636822735175 0.02946222125792084117757 0.01380928424562870120151 0.03859366010454333417723 0.02040650002395958187429
0.03262496205549426236958 0.01859276103871092961084 0.03001494837657096501071 0.02022347761582447486783 0.06043874535922367369212
0.04648153978095189570174 0.05019067525095933374191 0.0437494717608016350785 0.03815301373214529528921 0.02536433919369847009295
0.05302895756256770232184 0.03124984979256360123623 0.02789800882821798222455 0.03897363556369324438799 0.04078546357623620555177
0.0244133135331111791877 0.0412312029583962458279 0.0224529553487990869709 0.0417505188797082649188 0.03723104357639922534773
0.04746051819157001694371 0.01453128190392803144315 0.03192506939808072846665 0.03611501901235966704995 0.03889226268547735232417
0.04459990875471863541746 0.02445575711646443342606 0.03177716841473279818509 0.02519450784570620785474 0.0205309460235600614586
0.01916538325115098306828 0.02728631474415423030511 0.03385166677838385290711 0.03167171975119750793048 0.03482361363297883927181
0.03186270313255707559152 0.01528908018208466508547 0.03432998696039583214068 0.01526995615030779344934 0.04765438195032500184878
0.05520275733081930064072 0.0332837546383460622379 0.02542259239399802597803 0.05500005921137327696835 0.01792076953964393329355
0.02767995030653749161109 0.01314513002728129147101 0.0400821841100775302924 0.01866778812029659673222 0.02184574660548288180251
0.03032409873240565420516 0.04507316567070404622619 0.01242836257346630578213 0.03807721095576548780981 0.016909292514815498637
0.03195402435162472687402 0.04620254729007572391808 0.0179278036312698757504 0.01684044537511216604875 0.03334321275971785514258
0.03173440592271573046368 0.0514267807818832509148 0.03179323968955475449016 0.03451915459044260087174 0.01610454184015603154578
0.03013647064842223805003 0.006332530135330872653188 0.03306503592465558777347 0.02905456762621123553703 0.05124988536263046234875
0.03985930938524451239147 0.04407402656060954021511 0.02991287888974492048533 0.02748085202823125072769 0.03788052041042639511703
0.006443204697677751627283 0.02115501884234465695966 0.03659338323642833540328 0.02642514288514127493435 0.02276389327100759515932
0.01457228175542587579605 0.03247522461695200729492 0.03687613425206218153996 0.03331708856495833176448 0.01631688310959107310327
0.02833472727314354649986 0.009101837469455408349828 0.02524314081049159122494 0.02894788404816088858706 0.02783804860246256313028
0.01805475393910938031183 0.03990034917090884425406 0.02303974867150763994328 0.02268083619968033759484 0.02248885909170275990143
0.04037237241108478785767 0.04640712068568461634577 0.01422677412877672645242 0.0437560031954049855063 0.01606834658871620497012
0.02610233600894063671349 0.02894046709433161293501 0.0333572448184965841822 0.0299583657835117873891 0.03948156087367617195216
0.05948756697668385051703 0.02712544852756381547065 0.02248417339491763644599 0.04224636157409141640207 0.03316613175870308100057
0.009773248074031943774531 0.04008484740111641075888 0.02232417910256487281195 0.02920065063252028775276 0.02024434528702135499545
0.02398115273763051086275 0.03293549257095326754374 0.02778744863038009119127 0.03340318729009637832572 0.0380297327123098674595
0.03465088033507617709672 0.03213659582185414420596 0.04357769903768653196874 0.04140710431492788945462 0.0304398574300163600459
0.02680454403181734696071 0.03150905024058077430471 0.04692835221135092244049 0.01467032918505949308507 0.01571424369681703389623
0.0302074302440613999543 0.03650396097370849080033 0.02995146492673145255381 0.04263255549678938299829 0.02455733494035927319543
0.01523350719804224782938 0.03008936421452651499564 0.01896927099256703885821 0.009392848600680236970106 0.02864057747075766241496
0.02805882034354817075594 0.03054220317904326673086 0.04684735151972205940973 0.01916878034504445119102 0.01463539167421183846696
0.03939813781546454285465 0.02645393027279034636745 0.02038415444093461328934 0.04531707001937867324015 0.02986449228590862953192
0.04277782118612511591538 0.04373246106028382679254 0.02263147811480365617642 0.03855003008085447491204 0.02784561483478817031645
0.04982123779259375884187 0.06183331297201241638639 0.03413464038461877514408 0.01219279328940771865708 0.0250314510180280613838
0.03076205011391293375755 0.009095796098045701508217 0.01734615338351666244399 0.03492813942646072478126 0.04386014934158877914827
0.04054765013522138722424 0.01074053809399635843469 0.03379879383974040973904 0.01119779999355169017305 0.0352376385775831288405
0.04385185672613706869827 0.03521969117391591380661 0.01950192241822259336947 0.04680829710772937968244 0.0344130628502413785097
0.03331211295877761074946 0.03596024028464144678408 0.01050761424254383069599 0.042113099388141998769 0.0357283452820467209432
0.03603213382424313299124 0.01359559845410562330115 0.0204265578933755000135 0.03243913060312467872004 0.03216658685511246396072
0.03927254519712890246108 0.0349058754371346438572 0.02978699524351638081021 0.03118992000024269420355 0.02358138027586310567218
0.03899512522520975216223 0.02770370494940587943744 0.039219231379296802531 0.01743187783786457820123 0.03794519584098270115202
0.0168234402214025233202 0.03031122330402922712689 0.02898091618214769515927 0.05088199318422921557659 0.04326419693401931110266
0.0572842082780259526098 0.0114579896070204616948 0.03903178234275250096941 0.04307862115928365320805 0.04186590711335815701011
0.01613851565950616059886 0.03005989275551875644643 0.02674878012902753496305 0.0446546552932485102394 0.04406737836232831051486
0.04375335912165356777592 0.03206298466283096643137 0.04208527765150096161539 0.03801697464137916704363 0.03092920621362094807383
0.02492794284520570557984 0.0361277227993435159914 0.02448831769676557482129 0.03292115138958171677297 0.05630756865760652013497
0.03163901173590042553707 0.0201765866400265975189 0.02904696672837949952828 0.02872509254882003870701 0.02627808495588580817159
0.026247652326484755686 0.02508049480476862158618 0.02674781778952810273875 0.01709448728280738363794 0.02234161249552216524372
0.01877187950215049999647 0.02993046135082762237989 0.03061239434626047625776 0.04365720722482915872042 0.03882310415318691171338
0.01483301641497591916163 0.02151447347134816806546 0.02761603710345725617992 0.02731401966502159869843 0.03068214327891016432459
0.04857031657073346969655 0.02926353838244849861483 0.05015836609762203135432 0.04247482061987085250054 0.02833937379324711139383
0.03298875819875916187707 0.01660947762626093990312 0.004862982551559724177237 0.03899035668035544938137 0.02932987365693308715042
0.02590692095179678369754 0.03196579014262646012412 0.01149745291188123373638 0.03947257359372972201905 0.02127229654620723178771
0.04234208975288717563545 0.03056668937556463946925 0.02881636597429441254414 0.0259976429970541766945 0.01816276628932807918337
0.02715409691262874250506 0.02744454612693247863575 0.02830953853829929270369 0.01962725071192312695234 0.02688354418155023198289
0.02673535429292013890223 0.02686049032449138243561 0.03483542355946415286505 0.01514130874242395133344 0.03418937260656032539607
0.04635456698354804838669 0.02987933987098615254419 0.01454850500593247476788 0.0268194292331026817866 0.0383355306157314584814
0.02523428432086678371848 0.02281353642282121438334 0.02537943292409004097943 0.03321685103500975760893 0.02667103268197244109183
0.02780449695868927179054 0.02921393009010404481773 0.04940552527962957518604 0.03577692439610532376681 0.04272529776936940387744
0.04203815101760470518411 0.008978282617845318933081 0.03039259409719415744311 0.02381258047781878439686 0.03093309118417336689433
0.02497133237789525561645 0.027906935010912341244 0.03686415704416512451047 0.03551995071250204499824 0.02868520093038717799772
0.02026068654426623275033 0.01530954661948664453919 0.02226787798105468035859 0.03395175978959168866522 0.04166129730898599642375
0.02405530907110187480158 0.02747763232867950211613 0.03122479223651180441079 0.03101494238496998318011 0.03604521672434836399024
0.02972911964346440158447 0.01420294810017211882547 0.02589818883242394134681 0.02108444372413334835792 0.02674717537984428947229
0.03326750969490604309398 0.006620502712291526439814 0.01951798367753582175155 0.034262902226735864053 0.02322613347788236165536
0.01758060624036687433214 0.02998937165019907591379 0.03496583645677806689855 0.0273273365036936881356 0.04814069117276198461752
0.02331641148197365065453 0.01796655766422445427155 0.03851615540033145879129 0.02915317586810526467866 0.01943567441840463039249
0.02802866751780697107677 0.03328416990102971151355 0.01997339788968987076001 0.0430766096979444818027 0.02515912822776892807108
0.04676693764117703655536 0.02818540371869645774772 0.0295638369154643809722 0.03527700652724136826111 0.02733216340569875543731
0.03401559230125984073512 0.03299096007096696814287 0.01572592567412177400055 0.03124211953941413363878 0.02134249855952462596176
0.02149819075241556076694 0.02378193659524990843934 0.03147292138122351895513 0.02910671915301395878961 0.02125041658205711891938
0.01976464456466150987346 0.02181495094764919484565 0.02619457361660985569851 0.01803834968981899919416 0.03382945437384650422263
0.0198170568815722002165 0.04470578164901899825834 0.01618717313971014537533 0.0348253432838909748881 0.03987952929883420427615
0.04091603861653107798713 0.03372569825687895400668 0.01873224343656959903215 0.02535780085165936781344 0.04025682870096358723089
0.03955578463307511671854 0.01849856187545296723473 0.03095546069492487173402 0.03317089164764890074633 0.02316510548745074130061
0.03233666526421473397246 0.02943661385936114857631 0.0177362308755598004073 0.01915653879779701321273 0.04365969808317710088019
0.0201211759136908328871 0.02606583242638857433882 0.01328007215805895868677 0.02749759165857881132444
