0.1692658430276877401521 0.1199609226612960571901 0.09829467852701335994769 0.1230390983504334873055 0.1206736402457486284634
0.1254284904017131663245 0.03051857008201602425301 0.02867852919462129598904 0.07258237390431131197399 0.09846624333323843181187
0.1337633647451682006313 0.1496377165993466873406 0.1207551417369258500711 0.07692584230893512176053 0.1338526466658417346522
0.1118608831854461943545 0.07580771905020189382896 0.1165620222984564829938 0.01834955985617049700753 0.0824788612783766833525
0.06227724982829505040449 0.1098580085874238387866 0.1064238305635618886402 0.1011167957912283282829 0.1304603184624600620278
0.1330208028975171652419 0.1476300760794476141236 0.04552412165450342440565 0.06660740857495525690801 0.02309754494215187498041
0.06682174185752573492003 0.05058465744829237359381 0.05552182966130560920481 0.068614214717718460812 0.0449496101992549260129
0.04488559247910086508204 0.03641696653608875178243 0.06008875917765247459679 0.08334261737575937578626 0.04026018268249997866803
0.02784743837317337628035 0.04077950834497223731034 0.1045248465855012076631 0.04533522797482331806451 0.03602750393262033751229
0.03163515842411297740444 0.09998851754831247773403 0.06478020026012885901334 0.04347773972506684819761 0.06303648225423282014379
0.03610201899119285656736 0.04301559368873959787738 0.0337586123400995460897 0.05912261461592293459999 0.03344499866924505182553
0.02926754444906480914779 0.04965350816155149338282 0.04571856356029888046599 0.04520565238981647665506 0.06501673110009038858426
0.05100643404944134318146 0.04040531244843485053631 0.01842104324132401091396 0.02893770457191695288923 0.02458130423458986663077
0.07487478049481052777558 0.01555978906213388579527 0.03424164917413198561125 0.06346851807174223869534 0.0762266608444887167062
0.04393706045393153819534 0.05296802176647676108079 0.07805861965580086769823 0.05422461631723895364443 0.02250028364395340735316
0.03004742725259432895024 0.1394698547686171463678 0.04408626266336012483604 0.03892648304177225709877 0.03163712655429257863959
0.01446404826887007222247 0.01766489210247397523279 0.0378075504214044830209 0.04227495568556327576459 0.04231770034280760151013
0.03676065165101068815678 0.04349819139053471422907 0.03541821450865095810556 0.04892824219564247817393 0.0725621573827694710257
0.05143481473407988946445 0.01241108339565377173541 0.06339025691771128789842 0.04410898666797945927298 0.05151089484989469086118
0.04192606437508715477858 0.04285598186112693497307 0.05890867130917653432531 0.02950082824900145811453 0.02204691635586625980681
0.04145312029202313092169 0.02220319604121803389041 0.02301497934034776871037 0.01869919263809127069065 0.04393200877667428200235
0.03619281406885676427576 0.06123088142771818120913 0.02193369147356565365681 0.04916681193710232405936 0.045485406530304348105
0.04089571383249700903262 0.02946925950532919627478 0.01640770596066570136129 0.02517969797350510033351 0.04176431768357938278946
0.04614259472498384584416 0.03997246776681492169692 0.07214712184425535468346 0.02412841992784194034005 0.02958097192688807081096
0.04022104514884974196809 0.04183194540971792163564 0.08394734135599353497259 0.04781422893220128866876 0.0132690674533980298988
0.02899815547692063955054 0.0457389344184079421618 0.01702554399419158037698 0.04600890572265515371386 0.03189339082563767691081
0.06568461355140689517107 0.03760287919675370932326 0.05069633401409100181834 0.03857156386937127950931 0.01380677103996948672238
0.05891353054335499855876 0.03468858652188063634858 0.06161310269207936202163 0.02113475722997268033132 0.04033765116349631585368
0.03389122692024724298188 0.02403088113949422913174 0.03227974599557178331244 0.04414930938108983099477 0.06358458280049245070487
0.04659302483806931211019 0.02973392895935543511765 0.03575045968214551894704 0.04055382644988457518931 0.01703425134995858666875
0.03345151938137442410026 0.01334093976496220947114 0.01220205193847420828412 0.02471416066344084630502 0.04696374825169079281206
0.0340638805627605442683 0.03296772459463848808925 0.02977332342083986033154 0.03391747063339894258105 0.03902011685045484595813
0.02583054003779574475663 0.0297668308185212344974 0.03506517536297441145487 0.0272124021169268190401 0.05191524938435498198741
0.01611096524713357888703 0.02822456883080998873981 0.03898344569194069769713 0.02625741524618335070995 0.03074600940201943286012
0.05560901298510707857492 0.01582343330749002435764 0.01537072694542653342187 0.02341206333914213483238 0.02265103969115005513868
0.0268280402312771684703 0.02436175676780213614214 0.02709946431688988952025 0.05034839106875823450116 0.04671904197621985083133
0.04172846617638128335903 0.0533599798826783003336 0.0201112219228924866965 0.01356185699902092388347 0.01363944347289110063659
0.02991075847260416323281 0.02986749651355444235001 0.02222243364182658470485 0.03161326677838103421658 0.01533380389110668672037
0.05048857509538699078755 0.02262237985422470287755 0.03516656268895443360201 0.04810777767551763228759 0.02075029008425432336393
0.01158243369272027138706 0.02591596206332269503037 0.0470528214999521784967 0.03871033028025816502549 0.03863247833650152590623
0.03164735313117632287128 0.02555806948735722325394 0.02818815170980368267628 0.03473995737014733131698 0.04555646700028973677954
0.01521082331586826388858 0.0361128263396942039698 0.02775452716705669245489 0.017309956880130948631 0.03055479607248189066748
0.02058252510706361920745 0.02323780447025696263563 0.02871915010693995226609 0.01845243489717400542371 0.03816689622100388062931
0.01815487038572930963976 0.01835986276609847742125 0.0207870992083404940165 0.04996834974489056807601 0.0354968437228205396794
0.02872222770187540102915 0.02404931017176030125237 0.02679887746260186526248 0.01493337567862907874772 0.01453471937788717444073
0.02905726375713299503012 0.02705154111507510755752 0.0185566824246141681698 0.04528210300649004177442 0.02542729712535667790929
0.03836353393962389779492 0.02786761712483832448273 0.02335723078063988919495 0.02172388523958883321807 0.03098255347785867919175
0.0443007790763642883558 0.0164761450037406789737 0.0114790043939473982576 0.0300963847069685846991 0.02354252068268944050877
0.006647834867817464625517 0.02482940402471614169122 0.03820147640810516581622 0.02346196910497474336088 0.02739019368450895317024
0.0297122667758693767559 0.02362362887941992298235 0.04398614150992589261202 0.03421906435032049526024 0.02671905262216878879089
0.03178594850514962488752 0.04403967582562873933627 0.02271274001184011778753 0.02608154853388888055887 0.04146107621990590547112
0.0394330104429042455072 0.02179582007686839753569 0.02871560928321495453908 0.02159290040047752434749 0.03149710973319085755007
0.03686937814634971832817 0.03746394098444497805511 0.01241970730801583364111 0.04330117668111696516142 0.02329774349056365490007
0.02860727731255161346291 0.03272115043673646389566 0.01862301076984008638138 0.02592168137378521655667 0.02034163769327114457131
0.02405279797418084092309 0.01783811864282041151353 0.01799252238859798402881 0.03108243216338718584169 0.02056720299963563092227
0.03645068143242169433904 0.02517512312998022513955 0.01551032296501003715505 0.02802528814957989250489 0.01165910335915820196517
0.03682454785563982896379 0.02202771960982195104117 0.01349667604542016674518 0.02702348587944468361055 0.007301013525109921117884
0.04364904768680760022148 0.01756859551094557339579 0.03522644450285171424664 0.01100723335549323028681 0.03544736158658114838493
0.0270248813486148424523 0.02573046611975043918008 0.01719163620652933155419 0.01445047548417464564063 0.0441186833797577657168
0.01851723171680412158291 0.02719714144396883151455 0.02221769060228541772806 0.03289988049454952573347 0.03979558839386832663765
0.02216646729235497575994 0.02002065409606309381862 0.01319493758016169679403 0.04316456929022383093297 0.02015329680223745464906
0.05124147631328224150593 0.03862361368335646971683 0.01993222890889829318484 0.03390461344250023795199 0.02810632731920450697038
0.009940252225536192268174 0.01705521161727840268041 0.01718845979154801431599 0.02118600871283213282759 0.04950345277849076131016
0.02286604200441640435959 0.0169254274741765069201 0.02366521493633159597958 0.01538898984923338549013 0.01952036643178197902748
0.0160106820550694126104 0.03379869571147918472231 0.0358273114733257680431 0.02001555488230722518184 0.02783266687099736347299
0.02265066843385621364604 0.04077674125253196585339 0.02048273131077168324188 0.02098655236496855050476 0.01459247026065538938022
0.01451919061362010043847 0.02520282203625829817173 0.03170988869132750076485 0.02503488451248288282347 0.03991654570272005347897
0.03229012735587248605906 0.03145768216081352985913 0.0222520127265857167731 0.03817450316576240926247 0.02281623281887450518934
0.02032656158317942135527 0.03433136798167762265832 0.01550108598892433950378 0.008372566535108014879052 0.04241962786807038782166
0.01683548989216031299687 0.03117314517037680920986 0.02764719293783263892594 0.01919270342503336460038 0.0217531367045424445239
0.02872777287612782518011 0.01590136590929913315562 0.02086995824043897176936 0.02150375057271555409577 0.03140716197897388400895
0.0269794531316776171892 0.03110749546571290116703 0.01516288511568887609204 0.02001143114888812371555 0.02004790260859068071198
0.03367747601513974842202 0.01804605601992437940995 0.0267182793598191546669 0.0297463390711251197962 0.03065982941659820687486
0.01016740684850917821047 0.03429991439145209375372 0.0172701826081130133117 0.02901359515261946880882 0.01972209363125226530555
0.01657222546606097052235 0.02655896647308898447792 0.0160452959181873328065 0.03342692981578919420027 0.009763919332750933821607
0.01064834921067600928546 0.03001004016243637856354 0.02698778738402932489415 0.01899409333602247382244 0.02376155089176763129943
0.0246267805132505193666 0.01617624597164957905848 0.03806689252881015339547 0.02809238284740104077408 0.03990944474254179419326
0.01644090751400827804529 0.01218802998464499527664 0.03451790425469936779423 0.00909988129186824895589 0.02638612959946357028329
0.02088885586480197786852 0.01585707670512680189656 0.04521921413646039222822 0.0367796915608887831084 0.02117952672836627067698
0.01005225661918659335603 0.01885195771063063671646 0.01322252217582055126843 0.0165858863050319625676 0.05083365223808240102032
0.007629421149751728324639 0.01960961385163251941011 0.01475124460304320060666 0.01486935119889317216679 0.01993918132979272464511
0.0295670818499781141997 0.02319404091141747531468 0.03829246121127738433643 0.0250049455673956588786 0.01307888724267586288974
0.0289734426458167770857 0.03553937738048026234727 0.04438651590400644053602 0.03691287257022905082815 0.02376547311545608096028
0.01903240014329020401984 0.02598707838461311939171 0.01476129858478987012804 0.02100530067343520795875 0.03134811182425221998127
0.02399268768263321249812 0.01432402162811012916177 0.02036669580229494985746 0.04333068168768350325593 0.01800647269947819317792
0.02045734902160097068435 0.01909653910256730452444 0.02952626943609964332849 0.01739124225329825509934 0.02491550518911698347546
0.02939010399570324630347 0.03967773911075191117792 0.009332427763168119755344 0.01563704638755990944388 0.03182596172375049686787
0.02465020794524695052496 0.02924929139601827737804 0.01020485678579838469127 0.01360434646679798548208 0.01188267318410239810345
0.01208756645546422460458 0.01622719650844255470656 0.02067781939903775081935 0.02612572619888263100729 0.01881495623392761065706
0.03501020118840041106534 0.01396945467992465050866 0.02997109135277292030208 0.01786171239404403532358 0.03544899351131644560375
0.01546971423392111584516 0.01241953224774723814339 0.01869556812715970212091 0.02574151045587196734443 0.01158440579209662167626
0.0175795600973596352623 0.03990549590571199067845 0.01698995354347560340913 0.02528171914172171880208 0.02168508838386608988946
0.02289532340063444790235 0.01894591375351745848876 0.02256482724068119630201 0.0271894365761969451778 0.03030327845072450926311
0.01819038795607765685025 0.02009407349132567854877 0.01373439298734140633085 0.008628753572583580666588 0.02299031253084789921948
0.02794551373659148740813 0.0215153050978140678029 0.01400776208475725849445 0.01952556177682561108777 0.01812076355253992160366
0.01725125961285479264662 0.02600101574981040358781 0.03599582925746316885984 0.01969107810374620334826 0.01991219539150942269279
0.01748693791198373953533 0.02366567625853650824741 0.01558903514721488199612 0.02677677106189493144717 0.01983166216271707929519
0.03056495120935730919198 0.02027999369631158094185 0.02508490152993244487467 0.02497701228757094951693 0.01908669948545992783862
0.02746736829298640145125 0.02764560580946646972667 0.03739163653756387428739 0.0240186273380817195966 0.01957369326056163441607
0.03648347034088646190231 0.01282158172631545946241 0.04790470532081961274606 0.0379401033122121478236 0.01855351076826600512093
0.009950394126147590195819 0.02222654742424958265734 0.02084703726555122912933 0.01511641765097760693737 0.03546614554628162857552
0.0385090450099605935419 0.0353739370511150577614 0.0134922998118397596129 0.01338983258121087364934 0.0311900050548248354565
0.02861871670375484150162 0.02244268700589924572797 0.01880014872110257612148 0.009249450347237233097109 0.001791596219229002039802
0.03172510702309559726952 0.02331539478453758737486 0.03403589252617436611281 0.03865979113569154024255 0.02686347591720129532322
0.02537798487195507338154 0.02650940844251453709646 0.02036732798401465899252 0.03132737880181564460447 0.04573745116534079502291
0.007115340382424475279555 0.04319914914223428603623 0.01938576589031802688279 0.01547658778510324975586 0.01752239329327457198482
0.02735742920677598777335 0.02241987787282901517516 0.02135055828225056531733 0.02364687280397214166894 0.02949765355268609695605
0.0138906284574268415466 0.01928811780570675871171 0.03117591014192106282921 0.0082687225556421842243 0.01100347426493956948246
0.01988259436265037496949 0.02854306273739633942332 0.01798943480027122635012 0.02864359754008118791324 0.005748012243104698958118
0.02351388827638943926357 0.02588692244026254141165 0.0121103122567318213787 0.03382196995758780799779 0.02631078469950553361256
0.02826272037026182626374 0.02453662998204258691159 0.01589939687563509881918 0.02730786617066935373366 0.02573866359165535161457
0.019456993948313960896 0.007650371486405006110632 0.02696237163438032838347 0.01834971222042591082468 0.02538704173044190742781
0.02399106338238184837897 0.0257580647475751309261 0.03094056537370828280364 0.03291945766154936309222 0.02729451195980346633885
0.03495039439080131066229 0.02162939394632441142408 0.03023966916627275972052 0.02503156875657650687339 0.01869485767155508806892
0.02062757171180693363532 0.02618275592482259550575 0.01833415576478096206681 0.02256968829769763137949 0.01531056904267625619342
0.02343534686677263903509 0.02192211156403311989038 0.02076232946791989331103 0.01477190418100770598342 0.02280366637559182868555
0.01797560254730185685945 0.01964941479159641388175 0.02136322967478428147547 0.03004270959503992782791 0.01029672166364881645551
0.02114458037231473422346 0.02307428314844093761304 0.0127596974527123593196 0.03531101583426671242094 0.03145063663815327731355
0.01320118819476424898429 0.02434632097529924182888 0.03623806499895482202689 0.024577808430374596671 0.02502920440076656510842
0.01206601561862074081799 0.02576668618010054603862 0.01553955644786251394374 0.01561373532057674755336 0.02105263538706645190524
0.01611874322115646601672 0.02326100508409223097117 0.02088163818519238670857 0.008086834328131840485265 0.02932020730484181589293
0.03006944479264698349974 0.01960429984515101378695 0.02486311613683791013618 0.01665254182486274742159 0.03671757152521262085321
0.01719197615112361132717 0.01825387455628694338694 0.02088748335506896217084 0.02405026184326676530478 0.02144245658658303077537
