NaN NaN NaN NaN NaN
NaN NaN NaN NaN 3.606465009017989498119
3.685565954178591230317 3.773147686364656472335 3.732208379428673783451 3.611675522097290702561 3.948281495850362698974
3.922696664140622679895 3.939116742034818763329 4.136536353037007174294 3.951221548365733582386 3.820413824232085531207
3.793545595275954251946 3.862773060583157835879 3.731768293870975750082 3.939839544063922005535 4.130785487495296948168
3.84079446659124368324 3.832934699388710342305 4.512334104167187831536 4.606674995162304497853 4.397095956291147800243
4.463613268805683098606 4.031369747911217160663 3.768471616563970005842 3.654338176458957310189 3.529512319481108661989
3.538268602077800029093 3.597158466182533320676 3.532626502967050718951 3.533816585597673309849 3.453311299433217129717
3.668921819307336296134 3.728749586036506968867 3.618659342413883095446 3.745776558524516630655 3.813031604628136950197
3.865510704859355328722 3.586729325370088705682 3.643889664747332002293 3.6352175226130079011 3.727746702848030224686
3.689857466198972701932 3.71438387250698287545 3.583325099832914695241 3.670604884735558570696 4.283860278415702715904
3.90372488390049543483 4.033198416856229151506 4.731988547083930463089 3.924775972395232237488 3.835119196236030703062
4.552756449407976191424 3.973011336849282315598 3.801231307319165253489 3.774161228874139073497 3.699720020108069107323
3.769399109762523458755 NaN NaN NaN NaN
NaN NaN NaN NaN NaN
NaN 4.040176223306629843535 4.306527726783120790799 4.453818928837443458235 4.184746352893263576789
3.698685772487798839592 3.849984440558132714472 3.772937137931963835769 4.253031116565280100872 3.963493341630256239227
3.889498029227917985651 3.919859229377222309409 3.814864607219339731614 3.946623449631824431805 4.4418362325288960335
4.237557038212449889159 4.504336403495270424457 4.788132106607358551287 4.288451653599684831875 4.452825375921320549821
4.250840102510165863237 4.194330411090749777259 3.76876500521703983182 3.698156936818999707128 3.988771192507418739126
4.238340430222101495872 4.645883262723205398004 4.367396114451723043715 4.365168090135293610388 4.254522519601123597965
4.612176128358483673253 4.248664798345679116665 4.95156736939919461804 4.691681668604280375234 4.756080561433829956286
4.792694224869491925745 5.064871320735949034031 5.133729911489284702952 4.610729350400887049943 4.951806320397352578766
4.985073396156359137876 4.432487358290506662684 5.057783825464356119994 5.164356483775560668903 4.602646373117260658603
5.129836163188742581553 5.034071312166558342938 4.837077045908249495199 4.929351228363840320412 4.932400911125369269428
4.373416422355602684036 4.949179751874260624334 4.931023657337149757041 4.540486891969008453884 4.455909330100618070958
4.432525540350128245848 NaN NaN NaN NaN
NaN NaN NaN NaN NaN
NaN 3.773930848782903080263 3.719403873092929302402 3.735281874621780406898 3.596892881026174659809
3.686302251715825040179 3.616753827376245844505 3.661045456819847832008 3.5627719205332346597 3.905631923573396502292
3.906523515537192459135 3.762084481111438893919 3.789433304873714991601 3.743600652793844574262 3.793431531678346235736
3.893402199744141700677 3.860804365954021211138 4.100294019766233866164 3.815613815557477472851 3.921208217500381287834
3.918275674891019466628 3.992592065300256898297 3.745443819972878785052 3.562756680640305262386 4.274545372881581428715
3.694482673520432580716 3.648702113586242301579 3.694892007725546712038 3.883714077441366541166 3.869720623523420055534
3.918773080871739367126 3.661738106273922710443 3.50061869713564544071 4.039773082887402999575 3.763820085464932407859
3.688277258654099277635 3.651771516712906340274 3.612926503176824510888 3.756159353702859249324 3.547488509697072078808
3.780870173417159918472 3.695574841290604872768 3.652035717033481176941 3.785874549594990146062 4.208184130699595293379
4.390107420591271569776 3.653273394517591476927 3.97376282491983978673 3.733067386574951296296 3.734034603455619105716
4.444492540508259814658 3.658482097640777919167 3.683679952315991990019 4.045770837010206122386 4.276780090599444861255
4.471604539603281303073 4.31573047711306045926 4.186198314674954623626 NaN NaN
NaN NaN NaN NaN NaN
NaN NaN NaN 3.806040798065652541737 3.923306816212141168165
3.838076613043385876267 3.863851817146824352278 3.852509867410641497543 3.989449118192390564275 4.089707270094651292425
4.059870150877649130905 3.912568744926093078362 3.848394528249943657983 3.708764403084462646376 3.761456775945775099501
3.624232834714764095452 3.83737947123924660886 4.139682492808070435331 3.957312828463504850163 4.13961942309792529926
3.487297122956510619929 4.266261502451528464519 4.040130880463226326071 3.820826762555746825001 4.090982707641271254317
3.662912354778218748663 3.636129963616934634985 3.914062210025930799162 3.901627530814481659149 4.067908174580776581308
4.064873688992079792115 4.30177959840104850997 4.290088981307523141595 4.221289007292245543113 4.193800516452763638142
4.331432525804792099677 4.170669292377545467332 4.416591376290416981476 4.658022107363497532617 4.55103539355904196384
4.602502387515636783633 4.608405993525670041322 4.116722442324330266672 3.806297617236250374617 4.203361394553533081364
4.292663984560362244736 4.605394562608517539104 4.47081784457123720955 4.195320947772995801017 4.089218464269201547268
4.625169905394355573947 4.553852384052546220516 4.623055503399544186038 4.935434558311258435026 5.523607927636366099478
5.05887980114162960632 5.14185278362539310848 NaN NaN NaN
NaN NaN NaN NaN NaN
NaN NaN 3.948794532860087080905 3.656187131452127037079 3.626900637186163400827
3.506069532244614261884 3.457742555497360203987 3.642671809043659170158 3.55880327157481612943 3.57776563168041183971
3.585201402204837961563 3.52580482709327824864 3.658092832649535885992 3.710059423173472925583 3.605162338153660162021
3.595024206887720286119 3.829305126762640121285 3.746382260026233090855 3.785287421858663847729 3.733369307973224415775
3.744877984869734444118 3.849754833902415018798 3.76605173522681946352 3.817404782159512066642 3.735777843114919338774
3.691798773637706254647 3.638138108308466733831 3.624786633869538476915 3.699559439658415715968 3.911136834439450371548
3.738855093229993542536 3.724435549688797308931 3.728684750193207886326 3.920085846274327767702 3.998911656337021280905
4.066988950778624989368 4.235671853993963509311 4.242428074005212046416 4.262930814885605990128 3.938956164037807017309
3.931009786320353693867 4.289479218613454492015 4.139173284293132581979 4.076515597914649902123 4.248716377013435518961
4.284322203833089481861 4.78552638307424338393 3.896166590735199886097 3.661244049163254743462 3.672182006261388576007
3.614139095927328515501 3.828259166569798921387 3.848216094901599326761 3.69315167913698294555 3.553803637028174033929
3.601052190081003967492 3.486019021277963592098 3.5455291729822127067 3.644897579877992122022 NaN
NaN NaN NaN NaN NaN
NaN NaN NaN NaN 3.810191317268162070064
3.830445765798092150334 3.770383879707536411985 3.959439365256763210255 3.789076865592007958838 3.71781885805715717197
3.796870957946906877112 3.741424025975197853455 3.790115218532366103688 3.716559780178738670031 3.9463484475139858354
3.919016383039567674729 3.949392153369177815847 4.21562697637265504369 3.627594627764253676361 3.94841319683790414885
4.207378708342838891099 3.68381764365186947785 3.921596266610113179496 3.632681519029042682689 3.791128071613128369677
3.563190245618605977995 3.590033656457941368956 3.569813488682516133821 3.60306821937404153644 3.540993670036713059091
3.558393841039353411304 3.51424244393687157384 3.495174426925713451197 3.472829250152549729336 3.999070074644567096556
4.597594366991650360887 3.628771442033226879431 3.688693699249947055563 4.363166889264933345771 4.012774878216219143212
3.577950870381276793353 4.267522955600735912185 4.438326278826049353654 3.995232099068334541414 3.893471231065140703009
3.961553021465654023103 3.853265155708093026021 3.87058525079755488818 4.130811994622444416336 3.904774492595145307661
3.91895477916244727723 3.996038304132128349266 4.493509252282914090415 4.499230213634754171892 4.817093544505411273349
4.764070608074574053603 4.616023777478281076014 4.227138980485420916011 4.506344162420289123361 5.137341523181114588681
5.095578965049324615677 NaN NaN NaN NaN
NaN NaN NaN NaN NaN
NaN 3.432492894619843859516 3.431915105550997768802 3.504588576979696057379 3.61883023207355813966
3.591194165077931543806 3.695541074930126068665 3.691962822104463359807 3.691495684382519293365 3.76517849021221273631
3.73060315366599581921 3.68409749373354511448 3.775877885145798806832 3.702165852239366561349 3.78158060545858676349
3.888612439545035659449 3.852941302336375883897 3.785590920998021413624 3.822120457786992719917 3.761496917403702511251
3.897395014718303407619 3.804124338877379774004 3.786386124855563029001 3.61068882512452660194 3.65839274993520691126
3.710468112460699074973 3.987998479631669646039 3.886297342073555594055 3.998489237738852342119 3.997982384056605109635
3.516026243401102036046 3.514673487917796546043 3.596684056869930756761 3.522856455921831386746 3.488448010211834482419
3.508036843475519361846 3.55665420837711687696 3.725311904651670058541 3.737472922808598774225 3.528146519768170730202
4.025556694036690252858 4.488974016577954806451 3.85754749358410098381 4.05386437016547951373 3.674614604281044361045
3.760626625689900137672 3.774387087097542892167 3.677471934653087970446 3.647716314099931356196 3.522828122366359782092
3.527841183913254408111 3.68102913392639941037 3.66854932533141475659 3.491262041934827919931 3.557404856476031884682
3.721079198829516876401 3.604748010209078756816 3.839791936312346720683 NaN NaN
NaN NaN NaN NaN NaN
NaN NaN NaN 4.095945661493901823746 4.064701715992462105476
4.145214473075097494359 4.116139298089848352902 3.857860253548148321556 3.843310727619424049806 3.988966592575847514013
3.968338583751821246892 4.147954270753658967408 4.030961954718204509618 3.967830446939411448426 4.076234351151031276572
4.126398298615793436284 3.980935577725134066895 3.895465887882736399916 3.819246772666045508515 4.004701999948140134222
3.686711708512517837733 3.789421293917806909946 3.769380893743578209154 3.872653139803271304942 3.706024832943594748969
3.892879152763026873174 3.777597636199220954012 3.786191581201879152729 3.873683024210902825502 3.959597849712276129708
3.857884557830419502977 3.928723745548808654604 3.994956319512550368955 3.837181436041663395997 3.923208106704958453292
3.937621744014003777323 3.885111699463460688264 3.7777761448544358025 4.134564806593875374574 3.759721598160340239048
4.112269530502070224998 3.944548549344685461904 3.839596895720090330428 3.764561911918290260104 3.848611488916293232876
4.01219711829892666799 4.106655816071793196897 4.656596777440392465053 4.218722933968036770125 4.727013501956986551988
4.667684212023453405038 4.149037906730074887207 4.160813373468070786032 4.05668932405951743192 4.308489040630271382781
4.094184502010024928609 NaN NaN NaN NaN
NaN NaN NaN NaN NaN
NaN 3.944911652672496771288 3.932695689907362179838 3.830549759583838032029 3.786504485863640301346
3.716037390979629151389 3.92185086249125003377 3.892982713614316470085 3.687144192163284373009 3.837465941327980800679
3.718014383621315310791 3.883826059067489122612 3.86017183283324616383 3.774133435830608895856 3.696795753854114963133
3.74368846207036209961 3.831193679127442131005 3.777865874314715100013 3.827396928905662853992 3.904099228818370015404
3.845203416729975565147 4.117651373169922912609 4.287974134780521140442 4.451286969004930149651 4.150326100622441671817
3.768080562323923743406 3.611211006696116943004 3.591564167244033711768 3.731265213716616901962 4.101443193472811721279
4.011514112204173088116 4.372207701829810666538 4.616153313267159497002 4.48041484250761801178 4.281650848138270681886
4.013806458995178516602 3.805991184678441108247 3.954906236700045152332 4.331209465582903206382 4.875546368870660174366
3.800851978942374476134 3.815168568919220959401 3.826493980901961577956 3.995546365061117821682 3.866255489154288405018
3.772477929427617393543 4.060660257434221875883 3.799468761370156322243 3.820134972893035385511 3.805261208165106268098
3.751681892720827082854 3.900089112447344685819 4.301465143095495768932 4.347615026381460801019 4.616766178841512413555
4.348374045254301378804 3.951889871169575574328 3.85174312635897697632 NaN NaN
NaN NaN NaN NaN NaN
NaN NaN NaN 4.148239537486687389389 4.102699750547830426228
3.958516062163868198809 3.84852643793308146769 3.762329916562891174436 3.83323815486868557656 3.914661357193402135835
3.893237429610332256402 3.780897122489163209025 3.75972682758373988321 3.728733866252331274893 3.691245115766522921774
3.688577601924869053818 3.78360823900079612514 3.735081111762966532552 3.738145883049042161872 3.571013535389624848904
3.655825163545759703965 3.635147013162089102423 3.641798388051906698593 3.585991240860647355504 3.584599574050729042796
3.736547009237640271095 3.784411923798692622967 3.855035439108673411823 3.715758450993311701183 4.031827935952498442873
4.029247576384378248804 3.694629174006531791008 4.046192384501445360456 4.088574349141249619777 3.712746503457733382447
3.661865940547218922774 3.72675496947197171238 3.970761098548720724466 3.891321478078919593457 3.895796393346357966436
3.921639496666914581624 3.963838467484764205295 3.774567985263046043798 3.768076817893390551006 3.835812256328992919663
3.930699578205975264211 3.908258483632961688414 3.850277736998743094432 3.660627139724135226118 3.803326528483264912239
3.713705167642659343841 3.743291638380135122333 4.133061172354018708575 3.814203220527247584215 3.689192703732728340071
3.920461572474097433627 3.771201404491331121704 3.960319410606069290282 4.116847563563165834921 4.133366514327462937217
NaN NaN NaN NaN NaN
NaN NaN NaN NaN NaN
3.694580674266636499681 3.768809122681718637438 3.728832413442582094376 3.598455252878516752446 3.693261622262600241129
3.718211233623292422124 3.543597243221972004079 3.65650697417431302938 3.688670135141558947822 3.633339193064528682697
3.710098843230392962056 3.694278787645598693956 3.680122719397915798112 3.595274723579740427937 3.744718463823877740992
3.779032581130440160422 3.674283569673331584227 3.848323327815872385571 3.794706105818811625596 3.925466668652160873165
3.942584280273642605152 3.797837868871182909203 3.79367722561517872748 3.804907330613954474785 3.77781757036371912406
4.063818423249144551335 3.945578136830833138049 3.907724783147009439688 3.749470591528202501053 3.781268917672482299253
3.629978270961624176039 3.724898454236231337688 3.732432184009468745245 3.857634596167811569245 3.909205926961996091507
3.731025774677462880646 3.986702267902807683697 3.703360249966813455558 3.810577816894036740081 3.691185878031559397527
3.935098992430246855889 3.728483395180427262261 3.836332005207668593982 3.719323518718101073688 3.69655588736712070741
3.834792226520078894936 4.396930060423358987975 3.701400899769982544285 3.422039015101986603185 3.866966954168877812492
3.842256071894159408231 3.803870568792957929105 4.056959958889618356181 4.029439680953439406608 4.146576427544292009486
NaN NaN NaN NaN NaN
NaN NaN NaN NaN NaN
3.998841399351582115429 3.808094890548249900064 3.915587408319668671908 4.046041507239936940721 3.924561519897406203228
3.857031981214392502011 4.032263357081855126296 4.372993759662793245013 3.830105788150787393676 4.062132784263101648037
4.060440522110439154346 4.361839950762929518646 4.378662051112201858416 3.973223488517661827757 4.785067603179263606705
4.322983109082732866568 3.800164698864127110767 4.018558479991887644189 4.04467827782618272181 4.073710964393509215142
4.158361433241898552637 4.622810760562018117525 4.418961398007945184929 4.067754948106911960792 4.488218328491945463554
4.523601804637919165941 4.608506175563557683006 4.271509926779016197429 4.406784568424695791578 4.522154652806852581648
4.836406121300305116506 4.97885422126014542954 4.962330641274464326784 5.048166967346796596416 4.89238634432566676935
5.022843366915615170853 4.737336795983111414898 4.551527826611050819849 4.379140736467441286095 4.008546342761707848013
4.225457108938202033244 NaN NaN NaN NaN
NaN NaN NaN NaN NaN
NaN NaN NaN NaN NaN
NaN
