0.07486100729536092346361 0.07777198785981861983707 0.06386696720709725272336 0.09681800898586198633744 -0.04828484427814174612115
0.1091381701601869952389 0.06658332664990614102596 0.006559208603997230234428 0.08719413944623427559222 -0.02242382548827685090354
0.1532670555530215306117 -0.0996976332173191565067 0.04936966891410365931847 0.1313560148326643195471 0.09276429888076059837587
0.17630057473535717949 0.1002119830209477896465 0.1283010669872126918722 0.1403888628067774257957 0.1661215168450629331431
0.07492631968026947086869 0.09210067952950053149497 0.129585972649018582592 0.1270150918000977069422 0.1288066986900704979924
0.04053435944720613220982 0.1367702620560926063398 0.1786153158240773863863 0.1841049510139212974646 0.1396731681973023275756
0.1792157202546548755429 -0.01802504979488742456462 0.08197282243984899130496 0.1533690635105301180996 0.05797911179804189629738
0.07267663190936350658955 0.1705794535032693626242 0.1113385689514905102504 0.07160215678716759513112 0.2016790334624140035302
0.08171278999714451374281 0.201987596324376100787 0.171552896727407644395 0.1250133267509688228536 0.1203599741383631349656
0.1556078236894514743582 0.0887968757824064980344 0.1618098367116322378045 0.1607361104536494944561 0.1755520104673259085271
0.18337724689730441896 0.1319402100788723553038 0.125709298135154384779 0.2106380806356940027513 0.1698076644050048877865
0.18838992471747093016 0.2392222999107893599557 0.1536003793529623351333 0.1821625444430818308028 0.2311945343871157354521
0.06968976757847897274267 0.1328968746469390560527 0.1658067860827125150625 0.09428885143059628770601 0.1860518211503180141531
0.211537988899514806107 0.1231309802031996664118 0.1653261267640656340117 0.1447991629447821504417 0.1747783282174840135959
0.2645757336725242936382 0.2176055470086678267361 0.1262940548206460678049 0.1254460550272398777771 0.08774025068990906617294
0.190393254861431243663 0.02559460603638863754328 0.08168726593703053151518 0.2065003952396054498486 0.1382440656932470424145
0.158582869076798249619 0.2340161718601778684246 0.09379401609644759385542 0.223739449368345055813 0.1590041694215194867379
0.1596971710682545952942 0.2104938348277496096284 0.2266718096996793718745 0.2511712446680783306086 0.1518724911239576480515
0.1268934251480087482822 0.1720076552158913141266 0.1488649118971181462001 0.1386203293841831996058 0.2386590810702558518308
0.08218157856262917060342 0.2366186688289940720509 0.1783976892275818126876 0.1736408270246488361188 0.1657366868934850578921
0.2143929704215834231018 0.2251686931400022351202 0.2218138669521479977575 0.210032922505121427692 0.1841257382631141248375
0.2679657325536751732997 0.1962345548955966301197 0.1219267288084167344397 0.1782474503534880461153 0.1456495496064658390356
0.2062549290439212035242 0.2345102896571824024896 0.1459494410915585516086 0.185131325923720668758 0.1652779647219337066932
0.2451140277036868708738 0.1774489284045773773713 0.1684309597510816325361 0.2050997815052884309939 0.1183780545635846753738
0.1881756371505258762511 0.2038618610366570160775 0.203059410929157468928 0.1632247699838384746851 0.1704469270412823367344
0.09128733236687949781363 0.2068756989411732194473 0.1932526460306291105073 0.1634849622795375434503 0.1303883403252829586982
0.2367458261120191365112 0.190442349650564002328 0.1890380951242861262696 0.163836003358642734451 0.1509442970364772429459
0.1726571146447246907218 0.1812883912034028988103 0.2087398537994835379106 0.1464923627566782626808 0.1821487099361414618848
0.2324476496400329772474 0.1843801547685740283011 0.1667488556467568161512 0.1979898415246494902675 0.2128448656974228636596
0.2022423421029553303185 0.186756547633395580954 0.2498153747101188870694 0.2107794205393032915818 0.1998890154035749822103
0.1856726489136736879537 0.1156272810589614036259 0.1783596772964686494323 0.183573072527246361485 0.1712282669367710397079
0.1893123008180652433463 0.1565648873966190290918 0.1461149056592958572764 0.1813596576648213165583 0.1768288583110408651589
0.229282856902775944441 0.1962376162306268545521 0.2351069910283787312011 0.1839058405575005328281 0.1831125069150209561109
0.1640390217775383741028 0.1915867757053903164266 0.1461329661307211313925 0.2138746895859575947174 0.2253276035417786371529
0.2202781704924766104092 0.1577754641858916673236 0.2064183468910030516685 0.2131157497697892255761 0.2347244021824512194563
0.1400754807408576274597 0.1843496533146634364098 0.1521771674117047279395 0.1184003743466632979642 0.1284491116780531461128
0.1552884902747561357561 0.1530088331468378581857 0.1476468807821984530193 0.2641656679897715909178 0.2576493281312351446566
0.1600186970105306194512 0.1904840990082996565746 0.194410878040028128888 0.2185245807735530787497 0.1962999856982040880471
0.1099727025639185146177 0.1802651816071238477512 0.1967842470559632850335 0.1949432457750993330503 0.1575877540053257919173
0.173908457420761802803 0.1675957314296987743507 0.2067709518771707888352 0.2158153985812652775333 0.2567047133177008388927
0.2321040634917658496139 0.2127448171603967541632 0.1813455958332514383891 0.1832198074979773105841 0.2342369020096603526859
0.1961857222863168104254 0.2174447709119156080249 0.2013197142558287022762 0.1405797767196145797719 0.2120023197567175166078
0.1874229533603923858465 0.1755465351819777142239 0.1625750410169047588393 0.1862266768823748752659 0.1494745380082858066118
0.224286324428629557648 0.2263439707438506809378 0.1856539643403176398362 0.1474805312280551283788 0.1524203944656173925765
0.219168552552739009931 0.1927151610412727311683 0.1559318684847670055671 0.1830191600726115697118 0.21240430535398019396
0.2934218614318376272543 0.1991753356540603425717 0.1699647194516564763234 0.1758279036339809031642 0.2110922250487616835812
0.1539787867444931679373 0.1813724640061528114998 0.2253125738147548628998 0.1909007386491902158454 0.1469045677062413290948
0.199509309205167156831 0.2056731192601898572381 0.2274030091010066090274 0.2290159157668095746274 0.2133899923644698159997
0.1787358096260922846188 0.214726511441888617826 0.2029209931158783286609 0.2026083353161331479519 0.1962854192037746248189
0.1940846980226080820131 0.236838937179572411873 0.1807816621134846757357 0.1954095986386103489529 0.201983865216737973336
0.2151770508168420192874 0.1596675356709270077182 0.1798380369797809852361 0.1874373565735664437515 0.2156028410076734347367
0.1929664242757130332429 0.1988163406655740483853 0.1714885658454158579023 0.2068622420774668679844 0.1622786629818076808984
0.1752463774799176698949 0.1804325190443097359783 0.2227657497091132809963 0.1657373056438372904697 0.2215532930285448454111
0.1702180226684653352454 0.0830833717635579144245 0.1641536310819359245627 0.2735803912835322315722 0.1720471967497049503582
0.1878910638357329798698 0.1517998837464629158234 0.2174541734870946707581 0.1851208876340143805184 0.1558692587295578413364
0.2156884818847712992351 0.1693902045175625092899 0.1974339456486066124441 0.1690686138621155798489 0.1723059308727924177074
0.2300138927761412321882 0.203386687451851982944 0.1784546886096046169889 0.2179400216400537160233 0.1551866568819722513872
0.1536410730456402307098 0.1816355267962495856349 0.1732257689127291999664 0.09259849339553222202781 0.1912050863997730443256
0.174925996583918719196 0.1914278404942016398316 0.2130770251840752305128 0.1534027334574554202185 0.1791444407392055460093
0.202961722953637707656 0.1556778684153843073101 0.1946976125978553406881 0.2047169386133386725923 0.1732550193368642965641
0.2227457781854242924169 0.1773503324104183376253 0.2222961866116376639102 0.1937894946222832870397 0.2421734963673366214376
0.2158645611737381730943 0.1687276872495730439816 0.2246501731228323639478 0.1659379206307278475929 0.2081940249935582964991
0.1596134390880890319142 0.1381790633387591782366 0.1916866222628930416239 0.203234499333004275945 0.2163930929402106406734
0.1685017189101622181457 0.248758451529377866418 0.2563727693943190222292 0.1653631632658325301133 0.2054833160160516869475
0.2278665272089333559968 0.1514389391712532562106 0.1870211410145414532291 0.1679789165981045717668 0.1682443156020544672291
0.1975278489505013224115 0.1340790851838497832471 0.2328536699521169262006 0.164389104282634312959 0.1626826915383640381751
0.1876430251040273611274 0.2115616254246512062398 0.1939798467085066813187 0.2293707168343920577147 0.21649276657145419267
0.2124767477527044479135 0.2017755281798045419173 0.2552767858773238862646 0.1838673634456255701064 0.1220174976522776927323
0.1680836686902192067539 0.2047854264010069147428 0.2117500693715218540447 0.170332029544107449448 0.2227478420255931124139
0.1501825177267155919658 0.1862443757148317668992 0.1818717215127242659012 0.2109962704086403850745 0.1489325054884557963941
0.1743594036259243362785 0.2442507770427663205126 0.2230310847206189162062 0.2055093441832756828713 0.2467890814078192163183
0.1617756607917612832193 0.2198707958231558012852 0.158161853822895076549 0.1625000113535623735839 0.1661640772451800640575
0.2525270907305663947717 0.2030171620998696413452 0.1905406635430006156984 0.1748048817691416068065 0.1968738742151700804595
0.215238777291960448057 0.2112088857470617309087 0.2594501680417851674498 0.2401389427884794147694 0.1237586539372305810547
0.1854815428041317049157 0.2537114707410999536741 0.2034833303418091821069 0.155968837172379526379 0.2578760173358218832362
0.1581363098403730793606 0.2621282662499509474863 0.2328238242833456927983 0.2013137792261934233551 0.2450829572770416020511
0.2323035536973447334752 0.2042750462637158981316 0.2471511600296703581314 0.1880729735885770248505 0.2119450078239158985483
0.2591205119111611998584 0.2138042103385963954576 0.2469314739269951042289 0.1660310885733935482023 0.209897068447266826885
0.2140101974927376415891 0.234670136821690078488 0.1923840267799696024387 0.1780665521526997308044 0.188972496949486423734
0.2118959481085521401322 0.2036441849793260983059 0.2253200070412373356987 0.2202361082170037342998 0.1994185166233165551475
0.1705651472124586343071 0.1946568849442092685731 0.1888608686510083733978 0.1890455878459342542453 0.2032954416344611714429
0.1865006871278010458504 0.1401613329084455683571 0.1949317599310235460397 0.1676859842836543601496 0.1450944982647698888734
0.1494065053965587530627 0.1908072216613975191635 0.1626334780785984868157 0.2167896036426324446467 0.1632829687462530598996
0.161169909061398441974 0.189148039893076547191 0.2067350402650617868794 0.1866222128016666870209 0.2457351547270656688671
0.2034161083358589083847 0.2210743120761240743111 0.2115113242672049809201 0.2147379753398784285601 0.1901420777599601985575
0.1585598901350072920113 0.1977599703280830956142 0.2101080365365882440809 0.2316731997896865069553 0.2122013220401163247075
0.212235289128842347095 0.2613754209342742940159 0.2905067722654182671427 0.2121638883852745849357 0.2191854105122113260951
0.2235028517499868527807 0.1787427892256738815036 0.1488902911686987573514 0.1769654610704892161444 0.1990156674111270562744
0.2192304821849750118279 0.1984939055045020495083 0.2402068622912612305687 0.2228331713609887076988 0.2238069255038985516659
0.1775205983904724338363 0.2130889716642829223581 0.1459860070197602777142 0.1632537873141956252798 0.2146047436610522551881
0.2417606172377652629102 0.2082835232742247799642 0.239442342544026604001 0.2090908065639478508047 0.1860656653742581712052
0.2117092556694853411337 0.1678890377601291450382 0.2385260084199924690562 0.2146117015471212252642 0.2084143590863828665594
0.2277787468932108150277 0.2470131583574466938025 0.1888255898986093972436 0.1879356818966485820344 0.218896709136700340359
0.2274851836123562009995 0.1417564161957976520689 0.2040435375468175605018 0.2203453639001485275806 0.2055430782117887988925
0.1495270758564957447323 0.2181499112315845589904 0.2013146414702515485384 0.1959744041397180058794 0.149896497758335439654
0.2149062515777631354741 0.2434619796761730847745 0.2145353870974391896631 0.2429729077091007938272 0.2032009887424519600785
0.2152215275187915610733 0.1282836710587701989361 0.1648205845628752941323 0.2443120944647588776988 0.1771116574092150286468
0.2174739840665867451897 0.233229578096355111283 0.1943953955356041984892 0.2238458572754572495356 0.2231053923959202267557
0.2171993586770294970556 0.2030777478042179173823 0.2144471010336893579407 0.2132167012475104095337 0.2874379030234988086079
0.1722746701873708041752 0.2217336387371030559379 0.2390897325369711334808 0.2487076928297023703518 0.2206746650646713714394
0.1535113604061267844614 0.2585001239383000193328 0.216003815644288527098 0.2265245451824469680169 0.1810584897817170413337
0.1739367613291502578932 0.1872377508051697447833 0.1452406998733712095717 0.190434016997560934259 0.2497777449003117655746
0.2097055328779851846033 0.2846676152318851626966 0.1711596427022351041281 0.1972406182718630940354 0.1956703526490230216073
0.1506532372062239499844 0.1478069728963321838311 0.2721043230476953289632 0.198272289952093699883 0.2276228878861482063378
0.1330638675833773487689 0.1648819756607100561752 0.20568791878195064049 0.2333969105405472033166 0.2005937351758851350247
0.1997401597155031016673 0.1883167913297935092132 0.1979431382005394091106 0.2380111744143086627279 0.1626882254281727946399
0.231409199958795719354 0.1821740329239159572605 0.1612907621991847839649 0.1861325265733372036348 0.221509625028398521307
0.176124153774773500869 0.2419977719070600108431 0.1638616835612487498963 0.2412487583459197448832 0.2156508393434076187312
0.1684344079965293394796 0.1803386066884135607857 0.2170118890816398748989 0.214847871578163485129 0.2186887277608907109716
0.2359292634518029008195 0.2282704233528782544749 0.2302495952471560747288 0.1615404893456176826927 0.1311492707958185344186
0.1745148229100153824955 0.2228084195153578750404 0.1670628378313593620508 0.1961512527530805127807 0.189137475571250185391
0.2269310906026687779669 0.2026093428559004039347 0.2183048563322484147964 0.1853252211639286883837 0.1491406884972464597094
0.2200295519493443430203 0.1789585004005618817935 0.1457158781664850688564 0.2282068316442557864843 0.1878486897183618831164
0.2231920053099588907575 0.2523857074247067289186 0.195161027218476168521 0.2339381201176856384105 0.1977998479971676826228
0.1994607020169487932026 0.1771940524855641907465 0.2137829594931986154638 0.1811960074123464548013 0.1791046771951485538921
0.1932713497173922656547 0.1685051599009145528729 0.1817120140020063445707 0.2028669387391598410986 0.1806364816023388053523
0.1675931647632105947476 0.1651943404187245778569 0.1542378347798927795687 0.2012608192449412691793 0.2458084216288987933208
0.1883647250927338034909 0.2067968739923727594654 0.1856446555332556813678 0.1868688921655053403192 0.1803726830008170745057
0.1604827320134534496265 0.2265546984329437907313 0.1862935436291625335148 0.1925173593352326184558 0.1581181114985669711182
0.2200007603182655979701 0.1759154260387094104168 0.1253344119734992323512 0.1982394763863088438249 0.2329514534581511031597
0.1672709283328270013502 0.1868522088406818215667 0.2050273212447989712448 0.2272930084895316837912 0.1966533227884566803478
0.2131742365724345611433 0.1910598083007154779356 0.2162510533632712173002 0.2408638534765650540681 0.2019201280285670696557
0.2124464558952633419509 0.2081660435736757963632 0.1649749036847865668598 0.1444142298231353982452 0.1782353823269055559386
0.1868010409654582981709 0.1682788417744275899501 0.2348089714254728288534 0.1717850949937575200099 0.1742882170779538331118
0.2095369686255479646508 0.1929508510827043776814 0.1388914348712924073936 0.2049853295319234991467 0.1921816261378109236269
0.1763330230229858130997 0.1842759880252335946693 0.1903690706741017479864 0.2391736849427837374726 0.1633054863415270563376
0.1655947919509620780421 0.211107776642974670489 0.2166356193177093047986 0.1791042053578411064052 0.2116574541330388248284
0.1813209416147897046212 0.1843757922236856083842 0.1639224706931958763789 0.2029153974048917841166 0.2147157249732164763234
0.1754281137567318960002 0.2143924773536097505566 0.1969229554097469414575 0.1853158353649472789293 0.1999594050283329815798
0.2103280409850951382378 0.1835099205660800647522 0.2096406081985624225705 0.2076127754390231783255 0.2209334167309107976873
0.1707557048519572628908 0.2192326598170747098404 0.1877092845764939121889 0.1824439795486824111848 0.1797771874992799001625
0.1608625613081996197362 0.23878287752517340925 0.1754223557448287840188 0.1624650124893025626704 0.1770409546537797251808
0.1330027962305053990111 0.2537560967367205044809 0.2157955183377549823742 0.2084434028008887440642 0.09888861055750806927644
0.1742195347991526699349 0.2252358583638487954381 0.1716902396352880388886 0.1753307355752649343561 0.1817404571666191848145
0.1756692949569900463747 0.2320924413475480008184 0.2328601662160204310847 0.170759467023620103987 0.2341683016952289808632
0.2134652818875715507563 0.1575658241919422608568 0.226164704761642632036 0.1705036308755623619682 0.1691650701967116476876
0.1877513568895171069961 0.1929290871620573111223 0.2272303903545616621251 0.1747417726625241918281 0.1282432182048117152995
0.1609759360881174161673 0.2180217253300723023735 0.2173682341194895228931 0.1739811702652681868475 0.07644225520175981780646
-0.09681721391879971605476 -0.01141561486695788843471 0.009000348942495682222353 0.158347805733348057089 0.171777284212330350055
0.1694147731779757359849 0.1122179092095270946938 0.03710139067977935578568 0.07691608910249170261153 0.003270327064314941349632
0.009965466038478872079498 0.1210314785431069600774 0.05290283766927576791783 9.236456071698450655261e-05 0.2276721657372277884956
0.05716770516576213934101 0.07853218470498199432761 -0.02046512555447487641258 0.04393992098188349154642 0.09491797685481262458751
0.04160579139893209876799 0.08680425564073382393993 0.1774904994938677482708 0.2103114520912612583903 0.007437632843298857404646
0.03034997552170168658159 0.01278933816743595651422 0.1200220862135283478311 0.1119339293281055858209 0.1338660961654651593289
0.1386452369458120448265 0.09443422611698859547857 0.1431625370064593949504 0.09679479881883169822832 0.03234346490942499596777
0.1539439123709060441847 0.1344462775712571833697 0.1152464180145154337698 0.1382307518644755317538 0.1408055810116173034441
0.1949821041859311487876 0.05488236427446986642753 0.1234760645162674974618 0.08670177930871358906728 0.1963904568661720695388
0.06344045090344097026502 0.1992495209238872855284 0.07798209976348552396885 0.07991178447203858836723 0.1468347808075105564996
0.1715404218517167234115 0.1990538552043959741322 0.1208863017847073978439 0.1037321491245703497519 0.1257475810262358439928
0.1379757672418366609701 0.02013163193001794512571 0.2857967413564168612794 0.1292966655417942811734 0.1723976268382278742575
0.2062128919877928012738 0.2409444154995027953525 0.1441296807854652861636 0.1944466789609071155631 0.1952690933031707709588
0.1898930036799327258912 0.15958407271026014973 0.06507069187802123899633 0.1828033811212883830155 0.2006163806852459541297
0.2164317170136854373563 0.1157982698245120234404 0.1853738800132535835541 0.2166100717016112564561 0.1847822853779297058718
0.1978029544681458029576 0.2661921795853337546767 0.2167153942278464140436 0.1843437916649444119344 0.1865948511851765745373
0.1640555925774104251147 0.2067392598959716665252 0.1845828337198281710041 0.1772707158815391981221 0.08599485484418691039199
0.1843012406423971960567 0.2063416094325425109712 0.1727622640178685387014 0.1529625768154240783581 0.1597192038085496756938
0.2133497122734577533532 0.2312130702704236762113 0.1398416259510149028955 0.1719809184875243646129 0.2191915371948842394811
0.1843753209831821004983 0.1277443113762014026413 0.09440488135895237775674 0.1631242344533928301242 0.1729060693069891241347
0.1728371081383386909103 0.1685407664768737434624 0.2199143214321593320371 0.2717410092040524194346 0.202565589004325641298
0.1981904317244584379232 0.1040773801676822263307 0.06965010316872395634835 0.2146538496488447911315 0.1985032450332611109189
0.2107429621064492997196 0.1425181092163114726645 0.174166688049486428902 0.08099722875631075458269 0.1552959976622045601413
0.232527314292120090844 0.1914748857664191894479 0.2049885743421742956283 0.08882209869890840547857 0.1917136452148146819052
0.1851456925369353856414 0.1493287251677202776001 0.1844932880565644250925 0.1899671045519576995098 0.1330562591198529986958
0.08541153224443580327385 0.09640091334125119870713 0.121532461880124495468 0.1786813659427909650734 0.2526577331552123939495
0.2537284872678397529278 0.2068793800753252198898 0.199985593393694510711 0.1281367663793354094715 0.1981218991667516027277
0.170987613196743881705 0.149693640005966549511 0.162942536673922555579 0.1861250825527283880856 0.1636621137298914507863
0.2074603295038004169282 0.2034347798109834015712 0.1904890076406830501377 0.214846191286736820647 0.1553281216294809530254
0.2009746236423651244429 0.1429085014180142276796 0.2253770915911222083583 0.2414816865520980349036 0.228676401927518646584
0.2122122578062428654988 0.2107035975287959717051 0.1495248460163874637541 0.2803138772367094189164 0.2386901407845201661395
0.2090538415683162176695 0.1288579342124848148288 0.2164458471424300922692 0.1798348136595515067704 0.2137664962699822590597
0.194166916807825579161 0.1734704320457403636802 0.1755101900295068795277 0.15262384295597736239 0.2208368162260298805943
0.2044571744949613412157 0.1923913429086402671064 0.2103859166716761652793 0.2099906687479312916711 0.1468943932602939650423
0.1704607192082897015872 0.1294127735617393581968 0.2222578004692930264685 0.1506489528949657430434 0.1388594653902149034241
0.2123483307019559951367 0.1837232103641315839049 0.1925185176051483204596 0.1787201027245984286118 0.1971978773869059176072
0.2018094991064141030535 0.1675073693103771022006 0.2433344401439072324234 0.2012665688969230426419 0.2322733682524847631523
0.226555646571756752472 0.1536601244992133741274 0.2225408471300984458718 0.1144862056108231218587 0.1322501045931015195567
0.1633744226600028770502 0.1818701174451534674503 0.2494544383152224320543 0.2347574546951012031126 0.2152670265476607502908
0.2074103108900961500716 0.2149488351832969101896 0.2084733731149810975758 0.1491451888822899196629 0.1579672131704713267109
0.1796623773610564744896 0.1609353883629629500263 0.1754262415808481301305 0.2167859560099537064026 0.2270365682802454321276
0.1837836981654752954718 0.2251789913296939060761 0.2616905697242319361884 0.1261863840353554810925 0.2016359800641525645837
0.210259761300095743275 0.1235718863787229337969 0.2261817171444842622385 0.213600719707950192916 0.19020361276311120724
0.1758109611606991917743 0.1785232891316204384413 0.1425040116091162711864 0.179550396903899595058 0.09898061903612144496467
0.1751148429012360785428 0.2005104377998208065037 0.1540496988313146409233 0.1626217604869275024093 0.2640071617161204864388
0.2255662863668664863681 0.2043274101820281574149 0.1864118466741826463107 0.1948352871216062487392 0.2038333837358791145178
0.196245161835321507704 0.1518159882360717027883 0.1298049942348546981208 0.2292215633183367629044 0.2286823098091978478941
0.1365576901472817794581 0.1648282720204071738479 0.1738574941518281347097 0.1959780474983290610158 0.2281827394545617171406
0.2077815459272734643914 0.1292956204854529000947 0.1352582313072882569394 0.1877559948541048517878 0.1731562221123840727977
0.1503593146987955153637 0.2132794482684777503945 0.2279105152408613665926 0.2230398390925179830102 0.1946082309103748797519
0.2212988681785272304658 0.1625195676096029828717 0.1827559560135287586302 0.1678670146065932011759 0.2276502450630421836575
0.2042007499265664494104 0.2333540382498101861675 0.1193456271321966383203 0.1368884491077945741999 0.1829571610859237196234
0.140884787994837640257 0.1613280591378950246106 0.179912229891403596671 0.1636096304694761582876 0.1528229317538666032217
0.2226904878969020173951 0.176927321311738022791 0.1745881979425215058122 0.1871242107927051923077 0.2047847263240477611035
0.182537783392579533448 0.177262086349218417336 0.1763678252899998910586 0.1742168944173721478741 0.1927671576964603838977
0.1659002104693434453964 0.1625944564664696112555 0.2439538222926025679005 0.1342722678414839110328 0.207174519387248096125
0.1898315100645541486646 0.175157026957337452755 0.2200622378010859969688 0.1905852484803840785066 0.1919631098680881498009
0.1675275218891179584979 0.1841206886214423743553 0.1393491057012875566912 0.1657551326908424382811 0.1493261912157467230511
0.2030146199649286442579 0.212745128134788352714 0.148898445028048359573 0.2170249207756789200374 0.1603930816353690280707
0.1655365996783939586123 0.1889789064630588988347 0.08589586183860543899815 0.1597008113954442587445 0.1986793985621537195208
0.1429654901998963223431 0.1907208401205741366002 0.1943822900565342348678 0.191732891894971058111 0.1602579261963786305678
0.1859312420833372780926 0.1958201792894081194607 0.1815839516493081284843 0.1977382674732892364755 0.2321756497124307094815
0.2091755681630963759066 0.2186560877847060768708 0.1982436028072311062775 0.208452695449627134483 0.1808890557705984114545
0.2577843979649216965555 0.2425100689743419635214 0.1895981134967265058222 0.2557777966198018226862 0.2470804317681999928702
0.233413218231633218247 0.2300247906251304819136 0.1847842810962225246207 0.2223906691031284077464 0.2194357578152655308124
0.1759786891916911288902 0.2212822378360171093892 0.182274663972741363116 0.2030718646340993194244 0.1981170180131250346811
0.2555357092794557360982 0.1726879057022638608299 0.2148474721588365665692 0.1866178630970636298514 0.2187676776279334489583
0.1997573356261401478218 0.2068613742790433029928 0.1115416369268229235256 0.1847793200234703336893 0.1835408431818970620419
0.1767718747160910430782 0.1816865423943723190092 0.2169154005961550502057 0.257497268102135357104 0.1769255967554347885873
0.2760259190154447095367 0.1751927089077450205856 0.1588534355490134331035 0.186348932302181830023 0.1507706671177074519985
0.2024815522851283189354 0.1562127067113256717601 0.1255189553772464716719 0.1751015679690832438364 0.2102539742523414079134
0.1782436750075618858702 0.1841176408349872450909 0.1947397253356678292757 0.2073437215263909949581 0.2002829342579160454285
0.1741559136524111761624 0.2088868243543347269497 0.1727529650293260221616 0.2419366451381168570123 0.1621584676638410937866
0.2222971907803513724744 0.1763921992562672846905 0.1828743197161631917069 0.2047740815091399768644 0.1270008500186538547005
0.1975565060159334973555 0.2147848104709369487786 0.1901752181123146923092 0.2004898940316822419927 0.2245401292242232837992
0.155745468021688870941 0.1820886873981632791963 0.2073621230852848162929 0.1834456105236704492878 0.2675644062331389849696
0.1781140970499991982301 0.1847437274076486612984 0.1674844777155799213642 0.2610168295669610394327 0.1566053354289723698045
0.1853531105924714206257 0.1996375627867862934117 0.1754353132277666760253 0.2114166086289079871108 0.2315234822340705989063
0.2273366018723801951218 0.2205990128269743055789 0.1942991441320905676715 0.1326554495886863305198 0.1743127517415228311393
0.2105220509452693788965 0.2206888115413727646796 0.2527282812215638219122 0.2281732485852234759705 0.2512444381630541956341
0.2048503795903741375728 0.1874293534019461360263 0.1567014670904694206843 0.2453306529875233510385 0.2011639857084056848269
0.1742665315255978453202 0.2050718580708451310723 0.2101334870589693926135 0.2015402649415028724089 0.2149305560891762723053
0.2113670815418727255697 0.1986853496835922217034 0.1844268195044160563167 0.178816598222640982252 0.1320895945143789607101
0.1864594745497032135528 0.2354303373756089778901 0.2313516218315108396997 0.2647139410268689596606 0.1591246981336950916397
0.2061116640368007568718 0.1638312098877440781131 0.2047179747941814120793 0.2319241789070448367394 0.2210355320661609446198
0.2383857316249325397628 0.1685293477445810594872 0.2388568278942972689105 0.1841844635127467544322 0.2052759538797271077204
0.2230638630556040225006 0.2128097774435248057401 0.1912522639376659228105 0.2456150033416558964294 0.2209611100168411279565
0.2396107924877667882946 0.1899937777170217778622 0.1814216204588667002984 0.1876754791793400489741 0.22938362904323508773
0.1391227182749512347737 0.196522508617224728189 0.1655381746336689052779 0.2275582972298349770934 0.1833767179192296592483
0.2388899781594771010163 0.2093975365623856887964 0.1680810765747961788019 0.1663063040046493246127 0.1791083238219821627268
0.22421854801758975273 0.06883930463309870240174 0.2166434558870056203972 0.196282020882095897818 0.2181964506512378831893
0.1947737319883624529382 0.1889136057501693832794 0.1537889883184050121567 0.2152169740583102786058 0.1706174930167959347127
0.2054779184498711219753 0.1741877678214466540485 0.2495028265649053000885 0.1744823058606382593094 0.1541571435548038659924
0.1191548142443184382655 0.1976048115938958404936 0.1839663450035536051974 0.2049191873156593624028 0.2241551432281577993511
0.2250810464226640494889 0.1355170295653850831563 0.1296858738695647328409 0.1812536101011423816942 0.1899411428057063144781
0.1938960984502736129009 0.1955598060356237843926 0.197196261706251929624 0.2235752646233677698451 0.1973193475362836346587
0.1970107404159931741017 0.1876913497764505778242 0.1640130207854114396948 0.2099073253322715770786 0.1882630521949165691709
0.2088775502928917338075 0.198883266066675362671 0.2149986651953172400731 0.210605754419006113709 0.1842705738031226170293
0.181766624735235943211 0.2044594490271627595934 0.1933594584062651999812 0.245765015662534641594 0.2337963688384334937087
0.1996400050967573891469 0.1879122117909703959526 0.1357925646709003397739 0.1837276984416378322607 0.2455761330900176619974
0.2055722634454576480678 0.2169743843325787902021 0.2511460869141722840325 0.2317736519436086606305 0.1742903672850001084438
0.2181911194217021066066 0.1732802238604867761662 0.1827388736978597105765 0.2463387138960339284299 0.2357363709935436091314
0.2389274499428127862544 0.1981316859150379083854 0.1922017128657026174832 0.1778285517101565460507 0.192086004555266642857
0.2033702517257513220361 0.1766656816802179008619 0.2468784035056064696256 0.1723775816494679258284 0.23494765457394742314
0.1875042338998016699936 0.1952018088522173011601 0.1728986275890014578938 0.1776261470869719694132 0.1359960227290816225931
0.1621593345176462752644 0.1848147086256499149748 0.2093789768640449133752 0.2250565550312980944714 0.2019840433778876953586
0.1714512710370969805762 0.1479186250901370347499 0.198675641625159160597 0.2448361725302025670992 0.1784071514475797370913
0.1884554223604322786834 0.2230391987963445954435 0.1935699098244225424548 0.1911548827299596464702 0.2116308503680721930795
0.2060564129136143174392 0.1968863635236130504857 0.2092731163356806312059 0.1774997573463945321759 0.2168115107071501845848
0.17151072935250530338 0.2150778273142625318659 0.1781087659700848757627 0.2094190277299664837418 0.1508248286527679171698
0.208542818409600122509 0.2241893651154731881281 0.2109625415197875220041 0.2161307309407003440782 0.2185434666782043455768
0.2112480028686563870988 0.1704234547139344968514 0.1809050561776265331204 0.165218223029212851749 0.1452969208518232191452
0.1967582603444770483758 0.2328851759802348930783 0.190937933095246176185 0.1724970638543916745533 0.1687233950748185107305
0.1649248364298847302489 0.2110029380736948012576 0.186237624868457074534 0.17247638237726367616 0.1853630433528314358504
0.2159499002347093077336 0.1667910146112487335124 0.1844732112799559731187 0.1145120005273819879799 0.2338023178975289495529
0.2330731772785164801487 0.1936182245287217940088 0.1800457727090257198377 0.2570289843853569844434 0.1674688159785937546786
0.2029296973820500504804 0.1841501457871422275936 0.2158519675162706707994 0.2075312309366236507291 0.2020871599026889120498
0.1810711319064418900471 0.2303000137105202516086 0.1835227197247336627939 0.175739702540472830794 0.258123751378776911114
0.1709147571491453909687 0.1967998101945278577318 0.1763770871290053221525 0.2085538099746600260165 0.09712139057532029329245
0.2324815434462704777374 0.202423335757947464586 0.1604791746625483794819 0.1544420245083522325036 0.1704039308259622798047
0.2009572345247416236269 0.2073442022915610860601 0.1722268742496091686878 0.2011234761157345563021 0.2102737309376050134357
0.1958662506393918090186 0.1622418017837223280786 0.1774410260387668247795 0.1954539963508655220359 0.1921646552902196714019
0.190833680249510612148 0.1632992307291616929099 0.1800255706663339005935 0.2325246969014904407924 0.223755649529632727468
0.1608809942675867021844 0.2209370099750124216698 0.1818667478053599129151 0.1893302452873347196949 0.2409444389178041767696
0.2238515205631889937177 0.1776660752683186517142 0.1984001058380456539165 0.197996919360778816932 0.2201835852965785822466
0.1356125198183887325953 0.1622657610500974345591 0.1338942532335571089508 0.21942162096225442669 0.2287471926065548499807
0.226283622326336003594 0.1982729762879461843372 0.2251936825537891595506 0.2078394695116808632562 0.1973434432386748926813
0.1659427786203725441183 0.1210385367992264926684 0.2095345704008559628573 0.2474191050818923265364 0.2373694150596585838997
0.2164600525214661341789 0.1546437615779440166719 0.1976647973254164469825 0.2135607031566991997895 0.2040246494890293749158
0.1783283070617488474952 0.2174519862406931736132 0.1911763106642495879672 0.1405049324358234597021 0.1690314020220909096981
0.2147577651607486259877 0.1854230965006659070937 0.2305431529557230296845 0.2255838415096027005369 0.2115318376055917437562
0.1857082660208979052463 0.1646571057214077093978 0.1862406214797428516405 0.2169756962337309191824 0.2486974663130712137615
0.1815324598400614997118 0.2290141363600861901251 0.1397638791162369997778 0.213867292178768708677 0.2016398291192497138624
0.200575613249453610365 0.1828149760212244012703 0.2249777333404064660893 0.2006122147351367956958 0.1987265553395944905901
0.1804378177802511695749 0.2324345875335896149938 0.2207843090592596924093 0.1974881543841507935966 0.1564406053357623727074
0.1842538750992600837808 0.1828537201685275781493 0.2068120939891706366875 0.1811732380340171366662 0.1633234505876296760452
0.1684719078995076668726 0.202345759632812205453 0.1830495515491271929509 0.1686715407459824234149 0.1965359087879300081791
0.2064298408657375683006 0.2199893249402810890825 0.1883710669834962048164 -0.01163120033165692367161 -0.03441428277455772094529
-0.008141840396562438283978 -0.05946281766356724396427 0.05214154346877557244522 0.100241004076977266446 -0.01695310756439153548891
0.1898970372973134146388 0.1591338943338214406698 0.0009297451868074971476422 0.1304815266291797781761 0.1615176813911533004742
0.1269627001486508255379 0.03534101558236408396896 0.1053122617674999983439 -0.01678666240773487097759 0.08925811818116317908345
0.1442206069389044831297 0.07754004576592996023088 0.02071622690193098553779 0.04145569419974810126961 0.1799059206027252000304
0.1434857373117533474449 0.004744708535107644217788 -0.05399866538664465503983 0.1599398718107297723279 0.06360106984230227966659
0.008719160489563020435821 0.231687418900535596622 0.2104707159126768256652 0.08782301417600200943436 0.2246440312013471274355
0.1231442288238187299232 0.09311595996066936165025 0.2097385954863967005846 0.1553789227035969888746 0.1567394599044870939775
0.0823542017639299211984 0.2231370589270136872706 0.04723603824670794676388 0.0465980176420622352329 0.1229161788557485007756
0.1909643261191193430726 0.08066842017698627742561 0.1504066446616388053048 0.1706919893176285230041 0.09264578238571069546126
0.0004629617051623833071626 0.1832159096303238587922 0.1215764458944200571144 0.1722353272803001100755 0.1485083491323607451928
0.1951444904213638364965 0.1270946784198718482184 0.1897607033917210195284 0.07516627156872342230276 0.1397561039177732666872
0.1348615362237853831928 0.1854250657421593895258 0.1771263363709366100984 0.1914104087957392563712 0.1936306901364675536747
0.2065990473424506035371 0.1585453404833118973283 0.06695814966442582838457 0.1469370418517408904968 0.1502882668252084885641
0.1043258675580884392575 0.1514974763579305105932 0.1406617201226681435067 0.1907084173875856769609 0.1362532426908730776027
0.1183438592579021536588 0.1689576228669130431026 0.1987892560673190645026 0.1239239603325436589465 0.1326937016525528145738
0.2416408200996833788299 0.09580725355330617365457 0.197615736172065403764 0.1810343859953119916018 0.08568575664567353034062
0.1876630142614244822763 0.1937339643230256147621 0.1513832296266423016462 0.2128408481367896620817 0.1906668674696737897367
0.09594213987776950558484 0.1790928009016479471871 0.1968563816008734868035 0.2156145299027428519079 0.1872637905153979598349
0.1120845246779982457008 0.1909724795037134881248 0.1546990207962034846734 0.1153540347894827233777 0.09867463990288027897435
0.09842012485062785753787 0.1401653606308493615895 0.1581369561463132067392 0.215560250495484218014 0.1670732929194630178582
0.06461234536170884501516 0.1157730491343443302021 0.2053892980752902164276 0.2424902305578967853794 0.1069868386102340168664
0.1682391828021779778268 0.06380602624124348531964 0.1559661980784779189424 0.1439207607976243086245 0.1888435492099583834502
0.1703964895636750354058 0.1643437711417325419738 0.2213925303769950780897 0.245194854761231068041 0.2536258601449772887015
0.2495444939542347251304 0.1565298735929617768292 0.1732466219314462152479 0.2139020676527625397512 0.195632966746862535512
0.2337753321539754736147 0.1438385455440034654817 0.2303382719370980213913 0.2262087359753623960756 0.1866710766008170541141
0.1770880312552310098528 0.2493127085419474253669 0.1221970986674295600594 0.2665977215609699468857 0.2668459468800559730717
0.1199169486855059252317 0.1818552645629012143313 0.1832102970598224744858 0.1939585163821032909315 0.221996629086151225918
0.2169299027473733654237 0.2001382932135994663359 0.2425638961038534269221 0.1647520035017186745829 0.1909210023395907784849
0.2050197397145333000346 0.1727200984775340009136 0.217204247583177634251 0.2054880534865057839511 0.1931572629523096717996
0.1856694345863892647852 0.1304351363209758085659 0.2239249844019565172104 0.198564043045015792277 0.1874829373987261793566
0.1725361088944316056981 0.2044601879970158464506 0.2037201783532907595209 0.189436471591189786734 0.1214974297708767830839
0.2167716136167899820819 0.2071984492156491719506 0.1507361738060565281572 0.1632526867889705080028 0.196333634775361504099
0.145243920697774142603 0.1211856650731245044206 0.2359443163537863763501 0.1621139430094311328912 0.2328009830835317817144
0.1578671931953871954146 0.1986631102268875403993 0.2174106848528633284534 0.2320163268284916591178 0.2248444642016492189818
0.1379578536662519339107 0.2033146292767109286626 0.1938393969601639454936 0.2148879732342640902498 0.2657457647136579059755
0.1554000248515627347068 0.1819383696947523554321 0.2503381227681665266438 0.1765633901490369916942 0.1447317364424572094794
0.1429901657301988204818 0.1649231953607559753028 0.1736829072307089494309 0.07656772385525298374453 0.2362994764526777646818
0.2533606876064168345053 0.1158838797692081229451 0.1653586770276543049807 0.1940118078731191131325 0.1862521880639269600266
0.1673720806401043648126 0.1700841642998591196623 0.1727890581984822260253 0.2158548006593779544637 0.1960394680916758003431
0.1752527251180575063039 0.2540111291561828466001 0.1711444058493685749234 0.2286027624772291044764 0.1375248574117450550691
0.2469560880026121785225 0.2542910125432575885185 0.2576937612724304327294 0.1648856270974730919843 0.17183284699314216315
0.2232489500535976556517 0.1949017576563305542692 0.1734797229391854822556 0.2176050339346691231412 0.1619311156203115387164
0.1436545546540266005131 0.2363695899049641779843 0.2261275573047021592021 0.1977519267464864782813 0.1974069673069546726474
0.195874178282606031809 0.1740815710857316345184 0.1830591908146887436537 0.1477344227993055703063 0.1963732403172186724571
0.1403844798335415200441 0.2052678085979033340003 0.1963587340035471695554 0.1985451084334152183075 0.208872854854928652335
0.1565923360202714498257 0.184008122125456863305 0.2250298827751373575978 0.1745622901739227739171 0.1855268403374194519095
0.1373845921374840239881 0.2070365804549037513915 0.2160103012888590079399 0.2029433552259437556486 0.1943944590099198066468
0.1705798798979139552223 0.1424019410834348464689 0.1744162750434574415959 0.1920773509106604437502 0.2643020183072786744027
0.2194086807038661268709 0.1731583635475109073099 0.1954589837609266578244 0.18297960005035890374 0.1767161927782123775899
0.2034630071143765928099 0.1274426273335988457625 0.2546974977090307734606 0.2455893596585016214195 0.2016107561970416628405
0.1836168409640260013038 0.1560443880405840977321 0.1930982878285573689503 0.2090698528741058159763 0.2184991173328929836561
0.12913083723616114451 0.1668910964165028210093 0.1207077161429277317728 0.24513339449830545691 0.1717022255746506465002
0.1997409169133824158315 0.2057657707707731542524 0.1375090619155135418517 0.2059576932751471245453 0.1299749090969706533105
0.1829682443310529649239 0.1969362365234928469171 0.1566465275958865976946 0.2203531828739981046628 0.169861698709586311784
0.2353412443495729589049 0.2017681268537309668964 0.2056594043726369946956 0.1825051299236175317287 0.156524345628857641799
0.1586210622374562007053 0.1736247154637988454606 0.193818755270284220904 0.1733501408620214678802 0.2037699859299155757952
0.1942764427822586126293 0.2320222089385645947157 0.2968398141191596617539 0.151710012491212881125 0.2326764956046346033425
0.1626839309162929070318 0.1561151660176427757865 0.1342349700780215426832 0.1602179999722204706281 0.1299727848086488501966
0.1858598051757335278822 0.0996759014273476406931 0.1274956950096162722197 0.1505091235243901648388 0.1953992194622413414162
0.1735986989875679120665 0.1742563577914915673439 0.1832430103688196532108 0.2627401647391082728511 0.2192589172423153043301
0.1605675089750591422177 0.1549229091669784841301 0.2221336222461686160656 0.1135397678032403073756 0.1737871547958626805563
0.2046575872831730424917 0.1700119829336147192489 0.2144996883829198008886 0.2392663864677981033768 0.1818104847606373530855
0.2287688881019224740321 0.1701011659381850282813 0.1907494568095430276244 0.1835899478930062278526 0.1481897428709453012896
0.1669063703302956502839 0.2221843299354231970888 0.172064877900627077878 0.2194350514368862414827 0.1348577147863851688481
0.1899609305873490305849 0.1494620689953920222859 0.1529368537757339607808 0.1943860733443701915846 0.2135639102813320089336
0.1814996433069071546385 0.1313261534086214432637 0.2159200401672174141066 0.218223778937692625135 0.1901094497744138245299
0.2215723111252123900261 0.1654815618483860550914 0.1920131258023140274904 0.2099974264163046722143 0.1873780900053639286718
0.1644423878402900829343 0.1932637986444340760794 0.1877197819452023352937 0.1819838839192364776665 0.2090715067824511219641
0.2408996114463807236561 0.2020568712316742066015 0.2263783728269715411763 0.1842860982227363109143 0.2041593768501834826878
0.2017593201347930298439 0.26087126064022136962 0.1541534447642882166285 0.2398690884849451476768 0.1703151742591552109118
0.1902171488919006392404 0.2303366599344127685356 0.1506726356834835189868 0.2050667860062382885644 0.1496120311037134331666
0.1961742481446624164487 0.1402644326092769844205 0.2277234061877440596255 0.1831895837556608841457 0.1292188251285577571537
0.2165435292389020771608 0.1923105869746626339634 0.1513616239778070304833 0.1315115032169584252664 0.1975754547198544375242
0.2124195870058991075791 0.2038273097016432278128 0.262704714832514729661 0.2384453969824024965884 0.2451646238048748038807
0.2494545885451769084984 0.2204001078572100646991 0.179706425577076556177 0.2030411692198082762584 0.2108378546312627555004
0.25057593067000538678 0.2087535342569627472287 0.1903455840318748759632 0.1741889697519405089121 0.2125252068822201800824
0.2585662772958613464525 0.2020493332460099322745 0.2498416778128918491753 0.1766019868831261163677 0.2004807159228582935651
0.2083446397357815171869 0.1479665928777854633225 0.1582379887710375354626 0.1760640733854042516704 0.1384959303363620386484
0.1481147637710065467775 0.1912106599613917767844 0.1983279096559166232439 0.1585773528429630097047 0.1894047529138418728412
0.1567881561180168581426 0.1913492901929211564838 0.1770039887466095807067 0.1594702146161036671046 0.2122406458691673269978
0.1971679114400274324126 0.1952899860150165145534 0.2185559736491977933515 0.2060242516242197508003 0.2170788236332724108202
0.2372348274198824435999 0.1901386408303401553965 0.263204927467532712182 0.223606771974271062442 0.197830574684973670152
0.1915220111144967651828 0.2284822978730930431723 0.1540767607441545228308 0.1992443119516583149853 0.1297415556604206432478
0.1828606335737951449349 0.2526639631534044472261 0.1624135170294366270483 0.2126642970782947339448 0.1996633902270730787087
0.1888586014209750751913 0.1467072388166165142209 0.2025918443940881441545 0.2426334814542802365001 0.1777502407314735799471
0.2251305254349644235923 0.2103481434086038048825 0.1939158684374303054376 0.1585095108641683403494 0.2591033900103649756375
0.2084139716558894850351 0.2023407349747531058792 0.2176656476949927476738 0.1755842245146127245103 0.1243997452313276852465
0.2398496986501689742788 0.2376047529267142632836 0.1842009594978586406455 0.1522656486215058224687 0.217471704576410851395
0.1802429512734005645491 0.2368391564172556418288 0.1810081388641041344467 0.2140073229586890168896 0.1929216582052310224871
0.1336365299160158781611 0.179781339958594993389 0.2081529347755884939986 0.2062085144326410990345 0.1782931785278420722118
0.2216871670830850571399 0.2564204968849181365265 0.09842053154812004100993 0.1844547471679441608128 0.182973108612031476472
0.2352023544449675096502 0.1697754075752827829238 0.1909859421113435373751 0.1776346969296252464865 0.2168784222201669831254
0.1415640472085368528621 0.2010806873747537915076 0.2018417115874307221635 0.2501679354748203576442 0.1598834325330478478566
0.1592975744302263518826 0.1747679237367678051207 0.2076826885805991562695 0.2342238275023700300181 0.2051465699696246591799
0.1801751023999429990319 0.2158503274141235772632 0.1784975290943140724398 0.1867305513674541728175 0.2018210933600889933626
0.1962655169607402105836 0.1668156346472012829807 0.1760703020996330914194 0.1945374487921602557616 0.2066686427903318967747
0.2051772514211197273593 0.2068953640978772878789 0.2330191942621748502074 0.1718400845123703168937 0.2108372002511111620304
0.1438942576767939240945 0.2058153622515990488484 0.2165145963141925644635 0.1630481026452665072046 0.2388287155053007704275
0.164821664920339089333 0.1517597043259438227558 0.1733542768147644796972 0.2384195964814990187364 0.1711905900533920166229
0.1856913020223388555152 0.1879026672926781826867 0.2379445303883211404461 0.1671032205164419137677 0.1884052871689520514131
0.2012617187686916997436 0.1748518075227846191311 0.185834167968742580701 0.1946874042297031259796 0.1893649087424918442402
0.1371001648684543605672 0.1771869503446685256698 0.1878061169423994591909 0.1994139847949722432752 0.2141174671626720760198
0.2003853518576399206363 0.2559191838286563047689 0.1857183846610253874498 0.1962667919979312336487 0.197678845803741731757
0.2027001603435880372484 0.1748339081218089063885 0.1913463377788001407165 0.1923513636323286313257 0.1801240337126582269356
0.2024689424978881602257 0.162757901903387403042 0.2524204280030677427504 0.2495981374436895550151 0.1828544956717600422635
0.187436987298535889801 0.1539530071862632298885 0.2017715939433781802137 0.2194354046936883018137 0.1843781076226202741974
0.2049102129463802046683 0.1850997627846014403907 0.2223813734910604078543 0.175808185517494913741 0.198079817330014368304
0.2214374337163950157148 0.1686326998367490836994 0.1900949136201294520365 0.2089941888636960010128 0.2150671570755086081661
0.2041771196247198216778 0.2035943647909656262218 0.2161496620342474028753 0.1865087900773627904716 0.2912589017522090317769
0.220880928966539491487 0.2480551848150667759718 0.1925866639908530020264 0.1954665951176777494158 0.2114848953507394713203
0.1432516829581122475012 0.1573487010904197347383 0.2495609064909831698031 0.1579211821157553430339 0.1343580150485871316235
0.2481562819928739005437 0.1810644952441612942629 0.224406360810619098789 0.208145202146920532682 0.237047482715620094762
0.2142161538202880244341 0.1923203895533271146068 0.1484584080908446790392 0.2308191850215912110933 0.1864449994148684452977
0.1760246390215728651274 0.1418747256111081989083 0.2153298770181640009458 0.2011360644224947924474 0.21654379834546236272
0.1717893210593444686118 0.2205858670218789618911 0.1874269692784521768036 0.2268669469210207179088 0.248018859469877728241
0.213295209135591606886 0.1558189848181752990008 0.2545898145944884283232 0.1843021256846460176337 0.208367404883359558232
0.2133372591964373954365 0.2143852575868034349149 0.2242933211447769858982 0.2403040276887955517537 0.1579668723868596913462
0.1529561982813026632666 0.2155145856824191852308 0.2453658784161244499344 0.1964301528614976199982 0.2119017975818022203605
0.22485794014424276277 0.2035700531464899043499 0.1910712898558913908076 0.2243357120846098951006 0.174501332798385033751
0.1490556350803385332604 0.1749823070996106288977 0.1849327032372918844239 0.2233790515417763411499 0.1767734383503890005507
0.1899799620908020347798 0.223873992918061620605 0.1545850910005586165141 0.2151343283514650095434 0.1309162395029664360813
0.2356747662060665882144 0.1567893527010309762115 0.2251323641216955717681 0.2208931515377168530723 0.2434349249710189844187
0.2366314921095048484645 0.2282869962362622795471 0.1685640378905334246795 0.2237469809070433690579 0.1692124058080216042477
0.2351295051658815193907 0.1469215134824418123038 0.1870956463801833058458 0.1581963290693155499422 0.2041171832833978128097
0.1995099611484538737471 0.1709328111235844105398 0.1889375748677857846936 0.195017779409428437809 0.228667224231553778413
0.224118266481773797949 0.1981574576283155753043 0.207040544798832854001 0.2134063400106964436542 0.1822520884609277191934
0.2229265156008889414707 0.2359320145456644257642 0.1754786640761493154983 0.1976482394697333666578 0.1863422098519876279887
0.2254902577419494180688 0.1518587722344388601936 0.1867845142677467262793 0.2140059981117150289531 0.1781341437815719963567
0.1701128738848478594292 0.2113297412350316761831 0.1785322907354743859898 0.2102379751625200743348 0.2369709526572215396722
0.2032960496920087622996 0.1732610284492600849493 0.2263744586777363954067 0.1941736528769985314913 0.1168590728184609461859
0.1880472392806066261883 0.2357397889968960713603 0.1871405216557442408032 0.2081308344725892878202 0.2519427888693651085283
0.2207189613630726188198 0.1811022147657971592682 0.1737748114486883654894 0.183163464039967166519 0.1904701632302411573594
0.1770673226901363916941 0.2021897059938518315114 0.1873646134802139928688 0.2043026362801925455148 0.1894323815855632198168
0.1621110528990397647853 0.1479346958033282977141 0.1987480406852387138095 0.1729432744814675682044 0.2366175665737188793525
0.2347942843897623810268 0.2089909098469098780448 0.2068238605191375645287 0.180313938414621621753 0.2306617398272757801791
0.2833331012390472025686 0.2019186282453670766568 0.2118784358557730951311 0.2413795912223389295015 0.2303972489611031126966
0.246637102385059842069 0.208230815012293041244 0.182050153674013087679 0.1947991912814231729723 0.2241693849547360117835
0.1511489814320262359271 0.1364532553640330492239 0.1013865472249335653032 0.08828870733403282322627 0.08301546395327867589042
0.08591955199157694234025 0.1564718515107643703743 -0.007874540606899798830809 0.101630659932228042952 0.02729607509333493997605
0.1550031628021094065595 0.1166166739547577768654 0.1439127038156423343818 0.1103350094691357280441 0.01809742084115634197516
0.176760621128102257682 0.1228613207813849667049 0.2021641775444512900695 -0.06321180730861312990765 0.1219792912953241992291
-0.08124814775420642620762 0.08032593353727235374606 0.1009944056021092329001 0.08696041036249155253834 0.08790038153961807210202
0.1090295639747613926085 0.09978506491876662498619 0.01693327997962106729046 0.08347542191797283073207 0.136633517494345130272
0.2007111439999234026033 0.1231722725811353058578 0.08739782514892083242763 -0.03313902677589575934691 0.01786104412911533947939
0.1411592183673679168354 0.06872784216642617571846 0.1335083533616035489366 0.1753826910671836825095 0.1424807538586793098645
0.1353734182593797907845 0.1565783002716931160414 0.08658395610075061976652 0.05727621189591543954256 0.1278763628902031823653
0.1663540923085804756898 0.07256775210328927916414 0.15582876965949324366 0.05281114671560736134603 0.171414185728478163373
0.1759170856251375536505 0.09360993065709782845474 0.191801321608179253797 0.2082898342051094087157 0.13175690197311806795
0.1664688827842528695555 0.2050788118006183491371 0.1134197835378771834769 0.1145679222448107714705 0.09404324853717228871464
0.08858489146815182180283 0.1258575214262950270339 0.07697830999643764937623 0.1902378924765873446923 0.2383395010259137525299
0.1671275592540132637343 0.1958532825198649185428 0.1861301615858393099234 0.211731281787547187534 0.1092331122226386647123
0.2172020127717404769374 0.2237522733090273607814 0.1751757200662667490754 0.1887059503894620848818 0.07970411300953719746509
0.2124515527604902420666 0.1532465842627368235451 0.1211661135065290190171 0.1817191563525225317388 0.1824589353154694171266
0.06753089988544701272044 0.1518517802757829715521 0.1888694144616905601364 0.1599380325666075186586 0.116043521707760749484
0.2656618890158122803236 0.1264837736064071127551 0.2155219553106534624565 0.1719928267747560801659 0.155729150228794688271
0.1982600586592095648353 0.1458017019113111434336 0.1602374311427606223823 0.1820600823437948379002 0.1048430997620322380204
0.1485200615480279651148 0.1595753874385796022839 0.2136589185396985945964 0.1965833209176533480367 0.1684283305098359939667
0.1325357326745966735082 0.221025942929889140931 0.1917756772223393468835 0.1360625167749326958067 0.115327825914130710494
0.1018359611050928537068 0.1798048278261113741561 0.1991337646919341397567 0.1469448279629316789219 0.1367897587316260210599
0.2199214741421667840271 0.229638343196322702866 0.2200022589391340821496 0.2003667343403517653311 0.2480008100624053191119
0.201567196094805806128 0.2048834343463703244748 0.1643150061293683628083 0.1536676477711570731888 0.1706878207047160811438
0.1616362525275581718542 0.2127212966223894219375 0.1681444264778698405305 0.1326408159685598942001 0.1722067447691263131215
0.2233236194717096168016 0.2293549320410129821468 0.2170720503937417500406 0.1955416972518622675814 0.2417595120315840784286
0.2497890586922047184704 0.2266925922730052000986 0.1945402224925517065124 0.1498081925581278006643 0.205169914665799119069
0.1845742439650648603067 0.2365699036122860254849 0.233104267511848955996 0.1426416303537592911166 0.252397415946682635024
0.2030671868736638741026 0.1735601754221406667344 0.1432358546192510073691 0.1526941609504398611463 0.1774797746471413473213
0.1507771019520892930021 0.2213525079769479431135 0.2510236655660690874292 0.1864510400505961784656 0.1393246821951395209016
0.07687334819726833468057 0.1708848068194472880066 0.1629016189890699073395 0.1370863127477129073117 0.1712783437233176830894
0.1814882276700299501559 0.2498646128318734727092 0.2502625766658176931223 0.1916124432796578458404 0.2116197248180893553116
0.1677342155288400471491 0.1302545997788343845603 0.2221410917490473924119 0.1867834373451332796723 0.174601539817232059848
0.1866706742875603175502 0.1308303074030117141291 0.173147578546879676864 0.1332348377554308238579 0.2283161416083752948136
0.2098717822303718949506 0.1912619094708354616774 0.09215822617287755535997 0.2239942889439476558788 0.2043308113327568231732
0.1386521959915353319204 0.1326758596186843608411 0.1959768303095985320095 0.1267519920950723189002 0.1925922241488929043118
0.245125476925355911817 0.1758576457823387562129 0.2219609768889125589464 0.2226131983282739756902 0.2046664322157079052289
0.1678364507229120894394 0.1990184391786591344697 0.219137747641335256521 0.1944820034740104564008 0.162708585705915287356
0.1427378129355519886801 0.2614498685339758932145 0.1982292268506105070713 0.2060155569555494614598 0.1190408898179108054816
0.1548887976862607096518 0.1606229009596787937753 0.2085497804756073214616 0.1356667725142129410365 0.2182457361378484783643
0.1948233379763986417021 0.2197608857364122536548 0.0887077327713621105465 0.1426230525962748629798 0.166260695783850442897
0.1160321295404961178255 0.2005059191187986422644 0.1728708442550093427048 0.1453469815258123243318 0.2164249551927363013348
0.1778190277661171048162 0.2138199428672019342113 0.2335874220867069916974 0.2509642977225806648178 0.1986451929732061805201
0.1459420160060222459997 0.1849250822476387612348 0.2278192434895763562874 0.1897093853786254724625 0.2235330218227107312856
0.1634604025020100770416 0.2100642994793090467809 0.2307798190246443947871 0.1931623202246166293161 0.1811503400193746060598
0.2660509280419823263664 0.09383763974939866858715 0.1811535056882029870451 0.1915496261827007162815 0.1355265626865408412627
0.1210123401399801484901 0.1559691939289883366726 0.1798262600546885747743 0.08805760815234785210404 0.2599764478283593249763
0.1331402941528852246211 0.2283815276358416579416 0.2440532341599843946245 0.1659086147382912435067 0.2229734607993428541217
0.1994206175460740415595 0.2099415561316881895237 0.1361138592506906108692 0.2054637194834753044503 0.2309254538695408032201
0.1674323484419595886585 0.2183062008137808818198 0.1970753730689656924024 0.2221057268382349292324 0.1842014796372000162705
0.2568821392587741780922 0.1989959605877919535111 0.2060225574580666629831 0.2262854345025311908479 0.2210349344333911170146
0.2418949581055819808562 0.2052340715547842642241 0.1566925701917125657303 0.2195734239308897994825 0.1835012338120368402539
0.198130275530580740595 0.2258489946465415121324 0.216631194401088439383 0.1886212734722633455053 0.1730297192785462123688
0.2020361325835956234354 0.1823648607698303558688 0.1592818784954663502429 0.1891121909224395269966 0.1722281664445708959654
0.2222031540476056277189 0.1260553315677691854635 0.1533066628487720350904 0.2175102393232921649258 0.1486050853563056772799
0.2299782063771174112077 0.2115662484525689113202 0.1855918415627762496634 0.2265317008851551738857 0.2186557375244658207869
0.1445605995590562020681 0.2057890766661810144633 0.2018401919725202608991 0.1412225809480810723162 0.2397124205195654278455
0.2050301665737520040445 0.199475151275047002386 0.1852319638512542609998 0.1666638555537568455733 0.1720575932828477538905
0.1592812916939379541681 0.2138181149298913341639 0.2052429384909826293182 0.2207281119957140158583 0.1292892968188655011819
0.1880790706063353856514 0.2098548146076976428365 0.192605931057875129353 0.2332392147381676383855 0.217609547919706824981
0.1484613243894961909231 0.2380398308517262528916 0.2609083844742362545688 0.2289186156523191906231 0.1688174424410077978376
0.1848764746942580805555 0.164840873482199029576 0.2020411877547368673103 0.2053737360570518644121 0.2080938744191380973536
0.1595401526807205261349 0.1864130498355417164813 0.1990152557750515804891 0.1770778033396138706479 0.1402265030885973540187
0.2110383026183957622113 0.17701978272525317748 0.1687877588529609618195 0.2661612039192123302378 0.1472042623196709032474
0.2193324556345086773224 0.246634651234560409172 0.1973030639831330479428 0.1482529235656645238972 0.1856769588894771338961
0.1723618871073539504657 0.135062618763973962821 0.219170029538406724301 0.2335197861214663717089 0.1694205093818128837757
0.1290945090272669071307 0.2012643912536679347003 0.2049209924197873400331 0.2088241087042587429412 0.2324376750596514329406
0.1614858874688615275605 0.2362691221971281729797 0.2058097303593963700585 0.203280411223854318159 0.1739669359043967411527
0.1933896677946040365548 0.2315647521116037388378 0.1932986635067608927052 0.191065260541863846111 0.1558191518625234583961
0.1845444011415904028706 0.2230381516395014140919 0.1885505951853817530051 0.1935818560541222588256 0.2150621319706153555806
0.2069017055804891480619 0.1792915374910623860227 0.2179575179449936006559 0.233918001622717308674 0.2269507026435347019078
0.2053250322236384317609 0.1721653433294749735438 0.1790053974713315676492 0.1291229419616851115116 0.1981146003057441817852
0.1233872003297211555894 0.2175775017602699645813 0.2220171150237975621344 0.225691889794672223557 0.1842334259009918151495
0.2023019949417699803185 0.2538421033859706854585 0.2700313617539514265964 0.2235413966411490815922 0.1775997867511582839484
0.1971942463914676535452 0.2187770204671065921165 0.1520185445502822696451 0.1441543805722589333129 0.2628540052960734452192
0.2184128053958689641423 0.1721131161327399128336 0.1667609195438843894266 0.1730759544815552997132 0.2083620354234024807383
0.1935595994952244991438 0.1790864538233288283386 0.1306839921161381812276 0.2141613578044933852151 0.271276750465599847395
0.21515950358059443559 0.1854402096459130955264 0.1625561787662946622302 0.2104688741429566745111 0.2245649769252097138761
0.1524979746657432189139 0.1693041680035946572325 0.2191723897187390912578 0.1874855303906841630379 0.1896670724381124828462
0.1869888186223384596296 0.1996490766106248371248 0.1991651252339916300382 0.1588275336723430630759 0.2072079345848324150037
0.1869602922374955233931 0.1419782032066508603574 0.1996505619587000401882 0.1524788705928830645497 0.2478803689086224726346
0.1739133478806125510108 0.1041831955716781277221 0.2324179602997306359757 0.1929259854417410269267 0.1730678602881372540878
0.1718591294878590858275 0.2078398351731767512707 0.1980825648012728701364 0.1111775045680152840255 0.1442988477621382215066
0.1845166734816247045003 0.2077807875271147630691 0.1606408201068245389376 0.2394682149500446388668 0.1676763523126869603885
0.2119724446837551734557 0.1517382483473281584718 0.2268618649473459480959 0.2480468963738414467368 0.1655439099391373958259
0.2014176810955121965652 0.1755800447528899910221 0.2209038628999774045436 0.1620568933069552464143 0.1930445605803558228875
0.2143177970607429705385 0.1757383189339246643002 0.2362090595400194725784 0.2011598472694555161944 0.1438974211681793569095
0.1915241080828895547938 0.1831662364131053377658 0.2094448147258502479495 0.1589484558654649382081 0.2124903398951942801176
0.2264202483006789723419 0.2215645018734384019687 0.1626404584738017078394 0.177689089915832959532 0.1854882284018185001351
0.2102310818722722962626 0.2442752314351183673402 0.1665847542649916968038 0.1934019192185397750805 0.2042228257924630085984
0.1551931569787478315536 0.2077613786083222224832 0.2003474933623549669726 0.1661689829934856477145 0.1456620397735643168691
0.2470969114073452710389 0.2266134643778866253339 0.2400076728198302922213 0.1858945493901055789898 0.181141934985499020172
0.1323847458213552041872 0.1920015309303870210123 0.1627511029200220948887 0.1869954401921694042699 0.1702341379020203271377
0.2007722410761449416405 0.2020008059594473881493 0.1938846553073692025038 0.191194808486248757351 0.2237059508090586401607
0.1725727483210790780266 0.2210298596263532422412 0.2448216885785479413062 0.2088237101817487784139 0.1530344124720405540874
0.1821564842821694063524 0.2007193907975548807787 0.2030050282428071117824 0.2003667945987024356924 0.1837015469162777137058
0.2168316337933817172789 0.1490685053992683306578 0.1678919390842840142497 0.1390806387928855969438 0.202056418197373771628
0.2011148729371701471269 0.1671055330075299771853 0.204734612387405257028 0.1842284801558414786271 0.18754306765503753196
0.1636619992870306516952 0.1797272656323434247838 0.1803983332157919894367 0.1767098511575695418685 0.1768404848782410831998
0.1876056559331593098783 0.1695387653000925975988 0.192376279477340067503 0.1946294115533688806607 0.2018373348743683071138
0.2007756429308552581503 0.1946939397473229360624 0.1291932322932469734411 0.2109766337617059450693 0.1551324594274390844539
0.2050470569433004985882 0.2089936824357903621951 0.1852638625439681496765 0.1588059835152816068327 0.1719942545429083702313
0.2257696991740162639761 0.213804086127187376043 0.1968727926251608029151 0.1511593858783438770743 0.1505652388685221887421
0.1865304284994174499612 0.1506760442941073863121 0.2133126536691681562896 0.216810128501823545788 0.1909906378120088399353
0.1861966991604834253948 0.1561944951865270325708 0.2028416333544608984862 0.2205654284364844397448 0.2470285766941273664088
0.1777224996222175612548 0.2187721415372178845882 0.2132464952913848132976 0.1895455144645702416639 0.2827067097724494382227
0.2056709900359193765595 0.2146356515364672701285 0.2017839977805223894425 0.2569956401420711578076 0.2264860938670408552209
0.1902024774251807326397 0.1849443748004453436096 0.1935875632090618692072 0.1787246134416538567713 0.2198995159279712452438
0.198415743327766236348 0.1923899362809526614182 0.2011945645460296305806 0.1632628431415822922723 0.2282626425228132527323
0.1902632398728563156709 0.253796959472430805338 0.1690475066936581449717 0.218861831102038079111 0.1941810589785314122846
0.1907662787537593440668 0.2089812875371135358904 0.1921083236483145106899 0.1633508332435515686409 0.2105644805103702721372
0.1783148976352691705838 0.1871729572362315352496 0.1918594630484127538939 0.1803990190196521070654 0.2004194427181029691809
0.2202413491130571498999 0.2072585143517822470205 0.1870003865638885653944 0.1551645396541750931974 0.2310425379466635176229
0.1812257563264573767547 0.1680511740348106797249 0.2017796698549392808708 0.2048234476489186328685 0.1899944855752509487168
0.1995899320276126043261 0.2093750062135820710907 0.1763627366285894781939 0.1677976094582110111464 0.228936946102451605034
0.2256699082816333856716 0.23387560119508671308 0.2035956901050033907019 0.1309939190118811769281 0.1804344387029998553196
0.1478411693136540971949 0.1793855234920073704608 0.2242963822761469550038 0.1996413574642183497154 0.1363479235100374942213
0.2266631855465169320674 0.2220772107707472131644 0.2438596303396717013268 0.202662886087569799054 0.1762418458152572309228
0.1970362274033060634437 0.198844823735116582597 0.2209873544562734326568 0.17870858611705545127 0.1812515802385694929644
0.1843888276247953039721 0.1892347953354026890427 0.2095605087602858962459 0.1804064946383773238026 0.1680245512985057976252
0.185303263828664882551 0.1731463723192075143675 0.2076179867491205754959 0.1664462040885376636901 0.1285774039064165596979
0.1659548591930184446852 0.2621316313151279553395 0.1364342129933901193173 0.2081877346856783328466 0.2384423782305198913356
0.1738497157794592351543 0.1910190222393675640866 0.2027371307672501676844 0.1663388606264986080419 0.1934543619368791211865
0.2155851662007811919697 0.1938718804462561395852 0.2308592839552738029685 0.1485773730899975220154 0.1813422689647073982044
0.1656046262810222380324 0.160354091598481851566 0.1722559464789152894326 0.1592994533545086244253 0.1757197680401609563017
0.2100110962868168562601 0.149475178364474298176 0.1680820541936269008065 0.2038959653141526606746 0.1759256112831577290034
0.2032172219433681648049 0.1891923628004849311512 0.2061111834562028843898 0.1515881118391946835722 0.1782613676069834951488
0.177858530066132614067 0.2197688455324543210789 0.2218573972881940359336 0.2096208162312474809763 0.2183075751954878240824
0.1897733938638296868895 0.2560102194947382892032 0.1983879968762848333697 0.2157130619417798600423 0.2092832632514664836787
0.195738472069743457693 0.2001878517100079690749 0.1665961540028944865011 0.1893261111425483256276 0.152910477113651327441
0.1900040216619087174443 0.1838166349505983288015 0.2292387280555165940399 0.1917019226938009857086 0.2165956778115097070003
0.1587863498139492346439 0.2050299890875083852482 0.1452962996150043983867 0.1715076976589068047385 0.2330698436625895098029
0.2157166598174882765626 0.137268212490374852397 0.2217986826967291991153 0.2010848019665799069067 0.2397277644236577021086
0.2507377640068521595929 0.1920672704123460861059 0.1588653522056869826784 0.23311510401059373776 0.2135772619700589680658
0.1549716907565620860332 0.132415873437333575513 0.1867717367487209123578 0.1717634689263947134208 0.1381617195675256537513
0.2095318553154969509755 0.216629261374225390302 0.2273446935911741795255 0.1639283679113788527726 0.1800722538367439673479
0.2314516598602989472244 0.2407294984314882757559 0.1990669245481479221471 0.1892806505350507206842 0.2188114502305676667415
0.2204690916217574570002 0.1500392670098777969656 0.2447668237449664163652 0.1998003296379129989369 0.1859370829442354433603
0.1856960072288537655361 0.07333027168025461894896 -0.1146160629051821977509 0.0755725166870609699199 -0.1223547849030283685146
0.1019111900583353352845 0.02291658082406926658092 0.116882148133715793592 0.09669981476272636322644 0.09181156337229291752866
0.06903576498382063553194 -0.1668153016411065836522 0.1241381990836203513817 0.02878560865169906696215 0.1075378851183029504934
0.112144165314654944976 0.078758606057220084673 -0.02050828463127256709453 0.08965441928744401212104 0.005824665474538844554819
0.1451391374978790171912 0.2191514640923142853701 0.15944347015193399697 0.167489477752698595614 0.04505419628874850895839
0.09683942989127519718195 0.1429228970345959026655 0.1471203519455933084181 0.1376777169331892813897 0.1924173048274305797278
0.1694414652937255016951 0.09837213650710718848558 0.1430650409990511240377 0.1848945322988543304987 0.1162320707238606032341
0.218848261655904707812 0.2024499699948716369136 0.2154837447199005329157 0.1413741701549547924444 0.1879177919731398471725
0.09197100750891135101384 0.07663342519992427659403 0.2061398485955081294474 0.2131169833171544514272 0.1710473436214552944712
0.05639832729145139583737 0.1955594088836044019963 0.1374781464011979315032 0.09958243279033228423369 0.1074157581467440614187
0.0831915706404342536473 0.003649291108843118799226 0.1639006497627147895813 0.1467800260304742143713 0.06583995124926270148258
0.2004656182128070618376 0.1716325294560636649521 0.1782201961059327877113 0.114821281635269528687 0.1661361507454931496497
0.1324275247056475313112 0.2465914041367319731179 0.2103147291647261551972 0.1400934770416920882585 0.1591671068979504943819
0.1594723434598473987833 0.2348391390003991829882 0.1438800946654774925992 0.1669263901950948092434 0.2041470994806859895476
0.2364725862487263019496 0.2179643338443328914877 0.2199036396797456049956 0.1548420134158909333699 0.2229284800970873225978
0.1883501127068267777531 0.1688315118371251088991 0.1396447233386688968615 0.2046969621135676098422 0.1005597876420040170942
0.1873687817748823092323 0.1979540751166084244783 0.1875715706167183360886 0.1803520532818366217676 0.1698215948840062772263
0.2059958684622824609534 0.1722774028611210594963 0.09172549787849380853455 0.2121538392298319697371 0.2319062744144023135995
0.1644945660320155655931 0.2213073858006241456664 0.1785358767106838828731 0.1280286512813093025009 0.1391448892063079367798
0.2236672118608460657629 0.2222645435484227605105 0.1539925918414378480659 0.2052183298204770245388 0.1051538830002143459774
0.2717782875108675222364 0.1930467839990462897148 0.1292071486934338320207 0.2161957640027890870105 0.1492260794354496877823
0.2109928648283301289013 0.1999189761488778804832 0.1998328950534863646116 0.1322493062083399673057 0.1690413488403181285769
0.1773019004537571274849 0.19532341297492650245 0.1037795565534958691645 0.1932288696986302622971 0.09167282246790912914047
0.1654005629032545832136 0.1982934545828525796374 0.1553911762766248261247 0.1413329740984646532009 0.2078933822231253947255
0.2110809016871328380738 0.1790563369772198154539 0.1567301186882845698278 0.1424450402059142528621 0.1076417260260950081729
0.2011178550382890228843 0.2425519429680610128397 0.240325237486178178159 0.2013325552005307828018 0.1926991283653933240139
0.2293204250554741752133 0.1915301934218301693758 0.1654532252392931779283 0.2530528103618562285604 0.2108386734741288515149
0.1449399200277254606828 0.1501632004968105615905 0.1443288517380509339283 0.09967665411646538242696 0.2088502837904192277474
0.1871921126591491180147 0.2293505727103989089155 0.212133866013083233204 0.1394210240312331039458 0.1202689878255063238299
0.1928874591729236309678 0.1937297690432378538539 0.1903232162578095409966 0.1388297452366123452272 0.2366592686934332057103
0.1236290092773610210797 0.1974751430029673404665 0.136873562487302952162 0.1970666235210997707661 0.156666805570658540514
0.2537272466392919145761 0.16917103993540846818 0.1815042033896253903524 0.2058288277297188606507 0.1843736564477530537332
0.1863957549609406849633 0.1540232185706734979735 0.1470143700707027267782 0.1554702395244635104721 0.1842666222932736463935
0.1843733890594360935733 0.2336789639280353880757 0.2142210093179998109392 0.1413234085408800466688 0.2902124459597890115958
0.2124750796256510421145 0.233616078561551060444 0.1720431849746564545445 0.2498244212576537781612 0.1667747726404536501299
0.1851309155045800514117 0.1748212939585334080306 0.2021718270307673315234 0.1743135574646469398985 0.1559056218372598667798
0.1295463113273075950183 0.2185334181506891348956 0.221440993157327126184 0.2016426660982977847603 0.2837097959253475076835
0.2155471900253814188098 0.1940288126417626934916 0.1964388732857928199227 0.2565130396667313350534 0.1823669338854179700071
0.2351304041964122348851 0.1810931775252761222195 0.1889640017016836481822 0.1722707786333301793746 0.1585618434629420259174
0.2313752324676840999018 0.2023544505887061029092 0.2369101534959441868189 0.1777249202829624119548 0.195547263280987593248
0.1887567389736866940719 0.1392785821824122638457 0.2006457313588013990913 0.2388378620295144583174 0.2160218743057751578096
0.166808718688093438054 0.1979628891985744099102 0.2317582365701533475555 0.2184803867408364463909 0.1608766226954191636001
0.1716705542223625757803 0.2259590532437392440546 0.2024577409339231026664 0.1883616704976348588119 0.1808263137355179683841
0.2284229428677712336881 0.2297590646119212209886 0.1947653656215701523102 0.1914311599549318454461 0.2433512217025309842811
0.1893725257000608286351 0.2036000397654548765836 0.2635152306353197304567 0.1920670011355308792744 0.1522973373437509492234
0.2043467156404223383781 0.1493592205830637509312 0.1987391845650880450869 0.2017664793641514853206 0.2287366980548980743837
0.2454533182655967427088 0.2112802940420166475377 0.06605536514570817252512 0.1523875583440779668543 0.1507505062729337652616
0.1854498661953465077357 0.1471311349555090852714 0.1529769621810239954574 0.1804496875989572424182 0.1943651015810167470566
0.2843081638134402067131 0.2261010944436496195031 0.1993496082206414332649 0.1827021595750239202349 0.2122533516666206265811
0.1757449157217003399278 0.2020259272469195899191 0.2048212225088919535843 0.1885056660270195971751 0.2517838105071762422327
0.1361590288953180849507 0.2511578330435578210178 0.1629853668004366262778 0.2222958133354067944421 0.1915298526905743203841
0.2261706554291247339705 0.1947047671207041974473 0.2146037937410920359849 0.1639624420618071565237 0.2038883404892597173141
0.1240728895100003115193 0.2189784965453682175074 0.1816557895574303083119 0.1824914304979464163559 0.1817479378936432965475
0.1766231601668052098031 0.1719755001107850511666 0.2136899048628442265851 0.1398194173578140020453 0.2809617827799569811376
0.1639652104086843642516 0.2160260630639919410267 0.1827688763044565400939 0.2012202342014057510067 0.2386364141373545355584
0.1724862276843992514586 0.2202389579825788090695 0.1565357402804067321611 0.2035991943731474129731 0.1578530699670689374514
0.1505284946536955825724 0.2576151974972483715831 0.1735501266235185968689 0.2589225243043479229854 0.1243832755380900045861
0.2312218980969847070828 0.2069651388922694179584 0.1682581188116221149187 0.1843859285909713319196 0.2026798775224126214489
0.1738357716217273085668 0.2150124453143581471082 0.267596001660069027217 0.1771952438480512703745 0.1502347107652159119429
0.1780163448354478428204 0.1882486867751455017483 0.1558237988393993134206 0.1615770377410975511268 0.1899560492553762081069
0.232569191526183688401 0.2086740496947561696039 0.1877715806418372435083 0.1824726366160920321136 0.2366831409352374293587
0.203131840238746502747 0.2551483439066118408256 0.1411955916267607913372 0.1697861527987655771987 0.1909524120574603578415
0.1817098537838169602932 0.2013401769470209434765 0.190356305962852606628 0.1535180498028841655778 0.2102253953170242217752
0.2471432564364329509399 0.1926330793713942890477 0.2234091728231555606943 0.2046730151447907208873 0.181594032376367758852
0.1782645784700052637994 0.1724056468719232515507 0.2230243372885090946678 0.1518250994021511646181 0.2091949019797282316446
0.2038085908181192229538 0.1856610924379432647768 0.2240472187647038204705 0.2477699829167727130219 0.1522041038548823943533
0.2288049383759273858185 0.171229153917332926893 0.2221540299081173341911 0.1965004142959870525598 0.1252810457381038911073
0.2527428746154994909645 0.2249239538107773717091 0.160810022600125640535 0.2031009733164304831288 0.1694534311057644127008
0.2104776297619147806817 0.1698211519181700157599 0.2374383961267705900333 0.1314785543645786980438 0.1912483934453257927721
0.1717866956227536434643 0.2308389875085129772092 0.1457820715498454045012 0.2129642855503583176446 0.1761015783065808526509
0.184889392316352374479 0.1857778077901751367929 0.1771599243566852610599 0.2100411647719160057601 0.2563444394721554608907
0.2462070682850954761456 0.1953581629926610663261 0.1828406977686148904283 0.2044319705221410987672 0.208264062818494577467
0.1278422282734683335104 0.1707435368486477922367 0.2301064968338265293024 0.1465145045431095471855 0.1405762762302213697563
0.2296938672201239983739 0.1703100442679628123699 0.1938963473033503970289 0.1374239861185376776476 0.1946663893688957147621
0.1638914959333406806685 0.1957739954834649964699 0.1795223513938314363614 0.1864506008172431561487 0.1677577306184798167088
0.2107761817634859480286 0.1950259283909026308823 0.2003977004071718082123 0.2146349981857194055834 0.1409153440044295102496
0.2110207499356718807704 0.2134484563958590763733 0.2024872101752532571606 0.1865050375136251548103 0.1849046708977941655405
0.2412556606709471695993 0.2023075300229789375006 0.2457339431281077846148 0.1704023625346804127201 0.2080289518862363795648
0.2043841223519668737207 0.1936910362866365586942 0.2137351441843338140103 0.1479024250614584534702 0.2353402634863319409231
0.1848259407321179159656 0.1854566551527199180782 0.205818466112876546914 0.2155141139160108854078 0.2315594858921780352379
0.179450274400535653152 0.1657656032188483674616 0.2119877003071250209931 0.2069633687277463163223 0.2074787283118815772731
0.1865982724109618573483 0.189992128608702653958 0.1750846829087378264678 0.1752376708678634875671 0.1455460466228055138593
0.1969531323550044177306 0.1515101864662066755152 0.1911484162784843898741 0.2613955676761536284225 0.2082691083196861747684
0.1780339922876116032224 0.152764466490634243101 0.1502026617047162448948 0.2079826715821100624471 0.1897468082660522248339
0.1375013920546088175278 0.1908886338737985910452 0.1861335259249727036579 0.2833101607193072579705 0.1668905075426037332154
0.2061757762094889312454 0.2164041817718893312428 0.1878652059451840772297 0.1981975283847836055706 0.1774801061674783075883
0.1644693215799643282171 0.2083599303301137961597 0.1723660251344002469764 0.1674955001033152368617 0.1671358682295755737623
0.2152045009527650265557 0.2207500950217092250405 0.1266903402102829423459 0.2320467673063953406576 0.1975653463234763318468
0.1726285131072871070756 0.1808808854508818231288 0.2018623485404293649292 0.2167259202261740125284 0.2098002750322629228474
0.1938165707315767649632 0.1596003415056277685569 0.2177586577009709145614 0.2110768184192121643683 0.1470877694192705420484
0.2015797834278185429735 0.2035112476298896744265 0.1959486022219502354691 0.2166240954850884303795 0.1499084441436500936273
0.19730552988714619711 0.2040181219689587155397 0.1863286813896185833972 0.2059683553534943645236 0.1748368332805114166995
0.1658724819567098940354 0.1913384307404859818735 0.1932153262001324589558 0.2139782560290230672972 0.190554117366361297492
0.2084148061101723237165 0.2284976491474046689234 0.2558972513475434862329 0.1573289664086461314696 0.1957252589672152376377
0.2204441171754205619493 0.2024393124536025545535 0.2250152792903750420539 0.2200509730745731085122 0.1675803673791057546438
0.2042513469244815471626 0.1991330673840893961124 0.2120651837680160578525 0.2010567529365669958707 0.1963475843161659184499
0.1935875924056370545046 0.1767226153597198923251 0.1840557866297528877286 0.2024103221120694684476 0.2452087425025843148152
0.2091063935983892840831 0.1949021481566660385365 0.2479294629097023583419 0.1935398872211347431893 0.1902489125874947395456
0.2309258893919547139806 0.193717366489620207437 0.2355456887465894877387 0.2297140229861145965806 0.1750690118571105735601
0.2303598198321966938895 0.2186639910731022762302 0.1809132413584072784918 0.1602664240155329544724 0.2521045382013474278615
0.1396043573748849686567 0.1900599615381672879977 0.2055204213050522976669 0.2466435631216944979194 0.1997240367938867000586
0.2510006748095679474098 0.2281931966293428704073 0.1807384818362903766698 0.2245684321833657792755 0.1977644705594965301998
0.2452012685305469119612 0.2153768284136663435646 0.164078918684904484504 0.1784489262007106502583 0.1895119513403175082189
0.198066087797403839188 0.202978902010739425954 0.1775956981605541773472 0.1131810710031746075588 0.1613661589514097105535
0.2042253684283457659809 0.1701839201734632878171 0.1723448557699855665515 0.2082399222388688631025 0.200255226802364155736
0.1717493037454249638074 0.1527339692825437911239 0.1960759971179590888113 0.1948963945542561415625 0.1363274621974951417158
0.2165911367841964474401 0.2052046915203019628038 0.179776131091722246591 0.2096433908247370692113 0.1909503947459674222387
0.1995908058137778051666 0.263754134384400318325 0.1915710091208841225896 0.1933907571250413071073 0.1904841817078261889673
0.1746168853610674254195 0.2111604459919010634561 0.2045110941569497631232 0.1787016269040266891466 0.1732364321916750327102
0.215392648888439008914 0.211605193460419060969 0.1644155374241078326758 0.1461616437599240203582 0.2302108205569042553851
0.218399146675007316265 0.2389031020278756523023 0.1706088335034668113099 0.1565625864132009215091 0.1864408566965205515942
0.2099912908792054833107 0.2047385836911392031912 0.2407829689180379373337 0.1795395942187454907391 0.2244724719752070885015
0.1722737079142089289263 0.1948893368663398850682 0.2388916147307003912115 0.1930016215672545332183 0.1253066085406243923561
0.2038808478457607709089 0.1854041258178071582829 0.1918332975419861918809 0.2615106345129534215488 0.2118074771101856879074
0.2063754901025034449447 0.1826802066404670521482 0.200001359279543988734 0.2345164183579696026705 0.1972240698520056623178
0.2542011743231195053383 0.2539356886287973402716 0.2225254293997255827797 0.203398720930562465492 0.1652158316633946522067
0.1673322976940591899631 0.1945255903255102003513 0.1421089437850136250052 0.1611720575254142473476 0.1546302238547007656955
0.1522403653999540307229 0.171953531554151051175 0.1446316558969391041778 0.2053441041273386113986 0.2318823181615982664816
0.2254007462112266046983 0.1713882101198886676041 0.135710252561360461554 0.1890957125772115554607 0.2468069946081482834987
0.1967208789576528060739 0.2125739873150418735026 0.2103732146246654333144 0.165822419475519761134 0.1761673851862732287366
0.1759710050422493288202 0.2569420532636950138539 0.2158724733428478148589 0.1820132051714015430921 0.2051682844134007643877
0.2017100933481631164224 0.1993837745358605639812 0.1852281310772168065881 0.2000602678536171075141 0.1604408256713484304257
0.1727226618868936414142 0.1889157077889569158469 0.2066256941616034792375 0.2339715328842363606388 0.1642117704169828440453
0.1486587454189563783924 0.2024351599412463342809 0.173089503425206514553 0.2029704057628823610226 0.221731848706476636357
0.2013957470469625032905 0.1923788191005116610111 0.1774424668926205539421 0.1934838846416015167851 0.2418839341220102301389
0.1866158502087586767981 0.205918735271611946791 0.178939965565044989404 0.2097891577639669213884 0.1737758866054875672713
0.2212282174623241837175 0.2175979219379540752222 0.1614368213858783096537 0.1771933699861474587056 0.185813278763748951361
0.1941671793197221884686 0.1820355621820795022359 0.1556528189348972135431 0.2436705055352190729678 0.155518728429364733179
0.1489715219708318827418 0.1983666564625291561796 0.1948871821624842404219 0.1902506878391826139474 0.1819009948983942581702
0.2189106596625841338888 0.1779509455195178169173 0.2079907497392259607683 0.1777189668958966406453 0.139214442462712306714
0.213205926138258616831 0.2024015245259433160019 0.1698047909059847149216 0.2524033900067345070894 0.1669147234051914785447
0.1731292003658647382647 0.2259730236993808261126 0.1626869935662046962044 0.1590371210033701687703 0.1857070265213253690284
0.2070791026340106644188 0.1532939519524247895532 0.194209975295445452792 0.189267173393822707439 0.2108554322885242970909
0.1701000433834954361778 0.181537372734110691308 0.2180291978379982065217 0.2063932018991766481619 0.1857392009640688457228
0.2470045459127393761012 0.205741780997157786004 0.2297042608807576546948 0.2124379399392409550895 0.189653577546696233691
0.2194163623465673340629 0.1694460084052499537766 0.2164858004749065367722 0.189641082539158845055 0.1931555954608058511823
0.1889674483897060830451 0.2048376458314217773982 0.1940564552163567269005 0.1940619596043507422145 0.2059369334127772177556
0.1876954840762593834658 0.218657736283220077711 0.1454470749442155486086 0.2406842849251264460086 0.2068263994584135234689
