0.04321851631385706382638 0.09521678796022052526649 0.04648894858590685991162 0.09397305482566062351246 0.08604468089913457073958
0.07186682554024893809785 0.0691393058968420015642 0.07306165798057237537044 0.05129936466747867657157 0.05736241094794661959932
0.1370343388880061741286 0.106009569988767787807 0.0516247413169351188067 0.05772369495115776266703 0.04959611878215608449239
0.1012394219673369427648 0.07138887466370968937213 0.02748387519772656564787 0.08630865266882410680171 0.06293324859846428920296
0.0672351172302726313168 0.0566577564614464332382 0.03530033672947945760923 0.06826393518914149194377 0.09573062498688589272433
0.07235699573536466533419 0.04930054717320304230599 0.07865934574729253891956 0.04093101706870871936417 0.03970413100344274276443
0.03946290225277441360285 0.1119581577951778705859 0.06091887570460569056863 0.02445469417196211373011 0.07793467745426010950816
0.06736589800431468100239 0.02466667384002691268408 0.0256631536344627056434 0.05978884871297693304193 0.05951299635643813451535
0.03413770834846886759184 0.06516750125138597027341 0.0625481587135136990474 0.03692118674745274720106 0.03791118058713955490946
0.02026217299544971414682 0.03281413941983303550476 0.07931968831538975528428 0.04607071398261041589306 0.03975158912164129115796
0.07784829016982848515216 0.02864779676035553515612 0.03502908603645988466768 0.05409591756482335506151 0.04144152801418549830759
0.04561724292730156421483 0.04885724550920762104811 0.05162722144101193622046 0.07029019725549785768681 0.04535212327391364289797
0.07635163010704026920195 0.03119986887249197315963 0.04453755220192118918776 0.0293495466429361424876 0.05432827318199333344051
0.03259386460174186483929 0.03609567211395216940195 0.03147777694175009355337 0.06015859100776242002206 0.03873735703033980709575
0.03433185535454071762862 0.03563100799468520846203 0.02689191992961777535887 0.03865537724460293284023 0.05094077105188856563478
0.03317259432336344682213 0.06730920778618187938491 0.07129904576438148011697 0.06898304637959876139952 0.02544642472512846989585
0.0147503007422882925076 0.05381012225309107083193 0.04907119575574851039201 0.0380160728988970242348 0.02971266368549771788587
0.05261438833799733649776 0.04583156718534166923495 0.05375594531571695894323 0.03390497365417199926441 0.02041461675280936000076
0.04044812487159223091115 0.01592604595973483652682 0.05106775554210237627606 0.02247986285729092897911 0.03872108096804621063525
0.06662271106771538997648 0.05150957592979370919251 0.04240208763865187246989 0.03120603869518479012157 0.04949478006739816554616
0.01781150556419335354019 0.03807484318989173138759 0.06728627196470148008611 0.05372640072500564634161 0.03679191094950124557572
0.03130483285965666995221 0.04145629583529825135102 0.02353333290322763213243 0.06972849172479983481665 0.0364759231729109636988
0.02893558641482257484667 0.04981606872278612763161 0.04317311523787389221374 0.04239865228492296217455 0.0542999992939953782245
0.04283438311921445446062 0.04590604239852554696588 0.04059435302129865003051 0.02578375985378764806422 0.05558627494194142565354
0.01702039341648330095236 0.02953622778483933411509 0.03819432806442549233061 0.04336281503153305294518 0.0258230255646272922887
0.06609703184565315914334 0.05820331983011460541544 0.05343897115248678886257 0.0555585744381268051284 0.05095236228679252132867
0.03399640608083417947505 0.05249063736374801059092 0.0481858556450977248975 0.01801675777711187961816 0.04284284276432100829757
0.03092961055535706563213 0.03245866334785295348464 0.06052052375900364433736 0.02779988275817761242403 0.02749794337500317473189
0.04127199095968713676852 0.02354657923686714893208 0.02734641255827514189081 0.03158431272175434706417 0.01105110703865582084948
0.0341366682326487008714 0.005955813901479865488109 0.04809875218045889938567 0.06933523447137632245152 0.0465035347977101679029
0.02382041879209222112745 0.04027178130265084837758 0.01724177576342511217233 0.02218380672065970241058 0.04364097170062915254096
0.03509835017927476902289 0.03404668283986813509534 0.0411275307638984538583 0.0199194019002062808199 0.02360238899991438238368
0.03514247343357686237386 0.02110018297307637152871 0.03487967528181362686368 0.02778285480094867462841 0.03965882442663638124403
0.03388014511986942034483 0.0377956566022734641308 0.03670808114578210518131 0.03712043961996186469676 0.01263659498316164857268
0.06302824636203482877583 0.03206339124499468784535 0.05083257087210527741528 0.03507586348702726453119 0.03972372396215587825319
0.0336727838719043451321 0.05018715950825452382089 0.01756905103113838226281 0.04682248609600342392767 0.04973480451133432955757
0.02826882577813465829975 0.03741992129257750571147 0.02914037285278124264631 0.05521236917192050980274 0.03088454478026527935675
0.06223735553810556125898 0.02100443624199924141926 0.04879817279260652979067 0.04672902053487625745332 0.05785276235804615030389
0.03964713738657022618073 0.01540304928397627157177 0.02930496635107753336524 0.03898610533441896480733 0.03845370444377057411733
0.01727053721954733417343 0.03868485749258504524661 0.02062078663916371012998 0.02420033098404049051733 0.04215804889094913049385
0.06120864728119560643771 0.03374951169628207653384 0.04098538775045237891881 0.05132023396364399775438 0.03438121058884977682135
0.02440044688346389850642 0.03485520097797222688341 0.009411625474092157744854 0.04626696068079118318028 0.03596568366402704691742
0.018681665987645243443 0.03448045050857423410307 0.0309925115121665387119 0.03663411366356908449582 0.03337014611215269321853
0.01854312231447534375928 0.01849439544928429060566 0.01722254682173997644701 0.04066880605794825909172 0.02073670701279357181379
0.05539612145387977359956 0.03420244938116299981967 0.02518336448844851749307 0.04678852190668283256292 0.04860853324274808789918
0.05968743843005919202938 0.01315073823519040049912 0.02953633576648922315355 0.0384908691022481722066 0.03380544000128615778067
0.02314582995875892612592 0.06134767609710304464565 0.0540320359688304593937 0.03485313826738244136205 0.03514060669470429887351
0.03697212709228805266326 0.02866399537357185514641 0.02972998935274742682289 0.03214135770399263042352 0.0413486211528698577311
0.03798350793651127793593 0.02628439549100111335966 0.03999520367000418408221 0.03058078139257193114875 0.01555519385912241397962
0.01166485610330125072265 0.03485172858411370033771 0.01380360547323329287184 0.05309290891663815542545 0.04347126532046652336305
0.02478644689594066904959 0.03156518525970246347168 0.02660278647296546866707 0.03118004649924057194998 0.02248997780547678029817
0.0261164620710162727335 0.009182903632924276429716 0.03777338814734831212716 0.03696947541866558301082 0.04338092699548850433855
0.02860784655921445873705 0.01875286618371339864009 0.02404303212850125021083 0.01664447579707201488319 0.03062076392934814234037
0.02052923785270014539472 0.05954129400852303799496 0.01678924926177704363139 0.0466910755217802148076 0.02265639745951289821257
0.02719674839464983687187 0.0240579790564848065848 0.03403178847826283937028 0.02725482203961812968651 0.02370988404466733284748
0.0174618483741483046523 0.02937715135579251068965 0.02636526350397011206339 0.03864173691857696740781 0.0295808291975673508245
0.0316448628217470967483 0.02610667230145441441991 0.03784901996049682554313 0.04328073483815580296818 0.0533269869180267794273
0.02434503034020848305508 0.02825148521900608736268 0.009142474296246913545438 0.0397085680992224701602 0.02964413288905080531843
0.02835739165677337442206 0.04988185174429635854176 0.03432968126901694144726 0.03152984359283515086725 0.03534440114756041972921
0.02237607731497488067207 0.03335547067225708151028 0.02136356851728849620686 0.04669747662490866119134 0.03568294329597890973682
0.02963459725752701917623 0.03442425762670756062001 0.02392143262678909226837 0.02926851311067172126124 0.02944272627404855013911
0.05428408664959897406144 0.02358816850794204569852 0.02014555067676651947672 0.01259077223524000983812 0.01392331652567947025689
0.03167661838891881048719 0.02606224102556264562991 0.03897625597716615486465 0.01676041021483971535377 0.0267403575340149392281
0.01030690491494092898839 0.0478574729930951667245 0.04697602968319330302149 0.02457850216851640082205 0.03837572275355447676271
0.0288011687974584207339 0.04623109370033986337267 0.0277526589770448507688 0.022124871462940658845 0.03602827619753701943184
0.01529793300175030963672 0.0410415696489312628592 0.03366570516346931163376 0.02248363324142350558321 0.02479518472771422704648
0.01775804378901515989675 0.0241301625299222936849 0.02373283286865555952172 0.04241768056180546947465 0.02826826039003308560504
0.007528352705605667084809 0.01780003870632649795591 0.03553737296891266994603 0.03427026414143979210492 0.04112452207115831898099
0.01044981814074091332201 0.02265497284807293718045 0.04348882824147447256902 0.01762366008256080820993 0.03077179285935018743237
0.02909077069917094526819 0.04733001467418333774173 0.01807960372209246879827 0.03905241730684040624144 0.01780205099099450849476
0.03535444926376218877095 0.03301276337156684032026 0.02899267023823816000205 0.04897710342844065894985 0.0450992457794913148561
0.01989352736148678607586 0.03459682555284988858535 0.01833248947781360507769 0.03571589353709293812589 0.0415748578062073159689
0.03246932736703263960854 0.04173593854090763832776 0.02731140799505378177758 0.02357505597643357736493 0.04131666469300113858631
0.05391115799427215193873 0.01368676527920207296185 0.0458089412085740110836 0.02171085311950546672954 0.05312164533999286231136
0.04267983982556067951153 0.04579281124319501544706 0.03190459719843422026209 0.02908113409892547698843 0.03379211779344127447589
0.02712220787896117007998 0.0408042629374061674441 0.02585688612325564780803 0.02829482653956304910592 0.02712208043568477278118
0.05290103280217477166314 0.01444073777470741663798 0.04108919914502167508585 0.01804884264158032949887 0.03079745658274098130125
0.04173323167796327837209 0.02226471065482012526293 0.02852263444725294458393 0.02389187973095952682856 0.02498254785789663992568
0.0219818853051520594899 0.03897669472609177621081 0.03139133495193911771448 0.02218852248879587055197 0.02767387673896469502122
0.02081309137966362229899 0.02099552017725518984759 0.02783339304590073254309 0.02765124445614043635633 0.03169078673085295311251
0.03787782500553810161037 0.0249535618239964396281 0.02485428120915308264349 0.01968465615678842081659 0.05342542852022912763799
0.01815987274096598699802 0.02822244705543909895629 0.02614651480382537696023 0.02435649848254992436147 0.04195167718292356490162
0.03505176817632654762136 0.03961803811568996580572 0.04471585464199933496188 0.01963833631196950160747 0.02039391580568730016898
0.02432208636267033791123 0.0420437642390276700155 0.02599459004386478477855 0.0280033087821693234265 0.05839599101865630692565
0.02567828164446355268535 0.02365083881753600111852 0.04913893585096385657751 0.02880552827704851992507 0.02091229443448729477528
0.03152193314329708451194 0.02871689253397924010414 0.02104022744325571500634 0.0238532560989762366932 0.01817475417891243130719
0.02826303060782562465159 0.0381315738127593062412 0.05595414258195312989796 0.01679748559185614831257 0.02218399450522230351157
0.02001736430560070376106 0.04718571080987819105212 0.03665727235823842272699 0.02699074441828080636596 0.01852625627661739354801
0.03411306873557279351061 0.03025072414860876732212 0.0246766564079972210155 0.02672755987561376347927 0.02594409033305879186404
0.02103523859735476064792 0.01913235351968940040068 0.0378137546827845838493 0.01246121141471196250294 0.01921757030324147338951
0.02258316241159953607909 0.02313303675926967409304 0.07095127712418142218453 0.04188358309358104769604 0.04854124176387350497741
0.02027831823205212408157 0.009807985303383202208005 0.02618471714673582806387 0.03036081884309865808191 0.01911104476208560359884
0.02559819653848980497424 0.02370989042823046580311 0.02652242339187987560378 0.02504453596786201247104 0.01643235189825325084922
0.03753655264204663194461 0.05303029465132502728864 0.02910463543429834057386 0.019521619982669151383 0.008112973594118614434345
0.03777734363529323957653 0.009174370175796238077726 0.03444078088822919575529 0.03246349930686991819284 0.02170674671250165041481
0.01119530427092176386172 0.01963720138108800486454 0.0111346426403128827276 0.02815608427903894955824 0.02819491898330436438491
0.0185389378959307099537 0.03522354560112469362698 0.01687825372529586087644 0.03388845177404926911624 0.02680698850120785681206
0.01718022198755040155782 0.02448446237950438128528 0.02258871845665546065907 0.02367767293268393385963 0.01965463953712083891578
0.01986962902195959362883 0.02914340153961679155681 0.02676995461574144946626 0.02276626247114673512462 0.05008207499058248829416
0.02818103629016039529676 0.01931434824380885706407 0.02887020662549680954934 0.04803388643720390982494 0.03774491840933856534601
0.04418245886889932139141 0.02639702095523598079918 0.03344821499402878678397 0.02881381801854056290413 0.02984441719129466569216
0.02235969468068019216922 0.02128706673501447321772 0.03423053837662221043914 0.01899118347614823024139 0.0270269305046590656294
0.01553743402513651193642 0.0547682064525690723289 0.0205605249042531412762 0.02913411131447920035531 0.01908260001028153074465
0.02396930676421944392263 0.02684003133612562416732 0.05695608187066081296024 0.03281148118952936093562 0.02771458543894763509874
0.03798005896004651854581 0.02156268851892899351963 0.02033239465286974453906 0.02816036482932689558045 0.0328244354286552769695
0.04607615738168886754256 0.01297424726453802815151 0.04123763781005101991539 0.04212320535375907448739 0.02463001407109587093114
0.01306577512633660953512 0.03502530562853874152029 0.03366920826074718681165 0.005360867926366327460008 0.0230609901735252045829
0.03773893679629979069912 0.02461804602512469158926 0.02570243088003780485007 0.02649563061915601036578 0.01468823389017774941334
0.01829030558224883917795 0.02139483041849890229691 0.01899702844288823563867 0.01669601252448410858009 0.02700940833043852587481
0.02631097176646188945393 0.05112839060919238676206 0.0335493572907347784029 0.03623031305446242078538 0.03532633468119560082865
0.03240241523316366584195 0.02657264420902226767507 0.03519047023975067911561 0.02003875162694501027572 0.02528920406652713712137
0.02705777717018678293903 0.03969364238455197479993 0.03118865921514761552213 0.02199068517182924814568 0.0311387437511228201692
0.02853305983330382822327 0.03653505916370092948542 0.03600713482117674779648 0.03715984528034768641369 0.02092617029077384338542
0.0257994631854375697233 0.03258908622002506388915 0.03307534316584972294839 0.03434504382914799203164 0.01677471956619202078653
0.01083487438918243062069 0.02227011576438220688545 0.03188787281592769806693 0.02042276996241948819333 0.05430816619931420202727
0.02422029471959452964769 0.04913975601615380717213 0.01409429766293650819475 0.02176876523534143972882 0.04414649942402834592592
0.02351061116670834574838 0.02874304723434790986847 0.02973664151755768189633 0.02826848054062509885132 0.03526297771655573926042
0.03178319654696436930008 0.02720185512509652736579 0.02932568974490916413611 0.02040796832533364746354 0.02977434190719508225187
0.03937271953727307371995 0.03576891826996617812506 0.01726442737165251317677 0.02765276233612622147628 0.01870602365957681201269
0.05376027993329824533619 0.02568189544884999162 0.0282700676419676034945 0.01393798076134557598071 0.02937957567664067903834
0.03762617357474766499603 0.01953943206861038714428 0.03197072360762839848825 0.0285744314247992972633 0.03835925250344734971364
0.03323431158002355945147 0.02991573708996558486617 0.03116671250575070439837 0.03410448525063601576957 0.01899261272196381064581
0.01345651204850527651868 0.02813735695434520581171 0.03570966032571008114127 0.03500712534343518311797 0.03151157024468640571735
0.01834929752167207411828 0.009691259532042065596991 0.02296947610210739454395 0.02777001632563188063263 0.0156739900035756593577
0.03240493075279433227154 0.02471033888936214478749 0.02362597875456238713521 0.02544294327636435759654 0.01924476617452231322347
0.02126350938918179778181 0.03439507492199823240897 0.02495991772325121399456 0.038954243324767254264 0.02419034475093885180885
0.02418144338093030504266 0.03183284943753610790607 0.02114862196258166307516 0.02761760590516478333645 0.01737523465757161156287
0.01645902756325829871531 0.02077502252335738583411 0.05068655196868990242542 0.0267663574331858736266 0.04415811929697100596259
0.0228620184598989500957 0.0169742757864646751087 0.02179256607675895962561 0.01159540016345035617906 0.01563279114704191341545
0.02024329884513537125557 0.02389151945909517849032 0.02654395790554949299822 0.02596155484432096163805 0.03558014774229167204167
0.02486082082345827601322 0.04166660116875982311502 0.02892143431903906533598 0.03598904542467064315847 0.02123701664681108131072
0.03511827408309543818721 0.04058292984284061349909 0.03395013859784850457357 0.01911023419836589340437 0.03140272485554809062114
0.04764222722970871265469 0.02858162433454230003105 0.02642501030559880198512 0.03989951229478304328691 0.04398714332536336757418
0.0190838241760239550604 0.01795159532687411879648 0.02209811341320807101529 0.03044640527795217099793 0.04123311293271179206466
0.01423099908976809165051 0.03130777801233156770744 0.04125300498563529844054 0.01978460126164109308955 0.01381169419413058596646
0.02994151605304821994746 0.03208551665276958286821 0.04375215781821259475315 0.02209763981052407372241 0.02834549637528140444975
0.02841254621786631212599 0.02233042294515244149955 0.02075969877466557131362 0.01894601816709933633787 0.02439456072698967248336
0.03108288812761341932123 0.03130026635123422940055 0.03498162602294067891062 0.0261709723852188436144
