NaN NaN NaN NaN NaN
NaN 2140.024884494330763118 1696.371649590989363787 2103.122233430053256598 2079.892576298648236843
2144.220963603318523383 2113.168214244863975182 2465.904146662328457751 2357.671778385173638526 2528.974203355261579418
2886.623024528245423426 2453.968251460421925003 2109.579632483253135433 2516.105875840994031023 2169.031076331285476044
3178.207032456157321576 2682.126675094833444746 2785.173007152454374591 2965.720432487790731102 2709.013366913438858319
2872.089482707994648081 3060.962748131121315964 2717.144210395625123056 2747.633925426780024281 2666.433468493506552477
2584.082366173773607443 2737.424772702424888848 2864.069013585760330898 2359.788579115252105112 2677.215952292639940424
2756.462653391581625328 2566.557963305645898799 2293.520511109426024632 2579.686047291872000642 2925.460820931353282504
2434.855550322699855315 2433.212257499124461901 2820.688363439541717526 2300.830149621486270917 3537.50882024027987427
2805.893573556772480515 3091.076414521091919596 2807.618019240567264205 2588.988042711689558928 2695.691333781888261001
2742.318270977369593311 2515.050942642364134372 2876.428176767548848147 3189.237937816677913361 2707.08935736270950656
2860.185766599375256192 2482.336577472227418184 2893.67666776345231483 2618.421347660032097338 2904.726998131148320681
2306.571517027345180395 2533.819020829272176343 2836.347998655534865975 2723.414058573731836077 2363.222463887901994894
3153.848836376966119133 NaN NaN NaN NaN
NaN NaN NaN 1205.4961867816728045 1173.307845477131195366
1400.58414737883822454 1268.935996967568826221 1830.61656360603160465 2017.362389527115738019 1784.481500786928108937
1686.211626543932652567 1684.662347628157704094 1755.512437311306484844 1871.926326688617336913 1614.25931830626655028
1696.934389526804579873 1386.762221799265262234 1612.642428926594448058 2268.213632981204682437 1869.065234452185677583
1662.052317525754688177 1385.161542929731012919 2382.655593712597692502 2361.688441257645536098 2120.362816909338107507
2446.876577555228323035 2127.737297655744441727 1906.571708613671944477 1859.433160335289358045 2129.036856614957287093
1844.995322639452979274 2252.542291880939501425 2566.460203905928210588 2080.517957085527996242 2496.56833051772446197
2352.764133900703654945 1681.616675237668459886 1818.675676160150942451 1625.803263013043078899 1683.060285246918510893
1528.578729956088864128 1448.484966860233726038 2153.211837329395166307 2026.695938243311957194 2329.218005126594562171
2033.464809697782811782 3697.742770672508868302 2951.77874951844341922 2281.099136816718328191 3101.423974930428357766
2825.769794892922163854 2506.002181559313612524 2830.14931668611097848 2250.689063639142659667 3183.545682788858812273
2466.436471067219372344 2519.799543075146175397 2534.214041946791439841 2566.979684547727174504 2908.515968473453085608
2802.798613199371629889 NaN NaN NaN NaN
NaN NaN NaN 1472.944615299746374149 1687.544222128668707228
1449.174012430483116987 976.9975680954419203772 1580.835582841367568108 1515.747306644911759577 1772.417127680545945623
2227.701965220505826437 1927.407749931614489469 1853.905270091221382245 1755.274820704634521462 2168.577711003704735049
1777.585952113608527725 2147.313962355090097844 3570.62648863508593422 2260.454779691061958147 1934.208319529404889181
1845.083974912246503663 2332.605364495564117533 2147.079600550704981288 2981.5519085164801254 2280.975190349472086382
2436.336348802395605162 2259.359623373788053868 3289.287553986904185876 2499.249677533829981257 2611.81353131426476466
2925.496809354397100833 2656.075497123028526403 2417.702189554511733149 2505.170412116526222235 2272.162411562624583894
2086.494401537678641034 2304.239999986898055795 2750.507750886235044163 2573.259755930520441325 2550.180812648673509102
2601.922728487943004438 2371.191972106535558851 2472.399197675017603615 2541.541080357385453681 2759.695378522011651512
3122.894629972479833668 3704.900745563936652616 2187.08900154626053336 3163.7139193947473359 3534.707665559582437709
3574.707170889179906226 3619.291769002254568477 3552.278028663647546637 3421.106477404614452098 3418.083603100706568512
3652.096823756693993346 3480.006406461608094105 3411.029453648211529071 3414.747514837628386886 3243.792678885352870566
3357.898252955330917757 3267.348659493926788855 3112.160314697032390541 NaN NaN
NaN NaN NaN NaN NaN
1703.706380193012364543 1655.683827633665941903 1937.745442966106793392 1951.081477067894411448 2061.973611574255301093
2043.606181760212621157 2189.669240267835448321 2006.53152958611417489 1988.826597876623964112 1951.921665324385912754
1663.781439668163557144 1900.352827795374878406 1467.480803795146130142 1999.265223621919858488 2579.108166634868666733
1285.789449070898399441 1524.619418809203580167 1368.026371137531896238 1330.795347541019054916 1653.464245333091412249
1971.061909025516342808 1936.448731535987690222 1895.54418947965677944 2363.68213076787742466 2453.756911977639902034
1996.441363070996430906 2207.193539778464582923 1917.624367845289043544 3233.053899939129678387 2094.312602602728020429
2776.857883866426618624 2526.242743813456399948 1892.388537561519115116 2036.576855046544096695 2130.77715983098551078
2205.013344336526643019 2236.656574602543969377 2371.620419574243896932 1926.890822333827372859 2278.898373494231691438
2869.791237818705667451 1833.454594949315378472 2110.386284312481166126 1838.13562494310326656 3371.84593575167173185
3180.335162065490749228 2363.347777501926429977 2908.799629646286120987 3356.286377952035309136 2935.53076840613857712
2805.732690225281658059 2764.955966866867584031 3176.066809299632495822 2114.770782213945494732 2685.3361973162650429
1910.209965961363195674 2558.810482724630219309 NaN NaN NaN
NaN NaN NaN NaN 1411.185000590649906371
2391.360994999044123688 1298.909190527763712453 1575.354991511233947676 1740.310424950837614233 1797.398502171831069063
1745.402609959248366067 1892.139845317295566929 1518.988870569335631444 1904.421779557107811343 1917.771133545504881113
1952.376386525302223163 2144.771016236710238445 1862.744840336255947477 2718.158544015474490152 1953.355007847947717892
1583.09761287890978565 2001.618525271049520597 1815.994049983459717623 1916.798284662649848542 1805.599557482016052745
1364.25609893101977832 1318.699116186201081291 1322.441609080449779867 1740.923535823977317705 1380.314391782545499154
1861.059771033337256085 2010.57601561161391146 1825.386943118406634312 2862.965270678359047452 1989.813264878851896356
1903.348641152102118212 2337.123940800257514638 2162.169049551171156054 2741.90083903357572126 2909.357315400621700974
2142.697925644399674638 3790.370271349795530114 2898.814021984009741573 2365.805845623472123407 2834.808792781617285073
2980.635383950705090683 2453.191058438739219127 3106.873801931458274339 2137.652558240996313543 2597.07353990705405522
2788.941056528122317104 2900.50838486589373133 2644.787002459416726197 3038.315245941481407499 2643.534691756351548975
2220.008834603176183009 2726.984362189677995048 2124.336555668300661637 2157.701511169366767717 3001.709722657306883775
2815.60452501766712885 2379.066753196737408871 2236.732351049453427549 2827.685005784914210381 NaN
NaN NaN NaN NaN NaN
NaN 1581.518610412393172737 2009.974512291716564505 2249.377803807860800589 1756.886370579263029867
1970.057749376099764049 2788.620985149963416916 3098.345771062484345748 2246.465636891326084879 2357.78601431323795623
3008.493927078013257415 2552.115492405960594624 2245.049738182301553024 2430.905036559945529007 2053.284854182463277539
2743.248150891900877468 2300.484135437965505844 4130.043636603234517679 2878.527950321431035263 2926.660511664671957988
2546.575130873769012396 2706.158090132435518171 2641.517995409384184313 2107.412295031031135295 1866.192441518041277959
2245.573779528148406825 2194.509360205041502923 2678.950368002663253719 2725.403159037327441183 2475.608144002268545592
2671.932118512042052316 2525.724714307337762875 2599.279891948322074313 2965.68111870693610399 2597.420515461876675545
2916.494242582787137508 2277.775654454827417794 2236.061649982063045172 2668.578121152217136114 2622.821409402684821544
2679.606334243572746345 2632.667927412236622331 2262.020660055370626651 2402.15062014962268222 2520.945596096701137867
2218.328388048467786575 2721.803651819175684068 2530.512256517480182083 2211.621528390991443302 2154.074081548460071645
2535.784016725659967051 2562.168848998643625237 2525.805431833097372873 2701.156717441340333608 2500.110646161419481359
2134.701372501390324032 2431.931379479523002374 2340.095556127138479496 2377.95555494617065051 3442.470633775923033681
2345.376242151898622978 NaN NaN NaN NaN
NaN NaN NaN 1628.671482706745109681 1390.785407189472834943
1532.705571950874627873 1756.057433629540128095 1961.057023169151307229 1509.397873509110468149 1892.375516570079753365
2085.007641440618499473 1849.232689728248715255 1714.912680292704635576 1536.371755524040963792 1899.523220663001893627
1386.698203486078909918 2284.10547889312465486 1275.885720731303536013 1342.449415881767436076 1600.007553216735686874
1367.54762950837880453 2048.668851909822024027 1615.835731651973674161 2081.740096959813854482 1450.630593818964371167
2810.867230032669795037 2065.736427188603101968 1826.194151693823641835 1812.866010103667122166 1938.566161582701397492
2054.867918700518202968 1835.24343488466593044 2038.899577872304917037 2073.05377473895168805 2000.195459338431192009
3394.524303882678395894 2183.290331859647267265 3187.27504568778022076 1917.196914905502808324 2414.98023059531033141
2565.952512522859251476 2268.292031447896533791 2092.27590381086065463 2890.964707146536056825 2332.209056122695074009
2682.227049083953716035 2839.676545113834436052 2200.473204418085515499 3129.675517438867700548 2220.094702645897996263
2293.427070742178329965 2070.416985862864748924 2322.579370284900051047 2394.476691783589558327 2471.469330696727411123
2116.216237205657307641 2311.791975078333962301 3149.426568180448612111 2021.278344897790475443 2299.017215146751368593
2911.788922892118080199 2592.749074580670367141 2402.850907312043091224 NaN NaN
NaN NaN NaN NaN NaN
2267.829613422021793667 1511.591948414764146946 1895.636424722899391782 2118.316747238523475971 1602.591671915384495151
1905.397391764528720159 1882.372137781554329194 1662.623730699398493016 1974.068743478810347369 2060.351351892360071361
1414.719228051091931775 1467.753454683476547871 1640.893276150396332014 1500.513118912673462546 1208.535086610757844028
1597.350093370253489411 2096.866470811470207991 1816.905759800044961594 1832.753216073166868227 1576.403712474299254609
1818.452609245258827286 2304.88029322974898605 2316.364043471627610415 1918.319845533947727745 1548.093393408523752441
1751.983186392773859552 1899.569946921202244994 1841.922288130312381327 2091.659800235952388903 1730.301781261889800589
1650.123139852021040497 2134.541075343435750256 2077.882027614899925538 2108.500843468279981607 1650.372835764511364687
1589.321589550213047914 2061.46706292722001308 2464.808679663453403919 1699.742788386254687794 1850.427665534108427892
1754.683485464920977392 1754.37729976282730604 1789.437162068397356052 1896.832706574801250099 1684.159993854903405008
1646.798513265182009491 1766.923378474572700725 1838.982464441539832478 1421.547437459194497933 1360.557246092183277142
1943.836256944147862669 1920.847544296993874013 2086.231068104234964267 1703.176603565960931519 1802.024548876668632147
1872.795003520230238792 NaN NaN NaN NaN
NaN NaN NaN 1505.958666091569739365 1540.143683335633113529
1505.685824419793107154 2617.664998798289161641 2521.792522981519141467 1763.102449021838992849 1994.751487510276774628
1598.868953485062320397 1972.530530997204095911 1329.645498442649341087 2131.25730044426927634 2343.305598143680072099
1991.605463852269167546 2261.726066384972000378 2931.711086652578160283 2502.483448615455472464 2240.314608301704083715
1878.131049893928320671 2140.486015828196286748 1994.58432482189550683 1858.75140039988832541 1962.712027241866735494
1625.349888150710285117 1844.960586946569719657 2992.796903202187422721 2195.718155745722015126 2224.70915550885911216
2320.095086774282208353 2195.012315042246427765 3288.006008326787650731 2472.495610882743221737 2192.65311788563576556
2951.945300664382557443 2451.83729953205329366 3340.987483613209860778 2672.345585901685353747 2550.371099736259566271
2546.418701487923954119 2691.14803784097193784 2117.288895346962817712 2032.41780843679021018 2223.025279881392634707
2355.395455915242564515 1999.495265432994074217 2369.604673674483819923 2141.376544362369713781 1839.557846834552947257
1798.776618508290312093 2423.762751134604968684 2318.066936339044787019 2182.128960034914598509 2040.695438800091324083
2809.278617889309316524 2129.641140015411110653 2141.848279341321813263 2514.181129395806692628 2611.40444098408534046
2236.756579697118922923 1995.495682586591556174 2786.467906247578412149 NaN NaN
NaN NaN NaN NaN NaN
976.2747281995767707485 1058.254392901091932799 1226.412842675327283359 1044.678961694249665015 1205.44290433151832076
1447.014621392327171634 1018.365153869237246909 958.0320450969186367729 975.5565091112532627449 1341.866457997372890532
1186.702906711361720227 1166.386316999379914705 1534.458272457078464868 1754.877979529324193209 1723.29586547107669503
2306.293154603251423396 1588.268882410736068778 1308.025210944731270502 1475.448333711043687799 1395.250608329434953703
1109.496025493893284875 1536.80030370413669516 1751.359956716050191972 1258.220893620189372086 1683.681525691015849588
1354.743675193589524497 1258.445884426775364773 1071.450128307558088636 1639.985083952822833453 1637.371827274066390601
1641.297674321087242788 1682.676476045706749574 1845.758314289907048078 2096.56531315546726546 2296.315677825466991635
2169.826119687898881239 2339.084679757895628427 2789.342901821561554243 2161.303576350810089934 2250.872715900812181644
2176.935814056110302772 1849.398202841889542469 1850.19973375276549632 1992.606422771329334864 2217.219720784998116869
2694.72009605592211301 2028.478055499466336187 2230.525395849868800724 2536.451522661494436761 2415.913048242807690258
1567.563415713949325436 2363.043346048876628629 1923.125481841419059492 1986.005122717211179406 2113.538110137129024224
2118.085105554525398475 1863.802358361659344155 1886.648693137836062306 1933.600478037142238463 2243.254301123906770954
NaN NaN NaN NaN NaN
NaN NaN 1205.726173562783742454 1262.437268169988328737 1169.983716076520749994
1090.902257202325017715 1082.443374394887541712 1184.095470133828030157 1171.79587366751547961 1181.856556852890889786
1230.057194510336785243 1220.123835150839113339 1282.707960932111745933 1461.726393253126616401 1664.778477346330646469
1782.597183976237829484 1757.446197801574044206 1619.214484643975765721 1523.141368937187280608 1694.857479334262052362
1400.679378566206651158 1586.155145757508989846 1709.36204583312678551 1720.347083945778194902 1538.765639467633036475
1545.721913917909205338 1433.107901203208939478 1418.729265693111301516 1763.030740815253693654 1672.806295535501931226
1349.064301901200678913 1592.491839559439313234 1624.313133262588507932 1733.714969756035998216 1452.381532016250957895
1367.262630133185666637 1084.605521646001534464 1404.776615923119152285 1122.233865431859840101 893.4408037471839634236
1518.429611947294233687 1451.470705103359250643 997.5241268117882782462 1807.762264228918184017 1903.124920545559007223
1344.980359972596716034 1397.954529646451419467 1956.334949800340154979 2004.154567975775989908 1916.356657288984933984
1798.582061455125995053 1708.609502044984537861 2233.695753631302977738 1337.80021611809775095 1757.876110830852894651
2400.026938505487578368 1460.11538723360217773 1523.672187011408368562 2165.797490011314948788 1341.647678277992781659
NaN NaN NaN NaN NaN
NaN NaN 1611.524067469128794983 1994.50693887774787072 2069.146012383515426336
1654.428362821626024015 1454.4383856912909323 1566.128816280510818615 1564.694045427256924086 1575.758378121217674561
1385.619546865849542883 1929.784877354253012527 2197.216498031305945915 2056.831779807744624122 2505.096995864181280922
2284.228268674089122214 2283.530741277418201207 2888.681294253504802327 2851.93715419612453843 1979.299896440890279337
2730.097932016020422452 2107.753659843822788389 2617.63175953484233105 1839.445458359640042545 2150.558310432388680056
2353.04025734715469298 2382.915458668039718759 2203.369026886520259723 3100.933239924254849029 1861.73464917998353485
2911.935736047332284215 2810.245174650680837658 2445.235874155893725401 2635.160931764175074932 3000.182040578770283901
3187.633491468819556758 2636.062181175172099756 2390.142577605938186025 3100.979121126160862332 2909.324158798656753788
2500.104154187848962465 2931.184513801353205054 3017.976524621301905427 2591.182138147379646398 2688.881073666592783411
3016.239120867850942886 NaN NaN NaN NaN
NaN NaN NaN NaN NaN
NaN NaN NaN NaN NaN
NaN
