0.2465944611850492129701 0.4464160837487733402007 0.2052635684394971682387 0.4819921887838229390688 0.4508393851138138286316
0.2110142687464434396727 0.4364766644719049182299 0.4361088171028156268427 0.5157379128274048873948 0.5433687310420270977218
0.5019328961901786678723 0.3861672603552702143226 0.4445780876631767464247 0.2915868171769061545362 0.2212090957849273675784
0.5294598078209854508103 0.5210603574480571209548 0.508711154856238301214 0.5030155786051518918001 0.4128341675458298554169
0.5363833079098264677853 0.4670803034686391574937 0.4652032237807578463062 0.383849898498519304102 0.4958125377712961356913
0.4386895560739018096186 0.4947096556629815844452 0.3665777181733356759885 0.5135021975982207997902 0.4791040221850246250135
0.4359160429938017111695 0.4886867346212585561105 0.4750592561867011398569 0.4009717572246103700628 0.5095239986268117471369
0.4047158959066793348924 0.2885361611147480576101 0.3409447350973259238671 0.4210144012655281930968 0.497757543609958996722
0.3828964530571955515725 0.4685585463666567251906 0.5008103736203728395537 0.3478416954354453527465 0.4551738471116530959648
0.4095443172950039567581 0.5032199997806771074593 0.474803301537864208548 0.4416940497206011673192 0.4890775404738911813496
0.4587156183355068361784 0.4712738105144925748746 0.4442402389522187577953 0.3993727676286710215336 0.5080838790629635948193
0.4702946573226823301361 0.4222361713289495832591 0.4630009984168423353701 0.4298662102551260022487 0.4505959172460280437456
0.5203938546964383959903 0.4305873380240013981179 0.4120247836577721756157 0.4677223384115198334676 0.4656334708202794492315
0.4520761739887162455886 0.4350621084433488605647 0.4551136639575917852696 0.4586643207108518915938 0.4399802138068393819736
0.4125666559544173273011 0.4370024874100249534514 0.4339202736917142644302 0.4375271268124024115487 0.4912030775114630265499
0.506557922347940836616 0.4456683196297412941078 0.4815825596542179232173 0.4425783257781828461397 0.4801467281110579632397
0.4317407402814377737066 0.4358390645127345752741 0.4384950972359027976388 0.4201086804859311962801 0.4819069668157964780875
0.5101421452972151326932 0.4799922935906307808196 0.4334096495053406661313 0.4909027595525187748216 0.4497830026545078241362
0.4166118184199955054581 0.4847319888809840660038 0.4749032968908876717329 0.4664648737576497783408 0.4728998848402080623643
0.4395846757035017371429 0.442538733359442326698 0.4957795078191597482054 0.446799295266212426192 0.4788111730690445821956
0.4577703846092789907729 0.3998510588806970522668 0.4583560427088196331802 0.4526067574749162436554 0.3674488776085211294564
0.4884504292379943102276 0.480792197171929558408 0.4776065136851735393186 0.5173559770317083250646 0.440174578770834878938
0.4790458914893686026559 0.4867452227297198175116 0.4167074448342708570259 0.4763518045016206792219 0.5086296690349926263863
0.5019424330214384832871 0.493534698218080547516 0.4599722955890362952047 0.4639114637669033425205 0.4954366703727788312506
0.4067148628858385239759 0.4962036724480740068621 0.4305245191139706606442 0.4401422434683130435751 0.5182423110588465497983
0.4920303223673458403731 0.4505640444796649157766 0.4465190663145433003223 0.4280397926121584650794 0.4934874283866304556234
0.490955236024728403077 0.4864042343531491674469 0.4347136013981866553557 0.4733534405162002078882 0.4690408916309641296216
0.4629382178033624173352 0.4814711727113477057749 0.4955868374582561575181 0.459232208937277563976 0.4696734911763629782833
0.5080704802947982878791 0.4232009267440166588869 0.5013726555644371085663 0.3757729012268356538762 0.4865229362683592406746
0.4424307896008322638082 0.4679913609896025339374 0.4828559575535219527964 0.5096716158156489040465 0.480729321197811754196
0.4601421370359178864007 0.4449697952316181148724 0.465343722059000708402 0.4127549214461897486572 0.3869182389753857975734
0.4532774285539192815619 0.5192803815269012579492 0.4697399516177172551501 0.443651752940100285727 0.4678331363183641511405
0.4840971653353668413544 0.4567075350420366497417 0.4722718710513102990944 0.4320945130780247667168 0.4788782479393514646127
0.4781491969974480116257 0.4415763941905347933492 0.4680778207235127830188 0.4475917711401324883269 0.4176391804508283178698
0.4386086465157146285776 0.4656902312680417654889 0.4206397820612445270783 0.4372382854519045181085 0.4719965937150390478116
0.5030045207393394335327 0.4375456376032321736957 0.4883032117765839785761 0.5270991567606563288351 0.5074967235282366040394
0.4553294036646400311241 0.4757099586689339520973 0.4690833833017956089328 0.5101719362947816360787 0.4930680588404416919701
0.4344334741891425211158 0.4729357101855597989015 0.429744238237330045127 0.4645962058784482984208 0.4751563663044718333062
0.4440958504453927369049 0.4369482168252687981358 0.5281917619715549294668 0.3875542603672094132961 0.4793789927749551593728
0.4630421488056915557685 0.4540191655469876796936 0.4896888642505369260149 0.4786971282823305751108 0.4928193421759578529695
0.4916922058273799356343 0.4964811278921675841147 0.4687128523638635635429 0.4196199908562482372432 0.5000969036261606603944
0.4436814878280700424895 0.4710665279828452622901 0.4953060779184172424117 0.4741582307603763313253 0.4436644464456060421576
0.4243050275127209225445 0.4619742668629412407633 0.495574010751918925255 0.4529052070128488094447 0.455783146399534433435
0.4605113307407852629716 0.481339013066428456078 0.4910526797860820247266 0.4573335104004641604725 0.4322738069669604943357
0.5116236016934071484386 0.4836062567822854152411 0.4846878837630726466479 0.4618038438644582743819 0.4936927552720993261914
0.4737098268886417717916 0.4837609834377700201991 0.4759965822768780774332 0.460918979951973784015 0.4812691416335019845008
0.4563062918648506660624 0.4680053693130259429012 0.4905437444871785235279 0.4495963643504848894494 0.4769348901968929466122
0.4518069511962549689166 0.504312563028477156557 0.4401068709533418332747 0.4105566316335994558884 0.3785037361341198058895
0.4420835166126357296257 0.4789278783428826957724 0.463705086927803267205 0.459902833250418530131 0.4943055554079291424863
0.4450128459088386057019 0.4359146457582098177497 0.4963942672130731703639 0.4751436122844355791628 0.4853909926127832341614
0.4344615284272701494217 0.447330348552733181311 0.4753338122154837641631 0.4366933312511868114925 0.4655125714016780102966
0.4460002365541418933859 0.4670913239896869462164 0.4691041681252533512847 0.4806239870584955720112 0.4542103255077314938326
0.4630804728522444069228 0.4543490189711760773861 0.4294451340851769272078 0.4726121295243468356517 0.4577513639022947611323
0.4889906440136721488265 0.4892540715776552695537 0.4957940271306245372251 0.5121037640034314941673 0.4432684933276294647619
0.4914326055943582516328 0.4701623863016202164999 0.4594526212324697711509 0.4357390041452920415033 0.4264069458728307338014
0.4657910815532839143849 0.4525725587406004835067 0.4737857300962664552912 0.4863285021535730390241 0.4382580292304827374039
0.4689242515395833921232 0.4644882329170188506318 0.4602981829533358548723 0.4483167236243322251177 0.4549262997775609385087
0.470081607952196223188 0.4843332150750476738921 0.4311067269883167574207 0.4676507729874919139235 0.4541723152693665221946
0.4756747815296668013829 0.418977210073015915448 0.42534713442782223769 0.4753013005703977111871 0.4492798727771494249339
0.4609072672933159364739 0.4595254535147860752708 0.4916262822069487614662 0.5034461265365535176386 0.4242678627835753113473
0.4216031616646039315022 0.4659837834752424967633 0.4761606031953483086916 0.485959299229867025538 0.4197800657200603802188
0.4681008652369227918122 0.4853490745093300140489 0.4572057081792688104649 0.4611911584299244748486 0.4346353834335592303262
0.4807855663456881423201 0.4385455985122370115015 0.4621762663567881013194 0.4660420565429904682375 0.445379249914715169556
0.4926998724877111324183 0.4568346196320716701145 0.4512164837438989994922 0.4571418828477501472562 0.4571726282268144259113
0.4233430722890861863661 0.4588721762071125143123 0.4852710018156449200966 0.4750620715153466289138 0.4882848476746983745755
0.4751177169221742491168 0.4826706889420228074883 0.4811374877028167795778 0.4520977604257204185423 0.4468820239101615188204
0.4986907585271264653493 0.4858939090090885204454 0.4553085138436807621787 0.4387009657451089728042 0.4720362952141742285406
0.4415993883003152542521 0.4705398615196229594737 0.4312576487279788373108 0.4744425399659780162587 0.4241272901665166794594
0.4643469132499432605599 0.4758901661814254890892 0.4435374446498190348365 0.4763543006546839264637 0.4600419254347772879399
0.4126672585213645993996 0.4337932894130059890969 0.4602023098189701455496 0.4476156419718414491982 0.4711514125006692754738
0.5008950703588244124376 0.4665935469489193021531 0.4713068868211769957277 0.4353706906395327091985 0.4801772038935745445798
0.4226801199046163470818 0.4311023195003985120088 0.4187680244238917715016 0.4749360403776314853985 0.4770249469736078107296
0.4662716381376523777647 0.5012812995784085012829 0.399036609586052748444 0.4380223265204797322703 0.4643894693821896124675
0.4145192071177844495011 0.4245388215212068105942 0.4618925982617813064124 0.4613667000148082841804 0.4397814356938046231882
0.4445993783838326218749 0.4565705755930446474444 0.4657277860226052279558 0.4913099092009811097448 0.4284241214417598975217
0.4407562741698464181539 0.4915503367949149438054 0.4629170505055559270424 0.4611645294739518119442 0.4392607978819927372349
0.4729412908148404870445 0.4404695644105618423936 0.4898674739910943709553 0.464506815761396518738 0.4466938395677504947123
0.4914473642086658600192 0.4213404105381325370772 0.4533223753711824732804 0.472047537615788437293 0.4981972707195702065874
0.4525526400914101077255 0.468930371419227554064 0.4612863044978512405692 0.4495877618256130525687 0.4647070372601245225042
0.4539185138352855863886 0.4723487382593878902703 0.433376091753128467321 0.3914476236439332623718 0.456357348177549360102
0.4332379948399627811462 0.4513700790655911232463 0.4888131408200498961847 0.4547873440708469772176 0.4347288331438070585477
0.4328792065427947699519 0.4717926317243192890771 0.4437203506148733600511 0.4484109755071339353805 0.4503076346991902734196
0.4706195679379103213869 0.4341997227521234292702 0.4847997994083972361778 0.4957791723084004065214 0.4692029332227405369338
0.4667030575120165725167 0.4752056625916339926974 0.4829554759210050729479 0.4241400990218388011854 0.4826107123199900317267
0.4689240295176557160595 0.4656902127257754875345 0.4613115167902769320207 0.4815645867574166461011 0.4366465447112175546351
0.4561729789466950624188 0.4721861051040368573162 0.4706853319484026743069 0.4784937021850598215522 0.4214048722683986780702
0.4767256407525819472681 0.4472837249053643882135 0.4678748739905882469969 0.4931252525008926190786 0.4584455869686514528638
0.4685845975334457791384 0.4524896781030813275315 0.4835926719211206536997 0.4607555528576117720441 0.4456600940921843223563
0.4546862362682377867173 0.4434834071889989792759 0.4502190018499331869428 0.4523382825997264711226 0.4758919810580602982597
0.4767471464772359834861 0.4645320820852003040891 0.4562782607463126693936 0.4461972144201540868558 0.438137973128250868271
0.4794506851860962926004 0.4229999704166989005216 0.4281623320032781898625 0.4373277632904606915254 0.4524587219776765589785
0.4286085706171691711575 0.4815388152959980683221 0.4749106297302623791445 0.4360000696787683094335 0.4266950634260081032245
0.469806809713288753283 0.4596311251253871743572 0.4402925420352236662858 0.4239662933992105475767 0.4475980971695848187331
0.4319725806563604053601 0.4751479941998937861491 0.4376861598816251808231 0.4736496141394063719154 0.4699140274159235297624
0.4392997679293592083738 0.4738351343792908676456 0.4475067574772793599358 0.4528984290256278244513 0.4354337862287430138686
0.4333741412837257556134 0.4668921020176368674726 0.4512161913486130715434 0.4525369490307099562543 0.4412792951694362586501
0.4420116925335824675791 0.4319436762772301263702 0.4257500957727337054237 0.4467879614347006755892 0.4929642032327188339025
0.4499236813524736811054 0.4600163681830051753963 0.4670269557842288699057 0.4357260803718455144384 0.454804795962264973852
0.4275181344006608874508 0.4474263779145224440015 0.4567924737949621283306 0.4767940284020911745344 0.470657024478949248536
0.4434299427204662080726 0.4497982491253630921157 0.4516568750609454285794 0.427976706251216421073 0.4665822861328115522817
0.455686249223210215753 0.4314270706168988889218 0.4332883328947444989687 0.4608777242232243720466 0.4588668134340895266021
0.4362593728917973923132 0.446417220635732303613 0.4744052841852308688431 0.4556774583165340009039 0.4686277430076865591069
0.4456124326538828950284 0.4728729426661172352553 0.4620257600071031034439 0.4288620894710677977635 0.4413993990165941960768
0.4587042246161934233584 0.4643763973800534294867 0.4271287701145791704249 0.4612753874312666146906 0.4414150529909366960091
0.4419094468972504241577 0.4539857440182426540076 0.4520526793170039914216 0.4474657261165247978951 0.4255027004515936073226
0.449201888198418997078 0.4387957035673130112841 0.4460984647715002804347 0.4512692149824226728327 0.4345934322500589197524
0.4544339321018630029059 0.439422897880369422996 0.4949658252877662811819 0.4774265220051628899611 0.4218036425017950286076
0.4425684933449762770152 0.4331183681561803222593 0.4714094277360542095678 0.4425878720943935973331 0.4392195896444275327042
0.4855374974876515703492 0.4422787337623840242529 0.46168268770550702218 0.4638659640404340089859 0.4456528374359713939867
0.4661733463711063563117 0.4557444923525084679028 0.4690166712826311923301 0.4664052616869023837332 0.4632635423801900187435
0.4361922161131249753296 0.4389300653301565491304 0.4596306470929809040449 0.4396348090594786039986 0.4689697549693466749332
0.4572177506652409517685 0.4664212025462161070877 0.4777881185709685896157 0.4726635042616801896109 0.4582175449304581871246
0.4512452368318329853913 0.4386812338291828372583 0.4423712023758418765418 0.4570153819432561381753 0.4886498527358890675565
0.4546430696242595992373 0.4422039760510581007935 0.4392531013792009830787 0.4573769070613225018462 0.4575551080070285325796
0.4540989822619672655613 0.4552208012832432704187 0.4221454911471476112439 0.4640652597404416601634 0.4283811087206729761867
0.4647023762065058405391 0.4490083294134106783879 0.4559246103263806526584 0.4452329896279502707834 0.4308817554068286592717
0.4372602375286911424723 0.4795177293300414422816 0.4660607090387788864483 0.4642582232346759707475 0.4272988068635184544242
0.4869052823905427596074 0.4584442444382688663929 0.4711638134793861842908 0.4507237217758247038724 0.428459016239201517795
0.4564695036047784482136 0.4582096295986362033403 0.4515058500443392408563 0.4334850128121928714009 0.4252314799289971802843
0.4837432206585532967758 0.4778105301750947275785 0.4385734983827451749505 0.4798318581843473151771 0.4326394483630764953297
0.4831975989510739477595 0.4698595864588937520701 0.4762685722051364090035 0.4565756192761952214632 0.4429330369401826006381
0.487385965912940755107 0.4624822714658714528646 0.4552686363766287325205 0.450406429313898515332 0.4488381956077412970885
0.4337127221500498008844 0.4451359360411361598686 0.4227514824575254737127 0.4517328156612894218824 0.447268354232320364261
0.4542580231629957943085 0.4589376474157051410963 0.4729477999040920255247 0.4591305166945539029122 0.4463304812114873287854
0.429751734040630550826 0.4681492843556762650792 0.4362553100679790740735 0.4679170128784784776776 0.4655333914828839736444
0.4288478346061176949 0.4414113382674816898898 0.4303603014546779070848 0.4546920186610631797741 0.4387421765853438127003
0.4609327247588166365233 0.4514816794905498475998 0.4890145676071740998836 0.4766311206970109681791 0.4693951429606111891424
0.4485029998121871086525 0.4367776109553133667696 0.4553283608497347700883 0.4750890070518373753394 0.4785134723824032709771
0.4396687627362371730833 0.4557198004810921743157 0.4487366765469620322193 0.4633803318557918049514 0.4486406652247778570342
0.4126709267833200689424 0.4760363723924611600857 0.4184828626507402504764 0.4489412517698244120545 0.4489436636346476605652
0.4636204875143949966088 0.4595576927065908590109 0.465659529329192689584 0.4491526706825880177476 0.4718070510185839450124
0.4394458180332645458321 0.4711873889267694237581 0.4575823249065245068579 0.4575029547869192692033 0.4890301165612557787732
0.4421340541121081546549 0.4547509579855444905583 0.4592988249909759068679 0.4207054334544337859114 0.4261786199135892405643
0.4550134304176600696934 0.4533384595673100592172 0.4597025252138773887545 0.4646106255808496454662 0.4496643836294795804065
0.4661217468978992584105 0.4664165057823980164997 0.4284621027231670931101 0.4815000100225463874892 0.4853525479982616075425
0.4611487708682050490339 0.3738613801144834436485 0.4611400084492127127156 0.4337194737478198280911 0.4477666305194172302606
0.4514086705003888533305 0.441680825564687795648 0.452055366502882471913 0.4008565978716502331558 0.4426430897237682571266
0.4195925423346508753575 0.4300093041062745813363 0.4461646485957915797549 0.4565058963529820545979 -0.1617786046719696113616
0.5525027640582286236892 0.336470964944670603014 0.4809766053190559498276 0.3923269966327502245029 0.5067780884495263205025
0.3476071507696887885608 0.5049222088140851161242 0.400668279935008198045 0.4972659177854995005141 0.3418778201689208762204
0.4598735713192647622805 0.4124554487286193338313 0.3757522935633265115385 0.48410663014869470544 0.4637880628684366568493
0.4289843416183082291937 0.3688696435743430424026 0.4256403755299441038495 0.4323407487444391739118 0.5376133762134086557793
0.4495690165833663987094 0.4883970876407832673038 0.3050533679111627760605 0.5014135798537101562644 0.4274588093133167010507
0.532557681019335205086 0.5096386892144491032042 0.3564384353327481047558 0.3038097248916385995088 0.5009781330019879019844
0.5064618820526284315164 0.5504264167598101886725 0.4985121267793863886197 0.4930803147872299674326 0.5273261538639447687515
0.4395961563896915724747 0.4547916136056532332432 0.4892821218554209705687 0.4866249592095255316337 0.3700555762650634683553
0.4896071065278814749 0.4536482613626286464203 0.4320010228244398065023 0.4992863402723630716906 0.4939865533093368843431
0.4983025155031927111438 0.485157963961779459261 0.4755618292791446433121 0.5029798452703786448836 0.4383420524172269572283
0.4585783610445100522135 0.4994609852248204640013 0.4577783243580323402355 0.4714016828521708224464 0.4509773904015857426408
0.4850918031422116194484 0.3699777056298021449265 0.409432780314999300586 0.407816543856017177383 0.4323234472394808514117
0.5113829853220105414735 0.4240628121616182855114 0.5043714964769763220431 0.4593577874816895945109 0.4767646676493295654353
0.4446147740170569018225 0.451860164266640940145 0.5116390464603252086206 0.5066761822138899917789 0.3786281637355702334169
0.4342972865287321182493 0.4450060307144042548444 0.4845698391530092741242 0.3990158237416319142454 0.4245175881728426303674
0.4019389841817994080131 0.4508087446663327502172 0.4883100584382100151082 0.4944990020393984497815 0.4455353810818382664927
0.4839890221575233741902 0.4623032238490366041539 0.4995519216852519761574 0.4565042902614556141749 0.4934317329742303748219
0.4537699111357333392469 0.457723522240188362975 0.410716288893169023666 0.3936015252391754648542 0.4445740709387178690726
0.5097917008462292676185 0.4054208992591857851906 0.4853426053609721790849 0.4360342070729699148757 0.5148280675567639130819
0.3403774070816051322552 0.4815290129801998442183 0.4735098861872621966995 0.4566533210730822633927 0.4890913864333255589578
0.4969446601391280804449 0.4632114983569189381463 0.4759944365722718617739 0.4535540674105346115041 0.5171198492852204786629
0.5401853367706832553807 0.3926290014840818631825 0.4900522112353195014478 0.4654172656284789044712 0.4565216985079949552073
0.466697595639808060497 0.4602746124622024148643 0.4317586586518216140718 0.5047693673209360243348 0.4330745565133665708757
0.458724745057854932373 0.4712853086810352420954 0.4244998541424522264798 0.4099286952385102211771 0.489295464370297528145
0.5069498656133829550541 0.4296035198591662274126 0.4383993419887669551471 0.5150574524816059485133 0.4680703762649740529156
0.4461436891339105037524 0.4351082379295598823177 0.4549245025987035950799 0.4841809167614886666442 0.4130289643113814190833
0.4941002126739537092526 0.4407663571563796289787 0.4354299180338062624784 0.4733016844578740167648 0.4239458795436872318163
0.4736252974694689088508 0.4483996865138490384162 0.4766529686420961087201 0.4708424480004605450212 0.4440833654218474535469
0.4616815339131805084882 0.4827892465225148144192 0.4662374263225988468839 0.4785805846616116299153 0.4242596636572754098538
0.4859112769461108038982 0.4796174198243178810053 0.4492785794835480461806 0.443319793278129592462 0.4814012853393430657611
0.462969383043504434383 0.4920783619788697826891 0.3864260622315192628129 0.4682775015861675438344 0.4977406707461684565175
0.4983490244640748634275 0.4854589455335530656654 0.4521631711766512795592 0.4869634044560896546372 0.4725280488124561362184
0.4731479028965080435576 0.4996231457830741518045 0.4562983439525294948602 0.4366211865385756785152 0.5095373503237983214831
0.4086665045640791027459 0.4272077228582757957298 0.4578341176566577130913 0.4940595360623823983914 0.4170179388284552257637
0.4767300077988101958404 0.4398196175021755194301 0.485172949491737282024 0.4807960442031168346588 0.5083749593457994597756
0.4714352773980754474081 0.4197853423699389741053 0.4874763075852919791409 0.4402679589961028261413 0.4593333335342781320598
0.4739006917600488977271 0.4802370353208714193194 0.4533007099547071150347 0.4441493323731885434213 0.4849136283016710624594
0.4780626567326626830123 0.3979485927067672457191 0.4755849312778556159387 0.4737148790956600685753 0.4753456864949884841387
0.4737812777927327134719 0.4675612215678139893527 0.481538105927618254043 0.4066488674734863861815 0.4615641064569184770505
0.4538296231738073727158 0.4469607447920200260505 0.4752410456421014561812 0.5183609320791088270752 0.4784642305606240930693
0.4556338781670300486226 0.4989854888146931788384 0.5108669855567501416616 0.4265275910819771865157 0.4881225207112575015245
0.4779150554171480158594 0.4714865055183964925867 0.4666919112635096733577 0.4840687172293687279279 0.4490996624113606228157
0.4281528821024533359996 0.3740503275948608985502 0.482777061072643565165 0.4332356404848379249906 0.4671832558619085640217
0.4561406895224472957118 0.442995338335443356037 0.4561697481535528231333 0.4159686028528458701103 0.4812609404880748287248
0.4473367671252100885582 0.4555521399149223826797 0.4770212397374464785571 0.5005481099616703177801 0.4086116005892049263259
0.4374461294679951595121 0.4813779523757052425381 0.4584712961827528965308 0.4680620414886599855997 0.44083271407851071233
0.4699343302643559372456 0.4848319746474016311844 0.4785576117418959274374 0.4489968202664728624818 0.4585112744849531019042
0.4626818158414827686364 0.4846668913993459337775 0.4814715766647135741785 0.4436605076204882536217 0.5104199687603127033597
0.4378880277232008455535 0.4611099198078901784115 0.4781505170227833279029 0.4735199564977451980319 0.5133050414892005308687
0.4734908644064474425583 0.4769527104221275015661 0.4302401062408334753151 0.4815858186311997024553 0.4420555070844837119992
0.4580165214277691632105 0.467045901365200077926 0.480974576988341229189 0.4376842166992900295952 0.4423664825213275975102
0.4830974151233996538579 0.4823619539279289103462 0.4358466147173805649295 0.4725077242779835984265 0.5023245693902078645721
0.4660477517186297213847 0.4898235055140459648371 0.4303642162700245243911 0.5007069701126372063271 0.4793038994255909845954
0.4307283523490079146789 0.4471408820915552251307 0.4540889006434493668785 0.4649688634628226791001 0.420697392980386553063
0.4607090446561903918088 0.4740260936922323642406 0.4063581859144058117117 0.4334058737812779837917 0.4540433893872840021011
0.4337439057009725429381 0.4658738735205616987578 0.4777731625994606212693 0.4435027060481764871192 0.4767101549210147615199
0.437732868662930652004 0.5105147417350995864282 0.3828383887400657603628 0.4641955291452052878576 0.4278336004562250938221
0.4685880895059033046657 0.4563263911074644796351 0.4403140216773472337408 0.4295877617620939004084 0.4443092118355219111159
0.4655124182685279610183 0.4479032905195905467366 0.4410826734216355404783 0.3772892423886206048067 0.4212787387600050448277
0.4207629374693518942152 0.4672087528518655275001 0.4931530784741557926765 0.5156581401182475099532 0.4677715871140647463378
0.4559261569246988998749 0.449300226510180866768 0.4723236617717343488465 0.4331777743190223795011 0.4902586851141726431713
0.4654754615993298427767 0.4572347530364450074458 0.4811579298926882963805 0.463880598323334669697 0.4922731297357672008985
0.4788583621240647958395 0.4692914512960028039501 0.495934851094032846941 0.4617259474467168001155 0.4645442839389612443846
0.4634482525316558354511 0.4539525186750445473471 0.4273757267441582463618 0.452982084121798134202 0.4738257958973782213441
0.4481728918003684003502 0.4450112106350607721339 0.4335016838675219696952 0.4842479585928849972198 0.4479716115784363461572
0.4796512609279574568255 0.4542594231632792745046 0.4595492599810079847877 0.4481365876625672539646 0.4531456909884263861699
0.4369584203307363412527 0.4324330773177063602652 0.4646997126674193290263 0.4503769912079380044467 0.4376313263639393102977
0.4608591160447000345535 0.4701897655609830750656 0.4268519508725871491883 0.4726648963346439247246 0.4001242281165857672676
0.470237850741989815706 0.4515210448829802825088 0.4759280618853052868822 0.4779805745221376023224 0.4919680363130436995256
0.4945186567880685002407 0.4651589652489143134062 0.4454757654255105947527 0.4742171528458326013045 0.4637353528528988522162
0.4507079963551242074438 0.4711146980860438926442 0.4213231560894529215133 0.4595536398780679099296 0.4655192153111982200642
0.4814783912623172845713 0.4483414875084588691045 0.4160121489653107462736 0.4635839491144665980293 0.453443345367677053126
0.4712295745662145596278 0.4538092465215153858971 0.4438402154909739105726 0.4380105285166701056809 0.4735493725230793260472
0.5106739864971363562773 0.4533935439169325953834 0.4961860267154344361629 0.462979369235529347737 0.4463099796451081568982
0.4573345112477312235377 0.4541417287664967772365 0.4297038138562962461542 0.457801891780181324787 0.4443648320078621427598
0.4897714443343603174519 0.4338232380282968647656 0.4502967638011814432986 0.4821046489605618212693 0.4660978318940107167911
0.4336316899529152335546 0.4914761853737981134316 0.4500509322458516869858 0.4482196857766739261919 0.4765151340679597558037
0.4930229888763765222492 0.4382788150448003738902 0.4297157587148286439493 0.4455110153751842827496 0.4365599166024979882472
0.4750754916939761707262 0.4734923552537976254584 0.4708798302045055783616 0.3931558685170633560269 0.449454397973849062442
0.463249863429984809482 0.4512871872375773807384 0.4596804367224508469647 0.47104501901353573734 0.4162357731627486789883
0.4661901916561856373811 0.4275740022833948161818 0.4622834049603710693255 0.4314171145988569544549 0.4750838955185947010129
0.4784110152476269139932 0.4193306923247473450012 0.4524513230617741577078 0.4494657303735647424503 0.4588986830872907596302
0.4781919268770530861978 0.436147956137096670659 0.4526697787757977264889 0.4478798943216637518105 0.4641983369731358943788
0.4673570388616705151286 0.439405323398142755309 0.461651893928682943713 0.4708735552433640503267 0.4795088076967176649035
0.4526573457317892845708 0.4565479599636333984947 0.4769044320691905869403 0.4600183224569886486499 0.4415960511416938127915
0.4555913516587127287671 0.4417545614142701637661 0.4618290347025868491926 0.443295108361965228827 0.4339795001899999227213
0.4375183651596163403319 0.4578415196301297562798 0.4274565534164496138914 0.4620632606096559680253 0.5004466283117736669084
0.4836628176303783832601 0.4769312971345898710673 0.4769145328165110275798 0.4342258762887626355464 0.4268850570590420057115
0.4459030663231109969935 0.447336161516228847379 0.4664749596947524445945 0.4332984059939136156636 0.424504635011609232631
0.4392953738713897271495 0.4644095578636769361403 0.4607138818640889033063 0.5016719996587021279666 0.4486206658983117323558
0.4233347849697533527014 0.4747533956256225207149 0.4983267224903275005587 0.4565916827488937790314 0.4418460008357659729583
0.429749525767212592342 0.4666779368023635243823 0.4571595567409659222058 0.4677812381594880219993 0.4780382188363328510583
0.4174103954727479415254 0.4554672977414248591366 0.4316611758476425753095 0.4531015208370699487439 0.4758442155404943862962
0.4661875481672393961574 0.4476542784067991664898 0.4902140153993934656995 0.4581668376601516490254 0.4621005046434928931198
0.4389440375594425014505 0.4661015034298409132063 0.4472077463281571296783 0.477285641312128305902 0.4511613002074516542983
0.4365798721882366839608 0.4725662066971307306851 0.4401655832171381677043 0.4229800505509950236949 0.4634904055894585872544
0.4376523866750655078484 0.453047086332341086834 0.4777541791959465933282 0.4541899121887338908188 0.4642656916280430978716
0.4629989688758168742133 0.4253363973031360489863 0.4383324512393862448789 0.4598966480997433992073 0.4593594151571290251646
0.460964362920864900719 0.4928872153042990200689 0.4549433118046304347359 0.3788328969272732327234 0.4633502576602948064277
0.4434706290120495331131 0.4358472448738103799393 0.4401213162147986079908 0.4302079483740833820704 0.4444210793924821545353
0.4993332192164261496004 0.4642356474737406868414 0.4791023496011274640516 0.4639367458709976466125 0.4432565619476186991044
0.4492367159938638332406 0.4455994164141221514086 0.4277756811781291967911 0.4692323029674395074018 0.4345075277707787231307
0.455497217754578298532 0.411361193227264554384 0.4576881678292718524936 0.4458769759508629526579 0.491867291157825736736
0.4713955778078861569291 0.4566743039393346692556 0.4657693868070375553536 0.4508805519352391266708 0.4618568282550856163304
0.4886714958844518008618 0.4439123584610906170234 0.4753295618349847595496 0.4684030294442362851726 0.4466616689683370333697
0.4343951351972538121871 0.4985270942417169282024 0.4631521830900411917931 0.4326558998258028254646 0.4457143081833682130011
0.4480609244481079667111 0.4382556447642222408057 0.4810132862622228944183 0.4587088180804975157123 0.450421516517486741904
0.5017964467593578614668 0.4450669057686013063702 0.4703579120517679679203 0.4455278095866233023514 0.4439649658322422087764
0.4921530664487796524753 0.4881869113815587302163 0.4568402268896292750533 0.4691784031161902457363 0.4828202494546193768166
0.4230395424239628554552 0.4532562779703006583532 0.4530187325309182888589 0.4505207061112558308835 0.4475903872199026301004
0.4266341837187159202749 0.435900797269442807913 0.4264256924839936457872 0.459605052498274435635 0.4304847044072542816551
0.4324079198557618242127 0.4621249563371141455548 0.4301534624540562790074 0.4228149637414499451005 0.4233220796543127328881
0.4159387865746895784902 0.46906051096716705473 0.4728222525789209651492 0.466933034087517018218 0.4789382495188839183875
0.475265127094845196698 0.4337349569415792638338 0.4814884087653517052985 0.4605694934243081961611 0.4274028925568967296478
0.4505649801378671659435 0.3986836430036359013585 0.4467990089038808565469 0.4607769504042752428674 0.4663462261811953113444
0.4600797407881823675169 0.4835240408401084155621 0.4285838317806215380656 0.4510862670830700360547 0.4657583879124022607776
0.4437419374729142940161 0.4813865906671545014106 0.4552554602950241169346 0.4512896068364902202319 0.4494093449046479005204
0.452947553259155533123 0.4697830752556337863268 0.4664242409585463988719 0.4571502555093759356808 0.4784020854215325080361
0.4815165757530700529898 0.4330484006014431730414 0.4611210454542774006548 0.4078174926365927266403 0.4776601476075680308142
0.4384956151420088543702 0.4691856482207014678032 0.441287140065520722132 0.4668342681121826487356 0.4490224659840476584272
0.4684996038068301449364 0.4257331708959314897633 0.4534349424075058143657 0.436532348138638615076 0.4559464007615398606355
0.4663308941810225816127 0.4610555008629040329993 0.4759591667367961131951 0.3872307745260183953206 0.4154922535990739351774
0.4679600471836061759134 0.4521070618771689253457 0.4328854478694081353574 0.4390840613394687008686 0.4680167088664449193125
0.4110562910040118644872 0.4443732820961364682333 0.4533989434717334288116 0.4544466582040750934901 0.4082523707111526678482
0.4805378024915826773444 0.4380339730836830258731 0.4579552003870200338476 0.4525799201568719287714 0.4375887222129190567976
0.4330518320820382904834 0.4568478285206050149014 0.4636155500122958184051 0.4581390953680749555943 0.4230348656172279175891
0.4314429845842970845382 0.4387979053608474511172 0.4701627097691690737591 0.4327676907684768758955 0.4515645163122898320118
0.4507723392184045385633 0.4561320349059576062523 0.4409757301303958709759 0.4708660896855632049807 0.4290583879381519305518
0.4605783596501317744831 0.4544540700648938558182 0.4261022808884900037185 0.4643886474351979765096 0.4540467760263725005565
0.4468419352416201917322 0.4757660348546965956018 0.4557121500820581205815 0.4607212434235055664722 0.446030279896399206585
0.4462989645371502889226 0.4513450345654922424288 0.4574038629144411283178 0.4524995286312134545881 0.4693411898796826520197
0.4610767105459296355541 0.4685257567889357099844 0.4405611253155394813064 0.4453043816148857247939 0.4313464442902233408894
0.4181125525206746962326 0.4473777293977526658963 0.4410029771387197206067 0.4596621015084834116493 0.4503186107263354998054
0.4461407215380832624874 0.4266672071067091343011 0.4639228796754295003346 0.4330249249400626720963 0.4532120489296047605166
0.4479341078164559286634 0.4532063127405763780509 0.4540554973539693839335 0.4390614416931866159644 0.4661787902457952825763
0.4551418502592788906114 0.4241324725340012702368 0.4388534189788215189587 0.4336564702246786806583 0.4293704249437061970518
0.4728030442463172500211 0.4628607166189777077925 0.4252006423043731553335 0.4517298108572805892535 0.4454422868219503617304
0.4364212288768369307768 0.4410838577333413557113 0.4694051539749877766106 0.4906457716654175071902 -0.1672093944468454884689
0.5041654113126349257001 0.3957965643463591254303 0.4108230251696962653796 0.1337148390055440116964 0.5148631961055774031166
0.5107030178413449750252 0.4882599135911706578206 0.4905091437656447506122 0.4854126115831316479188 0.4592366665324567054363
0.04101020757239454833654 0.3753967445253149626261 0.5263627677120484849027 0.4952664855446769487379 0.5399715367759214679211
0.5260932662224471201284 0.4737875056707530618816 0.4086004050252418640099 0.472134280355772983917 0.5194303568535222348501
0.4080478965654480982828 0.5259589421175727697033 0.4436947750057975703442 0.4791011432296449212842 0.5047997174374281303955
0.4183789722969559754517 0.4535248016405729609701 0.4369028918283794915567 0.4536413361642581132394 0.4633882820377320244098
0.4674308396381151586851 0.3673127648542489631645 0.2884290757262301108099 0.4158175840581474491664 0.4197960320292283276089
0.4083785783216033471454 0.4189141395895794039994 0.4069209593589316331652 0.4574060153603621836638 0.49867461940784413299
0.4955075916809044134226 0.4368409335790415792822 0.4442216981763388861104 0.4437682781289750688636 0.4337714128852958594962
0.3509311798138968208072 0.5020946625308329025472 0.3513638717861659599428 0.3987309137120739754856 0.4943978408886174902293
0.4038788966338859864891 0.3631493220573938085494 0.5350860295197631399944 0.473920818553727973832 0.518130147641402749592
0.3986133458349471192506 0.442777477069158154066 0.4199103463043565853674 0.4612706096117926701794 0.4971522582417902125229
0.407950775708293578159 0.4992082918404132096946 0.4733421630584371264661 0.4769046476468082329525 0.4420955259380128232749
0.4914757879529252360129 0.4853197723856286227573 0.4218567571460639098468 0.4585361969411990701317 0.4535673026522586970266
0.4482088689073523979367 0.4717867264891731360343 0.4356673285359236036385 0.4896808978442826476574 0.4916256241635409973689
0.4258866567321485940845 0.4631646559995439282886 0.487149513768297681704 0.3986000855610533633033 0.5022281642000362422706
0.4946322689918913328988 0.4054375173398293008553 0.5141811943205188972783 0.4859066423007307733428 0.4130039780413942707149
0.4460041903780701533222 0.4427317830643073826025 0.5082340614840714643208 0.4346267327007694580843 0.4289426103457296135524
0.5127271590532848088984 0.5010614922829790263137 0.4851059878148105131146 0.443375733832684748581 0.492863319445432657151
0.3288350221344771284748 0.4759413049246631333133 0.4600354661869781591754 0.4872111037553089607499 0.5078851348591657544063
0.4699922828001233399142 0.4448185843357470581338 0.4734666534425179262868 0.3918230292815534365758 0.4462432178468066501509
0.5099593103796323800836 0.4714749333443440382219 0.4340078651745226667735 0.4526577577494005355518 0.4443124605803270843474
0.4558681761553290412436 0.4584415519412010642242 0.4661301292825926756436 0.4523442047163337420557 0.4576150754492046557331
0.5014983046990396653442 0.4734233816787400961346 0.4348699061980986213527 0.4385817107814825033252 0.442510657459378620171
0.5104946495745261714205 0.475483313798834072994 0.5144880635603114038545 0.4731209750088145038482 0.4610470488762442031749
0.4483976281795350460335 0.4635431067602701071806 0.482926812318106080113 0.4644817648379963026528 0.3715732156687550635787
0.5058326202417356975971 0.4256339274044810272457 0.4981065504360411289042 0.3924604088892533759747 0.4686297553128832005243
0.4569729008220113630756 0.45649062634684450801 0.44254829706220027985 0.4429267625668290020435 0.4539803920616792276554
0.4527528357483290299967 0.4622838776773073310444 0.4159643599545269077034 0.4784741994377723628418 0.4026131316307790530828
0.4885599418937315308042 0.4611755286589351854332 0.4415961949498342642428 0.4812728973917200780974 0.4851081821639015578818
0.4620018665164778992605 0.4944707392095495923634 0.4850780447734812095284 0.4556715665589916031131 0.458211017289232691585
0.4412456972094551677088 0.4749563407108565171733 0.4949582893888254120363 0.475997903798170696188 0.4870289032504397930268
0.4933903704329980488552 0.4421731318251540532316 0.4835349024597351830224 0.4968434698804402582795 0.4752604423873537098366
0.4752403698122524833281 0.406307784899858803751 0.4094661954553550087255 0.4714481235629028876843 0.4373585927661031713676
0.4822557051712278441968 0.482699770699837105159 0.4517263053645056980479 0.4381962755537431308817 0.4813429188818885151591
0.4742833965234356519147 0.444781577954492413074 0.4807995987422422068391 0.4889951316642832668258 0.454958318749153600713
0.4590909600906100118678 0.4600253366038133950866 0.4436385790626509728618 0.4875165062710276053792 0.4539714809747741885992
0.4764552822467817416729 0.4794315253614575000896 0.4376555148935183936487 0.4718943077385799877987 0.4873013995919255880729
0.4755245477818403898596 0.4471753360523357256895 0.4605101981012532652571 0.457021970636762642215 0.4741144622175232359318
0.5078812082935904026471 0.448980982848881771119 0.4534098252363304437651 0.4217213759149709417784 0.4514361333968896494717
0.4564221832353095864576 0.4544071300508219501957 0.4941179272902289087988 0.4715772194633838232392 0.5145070795652297857004
0.4922813323335022972493 0.4958174504365050472288 0.4474800828827290577472 0.4684048730771572244258 0.4685433078807866302817
0.4616573418189655053645 0.4638439654083337249091 0.4565906300836986009273 0.4696278315954048876435 0.4499951786195028891058
0.4464953679380780360297 0.4528784891043925453502 0.4684805939269653940471 0.4487878898445819553231 0.4247321551935910877162
0.4602285943717392413532 0.4464389808458824604465 0.5256389703877342167715 0.4568949115177991515679 0.5025425556139140326195
0.4850079678169644803454 0.4654167624189042840044 0.4981380486624106818105 0.4641150927211762367008 0.3953987649793305192425
0.4499177694088449808163 0.4956132850702106296126 0.4349518952484414668902 0.4313217074020903596399 0.4401920015519836248963
0.4349925544189031101361 0.4756548609833860519203 0.5101136535913718406121 0.4627505658344386318959 0.4456268211034616344435
0.4283021363545404525119 0.4828311682436653984318 0.4738639388098926374937 0.455202871255530383543 0.421882105327219647517
0.4432641794374786448074 0.4523820910365018987953 0.4737494686017237888187 0.4706934322766213596445 0.4953448196371766365509
0.4519227903736536822166 0.516020555850381201779 0.4748754101221945300715 0.4761683248228321674311 0.4583527292884657100558
0.4787234471674252644924 0.4233323406886896345114 0.4311194196654424271031 0.449334145746263680099 0.4355005297755853987951
0.468249375656030086823 0.4045308118456446000444 0.4666251398741069755793 0.4568220838400675054558 0.4540491592770313222793
0.4852537359630914037822 0.4308483635609223205698 0.4805192184867618232502 0.495114976294179831573 0.4595489578045536815942
0.4715405275852477817722 0.4822907898698165496398 0.4753280390588607295932 0.4412108241787083273699 0.4839432459414076959092
0.4363520621342869554304 0.4549298236416034479923 0.4891505865178407685967 0.4608445566495862899536 0.4463774216592245047686
0.4832582584329006003543 0.4662499122359811121186 0.4507569082098187296381 0.4871649497003665563177 0.4358360211375441051196
0.4772308230994277700177 0.4578530988860061157197 0.494369490243086906478 0.4673745377466586026216 0.4861671532995143207856
0.4809063748987946751434 0.4691757296242469177372 0.4507801851543877802442 0.4776621832638773268442 0.4496063849358447050975
0.4693578134739790352903 0.4630063337817234558891 0.4682339917129661466255 0.4631258345837788170662 0.4818699949535631410491
0.4397977785868997235852 0.4829662720923848517884 0.4768321691421520958087 0.4575909180426858124946 0.4620072779049945732588
0.4497632843591191642574 0.4346886720480035992686 0.4736162596014175663051 0.4768986756544438820882 0.4969214163822169849638
0.4328438653507101219198 0.4359002918221539513155 0.4668474120780456981805 0.4155727772969730060559 0.4711929864885004426434
0.4707426664785614445208 0.4782483832018410985221 0.4803647938846514198197 0.4717235533756609089373 0.4756421413682064835982
0.4628050545684541661196 0.4734659135139102636991 0.4417003945417609100943 0.4597880379632858782735 0.4756532449873667744988
0.4493350461601716694382 0.4769728961009817580496 0.4454846896908826181516 0.4662087967913055019942 0.4500943035615366238922
0.4506536384794773697493 0.4298868447109619461699 0.4239333695990343264803 0.5034676584331886362023 0.4372228586099057845438
0.4612790110421581823985 0.5046770848477529769482 0.4826802557999978482428 0.4802403748503735747555 0.4637533472433460479678
0.4430144177389678250556 0.4458130715668583987643 0.4666246762945959192237 0.4680106877953880140097 0.4471438343015817218351
0.4437106000211911704945 0.4132166976093102905843 0.4038235528478190117241 0.4913169719512258670768 0.4628431147152367586273
0.4892977306964484407459 0.4860159338347214696974 0.4648033537381499602503 0.4316043687342516199656 0.4669639762971125596103
0.4585732659118991749736 0.4753018847933516144444 0.4394500180451199611298 0.4409740577848127451865 0.4830544989675127909301
0.49100709301604789081 0.4475260549379331820319 0.4765283187801680475637 0.4460854574275592843158 0.4375081496531896263491
0.4588545453586528322099 0.4272758152176204804462 0.420103289327170448253 0.4368878731380004265539 0.4751145695567173810048
0.5131119723253365627613 0.4386819320236039487781 0.4793223684125469397088 0.4580962821604463997005 0.4758865142930034375368
0.4570479399149997568053 0.4578429333327030947842 0.4714282761055806902917 0.4942505378397915039024 0.4943424733242080537643
0.4189721714199736712914 0.4538094504668182538332 0.4858493276556243301023 0.4632048243212495974852 0.4364774851436800662263
0.4803154898805733208356 0.40293494493779308252 0.4246380864203547211844 0.4853411521563049668693 0.4806705051040584542044
0.4821291860417702412889 0.4454512538666320908831 0.4737460368354437512117 0.4796761951201511386955 0.4569542368096217166418
0.4425770974605229279852 0.480453850736549448186 0.4431321543951139974027 0.4723365662009896825957 0.4470788502981669632064
0.4819201920072084810442 0.4705524225635688284619 0.4663434939808278612006 0.4239035486439617361754 0.4500184224695365498015
0.4712656628184844764817 0.4834064922817646325903 0.4786728511793012508235 0.4193199721742363328403 0.4603273929959122989786
0.4679883919047156393134 0.4730801689948271882002 0.4650995808390336883065 0.4548374145400944090767 0.4607654390079997663854
0.4868206273430292219118 0.4338607839096617069252 0.4808127509849746128445 0.454654801007017161929 0.4599341689609284244966
0.4665884278530492146331 0.4612001131704855927396 0.4549108566819841659168 0.4441277172058094580009 0.4367098582179493315714
0.4807073085398220202435 0.4517776821706179779525 0.4614708929592337138814 0.4283241600592690434546 0.4835666166255757625336
0.4883947350045999002965 0.4448013846395960646518 0.4453283466192054507182 0.4413562293512492962222 0.4872374217267297913381
0.4617731436329964855858 0.4662840155106025008536 0.454097623964481444947 0.4525513594162301478363 0.4577975693535294987591
0.4430224567322789130941 0.4664123832068345909541 0.47415651973492606297 0.4541351558871932758699 0.4593355588230280117656
0.4509597325524486444159 0.4442547365303546880178 0.4368930798179722629904 0.4650003559978514999784 0.4729511733507371085139
0.4687007725860125040285 0.4630604173889699692879 0.4822153342221182636962 0.4476915521189394064905 0.4656255026549819264758
0.4692839168059564913804 0.4313311645164502050598 0.4802445164008012357115 0.4847438200033589161819 0.4557829963443012499802
0.4707670895632612428905 0.4561248983380582489033 0.4712738382071314791055 0.4705003703179320706518 0.4450459551545448144694
0.4106026974436163823334 0.4301004628344429758791 0.4560196521364618948979 0.4418338571457449126534 0.4722157725044994203145
0.4469755299363913914057 0.4841593749317124606435 0.4615577262787849965875 0.4538304854818246414361 0.4634108222615646588416
0.4808863465774341761083 0.436290518914527469807 0.4563759478584622497621 0.4678538485522030221375 0.4733814642677929840353
0.4640217146517433000064 0.4293366192207480613874 0.4705028704540842321435 0.4175193216773298021671 0.4528929124531694272449
0.4897959231155622483733 0.4688127425303941775425 0.4502532541162040380378 0.4592649990262707149213 0.4408452458652775685088
0.4876546251137549026211 0.4630231554449769637571 0.4463052821992277707785 0.4649896210685650066452 0.4441313911752217680196
0.4522353622734431310981 0.460583982155034377115 0.4468430653706972344175 0.4368520798682501427024 0.4787249356471483530129
0.479191797534407826209 0.4445524628255532739729 0.4648995518513722169374 0.4491785586614774339331 0.4555459684462618286105
0.4840637856843392761164 0.4476518796721886128687 0.4198755995547727160044 0.4530212221863481603101 0.483760971504698766843
0.478151197508210279441 0.4748451221200213900886 0.4264764919663970865749 0.4570543495694838753707 0.4566938124010295751987
0.4453490403437384559382 0.4427865320342471711079 0.4679028585304856324711 0.4504078771342313047832 0.4606977639856782991146
0.414216238026626937252 0.4441311600862069552953 0.4508223267422699631624 0.4551288969520501104249 0.4794457856585753185996
0.440169777760855585047 0.4594821463903562830389 0.4473067625833283544878 0.4573547916406695557079 0.4532662886932822821073
0.4731009091935316490662 0.442279845489126743896 0.4420440757801458175891 0.4288335742634371006154 0.417046866119473891299
0.4488474887332127849504 0.4604777441615922617402 0.4706652957431441408609 0.4826787672429744824321 0.443209796756549312402
0.4443980273126876268108 0.4626689556554243742958 0.4653276212908472597718 0.4614936154709637916582 0.4637405517887968064983
0.4376760063231083797142 0.4623069729066883182256 0.4198951155897884812696 0.4876280792046817635921 0.4645478458605298843764
0.4769311282859483025476 0.4658244366914171541438 0.4530193917133766290384 0.4668641367471506042897 0.4753900605050074834601
0.4897348912329926307052 0.45054221567031416118 0.4628830140523794711704 0.4237020401157177706963 0.4534796112017909774927
0.438322730048917474921 0.4716000312507234726311 0.4186870282066728621295 0.4370136713992029409148 0.4215737955423128346943
0.3956001125756011260748 0.4770816108426194634973 0.4692797578249259804473 0.4773706278472916730848 0.4554643396514772013539
0.43411558487580259591 0.4681291790123998097783 0.4445061951052335924572 0.4852343192918431857841 0.4495680555182147708493
0.4942921303977805824736 0.4585382993389507388926 0.459899949481760716985 0.4719151376942720133023 0.4228762345024922320036
0.4493414143186941767105 0.4765102340740926534224 0.4253553963452375019649 0.47501236616533143442 0.4693452089842580776669
0.4677166071667185343053 0.452898983958002598893 0.4678957212855275327179 0.4534495293646164104651 0.472292795353211392051
0.4663265950644787660728 0.4615375586204417679426 0.4883051343793058385323 0.4583641575097858189558 0.4876886885731524512444
0.4237148452565691059135 0.4574927380482766148262 0.4479661081393973565135 0.4606996008305093703861 0.4546035720779129096769
0.4479415027886177180783 0.3988535444287708009448 0.4510771529474729146791 0.4639860882391739216324 0.4287832997340461083091
0.4724461062755859752649 0.4471409909399677307107 0.4668473357642283771973 0.4183649800757170966747 0.4346594531806313166378
0.4829816676888259996403 0.4483974731901891330743 0.480709829360105644902 0.4446333904321700947193 0.4460264174271067472155
0.4511120286094281173206 0.4215884988065380367672 0.4056928382217381834351 0.4808803786467178431607 0.4459687277759448731373
0.4467795374535646346636 0.4361997108993594940429 0.4454884153177125494238 0.4624462547687574476285 0.4463744327090157781868
0.448700699435346184174 0.4568275977974339263632 0.4818428623059679560825 0.4712558497003036528383 0.4619331100869919493057
0.4437778029009085689616 0.4542926131104502163183 0.4749954396013682522693 0.3953817510207219831919 0.4716922193745838320922
0.4439068781450489220575 0.4409655243747424013812 0.412836005874407607763 0.4281355642978791342657 0.398107760833507351439
0.4425761372248581682065 0.4356098902842052700279 0.4393999446469335490306 0.4260487511816450356683 0.4980483514122318045025
0.4631587057291347564458 0.4703393532206413540919 0.454171829987169373144 0.4487177794506180816825 0.4269129180288026570445
0.4295296943867247252413 0.4492275192106814918347 0.4628669968399640732848 0.4479083166487323186544 0.4274024767458766693728
0.4584590796269532586571 0.4599584415104578938305 0.4365687087982528802321 0.4177131788409838009102 0.4348830671931071534253
0.4350523749801463169185 0.4518089969480649226163 0.4842187535550290244935 0.4571280556590079369172 0.4418856149457192072916
0.4619938042458787696987 0.4426424178909879603161 0.4641427374887984735885 0.472685905253822813421 0.4762302961210518881252
0.4494710162000091768775 0.4316279120172186734017 0.4386957452712648697357 0.4735549546157044042971 0.439513802578131662635
0.4434553107014109207817 0.4622447711355336941175 0.4406900416727816960361 0.4512768054872718925807 0.4673350838094034176429
0.4425377453005518990636 0.4543880693385022317976 0.4064780911187196310586 0.4547495987889563773265 0.4838138230143165241515
0.4450486006161156748995 0.4526284041192056295522 -0.3199811692601636781141 0.2791610573550643570329 0.4596117916962141891624
0.3569568859467061594515 0.4960727036815196777653 0.1768677057669530983119 0.3947300674067917847232 0.4084402679526658030973
0.5120372453866102180342 0.5349600781596313137101 0.5187131921753005414644 0.3614554727859199956264 0.3362368670145447491215
0.4933587987532267460367 0.5102820226138062853494 0.2947681420650882233581 0.4231772369764278951543 0.299180216469494386633
0.5043889286098975910377 0.3372641304903019054962 0.4741623021181123887047 0.4767400272094806101819 0.3013809726790029897003
0.5623013910406184923119 0.4387640993998804250786 0.4975598435786318662899 0.4842332398973499540951 0.4574508466150173369158
0.2962428225011597415772 0.4432264480456432065303 0.4111057922260386021662 0.4858564860457376122227 0.374544888877495041335
0.3120215457895812449785 0.4339759435371878804055 0.3428249385324410036802 0.5111951342157150524059 0.3529170939311758181667
0.4720168207120418735201 0.4639854352730037878594 0.3863463080563421248037 0.4413265813142270288516 0.4985117936950387851347
0.410464579406748963919 0.3732637193952965670718 0.4594063658112222947594 0.5306595467930382836741 0.4117889930337323978193
0.4963991379694003835965 0.5284586948931194738677 0.440324751802947556012 0.5064137419852969834722 0.4592895413915273894467
0.3145220273252506415496 0.456126746646894010162 0.5311739571647907665053 0.46131985828005056538 0.4633735728246901608429
0.4294230266911351900916 0.372876282008131498813 0.4923290930456651337543 0.4131950324657181483623 0.5330217131367998018021
0.4967694437223091341593 0.4040357040321788106851 0.4361676941255947514975 0.400916732571877598712 0.4935270887726979083254
0.3978198792050948728871 0.4058275886947609323308 0.3945137983648248081181 0.4727067319401880296503 0.4535157472591480054547
0.4090742763649971025508 0.49754165381967091486 0.4780448059508153879626 0.474193542940752776893 0.4448658618540489162463
0.4319798165915509358115 0.493551329486451861861 0.4359510710671261612958 0.4832881012271543763603 0.4965904154571585960021
0.479489558988725583788 0.4086639076057859698565 0.4775725444885002279882 0.4067305408787941778392 0.4696458756455421101883
0.4934021609092673066321 0.4612679663766178772555 0.4466070291332003838747 0.4794132835990476682042 0.4077184190137915775765
0.3916569256040033919497 0.4168521295175693919255 0.5025288062157396984375 0.4740965233768240083556 0.4391912124843995735013
0.4900081699738222940077 0.4606694522093123245199 0.4734546793410739917718 0.4887603226289746194411 0.495092743560910042433
0.4749474691152756333778 0.4640510608106306333909 0.4617223410581772213845 0.5233578435818556640058 0.4238934453389328615991
0.5081608994371239473864 0.4866647689245898744659 0.4567036637323723113902 0.4616103807277299186929 0.4509885951156463179679
0.4668262995660329983671 0.4376419387896876012078 0.4887894519798312575887 0.4383644507917656141238 0.416865589903184563525
0.4456386707645246803011 0.5218136199419186604942 0.461014912509223440118 0.4899589066611557131026 0.5066740894441832399053
0.4811061224811445380389 0.4086185737504007819965 0.4317365799798428271927 0.4429045008491737100975 0.4653756524060082555572
0.4639489181962891395372 0.4193335919617652840508 0.440387250420305575993 0.4905897796150596734677 0.4797512695032974394671
0.4526681045156549787478 0.4850448895724171483046 0.5120621778657916678412 0.4671663961027940903392 0.4587197216898843410426
0.5099387568397242276319 0.4284014800723817129047 0.4243882252438230251457 0.4702365981318815668644 0.492079382026232581282
0.5228658923288094229065 0.4466332624479493751402 0.4470001604099644865187 0.4927091385925091437947 0.4850063865981300015306
0.4736498400319181234508 0.4400361230751753671697 0.4581216628397449808219 0.4744036786233744584784 0.4506766490126139501626
0.4680638817086504310794 0.4870402710994292672098 0.4654323177179277015725 0.5083254945186198581197 0.4339466856158138430288
0.5013120655978474671244 0.4356046315394286883027 0.4871598903063504848454 0.4326489849978654156359 0.453334006409263745585
0.4785630237216041416026 0.4718303465450323086472 0.4305547539563363002024 0.4751156170661250399689 0.4881195871636393457393
0.4977386299057116048061 0.477292322884253772397 0.4566694123046404207855 0.4826525967530495009328 0.4739825653396038118714
0.4691955616720888122551 0.468890045968979374269 0.464137758211514206419 0.4087803643045964663294 0.4671865058054917030361
0.5127900226013634155109 0.4789016472852672401395 0.4511344275839990203281 0.464203261239827025264 0.5013768166397801762102
0.4934809429279720660588 0.487256499054282699035 0.4898966376133179756458 0.431819430273409854415 0.4684235514608740547082
0.4507493575014158149195 0.450333121592748297779 0.4334349868416091933199 0.4257528848068762861168 0.4634202272642421460702
0.4351695637770683355861 0.4057897504473155780857 0.4406294715703539255358 0.4272550730417327691235 0.4151247003311302474771
0.4155568644682294809911 0.4877985045252293816453 0.4570726478704786321927 0.4899481336543995424471 0.5146433259111028446497
0.4695078253935632273119 0.4610293284401860147703 0.4723719055467446858998 0.4808952732871245028257 0.4471085410333707210739
0.4244440631334042146605 0.4665394833977775101985 0.4480927381017716371048 0.4641828141727232792668 0.4459553987230718274937
0.4921709091714158712527 0.4940582544067850800928 0.4468988575154219655694 0.4491047965335299152478 0.4543425452785220253205
0.481718922680072658693 0.4774479212013111872892 0.4215854909998643096358 0.4745901945700341517664 0.4196129168998852243533
0.4711379068450007867597 0.5106006283750408325517 0.4611782632994852471064 0.4607371179333009658663 0.4704529286395904286167
0.457268937750572590506 0.4383410234445330178055 0.4626671020242537624156 0.4557406382317110149494 0.4723813810548296299174
0.4942388150856359407825 0.4934171690997083969954 0.5001296038474760674575 0.4455731760762167703582 0.4608311775726751657878
0.4215684514425709905616 0.506887270365752318213 0.4791263440933698491975 0.4409556115800577491548 0.4726456487758095015295
0.4605257233867089405877 0.4698136539233228603507 0.4928736317336782080112 0.4440501908700031363786 0.4596531605973653844543
0.4366091710712716178477 0.4855105023640346462166 0.464885963976081617588 0.4548639067884862052793 0.3869832174910516897626
0.4644541548324714885787 0.4671457988741934408417 0.5022485176624840175208 0.4598749539751863513182 0.420495088261728378054
0.4123372477935082769385 0.4962217753359990379813 0.4795072653190248224142 0.4918993648734196200145 0.4587357848230226298192
0.4491498262989928602629 0.4525963830262361708989 0.4500750015244729951291 0.4636507999840481231146 0.4895420855103079782467
0.4713533770640606634927 0.5017632796925425298085 0.4177240103749323418825 0.4340656197685075490256 0.504677253183632212874
0.4569480529922519962405 0.4988952078996546912748 0.4417675995524361076683 0.4929964887956078678499 0.4733328248106533076012
0.465133283853062351465 0.4368168430300984339532 0.452806797107581260331 0.4746529052493521083633 0.4358639775101441071747
0.4710075352834680595393 0.4474397142795655812897 0.4295184864240928490631 0.4487773300670954146341 0.4646117397006960247907
0.4239239553537526017379 0.4181578229915324240729 0.4679936574587840181216 0.4868790337602334483691 0.4669710789375765003228
0.4912278882234584753697 0.4874737592315416256916 0.495265177808856316144 0.4543435805509616343123 0.4668571983816457993122
0.4403566811346995568677 0.480975206627057894071 0.4605358482537176278981 0.4565719586400160401318 0.4310499324272691334947
0.4464741151562263143937 0.4812274493374700257142 0.4875926252976623409552 0.4947448490262938980422 0.4801111127398746680761
0.4686280680467793113841 0.4637473758055560280056 0.4867177655753291976026 0.4340476780921482813369 0.4946363936964322527423
0.4793562354618801091277 0.4599903292228237905448 0.4342794762970806909941 0.4725992043531945241419 0.4451457625470489065655
0.4633570906000590849949 0.4430841484539467800552 0.4631648018519871068399 0.4434211657564713915392 0.476259701752644759587
0.450293820409174927466 0.4611510691282656448919 0.4562893128672842468774 0.4519402410620794174889 0.442821866449560175294
0.4485169656252241954242 0.4665511351298805009513 0.4397195746395797799622 0.4615716442292571719541 0.4936761734191522088544
0.4675479085112077548558 0.4235705180617321818914 0.4762168189461315481736 0.4577561477872258977051 0.4929812378230952196745
0.4737581462457968739521 0.4393279652104403187884 0.476232660676457808524 0.4505501072829041220302 0.4034140782255752899488
0.4413929533398908700015 0.4587557218969358086014 0.4387930272006823062547 0.448499292605539334744 0.4452340270513480136039
0.4461432192540680796711 0.4696566534919748292509 0.4649959016936844324874 0.4551619029843175789907 0.4618110426121185829729
0.4756230031057870344391 0.5109521865257897754731 0.4354322168002205395432 0.4526942112433148812656 0.4484770283691775771828
0.4884785260428728403959 0.4629785876424270529839 0.4520562692390556747135 0.4503948857065813160538 0.3983614899991474445073
0.4496125507877206661789 0.4786632008183864250839 0.4901625915039978242937 0.4312055975987361677859 0.4636936682550633070932
0.4592609420847587053949 0.4632964236221280840411 0.4787656309653385289238 0.4629371469815592998742 0.479024653352934481898
0.4557044651963513826054 0.4443058777672776460399 0.4724404850260964794373 0.4159442348991416738002 0.4689159097502038631156
0.4791198446166317070904 0.4717096005117401014139 0.4370217825346712214873 0.4322658942973952034272 0.4778323525000995330991
0.4328285582013083887531 0.4485822340929914719965 0.4844879441267258557424 0.4237827069071303798253 0.4326871540836404461672
0.4703742361713948993973 0.4297997979861000739099 0.450021828510972166093 0.4427225033910029416973 0.4598228365471079825966
0.4493025232195528295698 0.4656466818779884664359 0.4694122864313287069038 0.4633644787792155494976 0.4816417690336303736309
0.4357907256791409555952 0.4652688005924507375077 0.4743601327247052301672 0.4762410048288578945375 0.447400442897495309591
0.4765239693594211511929 0.4873502762460463766381 0.4400079766528188773833 0.4834162311014424395772 0.4387686459327886367987
0.4339263265312964801268 0.487395691766597805028 0.4487415608991129345462 0.4810150241619206568089 0.4584112725391480402948
0.4452580051944410310938 0.4866756612290992212166 0.4720755364155300171092 0.4644959962816059273472 0.4855028245503271167038
0.4654924945987147233417 0.4061934714338035212755 0.4688898083515336545624 0.4219831610376307828858 0.3874351570114543119594
0.4344294305502983677414 0.430178980091916685069 0.4500732299415172166235 0.4534600689659863959058 0.4384589415231971432085
0.407165134934613537343 0.4618812549632884123518 0.4349801204576438373728 0.4671040421575231582629 0.4363285035553529644936
0.4811529303978135940767 0.4331700806957199390013 0.4633583559996697354144 0.4298857629910099453774 0.4641336541519314184967
0.4941775928772753623264 0.4469784051920706602345 0.4425775786053200433479 0.4309199589976197009022 0.4838719506048574370283
0.4275468506700097481854 0.4423547714122471608 0.4482127652497035485979 0.4687637256741826741191 0.4385338539277365832447
0.468479987999957048217 0.487234581271151712123 0.4724870804724433104305 0.4581351148746820034496 0.478588807906573543427
0.4634304202204499456563 0.4297531153345313104097 0.4834938997695707452174 0.4586773911634774436585 0.4645954388035039017701
0.4899990514772056826587 0.4847142690155697986043 0.4776723702340651134257 0.4613666272823843117479 0.4278710026679501954305
0.426169273816088711726 0.4872290280780883775513 0.4566657620633695624512 0.4822204406155024547509 0.4629103382085674178725
0.4810986493483904724577 0.4496492493311686766688 0.4476259499524070095688 0.4453175795450917684448 0.4562517530753745220728
0.4537588169644968805194 0.4489367483179089735046 0.4412487619162008822826 0.4369579717798939832996 0.4554551232516648173743
0.4488580710994179434614 0.4243343558203238052862 0.4390199862804547437101 0.4620647820120501458874 0.4271732776854785251786
0.4675938290233898064763 0.442433591801561554302 0.4463169861355321121898 0.465651066368986565891 0.4673014884168895100025
0.4227390141103603560246 0.4543792029724625369802 0.4551267281647372042741 0.4263834605814705858151 0.4070825856869355052758
0.4626630494838018248238 0.4668110472036453573175 0.4571371459351763477663 0.4423453279534645954385 0.4527927700741326000333
0.46286195679298131056 0.417516360489493476571 0.4898179181158201500601 0.4554093769526231794131 0.450385406626645334871
0.4549416951242329920646 0.4586284051655885596332 0.43951243006829543436 0.4314863480365226378055 0.4315733892384633341166
0.4286973560028113361398 0.440188418921995561206 0.4522592462449031014415 0.4157854758618665935721 0.436355134265040189856
0.4340774515029258151522 0.4580453698611067214763 0.4520551148785842410227 0.4419387367925813325797 0.4561585318940825639622
0.4602854376694739402254 0.4436172192233474032008 0.4367273132259403833899 0.4854859924579439378611 0.4292236698553306140091
0.4566370741479227057802 0.4427430214857215884372 0.4192499443079759080533 0.4525004013601905406006 0.4731040065519370174663
0.4191448061616455667 0.4584200949068717445556 0.446580345386897115123 0.4217640795846474000008 0.4561125681309846080502
0.4703513678544871123854 0.4471864937850514309936 0.460033541736642570541 0.4561088604952072689258 0.4482412046654288273473
0.453965563511854075518 0.4402390867783496086751 0.4391788691838254821143 0.4481869509899707448852 0.4577468785587819888327
0.4582159874049005487961 0.4627408114097149027799 0.4440850090211401202112 0.4785207351654600649304 0.458871695933812051571
0.4538270725331993160623 0.47034952729340717692 0.4703349245046509752299 0.4877617591630458715457 0.4471664509068746240494
0.4811425572546698115062 0.3922192085318121912429 0.4469133661508044585986 0.4562577911602176961026 0.4240775748539951650606
0.4314393012616627998135 0.4604689933575169535906 0.4866067638989498012059 0.4625542553828836389584 0.4858767938196118518768
0.4324898393520744122043 0.4612157156181834749553 0.4157715156927972999235 0.4671059054067877580607 0.4746970120179399010851
0.4735757483992247829363 0.4559583024951796015323 0.4530154453927603408481 0.4827543604175899560893 0.4957476121602489849138
0.4652174647583102173876 0.4479299100608493677811 0.4347219858581601870107 0.4473512632751174278312 0.4469829500779430864199
0.4492136803428561364626 0.4542287410118422408267 0.4212941815198880113336 0.4448481930623012226 0.4590979367156950985418
0.4610524170771653218459 0.4619736572596128687529 0.4608556862131846232344 0.3981459533800441596973 0.4478988523626382112219
0.4715095473201642017891 0.4749859369001410147604 0.4672319179529372257242 0.4643973855110156145898 0.4433684245876182150603
0.4479478654170966356318 0.4679476214260662736422 0.4439637494319562671663 0.4239682115023541419951 0.4747657719330121706136
0.4544736560387398482952 0.47428133569587349605 0.4625298418219518370442 0.4307728064448817506538 0.4568119951526153355026
0.4647711474411359566794 0.4752413458264996837244 0.4631249158747641758715 0.4484040302308667236275 0.4713114588484212386099
0.4745512732020993884596 0.4544378730406118394036 0.4544855895065340045669 0.4488568305046863882168 0.4641167165633398039581
0.4355343644956377047173 0.4382804647508859452465 0.4541288005973865837817 0.4433470029253190336505 0.4353317127213959802923
0.4658778097895889258595 0.4695707728954902626661 0.4827008525626599877434 0.4503388374862168364032 0.4420918130350909303061
0.4490141868951910697483 0.453569493877967078177 0.424015889817690172503 0.4277012640382484853774 0.4088563040199774123451
0.4458890050822518769102 0.4178425357200377110445 0.4462012030747209978543 0.4501689558527489642969 0.4644367996112122032315
0.4562455975917161787869 0.4607064845446324774514 0.4488702873828214201524 0.4480193320681682966899 0.4525725366233099289381
0.4765881216729749292327 0.4836381375260064841015 0.4572206128926773471832 0.4626907033284102244153 0.4574066422347430327378
0.3983714752018853721971 0.455509338885573100697 0.4726337443406127825085 0.4708017195885532690802 0.4434517802318688195484
0.4213788763473953480343 0.4226275948405299742738 0.4548117119028167731898 0.4244597524747926176047 0.4587121317532444897402
0.4603683957326449305292 0.445438782458010384957 0.4262385429905749534285 0.46670039474321201034 0.4555496820992228079739
0.4655613562799201798903 0.4567815586190973053959 0.4494189885592438926665 0.4849408037111087588222 0.4586937509066347229414
0.484444808504110646652 0.4866955075599740387915 0.4322051857180290723726 0.4981502354697607271028 0.4620812632445319700913
0.4363835764999390298691 0.4623063513638737132005 0.4428094328293756820614 0.4254516403101388788421 0.4492573255138891941129
0.4770826828767277261178 0.4180708544037179952291 0.4786024391942393374499 0.4575823348643469623553 0.4490544741298191921963
0.434615658314768449344 0.4721882244681150364585 0.4398371692257071474685 0.4698498490702276431108 0.4457982350297681750639
0.453256751916890965326 0.4592227728586714130543 0.438968039448126789992 0.4380115948698975469888 0.4552640464592878077887
0.4500239855959570212107 0.5221757431370930291337 0.4894721055877478410601 0.1896059215914575879491 -0.05277212095012651787984
0.09001160888483329680643 0.4979723501879818603477 0.402022931135864014518 0.1145657770748844533903 0.444850948588584593768
0.2687868039934853681139 0.3854755270435635816639 0.5227996599701920654724 0.3622762319129745889335 0.471616744843263158149
0.4933645745117575809324 0.4929144676562770555073 0.444432698659629088489 0.3376148398005633377572 0.5096718778260567184191
0.5190984826488194148197 0.4776052784753177515853 0.4591180140133820364312 0.4823565082790304270333 0.421605673551846749092
0.4577373759698492028392 0.4552922183361803321056 0.4504563181901609092428 0.4389622814807450090768 0.4770012457025773477959
0.4589169367563680212996 0.4842360679659882261028 0.3771912938880672139241 0.4309261182558047353908 0.3778877692139894217682
0.522516409867274989054 0.5276542638502467186257 0.4604102225186508245969 0.4664992261139713214391 0.4642710995581190713821
0.5220989871987206099035 0.4976044760040058689832 0.4349383115981988456866 0.4567567569926921366985 0.4825689631475640894998
0.4473552520995293657613 0.4269610966597193191241 0.4680432677963877741156 0.4967835787385623813606 0.4281591380704322657991
0.4895859220966781166773 0.4815587613251378074075 0.4957864234036078454615 0.4886660632593698982973 0.4661806581404577265459
0.3861147778349639514417 0.4068923795538831322816 0.502326697831171564701 0.4488297616229346420624 0.4692941490996784814627
0.4708860682917448969853 0.4935685292378688693304 0.4935403853593781642317 0.4969400097460602294674 0.4538406818026137767852
0.4474561837928165974887 0.5158118909209074010036 0.4380650536461218602646 0.5074342952986814481164 0.3920619010002905913126
0.4477088867763281965217 0.4746144641152886811675 0.4704809693913161172674 0.4149721980302807922136 0.445866785538366616759
0.44679631589601881414 0.4160189780478475429781 0.4494629248834648427291 0.4109203321342311809872 0.4867988077356105725002
0.4720148404050983903524 0.5086183527628311829005 0.5406495777958563175858 0.4697560965330747628776 0.4107876112684844538414
0.4314776966486863485351 0.4842861076403196518569 0.4761183567520718140642 0.4784245411780377876809 0.5338947039435095742732
0.4796243680606403492206 0.4689499468313495511573 0.4509401089602106393883 0.4341006050336895238928 0.4890835664949955141623
0.4519709043406586745917 0.4164738455193324750958 0.4883526770277666351205 0.3983126228213945685397 0.4487363634575237680835
0.4898901803349620664996 0.4536010017944769878717 0.4190825638496246119402 0.4937886042840757827577 0.469450152685287613874
0.4522138774853503018214 0.4672355255654181416247 0.4842251491096891680144 0.515173933043791554276 0.4246476171869599802733
0.4567061110025364412124 0.4628381548228367448061 0.4655225893794406877291 0.4215415112441956435596 0.4947536039057378598471
0.430272202651386881378 0.4461154314748498883603 0.488131378457709486085 0.499094918983073065899 0.4585586368826887748718
0.5020381250397208949821 0.4270209405010438885597 0.5179555828042373688547 0.5152163704936003618684 0.4555203151865376276497
0.456371106402149784298 0.4665673848683118407621 0.499327461172640485465 0.5194844263929363492593 0.4006799997452689110489
0.4388048616472335905492 0.4501092440428515195627 0.4211069931541644439932 0.4947558530107186158808 0.4599022705476400463276
0.4673755915347962419659 0.4677691303506735231998 0.4360504403394631078861 0.5015953501622346655253 0.472407247535523933113
0.4617563632218953939557 0.4746171216433411332858 0.4798121518606776048088 0.4803398501466188408315 0.4820089457477279570874
0.4932363333643152714103 0.4676768080030339058695 0.4548585492372567151698 0.4325481103201716526208 0.430902215859072346138
0.4875101820747614334017 0.4867773875706904451732 0.5298534233086503730803 0.4828727402437712479255 0.458608917714735442317
0.4513711580305233561639 0.4820637447884997262015 0.3977313731732312063194 0.4918241418942511655743 0.4233368706126168223847
0.490143491076515558369 0.44275747387993696913 0.434535097931067260113 0.4687059710738979978473 0.4553866027560151130693
0.484559448002087833629 0.4670536986839620707812 0.4519201218750862336648 0.4624644532330159929501 0.4656771421738183924788
0.4932935923648654741314 0.4713319108244161115273 0.4817358742594869402964 0.4401568153923290371843 0.4355050418677632872999
0.4136317373215225856597 0.4842167783276424830596 0.4675755617263669949857 0.4864993861027282484599 0.4767094903867358235416
0.4908349086431125218866 0.4844553054515862711149 0.4463268909236069448276 0.4541436724245553335777 0.4949312509519984693007
0.4411448977002394578051 0.4890048524159827936231 0.3980684363426615912651 0.4703663096639984497749 0.4460745255572428624724
0.4827384555623571715799 0.4829353671495562050353 0.4415831293975685523101 0.4958187868697225830772 0.4506620520608453084321
0.4171091206345556301471 0.4293819929913594291015 0.4497089692501451962947 0.4453793916680925391027 0.4251430155150991985202
0.4924879256713484143582 0.4293749261802968786306 0.4264523652145023047133 0.4504197285156072427803 0.475233705434275510715
0.4403211761162670323522 0.4648349082214962568749 0.4574483940221832356521 0.4257111678742007687681 0.4401288112159061349793
0.4109401466594023166756 0.462019947441886347228 0.4638439093540357993639 0.4334731283852200633966 0.4872227141703764363712
0.4684267993312499211989 0.4524474946364898109152 0.4458375632290908496813 0.5064380644577756163116 0.4705180022311749032937
0.4162195541799307285658 0.4649906704801305412644 0.4751435110195660893595 0.4366245902696530567511 0.4516834247995542561682
0.4861048220103030836903 0.4547800315012375804713 0.4820272158257410399784 0.4574973211495734215504 0.4740775345946762753258
0.4644311102245326505766 0.4383742771878380573014 0.4536098727462580249004 0.4743642989187311087562 0.4303615944689224703801
0.5040881465377455850074 0.4483744713165787598719 0.4708587997698144844705 0.4687844928474704242483 0.471042561743028276311
0.4999485617906201939675 0.4905572319540172365748 0.4650009506322798080724 0.4841008837304549561331 0.4820752454473976045257
0.4719350400824506297504 0.4126687175929409368003 0.4230279236723444857837 0.4791618774429096672129 0.4618076749245862422377
0.429300678251729572743 0.4378978353193209716032 0.4787224010563658205264 0.4840671155627263577692 0.4775534415000374788285
0.4689765986756364579691 0.4073746767465982743239 0.4889470568853938603482 0.4478153224102018326036 0.4385439588696330992512
0.4556841257168070535855 0.4847911484248845770395 0.4506745194989136837904 0.4429548554314237107654 0.4557975730948525261432
0.4598400530519450302158 0.4459720375417933757589 0.4721830261453649479897 0.4785193267572710462687 0.4328760417417956696262
0.4894180893356667172434 0.4998139902176915172483 0.4722513037429654225718 0.494243531654060153091 0.4351339789140946656687
0.46441305113079672795 0.5047184608901106317447 0.4988029117102504850223 0.4788738482434823917622 0.492121763186547711566
0.4692102094272356804794 0.4573485538791556836991 0.4316536877866135601955 0.4627308274725601688893 0.4686596502613790127256
0.4946032485917523091601 0.4391956783545312714701 0.4590319732276025854745 0.5042663599347613212487 0.450212718878628903596
0.4416349474572269784289 0.4312752020606153702253 0.4603453840033623345462 0.426095519106098996609 0.4653050543905306590808
0.4590023819903529256337 0.4588671574660586061079 0.4861013637574671530928 0.451528607341192267377 0.4442742041050056767126
0.4195369684684280287001 0.4374800204020735661103 0.4528059512305381284492 0.473588853694750566703 0.4497301254431938510869
0.4553929238370494902988 0.4523168004891772175924 0.460238260255546538513 0.4774864762520549810176 0.4423114791767489561991
0.4667960790833875495132 0.4400877580498050445357 0.4483749794836573987489 0.4721105020087650872007 0.4383912939997429147887
0.4602754330642537250462 0.465699541632945801517 0.4676449873359034281606 0.4526931320672370473446 0.4593331864386179241855
0.4466854147523665607977 0.4310236152973022094592 0.4344318868254468668511 0.416114508806759764159 0.4469948078650399780898
0.4625453225388560518638 0.4442571812006964604436 0.4529641822025007869001 0.475637441562151097596 0.452348248031948785286
0.4535627125672264114975 0.4577870189358670405255 0.4444922599222967396493 0.4289882728989748983395 0.4636021774621997271204
0.4493573738569844322477 0.4783516844697329184477 0.4666815819000136311701 0.4658569899316747364715 0.4752003537484044692896
0.458761826872718880832 0.4477346700890645903037 0.4859691634980755070572 0.4692560067793060119001 0.4822430884269494066885
0.4559883726317994767641 0.4865357453347287641776 0.417931393563718389661 0.4803409121130096659513 0.4518053301849792591227
0.4505256766116253475118 0.4394398888965079241764 0.4158972014159466601413 0.4740364489173837236891 0.4563460624533158260796
0.4576391190377276929624 0.4582857823875066127783 0.4882484837495671969876 0.5047501104283412809437 0.4664940064197871660845
0.4893755734783374888863 0.477864630068549400832 0.464790471871650234803 0.4535882188748069365758 0.4558770347165292946556
0.4450838511751901704905 0.458094413478703499365 0.4912979064724030675571 0.4558633640596203573381 0.4664212524877905385878
0.4956234213273058575311 0.451571473214122331985 0.4526097794181305200567 0.459646369055555392702 0.4808011129301785757661
0.4527719822691058104702 0.4319551963018230522628 0.4609483550252631567368 0.4684849707221425685333 0.4695586222809022269864
0.4223891770548954260889 0.4372057368153026146729 0.4490088538897645253911 0.4339230328263934399757 0.4804172612645472573156
0.4743626957979960034884 0.4546101092408572075243 0.4378474801542807104404 0.4787201290651109664154 0.4614679088097781156641
0.4812634028883961412326 0.4788868180465298829418 0.4813936683232687974154 0.4588082344932437051099 0.4128678744590540961035
0.4556124268831387991163 0.4288347194545526486209 0.4412322882246363930925 0.4447601822562598505861 0.4343631913423508517091
0.4181633103289238984068 0.4252857003606408392571 0.4510806054652251595449 0.470297648464269413271 0.4348204023798313277993
0.4623792976514006780597 0.4700710994470561066017 0.4617116096624041543528 0.4563235060015454758187 0.4105267828783171757401
0.4679460766847341468555 0.4246750090962033152842 0.4372208505661072108772 0.4728918193664666813625 0.4288943183719281515565
0.4710477016302119790403 0.4699255021987959191065 0.4726835661361417084692 0.4382775654939656262421 0.45478253799567358584
0.4880367719637390688803 0.4856150849350209242061 0.4961024965253879592808 0.4370317061051236517955 0.4395226919741837545708
0.4747296225405008285314 0.4513692739389482122547 0.42658481739181036696 0.4809208979345045431586 0.4610059297100204678266
0.4119581915196390276002 0.4102872333995496445525 0.4592778854007516509128 0.4666993514105746698739 0.4420694131956423578167
0.4450727868932722874895 0.4457134123046409546198 0.4840730321540729907959 0.4583918729953160298152 0.487748413972963201779
0.4862564700408673612486 0.486557501117790003331 0.5117375116716873506562 0.4454431715566065652645 0.45473442559687221598
0.4640704999238727812561 0.5069106384977832835403 0.4843153456355422381563 0.4182243409315561932793 0.4659228601960954674333
0.4529823711987669421219 0.4458942278301231687543 0.4768004940102754107834 0.4077771070345279635916 0.4339360231359017383568
0.4636596101863391661269 0.4296207154345113021776 0.4630208904619922960499 0.4168031004595074695551 0.4312076938836812423084
0.4488869567044044828208 0.4511320885642074451916 0.4654226715651552659381 0.4728323183086070580217 0.4541041680626385912412
0.4393308020268266722574 0.4315561739513322780937 0.4144147903998151027949 0.4505717711108323531022 0.4655235897170988956795
0.4805930099910002417651 0.4383769845639360895895 0.4756742117003389114238 0.4439557605298560249985 0.4501336943637530008111
0.4174355517792082137518 0.4230526383486754027352 0.441197273439799753092 0.4689807099473123352951 0.4877578129603949430582
0.4688595702536558218476 0.5032480583929688222611 0.4214831106425009354943 0.4603482872828176253321 0.4363311677232326601938
0.4398724754553358651243 0.4214840616931963546143 0.4161234402334992865669 0.4464610128875400874016 0.4397239089592449579058
0.4839759534142136221391 0.4703016513025028988437 0.4846854043318627458525 0.4835794011890502952511 0.4375653061769468887832
0.4882070014848493011428 0.4581648236748595004464 0.431644376395366513588 0.4514409551888599048119 0.4378019561997137931719
0.4554746422942145267498 0.4625730248320401027939 0.4867851580103543795985 0.4285644181878093261773 0.444658960161349314788
0.4265691929934374293509 0.4655148020466949310148 0.4702458024034583683459 0.4385700649534758910342 0.4634811896301872513604
0.4208326521481468018848 0.4567244891400304984685 0.4423486180655019084362 0.4309514700728421243703 0.425374137810752672717
0.4690778213029057619465 0.471738608531593661688 0.4743097395364174184706 0.4481343632619034234033 0.4537405271490283498181
0.4566957167449390286862 0.4265494998122675851526 0.4192696187931011508887 0.4350428123728885543287 0.4232941596910431147904
0.4500527386462989665183 0.4844454186396776051993 0.4606876470986945304453 0.4697660628047133357654 0.4529814350733308847552
0.4934021263213663188729 0.4612377074122527287336 0.4439219473618056799324 0.4441455716146910370767 0.4604601033796225650896
0.5042887447952292268027 0.4252894317848070482313 0.4709359632894361546995 0.4611127579100971485282 0.4495568791119876617124
0.4362812556264253349703 0.4597666491224668972038 0.4742078467268417418801 0.4229914765197318460288 0.4313087999629924285117
0.4722559809114749707071 0.4734187433016242008144 0.4301226380462992993081 0.477929519255313906001 0.466178084299760819853
0.4934686613167292845716 0.4539709614798667081104 0.453567793382947226366 0.4608934429978549518481 0.4624621155329692867575
0.467786808074925841705 0.4399144275594430997245 0.4495381625749202414433 0.4526891272233188323604 0.4740666199354600096605
0.4406293921921201617309 0.4700362779378196576019 0.4494831219208846317947 0.4642814644696753312303 0.4368107255426718626978
0.462542433033183042479 0.4535302544556051862479 0.4703185399781351083703 0.4423719965116655328252 0.4482518010025544619168
0.5060785499252464791908 0.4569740030288766408084 0.4799173108444072521905 0.474615987506701197951 0.4363306511010900390346
0.4357847431599702336946 0.4225108247965372876287 0.5094099337469057964256 0.442186974459417458938 0.4795791550469448161209
0.4668378347332624578314 0.4336459260792703829246 0.47020897750468665377 0.4333723438962411300679 0.4618915469268067841568
0.4205162021691825624536 0.4384411378436070538811 0.5014038931310306201894 0.4645975666760658873145 0.4798155659285807672632
0.4477186843862999143795 0.4746040964173806053772 0.4591894903981015296779 0.4379083093101914792022 0.4374315007373043018291
0.4415652901171108202227 0.482409509988356133281 0.4440434404001842860765 0.4442262403179058072311 0.454078766548316581364
0.45248720592137325891 0.4486415573563838354865 0.4537612553739932552688 0.4517846739504297604029 0.4405000896576336533172
0.4335548789619212417534 0.4480194462259348697764 0.4782989925009469844852 0.4635132646557377777974 0.4588025501189021970738
0.4512209898962613596751 0.4684678143582006182299 0.4663594639201472102918 0.4651481991475970301231 0.4457129737592357421327
0.4624329896054713562314 0.5007318348362099769133 0.4798657208515701433349 0.4641973451184709942297 0.4461713804381348125183
0.4544956130169435781774 0.4609809114384755823757 0.453924129406587939517 0.439562234332445345153 0.4582348203547767506727
0.4419878048850067187026 0.4410820734402388088036 0.4742838451789294085259 0.4500882924018901332097 0.4450117821300998421918
0.4700673068638402951613 0.4326179861611253452125 0.4542940925106521699028 0.4521810192920669990713 0.4432958079875362611411
0.463228538303035397572 0.4588799658121647251363 0.4427659788819401365245 0.4368764650964725437809 0.4594583669718609875154
0.4292339713539650714047 0.4354323451172187886549 0.4617511001002777559776 0.4239190750370180893469 0.428395617799753769539
0.4234427272425864696714 0.4375213943392923798825 0.4635845141693853421749 0.4590735526690090662072 0.4814580178652723696509
0.4415883392551876451826 0.4096691507593157588474 0.457526945157388065244 0.4688804021736414640031 0.4720677563917672348026
0.4631092347722802760046 0.4562353389867429553917 0.4667512084242995129557 0.4414396620616152788763 0.455189877753741589661
0.4581478459592431273784 0.433218817586383475593 0.4408848718501123253866 0.4555094691867359602 0.4684698559075539114893
0.4704756974271977476576 0.4550009515194091136436 0.461318769652828364336 0.4691472234476637415135 0.4442004870405498739849
0.4384602518867347642484 0.4438835757091449951695 0.4591023964384144950834 0.4568092027431081003641 0.4731034144695622223331
0.4493168343295405597893 0.4173928431358793211814 0.4412215086238373551453 0.4500479247706190566447 0.4868291864324162943056
0.4448789511432543752889 0.470894800544022273936 0.4631299698778853501935 0.4587936284379028895053 0.4700242284130671799325
0.4144051040000173991018 0.4693339996509413025727 0.4415882000008761187893 0.4431654634764087830057 0.4608715998830290039301
