0.3813856447720371245502 0.2906028844892415974321 0.1432107140108138387813 0.2221668167289488904359 0.1604432453486822895972
0.1820317079380196212401 0.06218777529062523984349 0.1627759164090619437015 0.04900299209411928397229 0.1131458457093540426186
0.07821662689385545930154 0.06454859664909835814672 0.1612075981252558964929 0.0818223990868850448166 0.127290170815657827097
0.09267463447091425776669 0.05481762178054297440788 0.1029753770114490846188 0.0351569435832859433777 0.06515130816749963027501
0.0342170880459039331023 0.02709659932691691613948 0.07812039015128163788049 0.1049381314143475879552 0.02932353592457007801508
0.02876674310410425386419 0.02997152894440613044025 0.05243397482528851932804 0.09009642238098802824453 0.0693482525869248689343
0.03618638486067621978792 0.05105334389241982656626 0.06443268196487336729739 0.06824280771395761779896 0.09620077858435296946915
0.08141654369775960797817 0.08297592623036187386987 0.05720150568131692619955 0.03158300259197258791355 0.04366433348581115481135
0.05572000635842347393556 0.02829818924148826478349 0.02369296019756552892921 0.04904430938486561974976 0.04526661236588946229942
0.03231187227485824570161 0.03704534435258769603516 0.06149842393678108670718 0.03279626442514711748277 0.06946381748695065749821
0.03049973828926490215796 0.01968060827793026781873 0.0379913794531760232176 0.06399777873813929096602 0.05680768377720983586254
0.04485000906831628636473 0.03755057271378514638371 0.0422419211577337028185 0.02202842312812408956391 0.03806914990812879789894
0.0338807325230145797712 0.04410407399405145284499 0.05670925959118809644988 0.02226636533864291903062 0.02736791722996523984479
0.03019154410699571508547 0.01784144965676805888455 0.02489190174994099225003 0.05290906348607342379875 0.03842145992964470652131
0.04127067238654782282969 0.01801462581866044437851 0.01528597250333707351089 0.02965227593332221689426 0.04089979855415979553834
0.04038444958362791964435 0.03396213313458251725763 0.02680889912984842429755 0.0254232454673152807878 0.009474044118891617946576
0.04016863243991391357879 0.0378361149686281747484 0.02417600873514907586226 0.04330753454505812533037 0.0414309497265060583393
0.01245963407687413967984 0.03447376251658224033392 0.01800594659583619125409 0.04804037153803461523971 0.04247109452516393407473
0.01905715002105490274431 0.03136515400110317930427 0.04619769655506864025618 0.04376299475097480268238 0.0274838694575688276267
0.04285471317220845149931 0.0631147861405158827619 0.06763326229179462967256 0.01866367008393641016561 0.01444503009263615155022
0.01632758112128889632642 0.04936044239921131421278 0.01726177888924109588009 0.01405522755718971623928 0.04263795629992777475037
0.04646677805893700829998 0.03721913864966186480387 0.05389437154225687476305 0.03673818310511477169822 0.02098716636857846096209
0.01043561529421892057623 0.01512837524800447058793 0.02037815907781902191598 0.02325679477976379944115 0.03653823615319175266425
0.02943304495496272543686 0.02305862705134501325355 0.03451014489761124875988 0.01892952375888881308419 0.04785685218718376682245
0.03181050513231409304638 0.02898265020851329906715 0.04432279684728017421502 0.01967681636556702431951 0.04873885910012028949145
0.0218312321457652183665 0.0230273542613374793131 0.03338761871611616721678 0.02745393775521742796286 0.0326518158537429867283
0.02885421157624240909301 0.05446385630990251136563 0.03195652595374236931702 0.01907049339065304896512 0.01291776641750799238528
0.04557311712666051867204 0.01732689808672537024048 0.02444919775018732782668 0.02133879137911016965479 0.01853265303518505241476
0.0329031507977907769491 0.0215983438040390184065 0.01827279829987902073918 0.05375412912587167885148 0.03233995134149493522191
0.02140522700333622255209 0.03578231449759349674933 0.02324315032958473165037 0.02955841992736003842612 0.02341329628207989427269
0.01336089204074024892888 0.03185310082618873772642 0.01666160493464974995392 0.04367716387627190027798 0.04108874029163180063851
0.01882409897878287857731 0.04964703874378791764732 0.02592100809325597124411 0.02999604183941495874621 0.02436231763589157689465
0.01765120589059870209736 0.02376996804797531365194 0.01891160275880743313337 0.01749468961967324404094 0.01990983119772286522031
0.03044755834088052129371 0.02761655586999862618813 0.02280631591235881411306 0.03306974929410444463684 0.04153924164086055664802
0.02330225073550181921767 0.01884372213573148879817 0.02582996336908527021392 0.02414725873944936068716 0.0266472694932504139409
0.0289414618921895808179 0.0297879030924443934103 0.02791117889239978430704 0.03210600968210913785938 0.02476574468098623540979
0.01754680927238718227135 0.01249475096220730406527 0.01885306731508481006832 0.02448720391217232977832 0.02595056901756507411472
0.02395544930010029202605 0.03282870246920392698353 0.03377782638417282240484 0.01472294627682311195238 0.01904439744510509277542
0.02150442114100933194143 0.02616691881028109997742 0.02662738147124403195742 0.03414522784384368264687 0.03387914039268762750323
0.01470973805288374076927 0.01668685172327678475912 0.03730464311075317590527 0.02853826324986050849697 0.02322131787173581721206
0.03026170659370315541015 0.02900860414624242128445 0.02781867820644863195656 0.03315149271821982851494 0.03233764426908567607422
0.01611028071272841560857 0.02111632908382927650837 0.02982874631983491522935 0.02822635279737491578733 0.02740868043127466305298
0.01693487044859130763452 0.01649244773443148820435 0.04461500738293980999893 0.01669042743479427423625 0.02215630918482834263439
0.009630895838452207396996 0.01438570121438650581402 0.02864772515468308120012 0.01209861451876468978195 0.02913164230033924231855
0.03385158763973589862717 0.02448357715016866512081 0.0246575630492629829793 0.0128162139626323105801 0.01539377726596136315707
0.02482509922575980298998 0.02492012002440001372516 0.01077605977582788560065 0.006818564237036238775969 0.02211216123138048939012
0.0121286998492579501524 0.03057025353907912024187 0.01559568839461955222503 0.02873922358274207805584 0.02921423732694541225419
0.02558269300782164620833 0.02538520046841061597598 0.0205236094572259081259 0.0332954954507410361142 0.05680740545027299776004
0.02611235625860674341991 0.01761937444496065527377 0.02086277043625870547539 0.01153499435138762192754 0.009977942436450117427715
0.03980358093373644740032 0.02103869933382846932335 0.02027874497042684784343 0.01829903985434800511856 0.02385398364235314858095
0.01658939053107848227153 0.01972068750710016457606 0.03879627313688530781954 0.02873769500527324771699 0.01450004232397670428378
0.03601788307741689287855 0.01384128742503355075089 0.02570099580712030540308 0.02595843167772626455814 0.02416458432999485372861
0.02037378755254129134022 0.02105231305260132218526 0.02323756700436356917305 0.0260610920115586716661 0.01923081288540124875186
0.01890043845596494145878 0.02173897290412296276485 0.01902108067125944310116 0.03340601256223610371343 0.02267846869737150106161
0.04187881061592241271896 0.01520310637570688842846 0.01829060728827475168501 0.02826261245850459485895 0.03001050144117819659662
0.02618619803795827621906 0.02802675498020379754593 0.01701841022016509219483 0.01523985890977539413293 0.0229703597239079397585
0.009526503454162300182917 0.01811805283456123863428 0.02796443442432637246919 0.03719424898597158829494 0.01907550686667399547636
0.02650094394665394176291 0.01853568383351109766233 0.02693038691065519074641 0.01678438513370626716803 0.02940001575036725947609
0.01870515073558080831884 0.02764339997144299801435 0.02462348373101733503554 0.01820134260024116115706 0.04073170004696299861813
0.02746787672958662940292 0.02337268350157803778466 0.01435816817789132594785 0.02844959998179038065946 0.04032551214579013082462
0.01976232471484925048988 0.01182770654464276004203 0.02015756671196966900994 0.01844637400460020365545 0.02677019842774206251357
0.0171998160474811957743 0.01552477020995591573682 0.01355930560751875124659 0.01902733874612977035823 0.01502184233622023967758
0.02056081142675498726891 0.02732063877128302828434 0.02225949830292039272051 0.02598744648944919036215 0.008015965188455268647383
0.0300405074833426828651 0.006386440477604097068487 0.009557185482299085377278 0.01853999871085663941894 0.01464317299558661605863
0.02371374407543890353023 0.0158350957714409670829 0.02747360634337098553304 0.0179454448348973991112 0.01899305461023230792716
0.01204080856582401097554 0.0149322334896665812054 0.01681569107700160714547 0.01139105622859137335878 0.008626562643039575525861
0.02208125052092322834763 0.01906816913272299171545 0.02579652035091321155003 0.01731724687141965660087 0.02046539428292677015309
0.02761513590144067109566 0.01294864293438249304435 0.02213961085327813618773 0.02792980814228507996377 0.0239260336400903030063
0.03252464893243223881258 0.01327114091799766644464 0.0241127348733769786282 0.01916351352925543816141 0.008798100072471634267024
0.03346481746925791811442 0.02859286497361256465521 0.01514971737817269459292 0.01564295719130109549311 0.02948602858712861402024
0.0244211166348098501766 0.02018755160776725468552 0.009962257718652689844618 0.02696538181933950603653 0.02215074621873432819674
0.01830548012687925260589 0.02297987714378117371505 0.03116257863577885645068 0.0280859519058251211332 0.01861900964804655278506
0.01422078465526592852552 0.01920828353316649320104 0.03995403563142557734622 0.006642360124986684995207 0.01833960645922261267771
0.02871080550004717624191 0.03916422737879509535786 0.004223459824670845220995 0.02450434778628917883991 0.02838548963707307470905
0.01605777386109998039476 0.008751963378117004477286 0.02357570012062674622011 0.02646167570198633411938 0.01867091225801437506804
0.01589655773880483888294 0.03099749879263929627782 0.01447764245508843979071 0.01109529318184531224145 0.02533112188153192542717
0.02456641618840870247564 0.02569275550299351604244 0.03367104515479939913503 0.01764336862758586824129 0.01815158620476797421417
0.01510978975632136685203 0.02919141205329399066382 0.02219198290407811691161 0.03009590486685151042301 0.03239914531423472576765
0.02062213245101326627995 0.01592443333028903049153 0.0102743354334447201115 0.02085721285727711732383 0.03273415395265081434539
0.01952719653873190991389 0.01155693942297569311306 0.01843308564637266555586 0.03327933240435512751709 0.02105967859701105698855
0.02720832876352746038107 0.0123506071329362344946 0.0253756423427385774394 0.01620632475578727069165 0.0233790457192148172505
0.02287500522740457467585 0.01339393660333598225221 0.01945250535803492303311 0.02669491549514200687265 0.01687399354656404434905
0.02199202573172043956307 0.02202762970215504934046 0.01826582979185405186673 0.02591395372091889054422 0.01389914713133714140036
0.006701560381507835374715 0.005891437144795405936315 0.02537421219941672981268 0.01808020783087682659129 0.03384187968507493954329
0.01183833143342727031722 0.02660981279516360167858 0.03236873141204706094687 0.02131471313677754317317 0.0180195437619711622268
0.005835728092228218213955 0.01770859841312594912255 0.02089366406734085440666 0.02687858235922057498213 0.02281867699525671686067
0.02439299604866577639295 0.01780442833165440247312 0.01883750086529074885267 0.02797472884060532224981 0.01161022200680493152158
0.02343537981211461784792 0.02532589532767807669056 0.01077365293341675175909 0.01404603923833402760735 0.01967749222070611786473
0.02190411243181519113099 0.03153629657693456794787 0.01691714804309102718194 0.01590218981501288764147 0.01918944129525283065485
0.03119390044735640549201 0.01631671414678570117274 0.01799913648210959074558 0.01122806433267838945034 0.02950485447962278295897
0.01467555479244699034869 0.0262091298287641175091 0.03172807144862206663039 0.02588610453848793485632 0.01899556174330332622424
0.02234017940819393865937 0.01884905746907737655871 0.02360220116605867002324 0.02522476644837806300514 0.02397942062357074841095
0.0129511811171467948467 0.01960138939154778062179 0.01941023615733204407685 0.01552519792618034001619 0.01934361071273919124858
0.02087507622123866563024 0.02741096473751174211753 0.01966610106254277831606 0.02312679183967292217972 0.01232435236671220943339
0.009773865269783493792133 0.01759315049581408607615 0.009040863994812084816766 0.01504991289876464292952 0.02309950806744911350199
0.0127191637014507138298 0.0148992565562644889432 0.01228004564635271425588 0.02042872000939144339071 0.01999702904926590682488
0.02578361293083039629259 0.0216434055414309843568 0.01833574299148318237362 0.02056566940267500961936 0.02204768565628775767173
0.0198455306955499302668 0.02036198662747870646861 0.02435174541599361905386 0.01690819600184476079185 0.01347449958096265908158
0.01600197284518138640674 0.02208070720437280490267 0.03555319172764643403939 0.01433643916366169300536 0.04256575546846054491912
0.008497403004794125760957 0.006604734168278348846459 0.007256962657152348644685 0.01519488828838394187115 0.01961526743850512677358
0.02043393693166039443154 0.02701155597218174095331 0.02113827934570465180708 0.01427304624780308117682 0.01591707814400396617249
0.01153966332049184001507 0.01409880412064295519825 0.02306655757916972401822 0.01600358617827025639602 0.02437276421343832072397
0.008750925536258457454464 0.02664693011363410135584 0.02638638479323711719116 0.02129072610355055641951 0.01625090054038092965416
0.016041805964433428211 0.01299743358479545606021 0.01199859876260244741231 0.008921334714417876801673 0.01070588202833802453362
0.01342022756080327693107 0.02808049222807389513901 0.01445247033896653217344 0.01895870747188093188851 0.01550000716197607458779
0.02326878104362715971032 0.01807274266829686157343 0.0233711543233130515651 0.01748057027424696971418 0.02473068129704255116441
0.006766698723059469747221 0.01205146936708103785896 0.02304817847625861143568 0.01555446790770882367627 0.03071584772556923068065
0.01455526694021683914437 0.03301941737140860061439 0.01105458540198766582974 0.01060509695984709031824 0.01397737930655976179573
0.02140342037718975451432 0.0221990126733862778996 0.02392969983580676973656 0.01333733587451409706437 0.01037123486714271181075
0.01447200468617572226282 0.02322141928891579415462 0.01537666490416653673756 0.006533730377643117044617 0.02708745573174658680116
0.02014702357946082655893 0.02359489033063115470679 0.01546927971605920743015 0.02184500570264786070696 0.03202383679633188234837
0.01426338454623867456339 0.01645436042357868722252 0.02520285823981139455841 0.0213060859631702334549 0.01706577117071810326121
0.02802465881988816520654 0.01788788183060022879411 0.01968952303498160485984 0.01891546979987573581794 0.02541066156885075921767
0.0234054580005526174924 0.02276238532411119230847 0.0281936355202449147328 0.01411871694422249176593 0.02087520733088042701464
0.01777046129486976530631 0.0152679592165814604493 0.03949180876079363272657 0.01386190751498360060334 0.012321045774927642108
0.02551122678589645004221 0.0263791677846947035524 0.02306353660231357308175 0.01874145492868647608353 0.01353357562106137848557
0.02180234580359251966852 0.02267181764370826413391 0.01798955149279963736109 0.007841561965787518032056 0.01822697775486249727184
0.01939311069936367273869 0.03742316839078586171441 0.00945928528550275468656 0.01236444480935309023217 0.01821750286607919794291
0.01092816952162352535372 0.00979437990844881159469 0.01306424888794122454727 0.01301291838413682483422 0.03232713288842287840952
0.01740582072116404754869 0.02712236732480838297121 0.02142545055000015866153 0.01398579465215224991448 0.01633614481341288254823
0.01406406100620986518446 0.01573569459377353874086 0.01815321321890276534683 0.02608724730416071488359 0.01671313122551948068817
0.01472612763727957144178 0.01897855826312977792214 0.00719987988309449267188 0.01337765027517049711003 0.03123755906133421356152
0.02297020351949915703549 0.01429021103635164102741 0.02229407625726935113231 0.008226273144920472416008 0.01801697022750414767245
0.02197810385443690200935 0.0251262895556478502157 0.01509713088185059455537 0.01707306046314887790216 0.02410301735011369933526
0.0326527130211554730832 0.01427505888623637093915 0.004090678768890120345358 0.01192557083070074942788 0.009061672610476492056852
0.01486132441643120936925 0.01812020980058522828804 0.01948641374341631565814 0.007816114244980822828301 0.02543822329607142718189
0.01977430034625518237568 0.01126202503728119044824 0.0200471037406994914698 0.0132805858296800305407 0.01632034088836118584931
0.02564134798797156403194 0.01324985299229362173401 0.008315502521285924805716 0.01744838896310644746346 0.03188435432039154332484
0.01179006132395948522329 0.02789126185043872691027 0.0132916484692193245104 0.0232548685319128763116 0.015712675356185163561
0.02349587792662690202694 0.01867886251026423805044 0.02199912459284658269865 0.02292006013894268973141 0.01463841371525621826155
0.02064715178078112625681 0.01657253446559709894603 0.0156685496629951799552 0.009466580280416327791704 0.01027032911479518022257
0.01635445349348492449781 0.01781795241331345786007 0.009710395114063597246656 0.009328210985075163774738 0.01988328528621424728939
0.01197793950175549473891 0.02508920942654052285703 0.01019403525543351174409 0.02457625038433867634136 0.02451854565582323869366
0.01021870620861240787358 0.02248125464265740558467 0.0167320432049242531769 0.01303718529517344619506 0.01389011886824745994895
0.01331455258495201597613 0.0194994902805560726966 0.01105238208982141714931 0.02065030521476938357717 0.0247037843260706560522
0.0244064788994187292781 0.03428146225308772998552 0.01358913122244843202369 0.02304592894209513131987 0.01461081424540410129975
0.01548117251010739346684 0.01241298768116780824877 0.00853332877546996229623 0.02753480603554053079973 0.02325210113460195876511
0.01848926736341148513443 0.0215674184843605253048 0.005450969739845833855751 0.007631562436560514021966
