NaN NaN NaN NaN NaN
NaN NaN NaN NaN 4.959466314874507730792
5.041728047036770021805 4.909581639638493477662 4.972325178219925589929 5.052663307536023218347 5.078227269015425093812
5.057940712529754634375 5.016960773401122786197 5.017825324536717701562 4.904861682370568409794 5.052649061914405770324
4.924807240777257177911 4.938753350093022298495 4.965637907549164786758 4.898409580049200684471 4.922008130972909789591
4.884764067452405100767 4.857122480491333327279 4.931167112719018419398 4.874977181917544477585 4.885851354358956122326
4.936474706402860235244 4.917968010428371172793 4.980086331315671799302 4.927790183549238811622 4.976463478854585176236
4.925696678641743986304 4.962198993658989643052 4.96328960123371842883 4.96675851900378972914 4.912693814576211792655
4.964232426073203363615 4.952358902296803755405 5.041818736814642321065 5.034763653761267221398 4.923218065944365839925
4.905147147982470201555 5.010010893272522913833 5.012878300834118228124 4.946560300979510493846 4.912392727312872686696
4.951467602131166323431 4.965246161856829765213 4.95104466338756932231 5.024323376938450103069 5.021987045984301900603
4.876292584961295695223 5.017947582996246325138 4.958960846757118012818 4.967611780352657824267 5.040654446388404430479
4.973835247157692762698 4.991240527261192383435 5.010512521893963899799 5.11753269109404129722 5.015785827176792999182
5.022600613787697731993 NaN NaN NaN NaN
NaN NaN NaN NaN NaN
NaN 4.78828617818982493759 4.834632703296288802619 4.835028535426686424614 4.782917837499975455273
4.827327840689492610693 4.897257887241301510528 4.891246691798093237935 4.845858843928381176624 4.919995920634052666287
4.878826533789643704608 4.888300986119283209064 4.800319530166214043732 4.928160004719154052566 4.869121293210154632902
4.880441415918892467118 4.872386754211142978477 4.888548983877099907147 4.89733974263143956307 4.962166242523199599646
4.976750968601841407235 4.918450596455145706898 5.049160399167199386739 5.001742116864607012872 4.968057506623149599534
5.052052080535542444295 5.000120466004768893242 4.944382065519543623111 4.992557917411956758258 5.040862295558246941596
5.013134678148690959176 4.921036296150546718309 4.923322799362833457337 4.97623308330866809257 5.073781841612347243142
5.000312466019496859815 4.953758543240462053348 4.954164810431417542702 4.993969488165010517378 4.939705326344959068763
4.99312120690087546393 5.012629344618600768513 4.997646312094412124338 5.017671859969556891201 4.955027902380776616553
4.90629028116925258729 5.038771105320374310566 4.90977989164817696377 4.900844735138181640366 4.933178129085455054792
4.915175730067953274727 4.900458621246817081385 4.943717703388584183699 4.994411255736746824141 4.993406337452697130175
5.013409898553685906109 NaN NaN NaN NaN
NaN NaN NaN NaN NaN
NaN 5.02402018947695605533 5.086014506757940090154 5.022753673972737864517 4.996460854496236336786
4.992795534939531876262 4.92952364869449066731 5.011151336945346201901 4.894953135919690723199 4.994776253251817621504
4.983452605705304350181 4.997130475050933995362 4.957423127673624030365 4.971442624496175355375 5.051403379623786271679
4.954703582150727037003 4.969956971523582289763 5.020362378849500650801 4.900982908735665333211 4.990164527047448395081
4.9648856977471407248 4.933446681704020342352 4.876721073195989575311 4.982396774996349364528 4.95683997029295664305
4.87883863170016152111 4.905336231733942398137 4.95191823330904679068 4.937469794233996900346 4.992606074131828997054
4.892747550728126171293 5.018614407983932323987 4.952418778293814938252 4.930091328793208660386 5.010386860732130465124
5.042698021958297971423 4.95814273718060860574 4.978660618548324201527 4.897813092895484388123 4.961266539868363523169
4.922644378903977546713 4.957690284335462216347 4.969721257218370880082 4.928785655530618647902 4.872566899216923097526
5.016568176707897563915 4.96097107888736399417 4.946303591195615467768 4.996790496067237796751 4.974765221622833522019
4.929804945647810576759 4.891197521208937359916 4.887964809417209011144 4.894303407292591501232 4.910020682102707922922
4.929696858323502794974 4.879885873240048077548 4.912773489118718472923 NaN NaN
NaN NaN NaN NaN NaN
NaN NaN NaN 4.820872508836039571634 4.834543695175245403561
4.845918339855512790848 4.878050153102341468525 4.855044061749869577227 4.848623666724794389893 4.941213731717184920456
4.902353146703788411287 4.969321234692466227045 4.950316761297041345813 4.923799039914990238742 4.9701078903510449436
5.042684982742667187949 4.981665104060519766449 4.977819911638997396608 4.92745979397936650912 4.917802337894047859379
4.918684250958568426881 4.94038931244682455457 4.877420210957738255786 4.958208877335550823773 5.038005187793396011386
4.959953556539619334842 4.908366720626257340143 4.961131106609454555212 4.920835008856840886438 5.088436487479569336756
5.034925506525147476111 4.897040786155450575734 4.971136276123071517929 4.91533037798547400854 4.994320859880807539355
4.944578131485328320593 4.969585958183475149497 5.098640068547875436877 4.957199660099569804572 4.977183373142544553502
5.077892067152697030963 5.070240861977183044473 4.950735630132807152393 4.963560428522059808643 4.894789949298951725609
5.043339046122844671061 5.040176706825513441856 4.873841918763835323603 4.939698469590814156049 4.912097243736122997859
4.910120207316967189115 4.885112746165044761426 4.865781719906914659646 5.019320770465260928006 4.947496320955940163344
4.870538495875862849971 4.93789084704105274426 NaN NaN NaN
NaN NaN NaN NaN NaN
NaN NaN 5.039598768198318978762 4.898560026429100489054 4.91844307338860087242
4.763281398486908457812 4.823281760242978499775 4.891974102549587755107 4.879194103588175401853 4.906571510634157640141
4.954671012127780826972 4.972851969760058388204 5.04234457241961919749 4.852726674998689482265 4.876723246710861658926
4.882505769124697359018 4.923927802086916827307 4.883017449478165517007 5.012606250611888469848 4.88108644729497775927
4.968963364607116517391 5.003686873906800336442 5.021978960208614672922 4.973626319170554310745 5.032075274324856906105
4.908182261942154234191 4.953906338665730935134 4.915187804460518172789 5.005355544616538310265 4.97489034812244135253
4.999503818113930186939 4.904927481437411529441 4.992610585015103019657 4.968731589279371085865 4.944789159478959028604
4.999482558714666069477 4.875279838902755180641 4.981115640445064940423 4.917051123231845011219 4.941652471912298949519
5.077925839385456718844 4.868420552908852450003 4.874162419656025591053 5.064188842008701563202 4.895805436430699764117
5.028529230990613996255 5.030290152362584699119 4.911989093026304153966 5.023595179481409545019 4.962776523368449765883
4.96625771206195132379 4.920902842488128037246 5.005330946591357133002 4.926089698246557624373 4.940416249462812103843
4.886528400551682693731 4.917268219789064254144 4.838321195244020600512 4.911480037814591526057 NaN
NaN NaN NaN NaN NaN
NaN NaN NaN NaN 4.972847719744220462701
5.031423153767001110737 4.893900138364013940873 5.056210234930646585383 4.995153548900338691396 4.97836720297857304729
5.010578439841698816792 4.992842841880057669357 4.889590118421307529673 5.030851093780758453988 4.932429374766734930802
4.968893109309085787118 4.971760120006681660243 4.948744786134034789882 4.98412022995618642085 4.998322953829931414305
4.900849531040022633022 4.932124791985441625286 4.998915748840343731274 5.036294777729570348868 4.889010112009698261204
5.016787661837357248373 4.897325728463839844551 4.874538675220280836697 4.866576530224684837833 4.93821180991403796412
5.083122192171246389591 5.059408830768904685726 5.178369709516920771364 5.043471433925525104769 5.016810158591805901551
5.047189340829609349726 4.957941855154725629973 5.046912717492756605964 4.965579872029279862033 5.08372798697142957991
4.965820441922963013326 4.954381679547997130442 4.902764112433379395384 4.892008180749624735029 4.962027388664965066312
4.985197406683852250353 5.1071759513078909265 4.975201571304586956046 4.909796582521162022772 5.021349877560742136495
5.041194230584757463021 4.987240244738105232614 4.976913111844527115579 4.992874937165233895087 5.03980879515377289124
5.091953594971069918529 5.001786404294096932688 5.123992677910601756253 5.071138635763175805948 4.929926616489629154216
5.09666945346697897179 NaN NaN NaN NaN
NaN NaN NaN NaN NaN
NaN 4.705918071377459988014 4.783503231137282263319 4.74960143715998128755 4.742115846919753963107
4.864909466372680846291 4.870480550954893850246 4.929377871593791482496 4.96618080226342506478 4.983435646500626425848
5.034504823322587085954 4.947947334759460247255 4.861799139086939725019 4.960051931727318397236 4.966126378767222959709
4.985245488713777817225 4.948601123727998540858 4.91922136682296340382 4.953405958090987937226 4.975961709238721830673
4.959366967018920213661 4.924473151571506335245 4.954020682641453454664 4.927485984142099262328 5.000850386092462684928
4.913565088762873678263 5.0025375375012037793 4.983690728776569045522 5.004903009489033216539 5.053784271590305188226
5.092688321040228949244 5.004122272739032872835 5.051630462664845389043 4.896264582472498183563 5.016363909306361890117
5.049410499156114617847 4.930685030255318679338 5.007799921444600954601 5.042948146313609214531 5.043189689621009996756
4.954985432527602817743 4.980746238647490997664 5.020544237773860274388 5.057167624442175046795 5.071912236777449400904
5.048676263974794409251 5.005378097866405973093 5.01752400437815371248 5.052507740894311538682 4.98222502109975895479
5.052702406326196715725 5.015282343605496073735 5.06214052689343052549 4.919653477452310852414 5.031924610384790774731
5.008754330467239057612 5.048041363494712996385 5.003898413006166556727 NaN NaN
NaN NaN NaN NaN NaN
NaN NaN NaN 5.004180933365672601099 5.012373873506002830425
5.009403873695804421118 5.011679791766162850308 4.98359008327310437636 4.936779539971512420493 4.973839029041189796487
5.030229321999768465901 5.030812318550022865793 5.068104993494874754845 5.051216666373115948829 5.069533914072152924746
5.025707781538343965622 5.101919869247866223816 5.075679286845803162009 5.019570632012894328966 4.974308584994978410521
4.990097995201251634967 4.955813231256104955946 4.934553702852417345071 4.982939680215267230778 5.052053756381637228401
5.030009164724613235364 4.901584839300213047864 5.051333780354836378024 4.979715877853808869702 4.918138934392670691409
5.001763665853987461674 5.015190719214667858239 4.953878270174845610541 4.908487454002605332448 4.942327521520287092471
5.03192619868020241114 4.958271068263423231315 4.929368989438426496008 4.967545977570750004304 4.918907830162176253452
4.927649503348490611643 5.015997049096863946716 5.050121655602766601589 5.02247324343528056545 5.054339594268113522446
5.092501263285915236168 5.090602212360630041132 4.959911531316720356699 5.115764336038469473067 5.108863841736287270123
5.056752316515157552601 4.896401841820534173166 4.950911978025411386284 4.887493473987477798914 4.961681686711022720715
4.88151875942896662508 NaN NaN NaN NaN
NaN NaN NaN NaN NaN
NaN 4.973115634287098352218 4.977075135441004327674 4.993029199335282442007 4.917476722146834511307
4.94793917750781542253 4.994270922382276545193 5.02584417076875489272 4.881445685466872852487 4.946946510229100368861
4.989654779735522183159 4.937883463408931916661 4.915334244378185779567 5.022320868629363666003 5.00486501295845798154
5.017976074776641759456 4.931187483910184354841 4.958480659824552105874 5.036338040842849750334 5.034928377287462453182
4.926449088779457419207 4.980309660952584316362 4.974913913982082824816 4.934604965031756940164 4.955417230828309094193
5.093146173900089834774 4.971555355660604469392 4.92670928402302177318 5.034090315698185769122 5.03358254277888583772
5.068456706868361472118 4.957989432300799137465 4.952658955530987228144 4.989497752027845400846 4.893624148373870497153
4.900903538135195525172 4.990612873796298920581 5.016377931029250447637 4.859063369592444558975 4.967730874798009566007
4.943205342706942673203 4.916228246786165101412 4.966876336472966002589 4.997633443077519999065 4.979566933900453129525
4.978356926130510728967 4.92107049802814877637 4.966252328069074906125 5.039767976080479883194 4.962355422747227073899
5.148169182403481869414 5.132240847125640215154 4.980534176820800240648 4.979769848361781825474 5.083092333845921295676
5.013639611937823481469 5.033328594140975553728 4.990707079787770616974 NaN NaN
NaN NaN NaN NaN NaN
NaN NaN NaN 5.003677202474078100636 4.985005314328973646809
4.927442430410930107598 4.965173320266128342837 4.992904371615441760923 4.983332972594982201997 4.997326605040613323183
4.982271506281883866052 4.974956618618374903917 4.935946111603918495803 4.951736641538987626632 4.938595036427423146108
4.965071837767109919071 5.05544123467516648418 5.065654352059516973839 5.012082744633495678954 5.000400343804961345029
5.049350617676405583722 4.873380006019274901519 4.903490740229458744182 4.960740495651452697246 5.010797948327130768575
4.973744444936454733863 5.001612182144145712925 5.010269980810988066366 4.935155602474595504248 4.952879153898756214858
4.90829818579871535178 4.970731047238184707737 4.995613390698506961485 5.00270629300766245251 4.996767623951594572418
5.084132772878207084943 5.038230668733024053552 5.076479937747413018201 4.965266757031317368387 4.99290868484657046622
4.95607938016681437432 5.024744049843345550244 4.984043566339516395658 4.970582020671532319511 4.99442879105509707216
5.017179573333672593094 5.010245526035538965459 4.918238134793550209167 4.981033960550941941392 4.925429628389170311209
4.925683641466182649538 5.01405631776887794615 5.069294631519783322915 4.938083101899951365965 4.983301696994383078732
4.933922426265901606257 4.953365482057684232586 5.007040056601729460795 4.943512717544773060752 4.993804348597164377566
NaN NaN NaN NaN NaN
NaN NaN NaN NaN NaN
4.777673232987399210003 4.742289958371242342139 4.75339779550593011237 4.755512882990789336191 4.718213246346215861138
4.737746877590282679193 4.765540721708700466763 4.806704487650100610097 4.839134408189419644941 4.782772064896930075406
4.806849558349415296732 4.858813593393960239553 4.851465515035030762192 4.842616455751161730348 4.85053044591256643514
4.789964939568714719087 4.862131681309234565447 4.851637456747809551416 4.890290702688457002978 4.905822269235323496162
4.955024242245491095105 4.88974175821786616325 4.889005095398696987274 4.960145781323642921734 4.942998469065090105801
4.925723098701645596975 4.965079048762604863043 4.875530467898192554799 4.842961164006853280739 4.829787177943541287561
4.823820493950278454065 4.903477173029566316131 4.966779070251549299542 4.942005041159700517994 4.973150683364662150154
4.919191716776969869329 4.874208320085966938962 4.994227212096738810487 4.969170385338948392473 4.981294636112910900749
4.953627576882467131725 4.957807895807825993018 4.959407504553563938998 4.902240174677854334107 4.937695567930208362384
5.004956233091179207406 4.990489270306743385675 4.93875201574417665995 4.90490431587342801123 4.972090002447090206772
4.995988646379566411326 4.968245844932947186123 4.959697850959117637615 4.897576344492329702973 4.933541641461010485159
NaN NaN NaN NaN NaN
NaN NaN NaN NaN NaN
4.910374945656570844221 4.931630032243541350567 4.904969111994419428413 4.994733916593946609908 4.967241301337333325705
4.956442920996217083029 5.042266975903020309602 5.059575214115251462488 5.0433040972846479022 4.939312401840055599678
5.010622907966741479413 5.071118526987714147936 4.966348341666566135189 4.962085040079084130582 4.995716495836235004901
5.145877551223303925099 5.029057293787836613319 4.936710510843222543542 5.054684856608867349337 4.986608333537797754786
4.929220595509974600645 5.063889161135885608189 5.022412231408943661393 4.933622804344079959549 4.947173543202749712577
4.990210015533633303164 5.093197855110174643301 4.939173793547634971901 4.93577746583716603368 5.016841989811836377555
4.96277682201474501511 5.040198040401078216632 4.945215190887234157913 5.007763977429105395345 4.925661004471672654859
5.11467753182514339727 5.087466672896824526617 4.973138933141199480303 4.948007260392429884632 5.000977777695267967317
5.067808787547923188299 NaN NaN NaN NaN
NaN NaN NaN NaN NaN
NaN NaN NaN NaN NaN
NaN
