-0.08939027087102469071311 0.1743386118495998948763 -0.0386435116150537702473 -0.005619789536517242993507 0.2499610601017761002396
0.04341210713085646294429 0.1995673128661891171376 0.08745415021115666986962 -0.1042300637413081793037 0.09210716429917244207903
-0.06693285135023724352621 0.1539717290387651316141 0.09919855638535950148604 0.04306273636205948385225 0.1112398867440451827315
0.1196429243365977612701 0.1751386479812503671472 0.1861763166472359953829 -0.06466025073731161698642 0.1049033556611988216023
0.2469917383299369828542 0.08134530132258206702733 0.06345725962416499943419 0.0670923917287572224577 0.09004682473438935241816
0.01305368585235038188241 0.1522490107732331066082 0.1704238977198905824473 0.1789188002559201073893 0.1767145245690224242274
0.1818209452759172450875 0.1810835483094377917901 0.1005117333562484810416 0.1380069159716813820271 0.1063829703111924956938
0.1949215425391319922444 0.1294293444616194665997 0.1983822749804902418891 0.1733921838826077976847 0.2155319403920007981235
0.1441064377740846058629 0.05746413242035824930909 0.1340368789078112132795 0.02226086554116068691456 0.03654638062693443822937
0.0526788735813820546694 -0.02242133738966979941698 0.1360858168740240736749 0.1831261341388321084445 0.1753684760859507141273
0.2476657506887758597447 0.1334528147523562635612 0.1456381957974427487912 0.2017495474415090528364 0.1220590312128260468416
0.21139793149612073897 0.1566156622249765262289 0.1116054126309421329344 0.2715480553504336924675 0.1691150486965653232385
0.2114766594458695192493 0.2049361592694598777076 0.2328696564867817897504 0.2083461501511601476899 0.2094253769835130729593
0.188352432589793533646 0.2602585340669276159353 0.2631498544985731991019 0.2511801393753886335602 0.1184542068639886924775
0.2593278237860618395949 0.3107539289434116391853 0.1084962143205999984819 0.2059952839109444322485 0.2003910855396813794904
0.2138899834020563939241 0.2146784673993419045868 0.0934876624577076903444 0.2763696748147401738294 0.1332793292870117218829
0.1700005857190069746832 0.2224821708239095030546 0.1606068937032738563886 0.06904662220808212291789 0.1924972309971061112943
0.232341692115869358215 0.1854309796917228414515 0.2277792293361816655661 0.2054675079705363116567 0.2138744972308576908215
0.2182358895657892094988 0.1961357924692434806513 0.2104117090473943685325 0.1657621949421761164967 0.1393582958575022567871
0.1659312103933481830076 0.2683453034199190234688 0.2450787075133680215089 0.2715604953257325093752 0.2512209143676177869331
0.2425658309009222357577 0.1998619449837164274708 0.2243345237112965850912 0.2524774320331910626436 0.2082667663167702409854
0.1803001381716798356969 0.2009508225226041278066 0.1904507827582943291223 0.2200362589232037757725 0.2288116480358637350179
0.2670478435314859178007 0.2777561781418642627983 0.2202937029139234725861 0.2112930278312400989016 0.2726179340822607599648
0.2595577107581207298992 0.1974188540561834237508 0.1927023339134654178473 0.3001466170199748595415 0.2407243711436614919119
0.2926037143854652855524 0.2509393936833794747088 0.2409413372567471289809 0.2827833226246352915645 0.3031412878442614755592
0.27626944225229205232 0.1758903337409686851167 0.1372208552741611409242 0.2977665824796851268275 0.1927224221054414932119
0.3080194622936133774793 0.2580779261534908441966 0.2867874183080506567123 0.2930110076378226180438 0.3088872501565567141313
0.2328630748462604260762 0.2518649105047792713385 0.254744927415294031281 0.195647742208112013218 0.2950035785161512769115
0.3006006908903731678073 0.2581214841040839202968 0.2792609943361155089292 0.2466897028980887807137 0.3051698327002392852059
0.2819170301713615489625 0.2820626684323694344236 0.2773790573630194322696 0.217754425456529232541 0.2884429169816664639825
0.2604610794710308652178 0.2671975687287079792576 0.2082478126095354264979 0.1611228037055812689626 0.3045750766732949754712
0.2962005744220997383032 0.3095221341566502526454 0.2725222698906051843615 0.2263150993658964438282 0.3090593233316261123633
0.1926446012382645178729 0.2100044685097074703695 0.2316098794216902567733 0.3154842697906008464059 0.2474300867126014435993
0.2855322955852806487975 0.355224231476336860247 0.320840614658536693593 0.2894735992781337641233 0.3033569560426442324186
0.2658844619252084817695 0.2343616896398765248044 0.3389069052665457104645 0.3369822345122425732988 0.307232249027543091735
0.2999291449581950042003 0.3053101718584846913096 0.3162662016652476593137 0.3069304171535937597604 0.2678409341612430494273
0.2516478424769982846776 0.2970723236226838759322 0.3188640844205090085772 0.3384629394092210641354 0.2772448686667425277186
0.2553035570465500558868 0.2857662195243200753403 0.3111197217505490830725 0.2084294495989668372093 0.2678138841514761669949
0.3029238132361390944958 0.2428997196771779942814 0.3194227503557661163036 0.2141262499308784206242 0.321617455855362943673
0.2795539985113116299154 0.2520610119852973451948 0.2441938688696219939001 0.3400131303929656567675 0.297255713459466275328
0.249117543122546192258 0.3367585842125987993789 0.2796137669282015014716 0.2998801707857720599826 0.1934327973061281402689
0.2996371349791482341374 0.2710144478154314362506 0.3171802658317076084593 0.3216602023144857214199 0.2736659720567595766028
0.3061196568368969583851 0.3190922684693263677858 0.3060850613460656677312 0.316056913147764073635 0.232025116481786058964
0.2918581681345824851981 0.2520895484498036354104 0.3155138427445404181171 0.2929133759350929233634 0.3069571199283178120076
0.2848869385893090799833 0.2573676614899355619137 0.3004067263164381107465 0.3205323811982581094782 0.3456982245933601372023
0.2629574472678898877653 0.3051383640464875868226 0.338347167704822704426 0.2717797086689277552551 0.3001952628243669818353
0.29656239118403154853 0.2706231889368154730491 0.3270074942981555099486 0.2867601394066934261673 0.3049644431982945214088
0.2715516697472937224234 0.3081626431665650533986 0.3287448710611066138298 0.3049936442153796112287 0.2764134606784482417474
0.3543357791233361364647 0.2941690621593555654556 0.2876848590041592435007 0.3118292171029805603943 0.3124543675169715317708
0.3042284258894926152195 0.2164197577324327437243 0.2900057558916125932669 0.2870203309325726204193 0.3255990047665138220623
0.3390595536683649879883 0.3080484024720054891944 0.3182043330037399586629 0.2846056004037310627197 0.2761117827366212362783
0.3164835447831695347531 0.2737645393906979474075 0.2977700444460249507017 0.3441678222884452797992 0.3509047607352304143369
0.3148225081279062975703 0.2839314696774553614667 0.3243468769227514370002 0.2933754173835683154437 0.2848841103213501924074
0.2927302750913762796614 0.3362488574961672305186 0.3049823048264477254321 0.2820840616087763597086 0.3085641043849334796967
0.3166696320543614384668 0.3365651619170075825593 0.2723598483420994753601 0.3179428884185217518699 0.2748282421000276531942
0.3153690965011476943225 0.3384025032268396238067 0.3152980721168407995947 0.3219630157746764531623 0.3089035254031801680519
0.2646870433241154674242 0.324212131188446606167 0.3020167149622264290976 0.356434321950266530532 0.3509743631976435795927
0.3614120891284878234195 0.3413053723792967564243 0.3113027952977127643663 0.2775655479903381683826 0.3168034765298651800336
0.2938590739549596930758 0.3425149387549066837266 0.320150645226778163277 0.2626445705502396532616 0.2930776878820742781251
0.3837682024788578449837 0.3566236935321152046185 0.2856736199991992686265 0.3247571199401639852056 0.3324032068028256459158
0.2888554052556104312366 0.3835058890957903088292 0.3232412758081680825839 0.3516248624483053197842 0.3062218756259951768506
0.3234492905318749333965 0.3096284198032095424935 0.2689962120043129512048 0.316107633625583583914 0.3700308966537732557889
0.2954044701247852677817 0.3231944693025266546194 0.3483241467771931443309 0.3324531989953301569507 0.3389577583805790106375
0.3451287774319234391562 0.3422402680801117647036 0.2982076654525841474808 0.2703585644260181886089 0.2880537355112069985985
0.2540432848946557742309 0.3321878310992473215535 0.3467265135304316570064 0.2812425463385734847321 0.3411093015514417570166
0.2921697813442655222715 0.3415062177782506869228 0.371797991189626197972 0.2764554904309197702617 0.3082059356083828305373
0.3359985492837667120369 0.324609536831191702877 0.3030151298209560750685 0.3102879326913804969301 0.336537006055050103015
0.3345901472166731838165 0.2885024839330636026169 0.2665345054533921897999 0.327467665617781844567 0.3516127822725498286438
0.3207622269780003865236 0.3576740949242847578127 0.3019268954364649482081 0.3429008587085040082876 0.303989740756415549594
0.3102766145799037977859 0.3865445888812741870311 0.3164377596834779815538 0.3164612999316521735338 0.3065161395451669323897
0.2670889698915085430642 0.3168313312696590666739 0.3646698056761034645312 0.3073741520505730573376 0.382408823598871183691
0.3375857224534715705921 0.3371598402953704387564 0.3615467633617962528447 0.3377931411704132025342 0.3341681479861163817091
0.3462499899862872543288 0.3649969531471771722053 0.3122949832829732819128 0.3083393301878765702106 0.3327118529227534593495
0.3371656453463658942304 0.3419143474809178684382 0.3161041536804196083743 0.3447921806727485272148 0.3065711572177183819043
0.2938679581855830891257 0.3685149531815528067824 0.3560802370285127693705 0.3330329121912193324206 0.2707432539720860398269
0.3393697366263066506065 0.321622743772806862772 0.3420176599905658254563 0.3677388339576200260161 0.345540897651568090776
0.3342512432355025375763 0.2919761736239456229036 0.3339332835885603922854 0.3806218216926862685234 0.3362742990453014280128
0.3191820948039876815194 0.3252356254050451922488 0.2956866688455643266131 0.3370265252993885352062 0.2627014234882431020779
0.3148977846478363540328 0.3430026502279771571935 0.2933743107602562738556 0.3231428999395815626627 0.3409172122275059835239
0.3820526542881671483443 0.3422301179157078987458 0.348905548369399354236 0.332633576926391894002 0.3254751569907787800418
0.3923421179805561820331 0.3517727250226378998832 0.34189261767972872752 0.348249467317770455832 0.3511292606535607596641
0.3653844801522123653115 0.3174856558470500189628 0.3530987217076435036311 0.3640853212810640227026 0.3527642148040225356098
0.3330902347354135484281 0.2920824925629651458436 0.3449302625936507271653 0.3603550716126009967333 0.3368639036040722567478
0.379857898499420809646 0.3560686243287144447933 0.350665490270169355469 0.3630553494433868544355 0.3431016776485924513196
0.3524046093918432598358 0.3395557604359061287802 0.362395918623009627435 0.3226321378827665675715 0.3401820006335145585297
0.3541116604357897323929 0.3641938618205012856421 0.3849401322744685494115 0.293716339237715673427 0.3452397774966326493562
0.321709958319262412374 0.3466267442634278217461 0.3767412610752041146611 0.3302082046291661687754 0.3273958553351937750264
0.320208612949813731241 0.3299484411397120009468 0.3113652871449485437516 0.3338939012959107888179 0.3437220674302542966494
0.304957719943107941063 0.351643525599978634677 0.3430142013032744796597 0.3478848006476528142983 0.3200658798656215164868
0.297968830469934164995 0.3387948532046954341901 0.3495737227606216523945 0.3519848734298773318407 0.3148380713310622303069
0.3570693714788276129646 0.3298229741351733634858 0.3524546147464568401908 0.2833988097630381064462 0.3204416219455780701075
0.3397807017191822875901 0.3259171342301795393226 0.3150851439421816779785 0.3043735254833371817185 0.3556961901588602814606
0.3148970305535522817841 0.365735484529269239129 0.3683721349020426805154 0.3418574239049374519084 0.3523360698142545266442
0.2935166483530553538372 0.330676511215497792584 0.3556464314491090128456 0.3328043982674522283105 0.3140652325571818836991
0.3253243892726110919611 0.321431745242612643132 0.3736599142355100933166 0.3607969195010444218852 0.3408574073008305838073
0.3466369112284211628783 0.3601003687708757006192 0.3239585784667700085748 0.3466686108363089546813 0.3719299516824225992906
0.3340149607871491510558 0.314936566874475132316 0.3152713313621546276089 0.3402537701815612214418 0.3242925557092760646682
0.3339043481166906746083 0.3414218503310738617174 0.3449337244834034255092 0.3440154499775915919457 0.3488338468830343708227
0.3078026977619290338595 0.3404260347975058276226 0.3666904357513769974197 0.2681129226370807527857 0.3239262749214300018963
0.3680565742381546323614 0.3421445089083973156718 0.3841603173320289887904 0.3624994332164558907827 0.307267783265813165805
0.3128258887974038615631 0.2921422976831488660387 0.3586424224504259905544 0.3238308710468147388895 0.3462262661865593282862
0.3683271056503044649233 0.3375081742260270800671 0.3265349088707994451575 0.336086679632718210442 0.3412952996150090401173
0.3552588370417050223082 0.3532997338212288673809 0.3623938606978843735007 0.3656811217706048555698 0.3480717641133314610435
0.3328393552869974847397 0.4069168067966773549848 0.3261940548417904817136 0.3460742747465916924199 0.3539326369592425969302
0.3418718725905481869987 0.3312422472386946092904 0.3360815869590143001311 0.3142323875518310827282 0.3122186542288891697439
0.3670210347359082470042 0.3612085337126023643073 0.3328994532400552652796 0.3632533153304307038667 0.3610621243560725446287
0.3781632503908675668747 0.3865118848220249758718 0.315734074672353481894 0.2683759616164571593089 0.3655310868705602955764
0.3671351225844076693328 0.335739995733703167069 0.3309517790435321238363 0.3353891796837239480666 0.2622933237742750556265
0.3394231153709570958377 0.3529891138809513329022 0.3098040177206688450262 0.3246850153437671471224 0.318187137471940495459
0.3483602065495494670699 0.3230211700174451805445 0.3620850842817148196318 0.321260286674274642138 0.3594315785512911531896
0.3780025085294566600247 0.3349055303022812069003 0.3171162968148177330185 0.3249244566461481631414 0.3501217922427246609374
0.333865888762463924877 0.3096011504985941020784 0.2899450374777566286078 0.322631986979082907574 0.3434071061768295130001
0.3260752677625821105423 0.3669489270277236370177 0.3682038822228728691677 0.3314328212443284904509 0.3534988208266931497548
0.3173906453197798960275 0.3123704496334206437425 0.3418262823714819376164 0.3241370111910528706289 0.326691392542081182615
0.3824684196463994378945 0.3182114366177229980437 0.3188605698004670085943 0.3081253254269315511316 0.3314802672658163085195
0.3470379269735189287083 0.34879538287293471166 0.3408369842658016679593 0.3633067550908367637774 0.3281239565449343698056
0.34745409961009354749 0.3470980064966675548987 0.3401465310450006440668 0.3125476091652508725538 0.343985578817994075429
0.3822910879876524892218 0.3762813429070407389432 0.3364974051648428332584 0.3893795426924062108576 0.3656281755399567456877
0.3408226885255630222993 0.3487753891674321704564 0.2919206613562917440596 0.3424892304283365107587 0.3061820543650911052858
0.3708028607662423037361 0.3311458574620515515896 0.3241822086528987623133 0.3754502416377329399033 0.3370989040263631664196
0.3265961458234846737092 0.3533832812111628030038 0.3729596423014745476543 0.3507782068050512847002 0.3646203379569903368917
0.3054558102917264705845 0.3343290636300692564298 0.3646767332788341531291 0.3640707919329205788372 0.346461780519397466449
0.3497842194046141828245 0.3226123365555416122596 0.3135866790721173469336 0.3767545146219089535755 0.3538578076655545245899
0.3339754987652636675222 0.3836237830168405249509 0.3516990876205258742537 0.3478091160240639467816 0.3669737783368214323332
0.3314472104013267417244 0.3564832811047179972341 0.340035690281627889231 0.3511183606087814879082 0.3499183174980937116594
0.3001826625991287356143 0.3442979380499429642448 0.370312818196649795599 0.2851108296201601000064 0.326122937758615893955
0.3424985913634929213245 0.347618812913387587038 0.3093553048142936856557 0.3120778303680235010731 0.3469581188872756793984
0.359660222596261291983 0.3142942907741936298116 0.3258337107822157907577 0.3388342808886129486901 0.3214560079781446089164
0.308531485677312977689 0.3465061434162708953188 0.3310796639726676926507 0.3388996522932589683386 0.3412837268342514551733
0.3344020521016225488964 0.3656904944149717562318 0.3504485537569053676954 0.3618710148335071985493 0.3156154921319307971039
0.3573631304229153982099 0.3470807514420665707 0.114436029983126186238 0.02183687417872079428172 0.1482737635876639481491
0.1113047757033295975804 0.1922551902151774516625 0.02499208718170969206751 0.1538979210914246942288 -0.1416828949973475415547
0.08854254802706754134967 0.008029037202586889257483 0.1763196643867630530877 -0.06937989647457809549991 0.1551976296551035028326
0.1202456668127889066744 0.06940375490541404734923 0.2308564219438938303064 0.1666724156177788462863 0.1082805901574502849272
0.1904845946385438915094 0.08293313631807153196718 0.2363336615129102147304 0.06954116685791424112839 0.1739896052127652414931
0.181696957524198066114 0.07631748396053791849702 0.1723247363933564924032 0.04794587466841838258036 0.1150362891120716296589
0.03971501259218864626765 0.08951991029369550656458 -0.05886487753033416148174 0.1533515405681165899576 0.1500586478186330952056
0.09477781486262830401568 0.1125347520433384457261 0.06406957026591746096056 0.1455732405779509297528 0.1518046486166036435073
0.02698588791532937833373 0.1172886169232283948283 0.1204404693713929941357 0.138618517399611146379 0.1916617839212184926101
0.1108275953531446256228 0.0677477317440630388834 -0.08269502766559247430855 0.2098360917892962973497 0.1247621726414985393605
0.1561816727747881994315 0.07917293456289017927752 0.2039289893917715645877 0.003447498874991486179226 0.1825070052065804748764
0.2008790268553088398384 0.2471704824196735150732 0.1893121963152108178097 0.1165394003736028305518 0.2720262006014697031553
0.2215265231987270377889 0.1982274413686825054182 0.1747431326601244228058 0.2379413158276508510891 0.2174024212395547772658
0.1574667816565385458638 0.1787111322866469509396 0.1832985422300833777687 0.212958360105011013097 0.2270382838972440642245
0.2312790846091676288943 0.2093352707814787605489 0.1666220754729965947138 0.1288686785674747203867 0.2506869079482917372914
0.2191242470397636588064 0.08749045955017856202041 0.1481330568437409511695 0.2275654669914144168086 0.1861443788534795917844
0.2320230146389629655168 0.2095708237154788322609 0.1090861539803469892895 0.1883643776489335730506 0.1890601421237850243706
0.1285159245150044038386 0.2453978738361403399981 0.203297538048906295538 0.1544316373812348319738 0.1510464923724559316298
0.1778807796626789283767 0.1386329273722381183465 0.1787070413029695492568 0.2392006354342761931253 0.2187069477497129432741
0.2360543775021937962233 0.278226059964800598312 0.2886362054302291646479 0.2508776450553939496579 0.1194835587526395653812
0.2193860926944228573188 0.2094836964577688753764 0.1944422897888224976981 0.1944887786863095935352 0.2097488934094943469066
0.2152576206752953857926 0.1969483882287879350503 0.189645764126386340287 0.2247406897322632990388 0.3244323546317220974267
0.2297046571537901815674 0.2145973946597437287398 0.3030144341107152139436 0.2199924125804233743242 0.1492532237444910980795
0.2178451613801516417723 0.3092658682671560743671 0.2598934187582527255422 0.1736874674763406456446 0.1656234666908342756386
0.1802533313760289745975 0.2776332253261796778609 0.2831284339111048153903 0.256598983158461246834 0.1790277933872143067973
0.1204917599227569996456 0.2424861558532597494153 0.2634009690045464591179 0.2161426790768888883676 0.2410645235938605468462
0.2599780837867553540121 0.2567353664753147524102 0.3010462636945646086595 0.2305163939673752215853 0.2014612143805707689115
0.2357504549321955134022 0.2450623211389496847179 0.2307621415832249722744 0.2656883394973068579503 0.2031666527087407358998
0.2536176621912791806501 0.2252773251346322502808 0.2141314793687169037995 0.2574825659314219361562 0.1751112094718144385208
0.2479434174499858811735 0.1661151141566219180401 0.2645500581675473972254 0.2959011095965390358842 0.2668699870447371336191
0.2945470362320129487088 0.2464442791824990042215 0.2237544500229294575089 0.2721359763526388086952 0.2462579734717160184765
0.1606884143425965361107 0.2816051273628997209109 0.284462369832788997126 0.2512112640963422571794 0.2837735754945867605592
0.2985910453206886971955 0.2672138985936408084321 0.3329999627500526138135 0.2535280784039480872494 0.2152855838447813585645
0.2662113143068253195977 0.2680380702283350902171 0.2450719013550837765969 0.2537257388521630407929 0.2971772911614408707592
0.2823598567523502578247 0.3028878499006482649669 0.3019300213889463124772 0.2866130914124663808806 0.2316840170711023660921
0.2745826549299407171034 0.2178756397164662572674 0.2985251011303575729983 0.249495504318221872353 0.3129040217459282402501
0.2283685270801926736617 0.2878992296611573298293 0.2879580342330145259488 0.2977661141781252074345 0.2933789029318968344384
0.2723737562165577941187 0.2783051312825484679969 0.3188372600068524742589 0.2887812732243172919588 0.3411927119635443927947
0.263033588850215327426 0.2675419340686963076692 0.2371223433648900202897 0.3007376548071487576408 0.2930905500433099719615
0.3167317578527946708711 0.3178212086657126178579 0.2618736464601479907444 0.3352873096213873083116 0.3064738899248774517403
0.2905926797985376452971 0.273094631176938607009 0.3038205394184630425691 0.2621788464484609004757 0.2704991147598941325647
0.3147556556219798795659 0.2877704357973668858328 0.3492396693607210944599 0.3060734221046401137833 0.2999056563103021932903
0.2794737377504072362022 0.3329833650151237112169 0.280633783507248935063 0.213839263077531205326 0.2688602836347321889399
0.2805368239821234288556 0.2872707470688077857623 0.2803859147933550066689 0.3524111513123394656688 0.2533779062050280361795
0.3402634385055943178067 0.2663945740526209027266 0.2872499806521577880858 0.2983600565707524299164 0.3535980616053338021487
0.3217113570509763653682 0.3416201129132882541306 0.2725058149094103931986 0.22008348658421333921 0.3152867847864171957362
0.3757298003161383403992 0.2745856369749985481654 0.3277674534117799853838 0.2667101163460053325771 0.2928984054608179676826
0.3096474131180614874914 0.3311666896406206261894 0.3308189148513999700008 0.3498700454189060393695 0.3190181809009533520083
0.2536526600263728226103 0.3311705748818662975452 0.2978608924672115909615 0.263089188700970533219 0.3318664525042551716183
0.3312912509884652356718 0.3156564387658421511063 0.2855674473091959209015 0.3324733429022518893525 0.3191645986894169340076
0.2889490300679749545942 0.2955033047270707591281 0.2763549650671928148427 0.355390241245332749731 0.3473615205102460468112
0.2898563034818994466058 0.3436136074312787780372 0.3216820983117251731009 0.302533070019827265984 0.3057599533520216628091
0.299345416944323927666 0.3106370163531477768259 0.3370014525615207534592 0.274677664024041146007 0.3196374470247977939152
0.3011778141208550363395 0.3292119430890902975761 0.3679114540265564503585 0.3381549572588019025865 0.2997148756879534636788
0.3423793533062806648815 0.3311735138601662464808 0.3223514871406413795363 0.3061834275436084440436 0.3517475373100057423059
0.3128824148385622172519 0.3161378925531432848572 0.3489096937199092640647 0.2989982041767745291061 0.2916103535520658263103
0.3287029284926731853567 0.295086314505550673104 0.3542914747727761159979 0.2760487608702679729333 0.2752773597836369878777
0.3042630882186558860525 0.3385700003274290104116 0.3661168690132279857075 0.3775494197908064175628 0.3524654728972366757311
0.3544177867215844157656 0.3211779652183431865708 0.3003071742448411018955 0.3402052750982920148459 0.3589498450849001875973
0.3610266264924854584528 0.3416495837006101599087 0.3106377229323744604272 0.3582255862676448909809 0.3014462758113755080913
0.3624035273580915594849 0.3283936006303384003147 0.3259391887407706578372 0.2928377033360431425102 0.3463782686791805343063
0.2916500749143340343039 0.3365588747568537542065 0.3326939793477787787879 0.3381786080505050362532 0.2768434678371908819194
0.3767243380385131290566 0.3608192295868752896837 0.3298340033351104816361 0.295583520714481851055 0.2904593482422389016939
0.3027487103483467723031 0.3105771276559702309683 0.2971105009070181823816 0.3249741255590584132484 0.3146303363354565618693
0.3025523976292858741033 0.3197031967800896268272 0.3730602016946927834695 0.3142885233656586008166 0.3521289904495077394131
0.3319129753350816836033 0.3248901344943461722004 0.3078485940792938246879 0.3007219067646057508725 0.3739106300120092485351
0.3212940864733143664367 0.3576660172280723970495 0.3147701350114761043031 0.3365539617453532916791 0.3128277008371149192634
0.3762218962621792783807 0.3399392855565159243802 0.3659293997961822197951 0.3461070523688953293195 0.2801654318102625440545
0.3268793073870157050997 0.3670739514501234479482 0.3122204859114132702302 0.3710054273341853448009 0.3721723003769131232765
0.3225384125323889628056 0.3261280715338342739429 0.3631895889162899404567 0.3722293807264932530288 0.3501956732066934807612
0.3217277311880311074788 0.3061267206888572123269 0.3087331193440418508622 0.3722526850252601549052 0.3229473970885496925121
0.3334143014939649485306 0.3144584145861847868098 0.3558659909818986943897 0.3219215853003269400823 0.342496074415938989155
0.3207795885048452810828 0.3160952587392352741702 0.3494564161997597007137 0.3367189224023104943129 0.3214756306473639524413
0.3139294553284687760986 0.3470318095217401754837 0.3458963198471645128507 0.3063049919620871031078 0.3646900766420194117678
0.3356591727757159970835 0.3787062050044060490528 0.2730610774245896821277 0.3265403470845109068499 0.3765264388774279269434
0.277825224882910337687 0.3511402881140305298757 0.310487272483740750495 0.3273156655664629655078 0.3208521787954233261964
0.3642600043861925485089 0.342309097290814490222 0.338092420843480734316 0.3590067912204661926268 0.3477699683773442518309
0.3265252711874654933943 0.3039654132292385346759 0.3078489670269642930478 0.3355144718897248856671 0.310746577263514511813
0.3493619386816761429593 0.33119703996249311162 0.3309747377232053477947 0.3219059494964442436071 0.3596221986715262830536
0.3707142957725977350236 0.3616478856816321973966 0.3492719725492535731703 0.3558258615576050387652 0.3053524016465673507348
0.3444865234751627314225 0.396615635304400804273 0.3189412166172747586934 0.3907038572161765088708 0.3267302252506976700808
0.3441496533402808588598 0.328031731071586396542 0.2874653696653408085915 0.3297334262538177407365 0.3389317607812140642487
0.3194200082548143138084 0.3062521778345272394084 0.3271176853822131969096 0.3416534111021576891609 0.3096885433685889754685
0.3427045510909130787702 0.3465446505084391337626 0.3320280144984942838349 0.3678710544305040519575 0.3391685175056685097594
0.3183731237016549364682 0.3656452527917809502966 0.3323461822407979826544 0.3776346314239899526477 0.3437604085865166303471
0.3224419044593229144446 0.3127635708277984871728 0.3367876569317935220305 0.3285337574856601605688 0.3194848023852293050773
0.3902913966464763295683 0.3313413569030371763624 0.3090260377958455872971 0.3547383541415914942618 0.3658317055477746659875
0.3330629589715713434472 0.3154455941352413694823 0.3308159453298768482021 0.3372518765081595759625 0.3609459239683928122311
0.3256162332819144689111 0.3518565554435090780849 0.3323838133191567845159 0.3358774045191043611247 0.3282844817375035750828
0.347383199158727395961 0.333533419765543515112 0.3572373295657126357483 0.336514859820096379206 0.3361307333604842129127
0.3399782915640263136758 0.3440309649176876427568 0.3655213135049062422866 0.32714375101484260977 0.3557056814618106410641
0.3056781739044046597442 0.3422217309561431664022 0.3568203639447466990475 0.3038464118192930052409 0.35946327643361775106
0.304316437089190650056 0.4019020465884788340105 0.3099870507395916519044 0.3483289274885859043707 0.320587768324823885191
0.344361154403663771717 0.3262052157222857240448 0.3655602035954945150387 0.3429453946646156548006 0.3557341456928601597376
0.3367015933614151412812 0.3433751226478319318325 0.3095422886877643997572 0.3235178066541405383916 0.3559571036407079835939
0.3258524024102468774622 0.3573886495410637520465 0.3477820814986298247895 0.3535499858259922856263 0.3486235655508987951734
0.3704488328250172823886 0.3371568023820840642735 0.3336103482070429393502 0.3153438934880404276306 0.3078441155630320391623
0.3441311716414592325464 0.3151628388448098339047 0.3530845667905003204545 0.3778420423427398255889 0.3495426600897025837256
0.3376054426509923489519 0.3260325285480591972487 0.3206326494957644213102 0.3451589350177229897909 0.3668146845850233650488
0.3502452992254228569813 0.3147558612715531389803 0.3393649070802697842453 0.3904014566587795109776 0.3282663615740467055737
0.3615871966457793185157 0.3405629198432424398213 0.3283239391994788869411 0.3426907757033960666426 0.3382819469077090746012
0.3817669359797604689 0.3239712897433855154361 0.3258861625440172549162 0.3571286246166446853856 0.3339400047418543682198
0.3432919155959440749015 0.3406404395760287417971 0.346653516103105407975 0.3303448464870266665372 0.3555414150573179554726
0.3551587796958275977666 0.3642066716958811123384 0.3407453939231577244584 0.3361745016519603890259 0.3744762417576797952634
0.37128328967176588149 0.3207215718464113130004 0.3537755669072683573084 0.3136779044156769447049 0.322633565949756950797
0.3016808178680523977455 0.3374185816429455253562 0.370481097324410979521 0.3834394394093051383621 0.3654319776201180869357
0.3839741886118494540447 0.3268507844179542320973 0.3595522449975856460469 0.3869671229487443575579 0.3354988211076969095714
0.3442179944595821772246 0.3621096596032573611268 0.3178761290082066093277 0.316624690227478633453 0.3228763347334167033154
0.3780299266473453601023 0.3329770818637232676629 0.3417334883895689068289 0.3544565245763411365232 0.3631179437087241335114
0.2945480454216371501985 0.3220432984302118994968 0.3244044412234253216276 0.3640837422533046985329 0.3733133843083837888344
0.3311968961409505474158 0.3489935835021647503318 0.3283576374760729943425 0.3221737241715218469373 0.3896600211794190027348
0.3503093027879690124493 0.3621117729720739752963 0.3509189626137012574247 0.3435484622464157755672 0.3660620461818848148106
0.3221989218669658039396 0.3239930742260633822482 0.3458593280333653874337 0.3684004058350691113155 0.3864611295297002424576
0.3525307759367338755752 0.360381351647513559211 0.3483603819466154494222 0.3381659756511445902305 0.3678191593876384835049
0.3356106592262690924144 0.3715468413172723360915 0.3555192761145021806968 0.3698955090113674737395 0.3417188364938902322976
0.350483393669568044082 0.4095017580161025572139 0.3361261488862439805736 0.370206726040243294662 0.3509487773467613314082
0.385113213149591460116 0.3442918104390899070033 0.3179564103655320717046 0.3447530004889017840597 0.3421759344082144216337
0.3666491156484315006026 0.3393416148341595883764 0.3851408294015483124717 0.3263616351181239383372 0.3610339707756041183195
0.3293721188960989088024 0.337071979945334054829 0.3550689585496790146024 0.349757292936982988607 0.369396069129844961676
0.3206022044968000472842 0.3409749213241096699178 0.3711422030225271506687 0.3371772184291694784974 0.3089696309368818449848
0.3445279110504251840474 0.3429773145173895532167 0.3615289592547273334056 0.3430908489723576981767 0.3431115458748852931059
0.3347688202812789670659 0.3245151277920309551561 0.3308487190335579475331 0.3187072574287484472144 0.3798463483944295449035
0.3298256116231917389747 0.3534729596301462439811 0.3484104824195111138607 0.3477936391411385885775 0.3490748405415375343885
0.364610293858977807524 0.3718277966482756990985 0.3629707791058482957425 0.3110766336371093010449 0.3610390734172800875079
0.3574204172145042379682 0.3620619190901724904208 0.3233923465113545669958 0.3473893101539047845172 0.3511051599738926332073
0.3660711644406155484965 0.3756592181123398765941 0.3147066521335272204496 0.3224820077645581539727 0.3477127887212866919064
0.2887946833778305966156 0.3563462308408955059313 0.3317999937168434887447 0.3230079109147370175492 0.3351368386334640514512
0.3911465854422388477296 0.3723439116923021874328 0.3472562605617559583493 0.3227474487037232386832 0.3885844094281459271123
0.3789833230358679028171 0.3708283783581848291888 0.3763085476912427229657 0.356991825661622352861 0.3215160991706257354039
0.3436712119239927476499 0.3529036518214633266766 0.3396724043319377939198 0.3311208205755539757398 0.3537788180204675669849
0.3508274795769049103633 0.3542494579567015966504 0.3479493482841480855861 0.3239583678741179695315 -0.04044203775119400989801
0.1524350708705583257174 0.08045682849103032163729 -0.08386791605600067700532 0.151496761256886186553 -0.06566641060966268983456
0.1511459113909130735909 0.1998498514653806734653 0.161843207391258903094 0.208571905160039289262 -0.1129896866936251770275
0.1782887574867205449092 0.1968780422149639108831 0.2254123941318522394983 0.1249172849956722147757 0.188809850984710897448
0.07612533881777637512211 -0.01921164339620552025112 0.2328630850594726464653 0.1473330403900648122306 0.1870392310054001805408
0.1737334141791038455427 0.1065127264034315401897 0.1600813043624282894228 0.2330075663757077142346 0.09513264815706784505167
0.195640771729503726295 0.1530365259443328129763 0.1178530391105681446318 0.106771021639487748156 0.2397995262914294489764
0.07300907369475807817683 0.1538758568691872552492 0.1536541991022783715248 0.1932921743104252521039 0.1508066976439866591075
0.109670552885563321599 0.144825230229124884973 0.2125648345909978420565 0.1772304603066547357137 0.2184828817109909504524
0.1229374007409318181328 0.1544691111709150521669 0.02109433031969690924834 0.1950030858619750673277 0.162195116804602829097
0.1602100490888786477051 0.1305560552787639605476 0.179095630777195008454 0.06401381205240055938255 0.163736096651971613225
0.2041977415495895009645 0.2625718248074720428953 0.1847567266776153072083 0.2031873407533558995031 0.1115686822361700858419
0.2266509016062032699779 0.1552048704823837665945 0.255328825784640556229 0.1480898292004470540029 0.2170753269272397145695
0.2061618353875355746929 0.1982010124908890891238 0.2013432546798489541917 0.1285061132310331699635 0.173954186323189929908
0.2698835801911857457114 0.1385507140487874655488 0.1776254627076989944801 0.237571483418265977372 0.1924514939018601156207
0.2575795454006085116738 0.1837501676545016671138 0.2514751874681024346181 0.1989331124513214754668 0.2772880990945015278193
0.2009162817700059777692 0.2124915906365124063093 0.2190480075221580835709 0.2384737312711071866023 0.2282558604365322318941
0.2727861946050369468253 0.2824142175402106769155 0.1795973447511252096831 0.2125244543820609954832 0.1505865242695421102326
0.2103733640329189802376 -0.001105210727735189300477 0.2352224183858077910525 0.2230292575942736388317 0.2540447952994163149931
0.2300158371699351778084 0.1739205598008872755145 0.08036456790676463346479 0.2257795017257814840228 0.2267051633632271578911
0.1902502781329723502424 0.1907679213207812141118 0.2270941105149094640936 0.1411196719116225573032 0.1670643626515587176762
0.2000499534878493190782 0.179505628091865931939 0.2051925714328215188953 0.1864772222785279764956 0.2373396008667325862707
0.1921299571934334537993 0.1703191068614017256166 0.2484163899366182148842 0.2181095008351678909975 0.248005340099054782943
0.276630803685351367438 0.1564175273801417798136 0.3051144342365358919089 0.1945141344912721115268 0.1490849067807374916939
0.2319253221034848766458 0.2070505531637329144079 0.2829914529505707099233 0.2586652875335726520234 0.2353773400122610715002
0.2785183931107796939664 0.3140326861380252077005 0.2599984891123942043478 0.1797919092083850034491 0.2535744555588876902874
0.2685583940578907813368 0.1619784365602384146321 0.2890993297861693678286 0.3107900468364367951857 0.19135980706235636295
0.2458149682921468293095 0.2110903147667462231851 0.2978268534502526154739 0.2356612730305312208845 0.2204486337938243167844
0.2284143888298807434367 0.3001035458550322942983 0.2882341815567541210008 0.2407578705404608554463 0.2296820049201568625374
0.2709505669906411284842 0.2572640423812036503115 0.249868045044708192437 0.3036250908669049786148 0.205381562904388276225
0.1881998637429917464736 0.2937689406340013298369 0.261879534243851352926 0.2110753341463864340977 0.2602798257387815006325
0.304939088960887449975 0.245637107493598211283 0.2592415576932879384131 0.320933537792448264625 0.2978386974109890061868
0.302811711802980831898 0.2840876889443375019617 0.2196856421780689072598 0.2977154510013524379985 0.2923965621906604028801
0.2694135426937528388081 0.2774229086508390174082 0.2127940939397236497221 0.2757975522877371687969 0.2901539944827981054587
0.3025399682529861800084 0.3048928080147957908608 0.2982476131431300858665 0.2971684509786111649809 0.3255969016970896023899
0.2577155849012865429515 0.2963663786824473067583 0.2379543823329449692139 0.3233749318857681021022 0.2303384869397089862453
0.2762598830499310986752 0.2607517584099462437663 0.3135145468114401423598 0.2741807867392942466012 0.3018301395716003754366
0.2595528674761184984021 0.3196218653986057645078 0.3027758592887010435923 0.2785690215768402699936 0.326940216626936841493
0.3761631494059290425902 0.2874599260699874925251 0.3177172761091783259602 0.2285768480311219652545 0.2605578607739284513478
0.2676461821771931592906 0.2165388294424459847409 0.2468833692892523079543 0.2958862874252593533342 0.3106186053963704840619
0.2519588929091721718478 0.2751874760899944982739 0.2576530581940514319506 0.2777894033279302843376 0.268446391619967916764
0.2806689384935933673226 0.2735307298978597589922 0.2332947029814044503926 0.3058039943645400882133 0.2451648335608265782959
0.328997311561956107262 0.2895593828243245848597 0.3143113273051970635308 0.320629188876177528833 0.2727834135378845448194
0.3467139090742780149768 0.2952979740827886834253 0.3089731353376702349678 0.304562648950185588248 0.3214442365755763586499
0.3327269671169845732805 0.2641505626151312013938 0.3350956364525882746896 0.2772006642831693623563 0.3139644882885504473258
0.2970240325792882218892 0.3101626407076897296022 0.2852599596675457482853 0.2744143719341531895139 0.280287916531399172726
0.30078626731093055513 0.3293863672809882459092 0.2921195453756992854721 0.3251314753489901732131 0.3000056116090659141804
0.3169099141348036274834 0.3456399059539514984074 0.2624115132263828975567 0.2889016344074972764133 0.268777804614249771209
0.318391091245151691691 0.3124802561727262339986 0.329028290183250415879 0.3053465807026471412478 0.3380258048417959515497
0.2276908612882307392233 0.3149373863771015580326 0.3212171010862783226969 0.2981577986801161594954 0.2320888987147848026016
0.3791086724170208976936 0.3332021444191859416151 0.3043658492246001379122 0.3364178007912634882359 0.3053446457734788066496
0.3090372931600980366262 0.263124371348715635488 0.2909879713261402378599 0.3462780354557866147047 0.3105892442109183804178
0.3755879382156984691576 0.2731985818522604803071 0.3171957378539894678582 0.2818922686206729588676 0.2880126329449844702069
0.293703783928348227672 0.2980283845877505499722 0.2906551819631947863876 0.3240376913749908327489 0.3595817910959612229149
0.3025578176872814606391 0.2979932543048072202119 0.3140221762383191839163 0.3277325894838864495107 0.3345844971670671741393
0.3221524658055814893665 0.2802051120756013924407 0.2549575663918909884664 0.3024099027366651815107 0.3157842562227747840176
0.3347081143591913998669 0.2897996038316820732739 0.3373152542569480272228 0.3110810028727258313985 0.3203057069127905887029
0.2862020889167863346714 0.2782710216884642373536 0.3332609951879578202849 0.2682065650105501797285 0.2909808285497090807326
0.2790801374705795812048 0.3003615185499184936369 0.3313171313476311330426 0.3269202579222220683697 0.3267399009778530483139
0.3527696665441172885203 0.2812489763551692112387 0.3461793066277454311575 0.2976055653271358902856 0.3185286987829425431329
0.3429398952787775511908 0.3443671022168519058049 0.3141991950877328076963 0.3655331880775501973702 0.3373652953609113658295
0.2766992824721350441308 0.3379886081424530175354 0.3522490450749340418213 0.3210428661158667984488 0.3025385675122645445789
0.2750738426893015176056 0.3599152379444640614814 0.3171360407859680763387 0.3753538738098382010477 0.3439526273698383374011
0.3335065745993008312631 0.3263191826134732576037 0.3391808020332265360963 0.3095969313883595863679 0.3429107290120986806237
0.2848852637551106958824 0.3194020379720344249286 0.3432643158052887666365 0.3156234270540623221279 0.2640096414445873840293
0.3077409979679378015938 0.3374167378900243541295 0.2946939256613075874824 0.3453523596826549302286 0.3108543355657526485736
0.3389769754639399557128 0.3575124066330077621245 0.3273779381301230029244 0.2653303324641864691102 0.3320834883960362970967
0.319882781223692402861 0.3488580229634906104685 0.2932924871504238861775 0.3568165455521773443692 0.3171658940707662854841
0.3235694993252594131583 0.2780588712689809338663 0.3486846687334668737357 0.3315355408869909425995 0.3139957770486920263231
0.3426956699649256754547 0.3058040845265409535259 0.3509205762138405404471 0.3366477128095483606351 0.3366400992236135425451
0.326209196334143136653 0.2990998144640081291001 0.2913907465033780952446 0.3425727550438537050148 0.317266480832461172934
0.332172098173450613956 0.3603519373700612149491 0.3299367331125310220941 0.3373384547628419105614 0.319153793382077721752
0.2974015864920454554898 0.3354126298887789570102 0.3087559249173581488179 0.2968200186719228694798 0.3121130691855936167833
0.3222003971350155815401 0.3350932123327929335055 0.2863137957213893192154 0.3271336539874881155221 0.3447287565401299103129
0.359264315162075298371 0.303796051073961625999 0.3462790795352501116433 0.3175067419081413211401 0.33663244281336429653
0.299762375996639185427 0.3352110180586726495555 0.3577561281516324909191 0.3137622801210513956427 0.2660100587338153355077
0.332572696288129188158 0.2805934795879259091578 0.3648252501277383652578 0.32038809171558907396 0.3582616031368848763528
0.3740121486938173256398 0.3123883699236101874064 0.3790965652611943959016 0.3293549487857780344591 0.3358689632398111912792
0.3669906646403458538863 0.3337452551012991541768 0.2971331666447744046522 0.3652424536034876711987 0.3440793784483353046078
0.3326308807941855127943 0.3513952917010420562427 0.3557132836987176860433 0.320645962547829732614 0.3419147075858772200085
0.3009790418783468424202 0.3154796605765070038885 0.3676166423874319133525 0.3362276259373751519099 0.3549223271301931159627
0.3462693856908873324407 0.3176375947276207645231 0.2872740835176731954981 0.3366662631475407785331 0.3799769682150487826178
0.3687875125040872559268 0.3476058510534271728254 0.3459567024001428681146 0.3760174957790980432293 0.3002395798725670528206
0.3637472524989172617538 0.3385907255124174786154 0.3212357297735674022121 0.3579830595549290950252 0.3829730447309526719657
0.3639329213104181004468 0.3493600681180411005045 0.3371382726761690262762 0.3572267178155515976457 0.314936077216926624267
0.3304637806635943864109 0.3779156182259261753664 0.3027292537067191036115 0.3328875579852226263 0.3663520803441445705673
0.3059393783352773454887 0.37953476430723220858 0.3449201663390984995416 0.3476886755026513120548 0.3194260623866061465925
0.3293175799892429922444 0.3640505136606526082055 0.3309188718892550062911 0.3062044858684406234417 0.4024465696090295252496
0.3764161166625688559328 0.3793142241771829126229 0.3332187050362073743592 0.3859244581321585321199 0.331861887173091063552
0.3494700615293809820017 0.329506185451176991652 0.2859155122244803060028 0.4009328542968570996408 0.3638346310377623682442
0.3518269984360117841327 0.324995846444375346973 0.3313691138969792615576 0.3444032907543700394726 0.3515963366481534846386
0.3469623130326928150957 0.3373181602833776882022 0.3497008684189067406756 0.3267684111966429050256 0.3050112914607757685914
0.3698689269316871586213 0.3285695033777688012222 0.3245424382744659386191 0.3708538415698085510819 0.344034318938218452999
0.3561855631736169924828 0.3508290390102730693656 0.368233042019381395793 0.353450103476042665207 0.3579330451078134300857
0.3223005317532412483672 0.333610251520291223315 0.2999389964233672434268 0.3785587547355250825909 0.3400187996850699279072
0.3561500638301283716558 0.3493440316146503299422 0.3494828521402329468692 0.3070046636502125614321 0.3266345471669859223951
0.3266376387938517700249 0.3498201803627854489243 0.3174222061064376210204 0.3476331198477991546447 0.3092175303814633235966
0.359942129763968443612 0.2763551005543780636486 0.3299948219668686344441 0.3491824373614966225965 0.3778364631531314077328
0.3637760151987268208984 0.3611174656875865696115 0.3345827075181600496201 0.3234307080107630683052 0.3642737432837904187899
0.3272875728791376781501 0.3532184839425416278402 0.3481643704717341525345 0.3046793294823783582181 0.2861804778467867960146
0.3179685424575484642418 0.3010291905880210228119 0.3774875163025481206169 0.3571804476664951488729 0.3343324361918204035149
0.3479215878609567824675 0.3151017074114392801931 0.3661659599297252820627 0.3042860271632564783673 0.3250548570774133283479
0.3521682928603725448724 0.3577417396712428976358 0.3326433165735565022914 0.3791409442259502382555 0.3674646896016837693821
0.3528446896654312547881 0.3567416531270214408167 0.3833867148625765830516 0.3534903103757465192558 0.3655284476887509237386
0.3195312394519520537983 0.3445055732681415183727 0.3666970320471004685103 0.3570233068102287021794 0.3369632908363109913275
0.3779606997894094377877 0.3262424037253821573756 0.3775217761105358893481 0.3516320617702363149348 0.33809479990464036403
0.3329098521709713542904 0.3493685547486584663801 0.333316124331234753253 0.3396036892643347071541 0.3220659271173438864544
0.3307900067013956335593 0.3425938851373385163335 0.3208209586139007529759 0.3564799106449098586857 0.332038545963342257572
0.309421577697214622571 0.2713570025742564895133 0.335214261297866467082 0.3613623081905881773146 0.3563540035631780900083
0.3729657297022591078139 0.3410303657441408065054 0.3698789103039586412258 0.3541129647005711866825 0.3054715585279018097431
0.3291143197622716232154 0.3668747519689790625996 0.3514973519975360116696 0.3350140872031398542319 0.3634881478684900968368
0.3178513406076426406344 0.3247511757303325197199 0.3777708977372771781411 0.3371383856272139878385 0.3364168192188050632296
0.3522334708297304994851 0.3785937209931016234066 0.3081798437601397377961 0.3601908892709476117666 0.3375548404044473316254
0.3385371396618294670411 0.347121850378710128382 0.3470337525932797317907 0.3599990786540615550493 0.3602296475907277861772
0.3577980996879183139825 0.3572289000579708662109 0.3575000638369618122248 0.3425791065103968024985 0.3591119024595897379903
0.356376977561128072125 0.3215672474224163246426 0.3802195984036271236839 0.3569330376785402880735 0.3261230505456517714258
0.3527549138677014695098 0.3448793286593931917139 0.3572899951589830203069 0.3631361470756678255789 0.4027010106276295853256
0.3498410357978706808346 0.3247373503695648588874 0.3201974860232199571186 0.3344875175293458013925 0.341887276229181302778
0.3300513118590778227635 0.3341834743605947011247 0.3584379131384526351312 0.3349532748509116975022 0.3746670294111202337284
0.3695190268489826901366 0.3544663535815335553281 0.343729238275497395172 0.358322171959073454417 0.3654689286761087507749
0.352327024442928127268 0.3286240497935767335136 0.3276318347184316581711 0.3585659894428889771234 0.3405975369406107344794
0.3665538887950594015841 0.36445310174332484765 0.3235538074774991779137 0.3532806916022758203511 0.4081150523742537727934
0.3459805223033227683516 0.3753016176934985126401 0.281999531823405868991 0.3624514871976832197653 0.357590243683565123245
0.3430796469667498627132 0.3024212060723744932567 0.3217537915835634310113 0.3724538954957749559149 0.3757063099576122278123
0.315159021546623119292 0.3600467507906419672992 0.3192597841288165039231 0.3493074446004141297983 0.3487850716473782086702
0.3392375891178778801738 0.3200577240653889043998 0.3838367030091012765958 0.3360487059677442212013 0.3599258537814940539512
0.3789631655535207754859 0.341016184707650549246 0.3412669124569358003463 0.3425241805416240903348 0.3723088509879107776968
0.351661634559226943253 0.3683525990969687691212 0.3604147990503965837128 0.3536697264008150098924 0.3716262242593700859672
0.3656263409853252044357 0.358005135828236675799 0.3562442981758676130433 0.3526310980001987060994 0.3511632441287459438506
0.338077146831340435984 0.3085851170344543481505 0.3318876034727332724472 0.3304929850429531024147 0.3381135801105666360833
0.3453654713442088075581 0.3384444511470497962691 0.3568281737284557664225 0.3634062457190225803316 0.3746837075601477384801
0.3525511519861484477367 0.09757210269559959958663 0.08580541889611519035252 0.1131628253039532600033 -0.006445240638627349437362
0.004814450251484360746024 -0.1204205243875870745551 0.1057962375847783798033 0.06367918881305248413049 -0.01031165553080968383393
-0.1269376733185751393584 0.2053289170601090285473 0.1326124139704602244993 -0.01866211260272440664032 -0.06891234391116132784738
0.06950343831656616289116 0.2150586974361000103251 0.1593688636709202077757 0.1908653991012546624617 0.01358552762863896729018
0.1599262498576637658854 -0.02447970284279713318321 0.177830910504872846678 0.1429740514825286745726 0.1321708185649296818376
0.1509222253925737444735 0.2296495933843092918103 0.1752393604077528421747 0.03876754872052016326345 0.2410693210449628975933
0.03453124345779718523675 0.2628902614989800934353 0.07729448695006649328043 0.04478488485655933437624 0.210973550396790804351
0.006565002690193101793359 0.0787748942823310871475 0.1093667808157079285314 0.159391392355574812445 0.170128200729964262905
0.1103103201508083969218 0.0658521778797440809905 0.005375835439979612453976 0.1285661390284874305845 0.1302569322332019496891
0.2037846287158875668855 0.2163815432915478786935 0.2233107695898412792257 0.1167056342215719855204 0.02585127565335546342973
0.1076206195385143449261 0.01393221166381851568172 0.1948164337047050276297 0.1980987941455485956688 0.1405942339037210830899
0.1450788443899221069611 0.1518517528901312807488 0.19059705684567723738 0.2241373423799615793861 0.1750049573255930135396
0.2043998768572541646638 0.1038066369505902253323 0.1268823273836799936376 0.1116819881139860387576 0.2030641702508186874354
0.2809685037405649787878 0.1371888390028254134378 0.1670726819734179025012 0.2312460678228009658408 0.1786698850569826135803
0.04166608558366166614739 0.1679911432753026512277 0.2203345194044040999959 0.1912500989988289989974 0.09342477041983952845694
0.2469670404311312406076 0.2165324763499139326672 0.2423702901072838922225 0.2353395201130017988511 0.2045653259035422888434
0.2233463117666577013587 0.1767177858635916865016 0.1567812253682553669254 0.230014723692956446488 0.1631111784921817631222
0.2434700779706421014392 0.2225338295757321172008 0.1756222975716156542436 0.2332356532654142056149 0.2371470775291688593001
0.1675335554792985459649 0.2702075915740128619902 0.2969089637065956965856 0.2331352258044291081429 0.2689206164806251520005
0.2511112943995751356496 0.1791076178309453093007 0.2488764291310182341643 0.1285322052798889280734 0.2041867458401542267943
0.2358064693447635140622 0.1791554014900718361236 0.2609715459343812105075 0.2101204635520489139022 0.2446996676134736981023
0.2913899976277982695194 0.1966901218178943866466 0.1580991216267337573509 0.1484944056388219080223 0.2847322087687338409978
0.203577806313300885277 0.2139741491180989219067 0.1825088510547406839279 0.245336714737068750658 0.2525494934841167604667
0.2099455200711641544853 0.2123077631231356787733 0.2148970495092931143333 0.2415743296779189752677 0.2695822009168874489049
0.2161607177082630060205 0.2158251053682344600126 0.2937117584596738439906 0.2552734531973004372674 0.2355893281414827011844
0.1678635223254202057941 0.1968595219296095932826 0.2494287491517507004968 0.2508033792111157289639 0.2582590609586147833987
0.26156680906515100693 0.3355084449514113553725 0.223517201303447404781 0.2616515870158738765738 0.3161855708235578044096
0.225048536336617366338 0.2361541136276431585017 0.3096413443331907378031 0.2479091947875047274863 0.2900379769190309375837
0.2427318239247489850552 0.2457816324258402518321 0.2230942449710602848434 0.2713771759500051561353 0.2675948305625958645315
0.2674634488719583869099 0.1478518482619123330934 0.280501527929248983817 0.2508932562797145937594 0.231021144302561903805
0.2452439533163343621247 0.1891942340351102647134 0.3168385270704301981404 0.2960245051256139015017 0.2544279036101916857682
0.3103887493269271713459 0.2560148755243487062039 0.2990445688881315788876 0.18632417835226802727 0.2426812661384437630474
0.2620425135367845936862 0.1922635581768477874842 0.2183101936407800258699 0.29588306659616192551 0.2702215574055799596209
0.3159198870125020652821 0.3050259663495439310665 0.294782323302775262075 0.318139667942829551528 0.3210884906851467768263
0.2167941999285122600671 0.2720445641068914288674 0.2667461635170492728619 0.2524888834705538709358 0.2329131405652557218477
0.3300169754889296647171 0.2751545423227705344793 0.2827041968013895290035 0.2708055801221179170746 0.2239081628203017648726
0.2936087273776513129064 0.2944113575510209912522 0.2724106372227480532544 0.2731984162648052327782 0.2550992723642749315793
0.2820403269770671017547 0.3157942588573770525961 0.2906775572103887372855 0.2781325180895026227823 0.3093957695817741715416
0.2966199506033158628249 0.3001376798914938692775 0.2623020749115761995895 0.3341200863421268651976 0.3239315505248161475294
0.2936799683965550800124 0.226468679877983442017 0.2409487808771479111503 0.2686749957314345516046 0.2816302359866506010988
0.2375605662117596383887 0.2496395421983236273533 0.1906981023464158486735 0.2711345139313357521793 0.2771458226283423087466
0.2799134715583270205386 0.3228798741162566821039 0.2293411441884223023191 0.2919246466882400303788 0.3194092860632266051013
0.3127732950483637641703 0.3081366746745696216792 0.256449191476209981122 0.3296025207698152770242 0.3102993692389836022372
0.2876948558282609313963 0.2798048554315309965901 0.3039313425675764235301 0.2654157627224871807137 0.2376841706022385369845
0.344429593291966706925 0.3147477234919651700729 0.3113977154509980915797 0.3230767996998599178582 0.2561914065351565961137
0.2783436051948688927382 0.32972197835603450633 0.3038118800832461108286 0.340716677145086466183 0.2905216874955371397782
0.3069383800226390679455 0.3307041301445493575173 0.2368128406303702526703 0.3125698942065255891976 0.3127540620823139883022
0.2921804313365709560024 0.286884353325548235869 0.2512295879935862452648 0.2734071398989437740035 0.3047513951425853684363
0.3039646669614861074216 0.3318935250530432035099 0.3031856148685666552112 0.3309509078061191877929 0.2993375287376595084154
0.306173892690149107576 0.2834656433107041739738 0.3572022815212483881631 0.2990701984068296903629 0.300427957794247579848
0.3321370505562033503821 0.3537148009955266569904 0.3075529870021477818476 0.3153684834209435350338 0.3652053285847409735965
0.2525555321368494476886 0.2778075129319357294833 0.3121595916035691531398 0.3122692256099942054171 0.3591200847718214461679
0.3344139062381153992831 0.2779021419648381452383 0.3578573116144595500643 0.3229878745595278766167 0.339279276792610884339
0.3209879413516006363416 0.3469964906891145339785 0.3427900793355544428742 0.2950473604783711567556 0.2811219658553500422293
0.2931994693783449568159 0.3196970597567767580216 0.3185033740508388944157 0.2909315214857792208925 0.3247513201887530787104
0.3103058999602957279684 0.2970614152830364784741 0.3491679849938384982977 0.3482174656827249914492 0.329766507506251138615
0.298346952548021571161 0.3584090191303347938678 0.3021418198964711532284 0.3074976009188935544003 0.2889503134266812045539
0.3242480498563114488242 0.3347271453885233838399 0.2968378186477616531569 0.3503646316354107059787 0.3075135163772634849799
0.3183074160257623463899 0.3296936659986082762686 0.3306535629845808177407 0.3124529664175241805424 0.3412364099704909281563
0.3295443157447097148882 0.3025167139927272819122 0.288408174524518889914 0.3268563031362225479448 0.3185074988559556952161
0.4188562179035014154671 0.3195175740840797695697 0.3298535639188061585614 0.2232635937648624335772 0.3146105368030601701079
0.2977139132739280436013 0.2986593779565667183817 0.3291202479501554312158 0.3024208181227345804132 0.3386220885805342750707
0.3331512328544738998914 0.3583798942236322004895 0.3371442380128369387116 0.3049210665084274296532 0.3241829011281061045935
0.3043941872915045809833 0.2928122523099842555716 0.2930147110576071245447 0.2981911341352413424843 0.3415750230279917531995
0.3427879454679985671284 0.3934892580043714560567 0.2611819975892271106233 0.376842217068528773094 0.3266440428687394925689
0.3427246396082071488998 0.3560255954347191220677 0.3144354756289575170136 0.3459503527869355887781 0.3341872384191210687554
0.2828454109294716856127 0.2835627454095579480509 0.3314445797282833394704 0.3176241928989569918151 0.3306732688817595189334
0.3468141816251740228161 0.3561092582643992643376 0.3039308487524179369643 0.3451268665040885252893 0.3158145680729316229218
0.3653402773266914427275 0.3135051575667911483158 0.3408248898045970198822 0.3493433637741965580581 0.337424915388763457802
0.3591900339666563857222 0.3267135901600299874303 0.3466252467240203971599 0.372005989622258781413 0.3240364394343975273927
0.382133967819507425201 0.361168837815176890782 0.3263412799052695101309 0.3019350419978782951169 0.3351334355257247210602
0.3530688119091091037305 0.3052895694204303955743 0.2877945616098862569032 0.3481902254838792898362 0.3806780615897035202622
0.3762755533532563534393 0.2835377795334595441012 0.3330027915321943088323 0.3336156182126452929282 0.370350622284510433424
0.3136479805481818816659 0.2681252631538271757883 0.3251655038639499339936 0.3663988175739990582613 0.3253781404916296637886
0.3482916992926349264437 0.3367586037461552939121 0.3045453789688223333876 0.3040150494184407081733 0.3021960728481475899621
0.3361639597434882831273 0.3694064503781753772138 0.3851518162350160978669 0.3368820605392328637606 0.3336649799026402130053
0.3376112284241253314043 0.3492686180600620415859 0.3568318109025027107251 0.3030963242699237225608 0.3483594878368159730719
0.3604675396404135589989 0.3059420993925073273267 0.3412955922696926935878 0.3157102740726917544656 0.3342889769789821885482
0.3291984769734759286308 0.3445139533020919464512 0.3463666126946171597289 0.3605877027496057762868 0.3679027079890176965549
0.3517151167923294741158 0.3372308820396354156479 0.3020608741880056458129 0.3205386172250780929538 0.3218886498560314390893
0.3058420996263033209139 0.3015820240112920824771 0.337462077983227304312 0.3925877746196963502534 0.3433558221037694146993
0.3828454408215727911013 0.3499641631940555441815 0.3004516727473722781383 0.3437482505916957808978 0.3114590058353086665655
0.3576994283652624728731 0.3375206277021156053841 0.3246061775660620263295 0.3770688303045404698999 0.3393784624404874716852
0.3575531127808257991774 0.346629983421481990824 0.3352614265937012838492 0.335701384657594192884 0.3392314583816022910412
0.3338478459714910306921 0.3360872128621072985055 0.3164154616505768791157 0.3066942073195915163808 0.334139577715395874602
0.3183158036700258208818 0.363792102915633464022 0.320614477385801788234 0.3850472310813675136387 0.3499662219910107396892
0.2749194206793632577757 0.3071933401635387750339 0.325018680797842463015 0.3415204004923554914619 0.3647623287188191398833
0.3725352036948455514143 0.3756598854968867806647 0.3060609077105607700453 0.3551555262142997992925 0.3326288105921711424351
0.3061411732991207723664 0.3188722649504081019245 0.316414579833341758075 0.3256169631206394243783 0.3500089925791969869273
0.336535045157356882406 0.3414705585573579726955 0.349632667103679795062 0.3622157146543342753908 0.3740657622494603651297
0.3691210668522780236067 0.3242252064224222518618 0.3703880327580856834935 0.3563324555892911082999 0.3531784788648110184894
0.3569755190252060783607 0.3555466022728236974437 0.3524481072951394788895 0.3319237161800357993613 0.351443737863348593109
0.3218655975841009375671 0.3597024491840508653162 0.33775604463280356482 0.3615018863065731502537 0.3116340238459751610378
0.3374191308842078851349 0.3087961686636819802487 0.3276849510331389936368 0.3263800180515981641527 0.3416684013042198819754
0.3292265814561369241531 0.2608357625636650301004 0.3001882669423265870279 0.3366282816595951854488 0.3223179986310127365101
0.3367259159911134558385 0.3240234408671213706121 0.3627599704380162770612 0.3424088525282460993004 0.3254036728239417808339
0.3339417705673470848637 0.3519606233498879244159 0.3449528469916111061977 0.3946271433549423668374 0.3668097109140091571788
0.3457490055484737090374 0.333611698666496647725 0.314926361120055620102 0.2755868457096546930707 0.3170238892745171899179
0.3754248590546179209504 0.3124149977518568821466 0.3478277979740213021742 0.3752666553062754539738 0.3235697576362510652359
0.3391471509813072660044 0.2979149183239185316729 0.3370384849105673708003 0.3621498466664710425 0.3590628998686525852335
0.3491144914472222859914 0.3179941898362784180598 0.3578327050881698334628 0.3431541757186413743597 0.374429716921173327826
0.3743599233510237489497 0.3582983811879281721424 0.3437145053375650904925 0.3298252582662790088897 0.3320214682460447819246
0.3678072959683992837476 0.3647824314508739118601 0.3403275154984939931957 0.3288422223549553602417 0.3738365331717755646324
0.3158544107982353965625 0.3578166335115055551874 0.3856203051764325318018 0.3388537702276975260851 0.3173648888196736184142
0.3525701577605296344053 0.3566847133704989514236 0.3373784897037828134359 0.3254856915366574621196 0.3496682802735968098595
0.3631245051378972910072 0.3399301882333429225547 0.3573425999156929488976 0.3216267731547314823182 0.3141497729105648395453
0.3125703666395544533252 0.3277112302116161890453 0.3575804579677289152251 0.3456534331136290050246 0.332493616026317884149
0.31046019216278797348 0.3542751937874621948055 0.3459467976163121960553 0.3451320670149098934765 0.3407965971024248252874
0.3779476332288987383556 0.3292427845237815842161 0.3472123806063421302959 0.3952572783008979073749 0.3418536528993786904884
0.3191026895134639884688 0.3099386528237497162586 0.3467874199693853354276 0.3635540529686321908898 0.3427284645899604242913
0.3249559045909941046304 0.3580311981118471931218 0.3096504116824533303642 0.2932510012201033910983 0.3560616272877732413349
0.3702480041287507517289 0.3406231612400554831233 0.3426036100742641532513 0.3227684613004446201323 0.3482195000374765925244
0.3894495621821754127723 0.3544209583769563631783 0.3609808757891672104101 0.3617300476458368274635 0.3188978097526312671661
0.3925184716923634797858 0.3394946139834154053005 0.3505735748352286074159 0.3093548033797120511146 0.352559187673088914039
0.3662113831758737059197 0.3823539173869086038593 0.3572681717760452513311 0.3597913010426799784724 0.3374718832721799732788
0.3360067960180475044041 0.3586894421966732027229 0.3469197576200013788394 0.3861592313266145048978 0.3327663753606186491929
0.323574053165593844561 0.3928318637129463719582 0.3026503419258160798577 0.322363776776212029862 0.3709720598168788074922
0.3353841082935090089912 0.337379698892098567331 0.3501264702039748599738 0.3218736963312810450688 0.3373941389552400083041
0.3778893730933088890289 0.3772653784654526609721 0.3981332102783793902567 0.3234624986802166479727 0.347547684128207468035
0.28427848041909969945 0.3480347548210165897764 0.3182047317335548464179 0.3375156684169245968619 0.3464479126569912637024
0.2996447771218023192752 0.3462203748261128977148 0.374906391588348764099 0.3416163862860540634259 0.3434809881249646368317
0.3267070791858787681683 0.3581086671626744211139 0.3898628034012702192612 0.372422664347830112419 0.3319927295609422790434
0.3404159907995084055621 0.3753864988236012001366 0.3459286343844198974296 0.3658809663261476385898 0.2928322170380664446476
0.3424391671121413960321 0.3349767793706195928571 0.3369196552329179472629 0.3320678391710221166733 0.3167716622703504181224
0.3456354377388965448681 0.3015750451576507118467 0.2981360995612303277369 0.3504312655517293206842 0.3450657444313752764131
0.3205998248435188435757 0.3145493608260595541637 0.3157302286420490267105 0.3333731038299476145959 0.3373825019889886700497
0.3661601429745824920481 0.3576872167305211736021 0.3160439804097312510578 0.307107431586243040389 0.3410008404896656686311
0.3315518366302994124339 0.3618780003058666983051 0.2770763464829527067401 0.3865919554481863640305 0.378795607056820415881
0.3441742697799829997507 0.3346291134691858348837 0.3442309662244824042254 0.3588070953764326276314 0.383757671969723324068
0.3912370603539950808525 0.3205972729651243025017 0.3224214037851972358695 0.34989625416824565729 0.3521684274472405840051
0.3890331705080702917599 0.3821475099500753480619 0.358933905556028720607 0.1616389116672723724744 0.2267304626930316258093
0.09887812051063328555589 -0.1078915676861972317013 0.0806430046193501864904 0.1440464219326428318979 0.1046940946173350872606
0.00436567560321230851289 0.1746301021884712756371 0.1132053895923617464758 0.06783779457183149175226 0.1611716168451155506425
-0.05923942341455702004227 0.1019275220623901967443 0.1982496574649963705372 -0.03492469944933305342483 0.1314503073476006034248
0.170866234838681407826 0.08897934127089754396955 0.1414087361938982378984 0.1341342881052501323502 0.1461490837992442670679
0.1511714336527886226591 0.1646462801553766897023 0.1537995217243764700665 0.1412485926309403061474 0.1257357281666106330054
0.1132967296814071378463 0.2252971962259226468284 0.2161916336182707343294 0.09243264521692166890698 0.2343395384086407462476
0.04252017523812937765948 0.2138352971122608192633 -0.08291559715979004985265 0.1722418773791201396239 0.1823210967490694334181
0.06767630422195816675135 0.1889591667835043564683 0.08083164376962495567547 -0.000230476330139350529683 0.2033708803493803618512
0.1648749005129844513728 0.1055912555285496712276 0.1918622605069632558461 0.2500830431376083184958 0.2304264416334307064016
0.09160128637257176908992 0.1495156140584016912776 0.2026764800326375792761 0.1768140457806766374649 0.1670678974174718833812
0.1361802729499518027634 0.1541809496978837068504 0.2181822655707846003725 0.2036088478716623351161 0.2467069922583512986414
0.2304293652500190303645 0.1271676901644201440611 0.2945074728483749737507 0.2335050962929596518602 0.2487565144908334968665
0.1392995270458606271724 0.151536978103881614377 0.2538324468707452985505 0.2008619433941218057615 0.1431323494803097839956
0.1994212272005488062465 0.2006085653379943434249 0.1484837364561794603723 0.2202051155027488493765 0.1692377157357937977888
0.1376242045722881335301 0.2046001229745160743256 0.1127471546515644990061 0.2213780936693701406615 0.1231204170001628378506
0.1905608716237309208097 0.1942628659843776972593 0.2304592483608530473216 0.208420654981772757175 0.2052352533075327278844
0.1398548543191923398954 0.2637643964849445410437 0.1736711507382403263389 0.1152019279076267471718 0.2285117500629070541596
0.2252399193817922196104 0.1417451413355742262379 0.2362983883124918083052 0.1467875284463800167334 0.2449881354406417965919
0.2695887689347492566228 0.2045845367234663814138 0.1852087807775597838589 0.2972741605129270991981 0.2766381837828086887043
0.2274141761935004335538 0.2021115467931467735152 0.1858508085064538017939 0.2435247122058744884132 0.2707972220405913121866
0.2434569778773164328012 0.1338237737873968491442 0.228127624888621455268 0.285036086899602858491 0.124630473225678953253
0.1995855658639978102986 0.2288659095008417632133 0.2932067295170464049647 0.2529835485834415753637 0.2222217089859492566983
0.2874968228263803382561 0.2556278436087335292903 0.206983964846237655788 0.2932884282942571640973 0.3094631637882708785625
0.207439062009911467932 0.2266248596549947924572 0.2582119175298751567738 0.2871180418582265914118 0.154508324971862648356
0.3317911143179549382509 0.2279936307487465119159 0.2999852894198632990985 0.2418517153672447850266 0.1961221295025648569954
0.2214249420675898916144 0.1924747476051547889764 0.2013239013639873120631 0.2549579385216024229877 0.2246423176698109092086
0.2179845712728211426512 0.3030504718647440420831 0.2544150828126253149897 0.1367790094082927399022 0.2733056663373895633917
0.2193987431885862926517 0.3196364405175531886449 0.2682559619695861208299 0.2409416402804382961733 0.285632382356386382849
0.2405318260704979727027 0.25186553632425495719 0.2161683903128505113145 0.2180729515306858157242 0.2578960246912458953439
0.2002420952906113493786 0.3053903913859030705424 0.2710414860328381747578 0.2829728141058867052493 0.2629079205046638278986
0.1870266198613250996363 0.2225819979275865945212 0.2705588571432988587162 0.2685721321787867821307 0.2939474474161002381933
0.3295357586682170492054 0.2765312380857435914372 0.2950110417985459254631 0.2301296343211067518819 0.214975048153101977455
0.2258328905208196180077 0.2369699244930351667016 0.2863372399147697811017 0.278866899828668024508 0.2620938838817234439738
0.2832978809575790735131 0.2714765509912663854486 0.2666974679263314218503 0.2524884163289484173553 0.2718380621967719790177
0.3018983216532497571016 0.3233602686221483946127 0.3180883742580823403401 0.3004692198161069693896 0.2845995887989571371257
0.3346567826444061810598 0.300528970700527253701 0.2890491793159289390935 0.2001432740889090011738 0.2143334520711358825995
0.2781977678435791356826 0.2194130594582181792429 0.2689838215325335291084 0.2217697488838169528336 0.2842843611027439654215
0.2901523642655834955839 0.2371445057047152360497 0.3268774543745214256063 0.3058184241566009875513 0.3027217208357524946827
0.2622707938073763345166 0.1893265954162006992068 0.2776055061410350743856 0.2964457922508020870644 0.2786242564487100836779
0.2971847422899369650651 0.2703645107730336949459 0.2597838522031573060822 0.3730652596382996177837 0.2881197539775300908715
0.2660732587489516576262 0.2910007222578488428333 0.3290084340041086186091 0.2569518093038589690025 0.3274671038490127861209
0.3075796193429986558066 0.3408546700920041527816 0.2525876420818104484134 0.3141628830808602668156 0.2757299923511049022373
0.2348379743543266562344 0.2805971171466235536407 0.3269121107115590119108 0.2310735921075707521855 0.2941117313368985519695
0.3055815981699034344921 0.3152803650832827764283 0.3179021013458454003597 0.2958345415612015361084 0.2762839096884658895981
0.3167933138489341660105 0.2579809406634190893648 0.3404700153597958189877 0.2893887920753821507702 0.2964740129525561540547
0.3076527768266280604692 0.3350802235233825698835 0.3346909066531590370985 0.3040772478658225197456 0.2586054046010762830221
0.320647354600195944041 0.2711048848155476198585 0.3422206168231833323112 0.2807612533805268761888 0.293551352789533259724
0.2680718484678187296666 0.2992311937196862059452 0.3262542658159596764555 0.3572874612267091243289 0.2860298902683210964248
0.2782377843375275494608 0.323969809665004104815 0.305640614181741543387 0.34096945759628261019 0.2721723243079453014026
0.3242880343560565203909 0.3415878723862815213863 0.3305129450280812619667 0.3196952011000785964789 0.2110100573280318525526
0.3390296235850195349926 0.2870103624927516361431 0.3473879650800950624756 0.3310777788842551028203 0.2793918234582201121086
0.3210183688263832935128 0.2903802269330846286266 0.3112527013935335595818 0.2981697013727274137018 0.3305842183448921001165
0.2863997367003319749479 0.3223872518762148087212 0.3420438237665590075487 0.2955975570199080304512 0.2991903661855440654804
0.2958404551876247512432 0.2796151212536671648579 0.3183036953175095717938 0.3131715818660348316094 0.3326647897511015861127
0.3583380117562850464275 0.2944737242587465164689 0.3551894835830891050676 0.3525443859448553762803 0.346185478940276514237
0.3277509100835602762203 0.3098789091312368904063 0.3023520496613092967131 0.3016850188788294806486 0.3679574073310544757298
0.2901237270574393845024 0.328916933219278617706 0.3156792186114139031616 0.3340861507375519345864 0.309900317051589713202
0.3336558214065933891668 0.3506548256755074310931 0.3383301956111391395332 0.2922178021520864255045 0.2664847497024147027211
0.3661616219902569246969 0.3546072476956385610691 0.3200004757243627984131 0.3223995202553717742688 0.3419709964079746811194
0.2919063499932629257572 0.3255807788892323140217 0.3580744427552825515093 0.3378175099342323739471 0.3351891822400314135955
0.3151742758295920099343 0.2920755190117741428857 0.3192467245205824477594 0.3264403086004901144435 0.3731094361211007015555
0.3922287982452976051739 0.3437448575989148769061 0.3273485894737748758132 0.3199336738473196883881 0.3654562420138992018259
0.3725343093225834123494 0.3629818081234644222555 0.3345237060156147079759 0.3457492286168085127152 0.3613088184021872040219
0.336345563730230279198 0.3639942323987556682674 0.3234738665189390016685 0.3507088562490281447026 0.2991389800927929387697
0.3160775895038303029416 0.3309502507289696637827 0.3720248045723347218861 0.3498459087853127980061 0.3634854746096435329505
0.3168125705564133198777 0.3491017787479522849203 0.3222182176536378395149 0.3523064841549702341794 0.307346243501149529731
0.3570416347415735214277 0.3145150695787409245163 0.3235942690409091548887 0.3549597452787704998656 0.3426030801585370766382
0.3762024977151117166585 0.3332901919831365300517 0.3389113438881464768215 0.3414109681493496806226 0.2983456338374678717962
0.3562534930292206580837 0.3785912173246753775757 0.2938649237656536516994 0.3258850792444833999184 0.3298385433386722964677
0.3153220738763626296297 0.3749409826629090392025 0.3503525304429999653877 0.3308249491392115104738 0.3596670176734181323397
0.3290594282971943118632 0.3704674001115789705452 0.3271518761294758270708 0.355174241727349127018 0.342279834599595045308
0.3434515874945129332296 0.2938580053919762069548 0.2867044525673254629083 0.3035634603860556390842 0.3563360958916623189019
0.3625934538501618953354 0.3263493393575161438669 0.3487941287114659782986 0.3312729136909537408506 0.3304593044018351855051
0.3231683325747041202192 0.3062697623740979757656 0.3391308045913921098702 0.3675534262871741342238 0.3221097496372625768046
0.3004219858834776268885 0.3459734337907630075115 0.3600590344562025757469 0.3426250497734841249375 0.3606579538434510623368
0.3500486220039540352644 0.3158531346911691572998 0.3256255861689648645196 0.3061633218019354507611 0.3310370740309224735221
0.3490121702863899222358 0.3360117476797751523421 0.3552048869414456411242 0.3478658608678028563155 0.3072064288907942475326
0.3585853799171453970551 0.3805319215310473679459 0.3534784664970201939482 0.3407571813216099809729 0.3171594510156344193241
0.3360682348751831693967 0.373951370286633444362 0.2993885045883931117494 0.3404868084230004976476 0.3757743973039635032585
0.3727515028626950943647 0.3257311309855557279747 0.3677184345348854521696 0.299184026349862242089 0.3279339692324948485336
0.3399375037250840225767 0.3106973205724937181493 0.3424005729941574927011 0.3633281571116491193152 0.3791831515381044459545
0.3646587489773214230127 0.3469745289170647062349 0.3168570867351223618869 0.3521722985932132510278 0.3346718735733970606638
0.305687232590102109242 0.3015754477441157654916 0.3204109092905965683329 0.3700474297143210300476 0.340662136728948017339
0.3340168923469098438694 0.3285320592008788564975 0.328371231459237133965 0.3486164493833854849392 0.3033057621924828417548
0.2893375596966993312797 0.3491913239099130872312 0.3531083720058602604119 0.3262209955243619563525 0.3520122415863621845311
0.2942524036047528546156 0.350981242072257171305 0.3571841141314743284241 0.3643938797323881262358 0.3318189402986407854357
0.3729808132459873637465 0.3641904850091165490866 0.3080739528367031354605 0.3549647242249813205994 0.3745115996854686546413
0.3382576526236562020067 0.358567498871768586266 0.3147744726687651262154 0.3042443429566729085067 0.3439878381352300951157
0.349831107940294816494 0.340489866758418691095 0.3539492695859061122121 0.3641281479294556366888 0.3687739253885855550408
0.3462513111952270072891 0.3345415740417203021018 0.3936608828976421170509 0.3483386628140772711681 0.3508468630888372796761
0.3291168794301425060134 0.3778248972782899950396 0.3374780053669172996678 0.3291914761899120689392 0.3060259869410245081589
0.3194029706532406365227 0.3520612918611579211792 0.3508993073636212378652 0.3463041017877189764462 0.326105617617327925295
0.3589801077580641597287 0.3417354167571170497908 0.3152867915377360885643 0.3627921140943098921028 0.3357927942892544037612
0.3004546942700407896609 0.370111566132374225635 0.3280007739785978926328 0.3563426757205847561494 0.30906125207627505036
0.3480060708028094862421 0.2898384457299613692349 0.3516100185594112637055 0.3431671228852256061437 0.4060904768052029378822
0.3687749635201870712642 0.3446723062439580043126 0.363693607860152312572 0.3290843378760420212537 0.3064335336731687231548
0.3202496264303152373465 0.2951166820121418621348 0.3375708195012697143689 0.3419396092249840091171 0.3345212288480364781762
0.3952348279144694553899 0.2831986577291277784596 0.3459351637180278493666 0.3116886994289132517544 0.3098956464853936942916
0.3493300530502135292643 0.3299000993438483964049 0.3494371972224303291021 0.4047353164239465561636 0.3116011872379810809797
0.3315584519698980270341 0.3682436115119016029062 0.3858541051935048815658 0.3511081675458638806653 0.3523401958026737279539
0.3342199162455855576681 0.3168956088328009901289 0.3919587577592535954096 0.3577159790380572967905 0.3479354934201336346788
0.3621626700574973600766 0.3272213249272989954441 0.3566896268399397107451 0.3558411612107565957785 0.3636080266883775502507
0.3365038482212028836393 0.3167246788855139216778 0.3543989995052126418251 0.3742794731792735141163 0.3386604857390692058239
0.2986400207969353015613 0.3471069899913583056694 0.3162529123608694425762 0.3550799528072936528389 0.329934258305002670042
0.3110194351895652076223 0.3295663997168123970916 0.3586653401192292922595 0.3690174667896229387942 0.3331497509783834520825
0.292682700289792707693 0.3402244608662532976417 0.3308252642656790976083 0.3787807193206843003885 0.3523796856562839141525
0.3552217159716192229624 0.3782114204036342020032 0.3606883585246853374251 0.3221626488926540021751 0.333457737734862424972
0.3570833774034258834007 0.3670985281018380175233 0.327377777512962153672 0.3706259678768598631038 0.2993056520407502696379
0.3471730979955771623224 0.3626436743583475452724 0.3181138663423302426203 0.3345641687774439931857 0.3066031216942298742723
0.3281515679197010149082 0.3185714220602469670673 0.3491623085118186198272 0.313343761098826889544 0.3186405892425814845303
0.3365287437321727859185 0.3701007274763737919798 0.3187249938857725783947 0.3478523467530176827012 0.3590669238757509540427
0.3046182278925291808669 0.327157735670811744555 0.3444142261418308148535 0.3587226542378073035344 0.3652403418568552773138
0.3753580523807378277468 0.3539011024688144546602 0.3357431261367339048185 0.3609155054578176424762 0.3717587433413562236773
0.372366313306349561163 0.3523976268737178396684 0.3606402627497796720135 0.4044798600207673011653 0.3445222072065035057165
0.3340147149115334501701 0.3287575783408788199225 0.3609812613472316855656 0.3074797877859039574311 0.3533863367021103374377
0.3588879148634144256036 0.3570805000442415222395 0.3771408158491013073998 0.3800945953667921317631 0.3471005076483801299325
0.3564506817180672637591 0.35531488445034420387 0.3208535187740546579249 0.3498285151280566274146 0.3384729972651083218516
0.3841572785693903591131 0.3477401730694490433748 0.3541547477375738273153 0.3351635886848984280384 0.3756732286728561298617
0.3219312643398120066252 0.3649169582263325217752 0.3243463523817141092032 0.3393173529576109515027 0.3681269528448350425442
0.3673243455514260680239 0.3344783762830553230927 0.3673136372456719533908 0.3385744274698671008039 0.332056935866743674346
0.3196755022918471023097 0.3679746526237769876921 0.3977026127481753658977 0.3711474714758379866986 0.329884178367938651899
0.3320628568601094454671 0.3514003562344338860157 0.3209167386197700477801 0.3012612308467484956154 0.3438626446054475760405
0.372666017966770124481 0.3446575330275212789566 0.3698002042109899134559 0.359956273588181219214 0.2992454924746761890653
0.3246572357774732409119 0.3784883613089133347351 0.3534371490793483117088 0.3659110516695453507729 0.358720670989507994797
0.3085816999817225236846 0.3332084294053358486387 0.3416761739742492087757 0.3719242368743094218075 0.3622031620455727352059
0.3731979695782892125777 0.3219926656476775339577 0.3246510888966596120042 0.3397666157771259687337 0.2799163318437677960837
0.3434162277435416354976 0.3222706794511747130372 0.3362090409739382779186 0.3834280341254829305164 0.3881750687863758653151
0.3186164508964716146622 0.3734756744634949443551 0.3452682362880701849583 0.3578206543694718577697 0.3508021393663076081815
0.3493408917698096471938 0.3540703380716099801795 0.3575523347573285048995 0.3397338234578700655319 0.3363934013429544789275
0.316063160755444993999 0.3585382985140876943575 0.3171487205657969044026 0.3679269694925283440412 0.3267138401126096214355
