0.1077962334921456766246 0.07977092435014887517042 0.07105112429095017390068 0.08576758359837478862264 0.09574161455491679573182
0.1023874486658222920932 0.03948557238694953841485 0.1251056583704828195636 0.1185538669682924955984 0.1260723212016720273798
0.1419192534006213923803 0.1023413245160832568681 0.1102993331998803061555 0.1080394041270509447594 0.05289466572606053851313
0.1086376459394765986444 0.04018405401741632909651 0.08836338545753284756668 0.1227209216893337673238 0.03215151470211023015944
0.110394134693399731395 0.05119413677918290689339 0.04330973175188469054264 0.04505463210819277836139 0.06226467744674667875726
0.08176143807616670367011 0.05736537160710378224771 0.0507061286479385392445 0.0828207338434976403363 0.07205156312356991721302
0.1309155067222482760059 0.06912495968811635527196 0.05419356286572839243032 0.05061901303840790622424 0.1068890461855138418468
0.05783498841636324633297 0.0303330849124415456719 0.04764546598926097664695 0.07317772733835108123213 0.05474731715537761722601
0.08237143396979250409284 0.07634115376031579136562 0.02539535526041533305963 0.05223701160284231759245 0.08015834572712887684531
0.1356544029806997786469 0.1057461473422041664527 0.01739385789002697094152 0.0647357991032745383464 0.06059935801699097707163
0.0883743784719485392376 0.08146553683510589227712 0.05031873113299160926726 0.02778214859872342110125 0.05203237316560350295136
0.04152392305509447489875 0.05252873354455672022523 0.06424140850636955724084 0.05929060739026346255054 0.05603923655096412076437
0.05179632038715285824448 0.04770604480503476407804 0.05207983847659797271845 0.02745090125371680428445 0.06036963673133422664252
0.02414428465402058271438 0.05575071157128695664706 0.04681298250527413801203 0.03257245984915606296095 0.07732567240765671201519
0.03909911848211562040989 0.07158099196345878156844 0.05451331142004055274608 0.05979544934488897900415 0.06664827676324361349636
0.04581012136209405838372 0.0465480827189909893149 0.05405289726381964920954 0.03195941855220681832028 0.04257193052920300868625
0.04545489390598425605283 0.04306148483870141097096 0.05696745036759594260634 0.07145154349941942872881 0.03140097298793431690456
0.05010156325362654511357 0.02909945067249493713679 0.09998344218922360082669 0.04041045312052609500553 0.04115603927991213356608
0.05133984131640220716086 0.03632283091403883806825 0.03479173521467169433175 0.07273773175190248463373 0.0548237042768163623796
0.06053511323004852340279 0.03381246787762191841065 0.0567561268893770412558 0.02811034698937107251249 0.04345239271973328626375
0.03575350290748509352046 0.03733773359543248598902 0.02343018656586831269251 0.0470679015650949938987 0.0416241499452647545354
0.04343677862077838930377 0.03915729299238836225161 0.06871501050658038178831 0.02584898999102796385285 0.03556497979800606751288
0.03227439701533973276382 0.04093186215731893506931 0.05896221786559889543877 0.03740479796624413683093 0.04978724679238698963557
0.05593857027975062540248 0.05166383440480036559617 0.02750937953444269196135 0.0484230075355140537896 0.02311310646253589631827
0.03482641321122412203515 0.05440051043936672964252 0.06108765806366908690528 0.06246235908958877591779 0.0640524399124989401999
0.03044517537844303872729 0.0379048732272341953875 0.05020447236768171839216 0.04133583009979837491477 0.04842613445218076767551
0.05651729857715238891647 0.01497778202764409559433 0.03665764414106364305068 0.03108798273127258773862 0.03266109864370075888118
0.04212627520542384235158 0.02987591066829241304159 0.0372332519808902875913 0.04741525098206914035082 0.02743639166217041666651
0.03274328536612450268883 0.02315373437605349263291 0.04160517467433406946231 0.008504093461132292836036 0.05998123042234892315916
0.05286306653461290971929 0.0428704123954415372566 0.03577701651716455599761 0.03827316387616915005498 0.02932998547040641112993
0.03696689894146210769721 0.02440049320417112324599 0.04173600541622440873724 0.048385141675354258195 0.0208789151706198494729
0.01805938045392248281207 0.02312282139803538416611 0.05228022979296783473435 0.03376530491038939180148 0.02047464636268394103102
0.06262214417438656532955 0.02653548863098175239483 0.03528973935281899676486 0.03866452359881127065488 0.02521683834574096547132
0.02223138779807237730424 0.04019151672991972540361 0.01545703099516181240614 0.01873699283140639257339 0.03708702974385022499426
0.02964383512517195645719 0.01934403189818188761873 0.0424782193631781934684 0.04778789291882926809629 0.04628440180873100162628
0.03018767299810402524041 0.02008142562984090162548 0.0317043902402951577324 0.04455027561897695331794 0.01094924120025976901904
0.04215766421358101839756 0.03428509102040105949172 0.02192221390190191368519 0.04543521371950801773787 0.004844715439616303735704
0.0466233156888398309059 0.03978491811556272850225 0.0251988097406266389755 0.04665600672937382509264 0.03670886558267544286238
0.03084437375039053227943 0.02586659419951322508302 0.04708151192613607011195 0.06033388526866905604562 0.01826574056889632494127
0.03269914310644211896673 0.03811922412286182504371 0.0245761521353994316641 0.03156182864045922048524 0.02216829634952521485558
0.05207868375219958101408 0.05299676451966283535766 0.004957206731600799498594 0.03107261379813646556824 0.05152335897196940600606
0.04379408316831826658566 0.04239583987024846123415 0.01139380794107711786234 0.02233132913604367678073 0.03393817937855901634148
0.01839872728734539761297 0.05220417470602689569148 0.03639360160448171926939 0.01730031894177318924077 0.0350778251073294092266
0.03258853412430037788106 0.03845359754773448879295 0.02777151382761747222538 0.04162216551839614114838 0.03145953793677333520939
0.01430577976228875405895 0.02128254211987538890849 0.02016177657237218714958 0.03207291675966566363298 0.03634716363574332087527
0.02580720712529223012655 0.03658592136588520449259 0.01441793938171872374587 0.0420206311986387401336 0.02336652101345170623459
0.01614973835239503704986 0.02933834169280896339571 0.01934118477167779542869 0.02248161782812660783315 0.0237509600569850813645
0.02513390669770604671229 0.03613202358571600963932 0.02770247921579551894644 0.02749954698218214782512 0.02173214118543961501095
0.02379518951036042537228 0.03026310776966802465471 0.02469953870694318459611 0.01232784270252643317456 0.006773068888461747025231
0.03941340519577910678217 0.06649516471762706437687 0.01800150324638193077842 0.02201974603077002518026 0.01641222480123201432622
0.03005376870189714957893 0.05285528784588255230004 0.03283706356727712077914 0.03456569791986370543402 0.04539065895550352391918
0.02029660994832667084142 0.04063081005726635469566 0.01822571504525964669607 0.02917801139178688440978 0.02624636005327196652814
0.02331073174100762104843 0.03496333301541559857029 0.01708287133690583603496 0.02083984499070738391491 0.02133613757652529432929
0.0358501878477268318135 0.02108628510980822129417 0.003953301261393481723372 0.02777325363730218793501 0.01539595838499145663558
0.008180224076307399463936 0.01205122609117991253069 0.04106390537604746177047 0.02808414328472673415771 0.0289774845123424752702
0.02389694423300436215696 0.02013873654464954157661 0.02473423887464328355112 0.01030276178321748101196 0.006795822166777515382918
0.03887845112554401405536 0.03651441984704021509467 0.01416754382252776757467 0.02629919070544032080883 0.03171140536630796813444
0.02989181886643805033388 0.03896925869394864822004 0.02323855335469592053865 0.03208111940151151669776 0.008740249701731433659702
0.01822384678147242684232 0.03447276923978442875196 0.0350106001902957958416 0.0401362915544898821163 0.02073906917588298412514
0.03233065919777827756931 0.02852527756748848841717 0.02478678749388702959311 0.01920029288935207537059 0.03625189452656124577956
0.02004045108525864815618 0.04155756997681942649381 0.04957046124400021208656 0.03021463711382186417831 0.0149039317221224456439
0.0151841057718716445496 0.0361734509492261796515 0.05381238955911845506241 0.02473082506079727141413 0.02180754045916535183158
0.02396381666001285576373 0.02523151730576541837414 0.03293869219530563136056 0.02195397356235608346542 0.01589126854314720435624
0.02724901645639363212403 0.03232177664562043556407 0.0160167392350113214905 0.0374710838569482576621 0.01968316274123877579472
0.06402132779456048972122 0.02629376103908438386259 0.02212593038014573632033 0.02350362143697543385046 0.01699222736751317824888
0.02801057373239400349885 0.02458180399022162967992 0.02329170816763508414238 0.02732332612375489369616 0.03577561526067543629104
0.02612757173399265706037 0.01126597806310592787826 0.02366692430710807051875 0.03157377741326175546455 0.01232511045404816561744
0.01962737398374244171539 0.02475422930902662979613 0.04851080641334554882649 0.01200424180451971356565 0.01572685910451334517779
0.01221727408527305269725 0.02736101711878097253461 0.03147778627624421565745 0.020729527852579088254 0.02603535417323417713864
0.01955825568453059201679 0.02639754447424112401843 0.0296845557463900205919 0.0304372244421433207906 0.03212236588141864634949
0.03428387868377067576597 0.02345792420162034694342 0.02642784106072974814605 0.02263261581733296348706 0.02623074896745899650674
0.02226062674496166043925 0.0240118800776447476053 0.009709820291899384087086 0.03338537446728116059314 0.03538563200692781268719
0.02834360437773195476319 0.01755796187217681728066 0.01898710600533100659182 0.03113479289571294966743 0.01459119934830441570051
0.03258454321670973402592 0.01967880952556415319332 0.02888759336855893297691 0.01647945491249118085686 0.02815994570171105604306
0.03772454419856161728086 0.0271896962674198425236 0.03287500938457740135012 0.03282283410475912710513 0.03569919210111413554465
0.03929954400715335999239 0.02678587427797454040279 0.02757508841864255572096 0.02328071837883134362346 0.01084267234748855467108
0.01976113209491190542133 0.03222933322268386330256 0.02075930257529249103876 0.02474235579742696880534 0.02254099837641499945451
0.01815516443162358550811 0.0219705398872623199058 0.02414036557353178499841 0.03003729288148238724121 0.03972106867932226337281
0.01251386637606811610968 0.01274520062374235977731 0.02796395439194826124107 0.02082068550549102600722 0.02499320610516178944871
0.01834831485755307814434 0.03312949815459978464283 0.02765424256967855334843 0.01841880220952678628987 0.03592475567520051621395
0.03977925509246357793636 0.02405484345117579747519 0.02904584055090142502564 0.02672435568016329893171 0.02110868053067354796482
0.03612654731231024207716 0.03367717777804988404933 0.009887334423212311776408 0.0216393738662463974709 0.02928126411883508889433
0.01905063395578531632024 0.02624020460130619541994 0.02907323340983066287113 0.02241122012508358490868 0.01575574576134693149942
0.02212249707056552008866 0.01428883738793847515969 0.00775313783621179707789 0.01659964142930071481774 0.01563785872748671770815
0.01484484325443683958023 0.02827245521450164403299 0.03724949053703779933144 0.0170979759136148171117 0.01634846494122502852386
0.0174142818750848381304 0.02362321902894072567225 0.04279378855641080559025 0.03441299036369927649703 0.03283162222754810316561
0.02325888045453200492219 0.01260424529212343658369 0.01370612859166432315194 0.01815008868537936262411 0.02734982098892764501574
0.03337952855200512075617 0.0302514920670674467007 0.02564818283292252462657 0.01262506860354110742317 0.03180041223921881154979
0.01376634947269668972358 0.01425715243318606204048 0.01057351382785857996094 0.02730318576942919114869 0.03143759724413507095075
0.0278152093120861629294 0.01283905198683994372533 0.0140613974171669084412 0.01735203608580854553467 0.02968018570726826607653
0.01547921315748745224594 0.01754829802852581749351 0.01227664331456125058895 0.03839775272296977459696 0.01418743370486512389572
0.02138013895923369239727 0.02896436965989775472186 0.01735389518436064593132 0.02375658815203023077611 0.02927827355181832763575
0.02150225869763087299669 0.01548408124502322416594 0.01867578188528120144984 0.02009341203378271420443 0.01653745051143675620642
0.03392189318589021451711 0.007882987238453379591485 0.02304223366337618955635 0.02503262719327949484271 0.02460514681894225910708
0.03656181741833864490276 0.02128374983355428226584 0.01361543732408844464832 0.02746184701121397869761 0.01955171641644115609893
0.0114114591728871166143 0.02859155107496898565178 0.01609599608819073032762 0.0206880459127385465945 0.01653073358665446343507
0.01526212225673958568228 0.0229299133473680055717 0.0435978979346603595646 0.02616403904641761285488 0.01440141415286897048909
0.01842876778367862414254 0.02473336573634996732318 0.0436512772891102032724 0.02453864896989420979478 0.02097936479610358617709
0.02334210134991538884708 0.01567664861211871471514 0.01070606665742992145984 0.03328323232970467615566 0.01807411503369525315743
0.04909969894993215788759 0.03100568870752252320644 0.03224184495067581451844 0.007358607160884766094922 0.02842920835096142059828
0.01500298494373509747279 0.02655481795701937139387 0.01574248632817725271349 0.03005722336628948929138 0.03577193623025937130322
0.02015377464663997350569 0.007561037252529464840201 0.01663343142947704481061 0.005959858327992385157446 0.01674307629657151297309
0.008314129263874155129077 0.01290062076562085817411 0.01448839630940137145065 0.02579447960251779817242 0.0184656865399302066999
0.01718934127439201639542 0.03702712556767408236258 0.02761978072673171302753 0.0213317038163835480391 0.01985857534992999801071
0.008866245357599078849575 0.02397667643588400135379 0.008987974098023220753673 0.02997148407682927173656 0.02055823800818527488654
0.01639606823662755410997 0.02126372134851743297967 0.02771650746544607538113 0.02712726182784163178607 0.0179165628127307755002
0.02709649894674430112285 0.02401436576182729501494 0.01478066319118217543382 0.04002365693303451543716 0.02292341738609533427495
0.02122872689286580197288 0.01488332814801823604511 0.03298103807594476855058 0.01991424723374982455604 0.04431112623082363727312
0.01616334972191932339847 0.02751116764751790691457 0.03129024053383004655426 0.03041867031491533521215 0.01562299903694949060329
0.01764021733727072840936 0.02215577081820609139928 0.01766747747454155276214 0.01401818481475900629585 0.01352728652265402717325
0.02658588069206178558512 0.009197865069334522011846 0.03577848783784974562305 0.02043734912632737960037 0.02045159307586589050865
0.00729740317031261735703 0.01901785418580797040744 0.03851626417169976002164 0.01447304816339294898653 0.02441775344353533730435
0.01313639544184983139197 0.01232811582909385667017 0.01474747519419890295911 0.01512903941934366607025 0.02053862851157042465622
0.01794948833418693809327 0.02244913840743683816625 0.02543854619007012915488 0.0140532817367888685639 0.01854867066046119242206
0.0199680291110943472499 0.01953884754495637671168 0.01659413067172958375362 0.0267916951253490444318 0.03100260688419470556099
0.01964363910033376306452 0.009232434297440977530314 0.0180030147700611271866 0.01867617255270783913068 0.02280864620560195399346
0.03497620704526920032418 0.02000367493944402857986 0.01395939387126026408337 0.02700860287352507826952 0.008659441986116006920171
0.02274725267059476974119 0.02009670091840129804717 0.02490987123107924264276 0.02335109822435634668869 0.01840691355753608024481
0.01913284325238248304024 0.02043824675968157478234 0.03034611914437393767607 0.01580993058463748754394 0.02895947641565584443346
0.0144587336006254292553 0.01933086649974833509669 0.02163556534861451122187 0.01829886072713137259993 0.02612605080453061362489
0.01272495091962677800368 0.01728847376080281869615 0.02097589853932440434603 0.01676452328550563641851 0.03014744397558026187123
0.03914452004481542429781 0.02756592024652617517466 0.01914744156690307078095 0.03126333017530585206556 0.01564585134546319505899
0.02747000494809986523292 0.01025276778098109346782 0.03133065669285788751308 0.03367455781433431605265 0.0133754016233193634422
0.01836309962623272618032 0.033333238363615055877 0.01662479476687075269359 0.02616061983091525627865 0.008868732097148274498566
0.0245310189550698130867 0.02464716613871316755469 0.01897017808807844457819 0.01961540554170776440301 0.02031304087901871641142
0.03158082275306092062683 0.0265205931780579523549 0.01777918736629100632252 0.02655119888549626466778 0.01827654783373550487213
0.01613968664634669175628 0.02885330659388806590071 0.02545503108257391247649 0.03155502233766682707028 0.01608818504757035180996
0.01356774303875926505902 0.04384499697520653077598 0.03281784952487017820166 0.01745451839881730429771 0.01776863620151682490733
0.02558174659355480842771 0.007094087671772198420983 0.02037729911002219770899 0.02028812866205250212137 0.02297985658974310146929
0.008070005814118980450034 0.01650339026770676273403 0.015471395380750768353 0.004555838765792187029791 0.03146675699704506307119
0.01360406750509873113897 0.0156760091467230723572
