0.1276515011864489401727 0.1183984034985086364333 0.1225584074964538444652 0.123135250494316339509 0.1227802669876083413447
0.1172797538707754383402 0.11616006727345275229 0.1130760161828405635509 0.1147920805424798712524 0.1103135852919883141965
0.1114728054354477831955 0.1087864572148016656383 0.1059440454996842251312 0.105760790505510945958 0.1067758445522190707822
0.1043956052196524236786 0.1021858029582645988054 0.1021133798433323802701 0.09961087570387931744431 0.09719958114865437370788
0.09643876861750622087044 0.09753858476970908575332 0.09449834161573945900958 0.09567842862873794651524 0.09093977795672597563836
0.09296587206326552277336 0.08604421866721699563296 0.08768143592874882985555 0.08899241992128781308935 0.08641781665427891723219
0.08559595404464884205176 0.0866839668227789295063 0.08012860924465853296184 0.08424518048122489610741 0.08000831211749001581346
0.07529874142176749829414 0.08078967453709701151965 0.07777326245570581608746 0.07843765911997531425914 0.07760771860682665057585
0.07699665873691012574209 0.07360980159028084057748 0.07298917934433316045961 0.07178446874866593885312 0.07210780174560284250251
0.07292859769085363597085 0.07567127530771673715737 0.07089519360918226931201 0.06095834329706620313694 0.06286079492529571266513
0.06219170470154225527359 0.06174661061577869231032 0.06474128270546108954164 0.0624084069837054777885 0.06196941202595389330821
0.06043421337659050929236 0.06089241729130102920298 0.0595477227937776035227 0.06007168551723112565055 0.05851104737267193156569
0.0587436096232454782462 0.06016119918476578454225 0.0595631005555300116483 0.05740255948408351516221 0.05992767158197748883497
0.05751221525976100285016 0.05853028310321825578022 0.05709737754125127073834 0.05433441297804849495767 0.05864376493888850266911
0.0586279510032513481721 0.05741448371679474388385 0.0554537301649945246762 0.05699741785343181987855 0.05423076363940441263489
0.05536798614529032935838 0.05756497607450360848302 0.05547109460569035754851 0.05452487678220765271453 0.05324307430768378257557
0.05542685263208197571361 0.05288760582934096121654 0.05476362201307151400531 0.05196347533114964445389 0.05214422266621873691683
0.04997853678102599783717 0.05213532257629113764175 0.04995064203480854836403 0.04946333359973727195058 0.05197206472395723281243
0.05044636059713725195763 0.05287144655802213794038 0.05204472665031021488824 0.04938617551616839712603 0.0487195505886066013157
0.04953389355916151814974 0.04849747961195985390681 0.05092945861135864810132 0.05077524017216730051194 0.05063020045318355338848
0.04617554551374741800274 0.04662269672065008641049 0.04471198010780751824766 0.0455239771649322486069 0.04575175517639967076589
0.04488869767535565158401 0.04541827297255233292228 0.04422755700242398529953 0.04436542010683735409726 0.04408801045743109686681
0.04292772477830554544997 0.04426121419200670925598 0.04369949185897086668673 0.04433486246989849083322 0.0427384982704140520271
0.04441017432114355290018 0.04390641507283211952828 0.04366019883769100412563 0.04289710478908558694 0.04518815104623058465094
0.04283072375252401642332 0.04420538506218908009204 0.04340973672579947345573 0.04245714590909784730277 0.0425264968338533097536
0.04129468190320094433954 0.04178479515076966716025 0.0418175870730420687349 0.04247966020857123908838 0.04099790970987794713754
0.04023440099775053846454 0.04259746926728717048016 0.04159046187214970879964 0.04253603909606908789476 0.04110978569212621336337
0.03988644982330716293184 0.04037496104982923189608 0.03983655182590432886069 0.03981916020978603504288 0.04062847879388519628518
0.03971290675598403152602 0.0385940000305265012992 0.03847796198331339401211 0.03871989098653859373567 0.03974016173226860293433
0.03789775826076798026509 0.03937530933691074652714 0.03872777709034344595374 0.03867279719984641206398 0.03914986192768614425841
0.03760143697158425252214 0.04080438430617550071844 0.03804971458740483147842 0.03875198380095219718999 0.03713528321547220067966
0.03538913913946381550879 0.03855619143901065082325 0.03599861929791194764539 0.03777549976366103429148 0.03582669300892614427934
0.03640941752427842570405 0.03659019283961102014802 0.03634631431668309403671 0.0389359792600330531509 0.03695554034777177865312
0.03669768757205819909029 0.0352686857118989158244 0.03637492289719187338326 0.03492876196336860278313 0.0356794603754365113879
0.03540204730232079932684 0.03577804745857695450928 0.03424389337083211248824 0.03493505313369513198829 0.03534749279761183193838
0.03356103252851942025936 0.03477995084910994599836 0.03671645407553517787003 0.03611711471630513203834 0.03495503512079520952449
0.0346918160579236037333 0.03182081684502916646418 0.03382809339101131018701 0.03499136300711120500795 0.0343337369343938367261
0.03382902690557367669788 0.03465950643120060264968 0.03445745394916196330248 0.03412597895526143371159 0.03358311197399978936806
0.03418347621966245225567 0.03432546610586970081691 0.03293255492885496099609 0.03466652727445916626348 0.03624256935470800827792
0.03268735292962641342251 0.03358450921963123531055 0.03227973689276759927669 0.0349022925137325093492 0.03262656830022900994459
0.03366211088675691992522 0.03312704512743587514922 0.03287354293098221358349 0.0326533102164785898891 0.0329259352137361155366
0.03314903701283655051979 0.03241531047274390231472 0.03094196205015228504087 0.03229224450350823283351 0.03356143866106466727706
0.03279614627566866669195 0.03236137187285417077254 0.03174042104198700892104 0.03223985888668823296399 0.03104200043932242927824
0.03186795288539018972118 0.03146204721892383732174 0.03025868516680680839204 0.03102246762516034511714 0.03177213001014354137874
0.03140483140286950969333 0.03236602690396897519243 0.03107962115032385577718 0.03039861655395770245747 0.03167631960213361519418
0.03012907636353336082724 0.03135148250944457676281 0.02960205875181599194379 0.02976876000072636863081 0.03000769386760291160265
0.03019186277422192948849 0.03106136429202270565764 0.03199979163855655450721 0.03044655122870031788151 0.03017993278291376119116
0.03150204015278672275979 0.02958767242819050624636 0.02894699697398956175776 0.03058803909525670272629 0.0305039503454912035163
0.03103443092702446587383 0.02935678865905007664527 0.0302761642250819230926 0.0300682336617909308496 0.02872211667090612124964
0.03010454197146758895109 0.02938669386852182235925 0.0312052177298297872543 0.0303002302978019714963 0.029642150502172372184
0.0297400066737703965003 0.02926195061890464813037 0.02876107200945671182879 0.02964743356333784246592 0.02991033238743133482185
0.02780212751673684368203 0.02914473410149272594727 0.02839256890221947271513 0.03163007146377080219812 0.02855378757873100817322
0.02837804233590663846587 0.02881838235657319113869 0.02783108816414300509812 0.02872636459253403995451 0.02832620507963977407595
0.02888239408799779181503 0.03060266825989836625421 0.02801273719134183062818 0.02860815299257157828805 0.02752766813945936932861
0.0290702923013692882126 0.02830352904997482377247 0.02729946551782097899363 0.02766049465768783202635 0.0288642662872535468721
0.02778116553273591443629 0.02790072149529150905001 0.02888896054625986892228 0.03004372894807367036507 0.02843994657980668250286
0.02814878308910465087855 0.02834664408876459013031 0.02775512512269358647576 0.02781273040608444810373 0.02781495863982558214289
0.02718121444857076254853 0.02822399099713105916076 0.02816790555340129703632 0.02782468115215744677848 0.02796632199618178174494
0.02819178475439714989803 0.02725141335795091754313 0.02677878876624785117744 0.02784891171459491152063 0.02671481773529633951814
0.02646405035908405006806 0.02846140126671680911641 0.02836537887198472759898 0.02761418702851785311747 0.0274885690727036842429
0.02678363126075107916724 0.02463756013047513349079 0.0273559490908029979972 0.02711373156439881443314 0.0276143225692910762592
0.02778539089797531919102 0.0274137706813640975867 0.02744523364771072129753 0.02672053202241611233325 0.02545867095661248635796
0.02730317906835104738161 0.02696036318974317710917 0.02901648862952905735813 0.02590223213003899765949 0.02607789884983235592641
0.0268621571463759992171 0.02667651976315456308075 0.02619422454999995736324 0.02632691484001063036979 0.02630952260327274611074
0.02631998756710826267713 0.02630264397500827605603 0.02641998487633488365556 0.02604932133549093739577 0.02667756525993399130403
0.02604139231717713873215 0.02570092982257494648723 0.02655667104271371495305 0.02629761362511527644781 0.02642112187201575701501
0.02553154745254876747951 0.02601986744534073511814 0.02642637964146667822751 0.02588552767768883752786 0.02631710707784940678211
0.02642466066352738146561 0.0254103990525427307634 0.02548293109029159050904 0.02577839273244536197338 0.02624573047731105016056
0.02605053398599210465192 0.02551067651016751189341 0.02523668723522609277921 0.02467930798122365543268 0.02528361194911088460913
0.02543967881028094679685 0.02500716646662204389884 0.02574794481892972788928 0.02546848085870204864145 0.02633409766753912195636
0.02581495125093698911334 0.02593618662619327774888 0.02421820355110680667021 0.02622782353546873959638 0.0251427459880236708889
0.02501055590136399761625 0.02486034625832499525555 0.02533400488849215509424 0.02655742022013275749348 0.02557080812187706789218
0.02511797682206701187724 0.02539698351256758010464 0.02561435779623772932001 0.02545161447875190705026 0.02577902593368478975644
0.02607566047106401468936 0.02515305422733640078325 0.02419648359584371244413 0.02456709151411439612245 0.02521191781309538998412
0.02434161179481199657748 0.02506435556577690099145 0.02442503950429086509444 0.02526480095212923007719 0.02435668809611267124349
0.02489596568340700366573 0.02421207549044746346056 0.02525226292714950401819 0.02475217171414594366508 0.02438226086106142984078
0.02535459770523935604802 0.02507771948900064037935 0.02513330586836946822782 0.02502121338033778258358 0.0245152739145032931567
0.02447775929629206551064 0.02449001009742145240633 0.02517328095327582559992 0.02482520556896051708295 0.02437829617258325393125
0.02531552569304849897858 0.02395672662557836798958 0.02476061352175932747666 0.02523453742197285729065 0.02464351385101493790986
0.02444461484775297538397 0.02371730670061440379714 0.02508805549081915414744 0.02498465048621151610164 0.02461141032708183060129
0.02442308389636919582766 0.02414329781799205362769 0.02433824299650859043775 0.02472893616163932342666 0.0254547447402466882338
0.02433402234353083601337 0.02383947064098069362759 0.02520291492212732228917 0.02389600647561229695981 0.02399779441625953316231
0.02536931681421039294633 0.02390351585541245632571 0.02459334168026094599724 0.02363845532116615535956 0.02420648323960522541043
0.02450642820315880945903 0.02374942298528126202739 0.02394900730010602815656 0.02442183831279186312369 0.02385859726840523428737
0.0237668359099033332793 0.02403510954331616877866 0.02444657755438085430799 0.02388959916936225086337 0.02388833715147945305213
0.02394784711558434198153 0.02474560105600238923973 0.02503162968466586188465 0.02368441790222024570522 0.02418182236499050868916
0.02395345998607372253741 0.02400566220048503188189 0.02314304583623590441666 0.02261551220161300834732 0.02376422553272550947101
0.02324335080553642865486 0.02468203053251364839649 0.02395908612373903040504 0.02410214958170841734186 0.02443638060405801601394
0.02321354453060768194272 0.02478950962806847346798 0.02404068147733755267392 0.02451639117518282853792 0.02356591256119759322796
0.02345866251394432278055 0.02447955488014993963297 0.02369346372248572196728 0.0237125267829940283848 0.02421271325400245824633
0.02296347929276756211214 0.02417525037684979671848 0.02382306775428986306276 0.02443462766147438958164 0.0231889197368599399296
0.0246239885974070780994 0.02410702928229778094216 0.0247258199169664814876 0.0229907373457456445931 0.02368453657543543450226
0.02269721190947961153572 0.02337181500229119565648 0.02312584473792124103997 0.02317452216108408305506 0.02290902398478263449211
0.02238261652337056317741 0.02370060095526416166223 0.02344566792635641161446 0.02431249778609738051993 0.02345612065554255123989
0.02240376924462847071928 0.02320813242605964873966 0.02244585284552641502032 0.02339189100849673255689 0.0243704477614176753808
0.02382023814702732139592 0.02357525873909955757557 0.02288248497957579702389 0.02367331037203204702202 0.02251636885477766719665
0.02359434844307117459805 0.0237917950165474276214 0.02335792441372954927892 0.02346509275724588741707 0.0246797487390216369052
0.02407320792977117596134 0.02323590367080503524266 0.02266220413846103953759 0.02354192605705003604744 0.02389324192449762337964
0.02348054581227517270681 0.02317565216605734640387 0.02339157525670509246707 0.02365030944314054639488 0.0232634388478208734008
0.02326136256677411792704 0.02274404215102288767669 0.02240183183013368453662 0.02229854588052904845741 0.02252402983784923887201
0.02325209959973677936729 0.0233242238818729269445 0.0228856047959974349959 0.02374364873330282385555 0.02333997907020466527905
0.02180029777189478740196 0.02313553722275079466142 0.02259060187382900403152 0.02231608131481415194242 0.0233901165915121854455
0.02352272757670553771092 0.02355112844887718298592 0.02237145777852991498924 0.02237856231444178278789 0.02186561367292843421906
0.02303043947527844484413 0.02254316545510703928556 0.02413996698138088509156 0.02300485175644712346199 0.02304287946432103176275
0.02348548254392941736501 0.02301379163295768845443 0.02255701625466605131365 0.02331887995658434367674 0.0225226654989711186361
0.02279019258035670444928 0.02175754498538693196275 0.02240123161417052061184 0.02249181560831359227848 0.02210065771557908134715
0.02296603649031559932214 0.0220627878369041956208 0.02225342297505400815383 0.02327876072327677778318 0.02257397984308149793686
0.0223546141038120024791 0.02240031387010353591815 0.0228623059582399625056 0.02214246425254662309356 0.02271067827321242640903
0.02319948082543803538624 0.02267557570517837392532 0.02180595154423875525751 0.02284330111436490978738 0.02158068670653050247221
0.02348912231093823466122 0.0224756409001459177277 0.02249405575845370500176 0.02295181038799657194382 0.02194924593872291107566
0.02231584166627010104578 0.02188628780757614911145 0.02193841815752262808248 0.02257953438551131217227 0.02243592476283653644464
0.02175854667781541851301 0.02242784692910923874387 0.02250021425421232929009 0.02218042313356778302835 0.02257215105661794160574
0.02225552452755343024737 0.02241288455863395256973 0.02239192036916935399371 0.02292412394486808766003 0.02255990035963949258413
0.02247808421173310214347 0.02309909868773268176723 0.02229672991395591566399 0.02200466757430223976866 0.02212494293301878883762
0.02158969731597786684274 0.02223277113204274318958 0.02189769630136490993766 0.02257118396601607429597 0.02242858781268620635418
0.02257322472043715028134 0.02116989804742600705945 0.02256948285072508941784 0.02203434163061281092499 0.02187779842283609985087
0.02210038571415263650155 0.02226507983486459771316 0.02177086235006984310525 0.02140437474277309681803 0.02232368417344534478053
0.02229513310105030177155 0.02172245116026671682419 0.02245656759975261582141 0.02220171757465879205928 0.02224574273198920079664
0.02162104479880399415803 0.02158470069410806796428 0.02202003040333286310037 0.0220484690244001982351 0.02155518588942504504269
0.02126914273955114037529 0.02219844494678669191701 0.02169326186823344188026 0.02142450078999664012103 0.02207448122557484002093
0.0219041597439167783079 0.02230385805862413958756 0.02134169169140343394475 0.02197434843169977433663 0.02224559865142349338041
0.02123539063553334105272 0.02211810680406406381948 0.02136152063388608093875 0.02145229981230790256008 0.02214546668958830219487
0.02130101088113942747748 0.02191163778940491760339 0.02191381856832168642524 0.02123743684470330225778 0.02132813188730432393814
