3.537508602890000020125 3.414051841750000093612 3.326491340600000068406 3.275247524750000138738 3.26697620429000012976
3.266524520259999952998 3.366720516960000075812 3.455288985820000213778 3.464285714289999873472 3.514124293790000130855
3.635827931640000176827 3.828228228229999974275 3.861807580169999809527 3.937160120849999778159 3.873281530189999877223
3.788079470200000020697 3.857063093239999851392 4.08136180034999984656 4.027850761949999913725 3.686628807429999987733
3.555033907149999894415 3.66067415729999989793 3.898126463700000154944 3.758716104039999894582 3.815880322209999953031
3.840553549940000088725 3.888674388670000148238 3.788275862069999888604 3.800132362669999874782 3.935483870970000186418
3.9671332927599998186 3.909145248060000188417 3.754034501950000102255 3.715068493149999984126 3.665557404329999879877
3.663630448929999783303 3.565445026179999921112 3.494513533280000139314 3.436708860760000039392 3.480326651820000005699
3.587622149840000052023 3.656467315720000055279 3.779715762269999945744 3.831833910029999845648 4.0052117263799997815
4.010252904989999755969 4.043114543109999736714 3.808679706599999992278 3.738933030650000155504 3.62683201803999999413
3.70389761488999980088 3.73110624315000016793 3.936936936940000020257 3.858908341919999873681 3.923664122139999932415
3.846242111300000043883 3.966019417480000086584 3.834319526629999863587 3.780991735539999787363 3.855780691300000118105
4.02800248911000036145 3.986220472439999884529 3.942446043169999914113 3.891542930920000031847 4.001271455820000433334
4.029723991510000047356 0 4.858232676410000117073 4.808174027689999796564 4.880666666669999820272
4.953084832900000122891 5.181706568450000105486 5.007926829269999657868 5.01283783784000025463 4.95204513398999957019
5.140804597699999867189 5.109052031360000079019 5.070877192980000280897 5.118375774259999566596 5.111453201969999859955
4.967032967029999745989 5.086473131560000027207 5.101376720900000272252 5.14218289086000002186 5.152186938289999851293
5.145328719720000165694 5.250460405160000121327 5.130434782610000077341 5.113276492079999790974 5.107121484140000333696
5.023682652459999786743 5.119886363640000048747 5.087493290390000311163 5.219649915299999776153 5.170954831329999556999
5.297677261609999632697 5.335923490739999941468 5.508317929759999564965 5.536363636359999951253 5.589209074190000237081
5.509987515609999775279 5.401286173629999964874 5.232188295170000280621 4.958429561200000001975 4.936543909350000092218
4.979815455589999828589 5.395632626850000335139 5.290593169560000141871 5.20683661645000039897 5.161714285709999572305
5.365541327119999870376 5.435389988359999868806 5.405389908260000098039 5.594847775179999871398 5.697097944380000278386
5.679927667270000313238 5.558082360170000235655 5.572472594399999756831 5.54171855542000013628 5.410932475880000147583
5.42626262625999977729 5.445751633989999618279 5.490944372569999565314 5.305983960519999875771 5.308658294779999842206
5.485879332479999703764 5.631061598949999691399 5.711636828639999663437 5.553488372090000346759 5.788321167880000395201
5.788227334240000132581 0 3.411598302689999862025 3.368912608410000064652 3.415505754089999790324
3.443146896130000023106 3.67302955664999997154 3.741022099449999860354 3.895705521470000043394 3.870875179340000027395
3.993112085159999935513 3.994811932559999778647 3.975822699800000137316 3.648550724640000186838 3.679806918740000210022
3.671850699839999787599 3.973974763410000221597 3.775067750679999889485 3.815712187960000001397 3.937550040030000086944
3.970829535100000029502 3.899006622519999964993 3.62971516550999995232 3.776377952759999878651 3.772727272730000080969
3.793918918920000216133 3.70689655171999987715 3.755281690139999906108 3.683187560739999977244 3.660356347440000046589
3.495635305530000014329 3.615154536389999950785 3.517493897480000075717 3.359466221849999989502 3.258483754509999830162
3.273722627739999779806 3.476894639560000221934 3.676406926409999886829 3.527687296419999896102 3.563411896749999918654
3.458246346560000183956 3.534653465349999912348 3.470149253729999827556 3.532453245320000156937 3.602339181290000080793
3.503464203230000073575 3.481404958680000216731 3.703771849129999793604 3.926186291740000111616 4.104023552500000171506
3.786116322699999869883 3.551917680069999860848 3.444711538459999999873 3.407284768209999814559 3.496514329980000113096
3.624765478420000075488 3.676424050630000106565 3.657758620690000128661 3.586235489219999905686 3.676715176720000144428
3.632030505239999929046 3.623352165730000074007 3.522471910110000159477 3.522944550670000118942 3.563670411990000008728
3.608610567509999977887 3.695283018870000102396 3.787644787640000121343 0 3.417396745930000090397
3.461395923410000019516 3.545851528380000061702 3.588726513570000165032 3.686809137800000080176 3.746268656719999867732
3.739761092150000187928 3.781220657280000008171 3.83124477860999990142 3.960992907800000129015 3.881426202320000129475
3.81369150780000021328 3.714392803600000014796 3.727055067839999846768 3.746536267319999780057 3.886124401910000081273
3.833962264150000187612 3.736694677870000091957 3.629990262899999819979 3.568627450979999782277 3.757172131149999927402
3.757837837839999917122 4.066009852219999665124 4.058151609550000316062 4.0081818181799997447 3.794520547949999933479
3.737106918239999853171 3.842569269520000219131 3.797936371450000070382 3.831709477410000008746 3.798638132299999803365
3.796416938110000138806 3.902852049909999898603 3.988284518830000013878 4.153928955869999661843 3.997942386830000138787
3.91013584116999979301 3.949261992619999883658 3.90693430657000018158 3.791704238049999897697 3.556494192190000180886
3.675311203320000164041 3.902325581399999965271 4.071661237789999887582 4.059633027520000325694 3.938775510200000162797
4.021716649430000067866 3.874060150380000067116 3.917255297680000136751 3.714285714289999873472 3.806451612900000114337
3.758215962440000001976 3.903597122299999888639 4.023287671230000306366 4.145860709589999970603 4.248091603049999775976
4.101376720900000272252 4.03114930183000019781 3.830491474420000042045 3.837837837839999988176 3.849438202249999996241
3.918367346940000217614 4.015277777779999723862 0 3.078148710169999802133 3.290964777950000197393
3.279591836729999876354 3.448183041720000119312 3.28929663609000000335 3.329073482430000119336 3.243969298250000132811
3.319077096230000023525 3.299350324839999792914 3.320534223710000176766 3.313033579969999919967 3.254319281269999919459
3.313609467460000068684 3.385549872119999914588 3.4375 3.423456790119999926247 3.393761035899999889409
3.437314319670000006823 3.500910746809999807283 3.503465658480000133324 3.390196078429999815285 3.348336594910000130199
3.459754433830000142081 3.567164179100000165334 3.775242047029999881147 3.786959328600000063147 3.697712418300000081217
3.544193216860000106294 3.441578148710000117916 3.462184873950000074672 3.535830618889999943377 3.535639413000000175202
3.543793659319999900248 3.460403726710000071876 3.649762282090000198309 3.796460176990000157105 3.656626506019999833796
3.602490918530000030273 3.387007218209999948044 3.30649970184999997258 3.22683706069999987065 3.344010249840000170707
3.551314142679999896757 3.548787699590000066507 3.539537712900000077099 3.421637426899999834262 3.34696195344000013705
3.316295850870000005983 3.239951278930000011513 3.260182370819999952971 3.20745272525000002517 3.280438545870000055515
3.353267570899999938661 3.523066926579999869062 3.635177128650000089038 3.595794392520000215541 3.564799094510000099234
3.860188087770000109344 3.797745773319999962325 3.788029925190000035684 3.465761511220000201661 3.534298300820000182654
3.605686032139999941393 3.746394230770000000064 3.755592841159999917267 3.688963210699999883957 0
3.3931712364200001808 3.299873737370000004177 3.4368271954699998183 3.396159317209999972675 3.421568627450000121826
3.497687326549999919933 3.727737226279999926959 3.753258036490000115748 3.643394934979999888469 3.44313011829000004127
3.613342898129999980483 3.657809983900000005974 3.62160326087000017381 3.730098559510000022499 3.862318840579999967844
3.995934959349999981981 3.78872326635999989719 3.59231411863000005269 3.626568265680000013873 3.759150805270000006431
3.712301587299999816594 3.467136150229999991268 3.227987421379999943838 3.223336371919999887581 3.527386541469999858833
3.565581395350000182276 3.727635782750000181807 3.50764192139999986253 3.666982024599999778758 3.402286902290000192295
3.564850345360000005712 3.412353923209999972954 3.558192955590000039479 3.54792043399999990072 3.479655712050000015978
3.353497164459999790864 3.25841674249000012864 3.339207048460000049062 3.644583008570000171034 3.679035250460000128214
3.715996578269999961464 3.407789232529999878807 3.418580375779999958041 3.386138613860000035061 3.423974255830000146261
3.585152838429999988534 3.748336358139999990868 3.784410112359999800447 3.896617740910000016186 3.878648233489999874735
3.813486370160000138441 3.4482421875 3.303225806449999968351 3.420942408380000188117 3.616580310879999871077
3.647566718999999846318 3.870570107859999886557 3.994088669950000003439 4.423459244530000056272 4.125813449019999801237
4.474999999999999644729 4.238211382110000258194 4.303863298659999614415 3.830957230140000113749 3.912866449510000066425
3.861629881149999832246 0 3.25 3.152424942260000140237 3.368159203979999904988
3.470103092780000064721 3.62227602906000001326 3.619512195119999997672 3.690303030299999953456 3.671766342140000194405
3.612109115099999989695 3.563636363640000137565 3.364464692479999907704 3.306438467810000059188 3.382996632999999864211
3.611005692600000038794 3.491146318729999808994 3.373860182370000071472 3.477088948790000078048 3.697163120569999961162
3.763866877969999968911 3.731428571429999951903 3.716268311489999920383 3.735893416930000210385 3.68421052631999978999
3.481964696849999985062 3.64518518518999989908 3.724082934610000172881 3.70373312153000000535 3.760347129509999941632
3.788356164380000112857 4.046178343950000311224 3.79638009050000002631 3.632747456060000157407 3.578986039680000175167
3.605723370429999796727 3.605189340809999976045 3.665477888729999911277 3.641924398630000059285 3.59811046511999998998
3.511227544910000109013 3.455981941310000138401 3.511126564670000060886 3.427668539329999930487 3.403663500680000009169
3.49397590360999998893 3.580708661420000105124 3.58203125 3.506765899859999979782 3.355034065099999907034
3.435897435899999852182 3.414219474499999851247 3.461594732990000089501 3.371661721070000172773 3.552760307479999823954
3.566973777459999883632 3.588692579509999980303 3.314265536719999794002 3.391304347829999787933 3.40925266903999979462
3.537546468399999977095 3.573448546739999898136 3.694136291600000010504 3.634238310709999808523 3.581009796530000066639
3.396755162239999847884 3.584454409570000166241 3.501774308019999892849 0 3.815097540290000033281
3.909328683520000069507 4.049245432880000272746 3.986156351790000051949 4.079764903440000090029 4.069902912619999924004
4.016221374049999681688 3.864891518739999920484 3.897695852530000060199 3.944942381560000210783 4.207616707619999729673
4.1255411255399998538 4.255687973999999762498 4.167643610789999897293 4.236987818380000270224 4.058168316829999788808
4.245305164320000379519 4.171249999999999680256 4.321345707659999924033 4.137037037039999809451 4.06297502714000025037
3.838933951330000038382 4.009493670890000416307 4.103773584909999883052 4.276301806590000254005 3.967097532309999952105
3.89800000000000013145 3.668432203390000090337 3.806935332710000174927 3.776955602540000178635 3.948292682930000019326
3.830508474580000211063 4.005946481669999670316 3.879876796710000075308 4.032051282050000295953 3.932397959179999791246
4.026499302649999556536 3.747634069400000100813 3.998675496690000219502 3.887445887450000192587 4.325506937030000109701
4.110112359550000427078 4.186834462730000261388 3.938053097350000086863 4.011840688909999563805 3.979192166459999846495
4.027241770719999891526 4.031724137930000395613 4.10586881472999998266 4.178614823820000268029 4.185617103980000308638
4.18669778295999961415 4.221518987339999640085 4.195011337869999579198 4.305365853659999686442 4.231065468549999764036
4.20588235293999979092 4.127198917460000338053 4.283549783549999823151 4.349680170580000115876 4.24919786095999985065
3.993071593529999852024 0 3.722174288180000178983 3.804961505560000123438 3.974548440069999966084
3.978831498729999971431 3.998302207130000063273 3.997262773720000161859 3.983840304180000124745 3.931818181820000202009
3.850049652430000080017 3.858452138490000127291 4.13721618954000014412 4.189038031319999966229 4.272209567200000002174
4.199308755759999733925 4.290766208249999991153 4.142332415060000272433 3.947572815530000056583 3.657427937920000093897
3.667461263409999894236 3.601169590640000084392 3.790751445090000171234 3.793782383419999959528 3.877870563670000159107
4.008154943930000158048 4.105378704719999660711 3.988601036269999955408 3.816816816819999846899 3.78282329714000020715
3.987630827779999886928 4.131495228000000352608 4.221846846850000112283 4.18613138685999963684 4.033860045149999962177
4.014069264069999753985 4.009249743059999815387 3.860058309039999802081 3.756262042389999944447 3.614354066989999836323
3.70248756218999997003 3.645367412140000151766 3.738814993950000165057 3.810143042910000055201 3.854942233630000103517
3.76196990423999988451 3.596237337189999827558 3.44510385756999992779 3.7024265645000000724 3.775212636700000068402
4.101376720900000272252 3.757499999999999840128 3.839805825240000025644 3.650813516899999999765 3.925170068029999903558
3.856031128400000174139 3.811965811969999951003 3.605022831049999876285 3.701405152219999994401 3.666666666669999852246
3.725874125869999886618 3.646766169150000180821 3.865533230290000066276 4.035937500000000177636 3.957547169810000209367
3.899383983569999934105 3.867219917009999896607 3.849206349210000155381 0 3.894347240920000174924
3.975794251129999956618 3.973866256730000046105 3.741770299930000209798 3.857622565479999821036 3.891835310539999870372
4.162068965519999608205 4.011299435029999749247 4.352729885059999581642 4.34224598930000027508 4.422734026749999713957
4.123511904759999957548 4.101045296169999687663 4.064558629779999598952 4.11796733212000010127 3.964108910889999837224
3.950694444439999841734 3.782020684169999924507 3.648377125190000125343 3.712668082089999987971 3.808026755849999833714
3.891259463179999933402 3.7578125 3.931386861310000035985 3.928622412560000221049 3.805801772760000201146
3.718949044589999974875 3.686468646859999864773 3.91309130912999991736 3.574235807860000058156 3.750902527080000048443
3.757100881489999988361 3.775956284149999842015 3.804116394609999840526 3.953360768180000039962 4.009395973150000180851
4.069300518130000376971 3.918065815979999921836 3.908970099669999864744 3.884827586210000127664 4.06853785901000009062
3.985155195679999984293 4 3.939944134080000104348 4.113156100890000388404 4.058951965070000333924
4.111624326400000306592 4.151310228229999843563 4.278418451400000321883 4.078345070420000162414 3.940397350990000102655
3.877409406319999973789 3.910519125680000041001 3.893602693600000108631 3.993898305080000099565 4.086865879080000318879
3.999313658200000176635 3.893893129769999905676 4.010333863279999633278 4.272816486750000031236 4.248220640569999595471
4.122362869199999835246 4.039596832249999991404 3.859612724759999835555 3.648398576509999990947 3.502954209749999936463
0 3.757167934459999969476 3.70739348371000021487 3.764447236180000100347 3.7466666666699999233
3.791792395899999945641 3.578333333329999810246 3.648874934589999785572 3.562729658789999920288 3.635300668150000191758
3.496089385469999921696 3.446219382319999802178 3.48657534247000011618 3.581626682270000028296 3.476400251729999890671
3.452271231070000112595 3.446164199190000054784 3.657360406090000015666 3.712230215830000013 3.634994206260000026987
3.684993531689999990419 3.742610837440000004506 3.85723310170999988955 3.86565349544000014248 3.759753593430000151443
3.699520876109999800718 3.666428060129999888517 3.776766969910000160127 3.693536673930000180377 3.721885521889999992595
3.592810842660000059112 3.560885608860000051124 3.566648381789999877611 3.610256410259999881873 3.879249706920000040355
4.078046041550000389009 4.211757990869999801475 4.311021350259999884713 4.108695652169999767978 3.890488110140000177495
3.629198080880000176762 3.570360299119999858419 3.660377358489999899405 3.739222614840000069591 3.88133240805000001572
3.894932014830000177597 3.815946843849999936538 3.730542838459999899214 3.763275751760000176205 3.897708216879999909565
3.902339181289999903157 3.941964285710000126528 4.021874999999999644729 4.077299945560000082878 4.014018691589999576763
4.006550218340000135697 4.030491247879999683335 4.145681581689999894991 4.113861386139999964939 4.057923497270000012804
3.958017492709999807232 3.904661016950000007597 3.831379117810000067834 3.91501103752999979335 3.867015098720000043642
0 4.468304278919999816821 4.626545754330000370658 4.346923647149999681005 4.513573000730000117642
4.318602993589999883284 4.550151975680000404623 4.314930015549999886559 4.294579172609999773158 4.210564399419999936924
4.361403508769999604056 4.449170872389999864538 4.439232409379999744203 4.52686447473999997726 4.589016829050000190193
4.759276018099999561173 4.909433962259999617572 4.816307403939999787212 4.755859375 4.520318021199999591886
4.581818181820000113191 4.6182246661399997123 4.710378117460000346739 4.761222540590000384952 4.643688451210000067704
4.618470149250000211794 4.783229259589999671221 4.920502092050000442214 5.092353525320000073862 4.82200956937999958285
4.87572493786000027427 4.972198088619999900573 4.984545454550000087579 4.923444976079999868546 4.832713754650000304025
4.991193737769999749787 4.900529100530000015112 4.896592244419999850891 4.997701149430000100438 5.058492688410000326371
4.955510616779999821802 4.764474975469999762367 4.757236227819999996314 4.733333333330000058936 4.894080996879999645444
4.997826086959999969395 5.031216361680000304091 4.706572769950000179051 4.476415094340000067064 4.555944055940000403382
4.884696016770000426277 4.860759493669999820042 4.678451178449999581233 4.555652936020000431938 4.853679653680000427585
4.93416030533999983021 4.919540229889999949364 4.598471986419999879558 4.68968253967999970655 4.718137254900000243651
4.901050788090000054353 4.805194805190000195694 4.736036036039999785885 4.751509922350000358904 4.926582278479999743581
4.931484502450000029228
