NaN NaN NaN NaN NaN
NaN NaN NaN NaN NaN
NaN NaN 4321.527085776554486074 6340.710817505226259527 4641.124264170691276377
3866.228591915013566904 5351.78266613760843029 5228.196380365462573536 4340.473856788292323472 4431.183835554596953443
5295.672841819097811822 5991.519916934889806726 5339.760568576762125304 5106.858333056782612402 5274.175014371471661434
4627.252171820346120512 5338.540676885313587263 5337.461750822902104119 6395.760808083691699721 4905.893904067362200294
5400.376034899040860182 5082.220566419322494767 5673.210615341194170469 5874.641814675600471674 6891.021110323347784288
5343.712101299750429462 5238.384869764834547823 5583.562736985685660329 4990.336844465378817404 5574.81892556141337991
5462.107285695086829946 5518.597291749008036277 6300.693928545479138847 5469.562014749368245248 5642.837214357933589781
5679.730406375100756122 5354.629242584732310206 5664.214443822763314529 6351.075757106716991984 5420.697195907173409068
5655.282999750882481749 5551.141639138904793072 5168.211157309669943061 5709.371810105846634542 6339.643695670426495781
4846.298666493349628581 5497.275689197163956123 6627.557623253013844078 5229.220573257507567178 5744.737848635399132036
5691.9404896951155024 5217.00704508316994179 5641.069731266074086307 5852.207096737781284901 5588.562341609054783476
5758.391655759946843318 NaN NaN NaN NaN
NaN NaN NaN NaN NaN
NaN NaN NaN NaN 5303.079705559865942632
5536.638979183609990287 7461.443150046237860806 6992.294247977916711534 9257.477133795093322988 9866.918131936565259821
9491.406809353848075261 9018.17580559796988382 9831.750908343276023516 9586.57053814070422959 9126.521369438885812997
8814.40644489681289997 9713.800943341366291861 9134.83692890458041802 8996.177827621997494134 6896.176692768905013509
7837.021041741462795471 7316.052431181547035521 7049.327792600715838489 7989.683623286846341216 7600.983113739921464003
7276.626997802814912575 7582.842977215072096442 6368.447192867226476665 7307.061659239972868818 7384.706636113228341856
6550.930778820048544731 5705.498613086412660778 6536.768632550530128356 6692.589745811609645898 6497.091886483595772006
5286.030530912533322407 5581.722702538696466945 4749.912088093328748073 5848.571939195484446827 5463.365413944255124079
5091.141560914660658455 6696.513889621574890043 5733.737787544956518104 4928.48495062952315493 5517.380740233875258127
5123.651801316311320988 4948.598408927657146705 5106.565532291044291924 5525.162659339650417678 4335.126117254264499934
5105.901320249501623039 6156.659962120984346257 4832.152265258502666256 6206.444394988229760202 5820.165460014021846291
6391.809223765149909013 NaN NaN NaN NaN
NaN NaN NaN NaN NaN
NaN NaN NaN NaN 5433.19328468304593116
4756.112067663835659914 4813.345020044636839884 4936.229230614381776832 4508.600603618088825897 4769.694365229734103195
4596.851703811857078108 4384.924167357756232377 5394.194933779938764928 5582.554990031220768287 4572.584445455828245031
5477.950383310514553159 4749.355276975808919815 4755.342456668927297869 4596.119126175156452518 5116.940769388902481296
4772.224901903108730039 4229.498197464413351554 5289.26243929332576954 6071.946974683240114246 4597.806660106415620248
4957.138402144712017616 5944.766590061542956391 6349.006229502741007309 5520.959494189532051678 6534.500805415734248527
5617.628929986468392599 6128.215431604877267091 6320.497199785579141462 6593.969720828331446683 5783.039706203233436099
6692.861476701748870255 6845.286469665708864341 5884.925961964660018566 5287.330855673192672839 5332.151416279873956228
7176.289731952933834691 6015.942272221115672437 5171.554773463110905141 5024.135496814143152733 4545.777883914616722905
4938.849625735128029191 4956.395271812983082782 4623.323951178187598998 4452.596388749198013102 4497.321801330572270672
4162.985695554859375989 4162.666597679791266273 4070.494175556211303046 4123.515140607726607413 4161.76933568823915266
4212.354246472466911655 4073.186751959897264896 4289.307811540059446997 NaN NaN
NaN NaN NaN NaN NaN
NaN NaN NaN NaN NaN
NaN 9012.246516274801251711 7717.337748799485780182 7436.154970432214213361 7508.588029216648465081
6855.377086823974423169 6326.547210997318870795 5631.247478244753438048 4775.939594538707751781 4993.44858755322820798
4468.021143661840142158 4254.87650030437271198 5055.696471134418970905 4720.753898716183357465 5678.578214374412709731
4878.380084895902655262 4086.447398901066208055 5338.884651092726016941 4856.336446271282511589 4587.165926388792286161
4252.218768596132576931 6193.14390028469824756 5716.690216446857448318 6007.18537375731375505 5242.242945065518142655
5168.478962911509370315 5935.761419181595556438 4237.756419524255761644 4271.047138216630628449 4837.317112125722815108
4278.039924444924508862 4361.41551444841115881 4466.881877353739582759 4508.44163541490524949 4467.293654770881403238
4374.474985087214008672 4391.46212857861246448 4471.360922615770505217 3330.684060019164462574 4842.241483083487764816
5008.464841172582055151 5662.71882022950467217 6079.134498526394054352 5605.614873851662196103 5971.098901312813723052
5306.048194851015068707 5712.258631345132016577 4467.802147588107800402 5806.823857612259416783 6609.853489980033373286
4127.823694545382750221 5667.450322781602153555 NaN NaN NaN
NaN NaN NaN NaN NaN
NaN NaN NaN NaN NaN
6027.894900118300029135 6113.271902208948631596 6605.824201840096975502 6971.966363595930488373 7064.58063957476952055
7691.442513153987420083 7634.465313160891128064 6971.269089070151494525 5922.122731111117900582 6800.706880453858502733
5899.089622125736241287 5293.795539832515714807 6298.694325932239735266 4797.129128782684347243 5048.190585840703533904
5878.003304629613921861 4333.853037721895816503 4181.128580028575925098 5024.249867616414121585 4367.377448876060043403
4101.382726567213467206 5164.395607460293831537 4901.753073764682994806 5423.226318309325506561 5052.499606122541990771
5616.84057562185171264 4891.441925323737450526 5022.831060551933660463 4897.547314515245489019 5386.338634582766644598
4949.813926737331712502 4847.008519429965417658 5084.119980817337818735 4806.675596100807524635 4521.410548089736039401
4899.630732359471949167 5676.599566290286020376 6081.851124956392595777 5814.976647606846199778 5603.983073109939141432
5591.825104074334376492 6129.312324484297278104 6236.286560866261424962 5578.770381670481583569 6260.010023834805906517
4957.089936906459115562 5528.767928631890754332 6042.219642229160854185 4876.19349421834522218 5738.792708673981906031
6088.720456214301520959 6168.686181860927717935 5425.254204326552098792 5731.067447166057718277 NaN
NaN NaN NaN NaN NaN
NaN NaN NaN NaN NaN
NaN NaN 5450.279960601837046852 5962.551118305629643146 5331.480055242685011763
5825.937836674140271498 5034.3607749127140778 5508.481350774268321402 6234.676574652100498497 5377.355563570166850695
5340.173242512332762999 4831.243233264055561449 4767.327096220927160175 5354.287308846262021689 5164.171193135423891363
4568.057824893884571793 5676.514607950274694304 5437.388502402769518085 4638.279734277891293459 4180.81848225057910895
4154.218885160163154069 3790.846912863650231884 5164.127181549331908172 5102.179485517423017882 4822.575557918833510485
5068.282057507853096467 4037.33808277524622099 4720.970129813900712179 4784.035872414186997048 4531.896611311130982358
4789.096997423787797743 5741.413348472420693724 4864.011354026834851538 6155.184021101200414705 5953.872195099631426274
6032.903349280116344744 6823.032212654434260912 5822.945467045911755122 5952.160307054649820202 5992.015912030884464912
4751.887360495339635236 5526.34218866891842481 5465.429217344781136489 4574.952226681389220175 4364.678990412696293788
4875.535001635322259972 4900.834477419753966387 4991.855656386203008879 5213.594262291414452193 5683.197862449379499594
5272.771440924439957598 6306.891214131308515789 5962.084164701353984128 5958.986912357193432399 5863.172671398680904531
5863.625310683355564834 NaN NaN NaN NaN
NaN NaN NaN NaN NaN
NaN NaN NaN NaN 6983.744286359679790621
6562.764976293223298853 7151.236000435052119428 6582.227779393197124591 5629.366554803749750135 7515.737276761048633489
7846.893114666920155287 4900.486413060775703343 6626.680715881290780089 5872.182535125376489304 4613.93872796288360405
3910.348457945919562917 3959.878615414407249773 3941.736883791073523753 5013.425895970819510694 6184.107066854067852546
5601.476320762293653388 5523.984157638418764691 5027.863897145432929392 5156.218331093125016196 4064.770239612360001047
4717.331528214233003382 4967.971071974523511017 5209.053255094050655316 5221.982223836220327939 5341.603783024396761903
6295.080385253679196467 6971.184230421088614094 6348.448637718161080556 6207.518440531109263247 4582.980594422901958751
4538.296031342248170404 4908.789749505811414565 5199.815041527763241902 5736.502980975974423927 4982.493087535749509698
4749.072033487757835246 5091.665955211577056616 5029.162629483284035814 5072.929127740887452092 4826.33381855036077468
5296.928462147484424349 5557.618215487725137791 5039.475853434223608929 4671.829524785684952803 5031.581887180862395326
5329.094339523791859392 4877.833242392805914278 5454.3849589197716341 4669.78716112459096621 4884.628296734225841647
5345.929234402554357075 4938.576358011890079069 5495.990449967503082007 NaN NaN
NaN NaN NaN NaN NaN
NaN NaN NaN NaN NaN
NaN 4590.222116300673405931 4133.88900156951876852 4506.208808208827576891 3866.668035435114234133
3880.43612115363976045 4107.975585805842456466 4036.580349118789854401 4024.534437791906384518 4013.052577055892015778
4415.387400752830217243 4191.180337713906737918 4985.899926185168624215 4442.673247582766634878 4590.549068501578403811
4720.706718734346395649 5120.211784325537337281 4439.182654513311717892 4163.236535585813726357 4137.631956164841540158
4348.08295990146780241 5243.57821294626864983 4446.783473348358711519 4042.823320964330378047 5741.047020903989505314
4630.711383086936621112 4296.780952901098316943 4410.548702047269216564 6174.635789543730425066 5550.556083307099470403
3926.911988343639222876 3711.13777505535790624 4652.256006788781633077 5134.544007578357195598 4184.913289280010758375
4288.561465415703423787 5457.66100982908574224 4381.31057823980881949 5233.274058373568550451 4280.679962635945230431
4557.83515877033732977 5212.479097269526391756 3997.229549038303957786 3554.752192893727624323 3827.755246220487606479
3593.326595416433065111 4164.117971251916060282 3785.697918338313684217 3782.090821155035428092 5673.974631424160179449
5338.593932522881004843 NaN NaN NaN NaN
NaN NaN NaN NaN NaN
NaN NaN NaN NaN 5066.831488597518728056
4378.269649546401524276 4936.079101463258666627 5566.750495555612360477 4890.378740682061106781 4909.385833185509909526
4595.830120844343582576 4867.992351692189913592 4787.19270097090247873 5291.977233663992592483 5604.562260886527838011
5392.199699304844216385 5627.407133664436514664 5299.624186653034485062 5217.610348987893303274 6078.413321099033964856
6891.887987289408556535 8007.095359184570042999 4771.648587422215314291 5310.617625547492934857 6931.469767222741211299
4548.144959776727773715 4934.311120364745875122 6272.942803269164869562 5289.535328860215486202 4888.636500688700834871
5223.951796225556790887 5189.511227758899622131 4895.33098640391290246 4458.218809843401686521 5502.2607195587206661
6025.665809200860167039 5611.214997458055222523 4554.927907268528542772 3691.034639897091892635 4620.289405038880431675
4843.694167094289696252 4632.809940195112176298 4350.753687488424475305 3887.685420487594456063 4253.442545835459895898
3989.048641574727753323 5002.780533475977790658 5113.387710507197880361 4366.13566194773738971 5333.315114040063235734
4681.036604419567083823 4427.566903253687087272 4449.719847510215913644 4721.761385334718397644 4170.408303525143310253
4653.560527275632921373 4179.09547851093520876 4817.162272888918778335 NaN NaN
NaN NaN NaN NaN NaN
NaN NaN NaN NaN NaN
NaN 6671.618140329683228629 6490.333731648755019705 6359.720574784110795008 6225.548468576518644113
6270.666416859578930598 5935.145641984721805784 5769.397278186604125949 6199.036847819552349392 6258.455935260473779636
6374.97101737503271579 6366.723416956571782066 6385.800043906927385251 6083.104660917560977396 5950.723152046214636357
5900.666673154764794162 5399.751195245006783807 4452.460445609928683552 4830.133047544608416501 3871.271903543423832161
5821.394974204871687107 5539.622792617843515472 4888.974693926465988625 5675.212561674957214564 5574.974306224858992209
5399.359939897247386398 4393.273571663436086965 5371.210926656582159922 5112.757578843074043107 4247.224262096417078283
6127.831275689994981803 6396.954638970544692711 5440.784031642199806811 6145.251858335980614356 6598.643261693227032083
5749.562438870162623061 5055.172071544282516697 4937.988866661403335456 4943.58577878768210212 5618.794281727356064948
5517.087299300180347927 5283.115455014216422569 5802.102660887885576813 5680.335764932296115148 6004.165810299346958345
5056.071482756884506671 7080.397424900613259524 5108.023476223326724721 5385.41864986815926386 7166.401697054468968417
6409.593253693824408401 5386.604111371494582272 6999.582802235923736589 5362.777416107785938948 5016.225948563528618251
NaN NaN NaN NaN NaN
NaN NaN NaN NaN NaN
NaN NaN NaN 5903.638718520023758174 6079.083941527978822705
6134.226159553175421024 6391.898137492922614911 6187.806959668778290506 6324.621054437881866761 6074.027708492316378397
6375.129981446011697699 6429.374868886837248283 6376.49482967863605154 6265.529426930973386334 6314.523810989865523879
5970.813938173565475154 5898.401216629769805877 5731.300810522412575665 6100.644301207659736974 6429.564524103207986627
6451.06392461815084971 6334.987959831219086482 6505.266482272915709473 6957.827589227672433481 6695.308444711636184365
6994.416589271762859426 7366.897767269972064241 7171.188049158757166879 6662.009806615835259436 6366.590705739287841425
6293.579385329249817005 5851.69131195251520694 5896.392231293496479339 5779.233556931044404337 6369.208239899313412025
6316.630925807456151233 6596.819986641922696435 6275.83002621891500894 6130.189288391050467908 6023.699584519258678483
6268.021539914754612255 6615.11826345439931174 6997.627893777088502247 6319.124954106415316346 6804.386842970217003312
6387.766093244716103072 5970.962107777890196303 6119.206599429581729055 5613.248363052802233142 4825.093373959778546123
7634.74345297518902953 6520.551628761212668906 6431.350019275250815554 6375.978619293952760927 5181.434776058926217956
NaN NaN NaN NaN NaN
NaN NaN NaN NaN NaN
NaN NaN NaN 6517.185640243880698108 6558.055856801759546215
6127.854273574330363772 5729.409246439115122485 6731.70613080287239427 6918.322838970175325812 6784.896143566238606581
7486.42756801390714827 6217.462132209039737063 5071.931946304654957203 6190.894285386885712796 5610.133325455381964275
5889.245878876704409777 5098.475535622776078526 5711.211707136418226582 6605.568403938571464096 5378.936055832210513472
5245.608811679995596933 5299.467235012437413388 4766.306008012641541427 5133.972058735203063407 4480.204670238567814522
4462.796808483014501689 4685.646974071665681549 3696.52766871545873073 4263.086776428212033352 5296.18724778117666574
5579.645364132463328133 6494.281483138729527127 4577.473405021788494196 5610.373174495456623845 6097.353010083264962304
5425.166442653427111509 6353.12391624658175715 6627.8377383107872447 4761.837847155777126318 6698.986102817339087778
6852.785492768251060625 NaN NaN NaN NaN
NaN NaN NaN NaN NaN
NaN NaN NaN NaN NaN
NaN
