-0.003195269987140328393771 -0.00641448073781801866855 -0.01229963387367325258759 0.02376961386253174240979 0.009194112050602127467203
0.02154875785714634867096 0.06031922036337888232138 0.03294705610658092004295 0.0309186693055374384187 0.03701750558617933339889
0.01253362377306725325421 0.04249991494258183177823 0.05080231107406727592002 0.001801301493010197497455 0.02157375693640348895963
0.04459424859047257660993 0.03653676888847612325151 0.0628963081078059704776 0.01675773610201263669195 0.02962184701236264885993
0.04196612130404176604914 0.05920767635372081033607 0.04835500127780362200625 0.04424429925645657901701 0.0313528441358284087892
0.0744427658005099579519 0.0621000897976554666613 0.04814907081509517405848 0.05312082987214912510598 0.02626251844533074308874
0.07409910756556511990389 0.06477293649069082448477 0.06247347620756225905492 0.06072768333321437034256 0.04402531831269868717316
0.03819105654519004688918 0.02728041333347676344889 0.06091811347029493090011 0.06761401001059785809133 0.04389857138459558882904
0.06496467360837929194695 0.04690214043867925453046 0.09804113436790584668046 0.1121309407011241987551 0.08848500751107066242263
0.04606148549365438049641 0.06443465095043074408743 0.07635596688464320325185 0.1437363333255052832982 0.09894398173533222595744
0.1288147312457533499863 0.08655101263486229823396 0.06270416628393199465208 0.1420541469444888960094 0.1199731412451441603384
0.0900061490259750074383 0.0586812122922476184228 0.1126442487706460215957 0.07755461196143917379509 0.09910331782527151411877
0.1326528674456153300554 0.1043558468243033776623 0.1168572935066083118283 0.1049979011516578436547 0.1352902222508903518072
0.1893105621252215986505 0.1105798208795919501668 0.09235957987159551518808 0.09295131165562600661367 0.1194602965316428899722
0.1271493227982295193268 0.1637056278990807467455 0.128549197808906862095 0.115764384862402786025 0.142381804094866698529
0.1630861901318323425869 0.1422350662188164305277 0.1693621416691619141481 0.1378146974968031401865 0.133671527834096859344
0.1073715310805667816352 0.1605875204999039906895 0.163341045000854112601 0.1340422330044585830233 0.1505287463746977638657
0.1529462011790285180801 0.1673903125318527140841 0.1302590415852907246297 0.0811073973506953871393 0.1147557000067957050371
0.1610146489714245898739 0.1497612015959744746763 0.1246820068430305600282 0.1561695082584979299423 0.1641850502071810491422
0.1550785569870885560739 0.1540276975734586606404 0.1613764507580330298531 0.125139930266348564647 0.1593750913841523730863
0.1773448641265603087369 0.1894501102794954039421 0.1189044962038345865096 0.1622975729314625192856 0.1935078310180305960486
0.1453246074580402114051 0.1877035121425839891973 0.1996732216003365423251 0.1614861863244541895224 0.1769682266101196277397
0.194702648622897989128 0.2172582534338449999911 0.211514064947367852465 0.1877552430460441845739 0.2123246085092160007068
0.1836591205489576106302 0.1528583590017429105767 0.2133126547082339063977 0.1757932663357299196694 0.223452390836455599965
0.1652178509368839032234 0.1741337703695160499251 0.2008023719180267452344 0.2352209188934901717971 0.1756765389616783967774
0.1891326206844777813032 0.1410080793764105222543 0.1991727103034947321536 0.2091640995740443320638 0.2371878995712960735975
0.2250234405313799868065 0.1764582829236739924816 0.1931625005232971425961 0.2223812803965391771133 0.2193740637964729511822
0.1972972156308469282582 0.2480724923588112085238 0.2077788116357048020522 0.2007961354774046580651 0.2006567539534696853476
0.1994929817468439336992 0.1670271267031068485043 0.2437339397640512217436 0.2004657716054442651021 0.1779969461243386397165
0.1974164722859125531418 0.234199292796929747773 0.2078383859733624883237 0.2014907473505077872833 0.2257272309913715135909
0.1772821189117350093589 0.2002466132890702577019 0.2040616492047213070826 0.2250650344849775552625 0.1974684829595515223044
0.2172438327738127061828 0.226226116264064636141 0.2367580721958711109654 0.2045792299857348006675 0.2426473920128730532575
0.2668072266010638182721 0.2044838297151798378604 0.2446712620258194303968 0.2422461660408384565013 0.242889567530738897938
0.2524699444561863126424 0.2495602901565454612154 0.2684853415874571824773 0.2349350251217473262155 0.2746246920780147648955
0.2291636285600388844852 0.2551712547131630426378 0.2527918820844014535787 0.2615063116696646483561 0.2370497116893841849095
0.2374437186605780902848 0.2136593512897017876906 0.2639074855482438919374 0.2379696175228302179594 0.2745519958552546935238
0.2275977989100470832984 0.2584326345248108003361 0.2224110210095224804405 0.2422848569912018634742 0.2290009763420262356437
0.2391487632526288764634 0.2533939749530634832908 0.2684847562825859457192 0.2393568693086477461307 0.2498461425258376999992
0.2261524283600465645705 0.2778621812445115635271 0.2742544900722168055296 0.2552149703170221162196 0.2307362209386421003643
0.2409849069987375080881 0.2776594417419647742307 0.254082612031472976355 0.2573550970461664366695 0.2549518017538038305858
0.264427102368563149426 0.2976253751222230903295 0.300805228412520497816 0.2345315524998403400314 0.2886581777751230926121
0.294742982417538657014 0.2832370607474455348473 0.2548172810037409585782 0.248304234940407736465 0.3086347184649865238448
0.2713554679470764341431 0.287591783240312537373 0.2745305499940918769752 0.2992399214395002893241 0.2910583884971053580948
0.25957745308009655405 0.2904203516863639311651 0.3022774187176496818452 0.3030915834333267055989 0.2748642575241644347983
0.2732387341511016698448 0.2847658578213160818215 0.3169605574754081334099 0.2767465174519903037265 0.2933310847820737032876
0.3068302525916827283581 0.2676324173372727766029 0.2675791488497931691626 0.2636970270799043891685 0.2711598839249517722827
0.2908175370077534238611 0.2982841402659920371221 0.272833924955787898714 0.292517070638222187462 0.2929450346648003744576
0.2518844807269501329117 0.2989027634594715876482 0.2807226014431269400795 0.2652622197906222001329 0.310745852268840050403
0.2771654990921351147115 0.2914648622236741259961 0.2993368737274357815892 0.3129467290959134784245 0.2866884555239606613419
0.3015314347147579621122 0.2946034657603920359215 0.3157782832848448073548 0.2931366300818537551365 0.2909296489596140955491
0.2921929398352627882396 0.3289520781158529194599 0.2852092419018931179764 0.311866807504839749221 0.2758850487172395671287
0.3105569512823394551226 0.3137177280974119408796 0.3109303972881071187473 0.3156945217820981142154 0.3124683864601505711711
0.3311862056366849937916 0.334179302727272753426 0.298836768603864655347 0.308903394342928960814 0.3073653215490221302097
0.3059442335911035648621 0.300414276100306631978 0.282013610172681783439 0.3129352034890647837884 0.3188344132912376283073
0.3068768542004334243245 0.2916161316424268346026 0.3266378045334711877068 0.3397551201593582148597 0.317112679164233413065
0.3418020359306757627316 0.3175379237552076183704 0.3116304125786314438429 0.3088045245201394561896 0.3305093068485646101706
0.2855557095270330747461 0.3604916573845240446161 0.3346421744232094264149 0.3166793782081263053385 0.3296034606717154757938
0.3042579223714577119075 0.3243886397478109029358 0.3420046692386238262884 0.3211926296998491303647 0.3504178609105891850639
0.3005504536272667337471 0.3132902264308810025284 0.3372871884231768424556 0.3060709520340341716071 0.3212954510631394478004
0.304734510017438731122 0.3348670644362106152414 0.3146606896325223612365 0.3443377481709831711143 0.326234181170551418294
0.3393230618190676284307 0.3564229640123267595087 0.3436773219698529002741 0.3310453160294438146316 0.3486427848526846839938
0.3325897197237520641622 0.3597275391753725348742 0.3464780827464081780498 0.3308333702639158491188 0.3248642234598339006979
0.3422467369456526076199 0.3362221967731070515484 0.3178720126428588033107 0.3317597076140633705066 0.3169455221181747828219
0.3210361566179931736009 0.327838935898827232851 0.3559403641813878582667 0.3492698165651090258521 0.3344953382544030295875
0.3664067270517310515032 0.3442767842538774214489 0.3067816024983032185958 0.3464758498673237152587 0.3330039101039777293956
0.3604283040061772025453 0.3483554350545755018409 0.3254338745940013044589 0.3313574425015787805471 0.3495245243427624326493
0.3511535843964113667859 0.3468523006691305310412 0.3362345383229109474499 0.3576255491533199548648 0.34059812763887181708
0.355952674116401523996 0.3635271558865992846954 0.3297279828245158195266 0.3713903472195816957147 0.3381296877925354937844
0.3438037400141276123122 0.3440146857423943549392 0.3564338702907620115568 0.3502230723102878751085 0.3304089413641459471727
0.3288247070231790081252 0.3452205480567684947601 0.3164815085708920228136 0.3723836001194286704497 0.3345892996763231153068
0.3370951599176220114806 0.3269256092964873960938 0.3431147834592642720253 0.3640148503829092607731 0.3669950322368488726532
0.3576656621337170327557 0.3585076839005386095671 0.3252748699303874557742 0.3582077771546705036165 0.3409382746572636180282
0.339638433115084126257 0.3465984651619039569326 0.318544157655557380604 0.3521276151078375771242 0.3585040525200489658353
0.346665079262279574035 0.3577228011430498288981 0.383759302449886097186 0.3652226611228692743083 0.347780492623949277764
0.356526942394462809105 0.3528015948527400413859 0.3476100091936962788175 0.3527465394222018546522 0.3603189742254398475474
0.3591629396836901189083 0.3500691735550476302308 0.3655681980316572432521 0.3582499259205501052072 0.3680008134101931949189
0.3768414847460543337654 0.3595676076911545338 0.3791807152195960095575 0.3691105009258189295629 0.3496928880773469971999
0.3914172527520733968487 0.3661782551893797976739 0.3418513639481065569115 0.3783495581765511373007 0.3755307246584635438857
0.3584002308790492641322 0.3723051553313244110832 0.3603024337627110940119 0.3446187836703595852583 0.3775118842575544420015
0.3689506152786253267983 0.3521280168599940085805 0.3761844688296592242871 0.3574407565619375226618 0.3772745879227340504158
0.3647761910889116832024 0.3842177049214808293165 0.3364315559189634541326 0.3634147623057941700608 0.3823107195467300711833
0.3800184984476987493096 0.3693527642639359842569 0.3759289825014401342784 0.3655943465161201610947 0.3954405279069675427372
0.3570726549440793040624 0.3793493089661706396676 0.3614695314963711214595 0.3780556872977990923168 0.3564367456500008857212
0.3786491539112354365315 0.4028821051057609459178 0.3682514871086337571171 0.402742786455912549215 0.3903129688690363807702
0.3847557559391966974793 0.3627791120198510244066 0.3636408341081729944655 0.3898648503832829459448 0.3803523219106204611428
0.3823796538227960950529 0.4056406843887385704761 0.3869005703247183070026 0.3924417200674928940529 0.3727643362441757091119
0.3798751335208116475251 0.3906726237575033899851 0.3825552164693951096019 0.3890541754475421720727 0.3972293019964794336119
0.4031538665643607521893 0.3952694275491080433405 0.3905127324199217930811 0.3928391631963282781825 0.4016020986225127265001
0.3859806858091346382089 0.3859363658709381583733 0.367530125931917972526 0.3749356035261200981168 0.3945121622226296365099
0.3975972775996129415788 0.3737380960708805988091 0.3885437050316858376142 0.3942141705093401560234 0.3840468793339199549131
0.3984757851137228357175 0.3912387360730587015922 0.3903473886167567741268 0.4055056018178938570529 0.3630559229025684953029
0.4077334239350027811355 0.3987359532029503550454 0.4131039869937953579182 0.4009440565467277117762 0.3800997494482786231984
0.3859077260823303157089 0.3693406240454714661858 0.3669055710436406880781 0.4060231203599253269054 0.4029085155483836944157
0.3915454360380968279465 0.3866238109224675034703 0.3699881421731498476468 0.3787205198280436113656 0.3805320252094961386291
0.3921286548337321598012 0.3891629275031864843015 0.3944027177271131612279 0.4010927955538015621251 0.4194136138100206245838
0.4063895325398138025363 0.4061930856893156138732 0.4023264767205191327903 0.4160523544436456333528 0.3961542238744689137242
0.3772619660231530391847 0.4205022740434962158496 0.3889238205672764236986 0.3957307826938830652708 0.3927513121620646030507
0.3815471793321275617572 0.3787538787343154855769 0.4033984349312512707186 0.4044261113669009866101 0.4110616225882732788222
0.4090862152113861061054 0.4197125783598624204629 0.4056377588687355983943 0.3935584921374353228885 0.4102684780416981924489
0.4079199182177718485676 0.4168609688293739012899 0.3888570126279817240622 0.4112678133746758835088 0.4052458746393391986196
0.3922259062927631600992 0.4249584824372122371372 0.3966756000818829619448 0.414106889624260010585 0.3799301026081571830417
0.3832637863411961220983 0.3997948142428053297515 0.3905491544758734057119 0.3937397706034808653186 0.4011618693787991629662
0.3870466225924792946778 0.4340624752612745607117 0.4190764764991761759383 0.4045853171060843078699 0.4234929082180095560872
0.4018081323196194265535 0.4138384715709382266624 0.4234730072999312033843 0.421171108461229459774 0.413251803681408402813
0.4114507679270900109003 0.4126661375221417071835 0.4160260643835130833779 0.4060983545716257414604 0.41538060309032220907
0.3845804948875394813079 0.4245099875204080275282 0.3892493451807635951312 0.403633014946483126284 0.4118626560130133062998
0.4071761915199162418233 0.3968589530728095504664 0.406916288198317266378 0.4298309579278398739888 0.4221006315847242174044
0.4157644396828676369715 0.429302704882216557003 0.4206357406037942725519 0.425365207606528572537 0.4281238073999397153457
0.4062645526523676053898 0.4367241521947621274435 0.4354128066098423843755 0.4053699637393343713221 0.4072823441082205619956
0.4287648467640631233522 0.411726182399327012007 0.4098693874299496608948 0.4303425884054650762955 0.4193962524084904330834
0.4155994672941259460153 0.4142745267788854324209 0.4156444595599919078488 0.4437527880284751202744 0.4174786233690123693485
0.4184056435495081549547 0.4169485554927875869957 0.430748848009757379085 0.4218470406078668188954 0.432985942137375456884
0.3981139604333001069669 0.4136408051728648893608 0.4170092432381726776924 0.4158148451531812894721 0.4208651771019833454091
0.4041500609160331158876 0.4143704445079168796617 0.4075576708257614422237 0.4055076240333379544722 0.4337719585883472728227
0.4173522302853757137697 0.408994487918902749346 0.4017449922424227715112 0.4031799801634530777683 0.4201525070803833750155
0.421432540087922580252 0.4239716822310237720473 0.4355697386365615098036 0.4174300770900744583791 0.4168882030434912233652
0.4417289561123813879107 0.4349990248332498143924 0.4294106905607266710945 0.4310994613065637359739 0.4402734253618066362357
0.4186561305420829492974 0.422555464899400490264 0.4329042016304749385114 0.4339989320539408557131 0.3989617871251682768019
0.4116650410148334771065 0.4478353619890584891294 0.4293794331876459868802 0.426133079642126322284 0.4316722040905874857586
0.4192073690836178312402 0.4264268718207652741903 0.4463256726351853553858 0.4455371305271778603618 0.4321179543504695685918
0.4198309741561167540702 0.4336628751093941636086 0.4403508830038181942612 0.4242235499150746602659 0.428306531085391684055
0.4327858048972026971946 0.4424588641087755513936 0.4151442329268306696832 0.454603292053842089615 0.4148490295557218376921
0.4098654589638532352858 0.4054664538004565943474 0.4433207315041343687945 0.4354952695405983620347 0.4318852483426487975926
