NaN NaN NaN NaN NaN
NaN NaN NaN 0.2582656470293507311453 0.2667744767212723577821
0.2689906571959430614527 0.2672208800856289423464 0.270801684672373976781 0.2856893403498508288152 0.2802454322206756609503
0.2677007295151139776301 0.2545374200756460592032 0.2577600129710678755757 0.2562115563887691904732 0.2880343809351186834533
0.2865078037715226288995 0.2800340388156044579837 0.2732962848025172197808 0.2742497338538915085948 0.272448338826996705464
0.2623325669753993061306 0.2579683330941955343718 0.2604629004128259373019 0.2555123621727135585502 0.282246044112186345032
0.2651552746132659899025 0.292102306251697363404 0.2888133617962044263905 0.2963669789443345581326 0.2869237422343262622348
0.2961256630067034545384 0.2936778850526995388037 0.2991229523152666436303 0.2989141394195390932786 0.2964977828695625761135
0.2790924979944970907297 0.2853868974846799910772 0.2888997813919881862965 0.2989610841982725530919 0.2959845330744103053533
0.3031799515788756727019 0.3008181870043771799494 0.2935721070326910986381 0.2884446539834332190466 0.2883260227474228609701
0.2897353885058832068111 0.2924729145232935478838 0.2961525766560068051447 0.2958389205632651064448 0.2757237506096437695824
0.2766849016555906759507 0.2692050134587581911028 0.2685213424844285490245 0.2776684387822527244616 0.2875701001119824185004
0.2892889909221793565131 0.2749968890456621073426 0.2705767124040530102747 0.2699174688040542058332 0.2730627907527811704114
0.2661159398861410174675 NaN NaN NaN NaN
NaN NaN NaN NaN NaN
0.2729371678389612698723 0.2746039967039963780593 0.2780219835486587021123 0.2775391186484464922657 0.2799544157887638440307
0.2755961122726147682904 0.273926719385575390131 0.2666255449754375561611 0.2824055149926831820295 0.2626855857347928369094
0.27249369654680316577 0.2751080822023771466078 0.2814662747673526421721 0.2748165336399820968261 0.2956930704257543229829
0.2735365378781842715661 0.2862684031979806920098 0.284089599464685593766 0.2832523379642937766398 0.2793475316596040203265
0.2788151038201968079377 0.2599670048524180820948 0.2761452159463803623929 0.277119058788008798544 0.287347573093567842939
0.2811058927139233332149 0.2898292998975775525139 0.2812548726033317625372 0.2921551439867196009459 0.3015741915610772316825
0.3123860928324488916985 0.2890723089982211169158 0.2799170194629623242832 0.2881320667459552065104 0.2885326701235282897962
0.2857025300425678482341 0.2833039854128848733517 0.2796506296317788908823 0.2952652900491323784138 0.2943261083259769983478
0.2958726398795835099698 0.2977898228726866269866 0.2996980074254569359482 0.2898607093088995112495 0.2892330629740214043011
0.2827817100178159903656 0.2960052167544031109792 0.2850015625169302624364 0.2855187074677303926684 0.2680303838515384340369
0.2584931095581722848564 0.27348648515115825397 0.266814127573668291582 0.2782796685246571311012 0.2868807552810069827487
0.278779093749289663684 NaN NaN NaN NaN
NaN NaN NaN NaN NaN
0.2574871551791302892731 0.2586329594764055217482 0.2574423408629291643024 0.2530426468167016884614 0.2572758895415087065928
0.2635859829403935927772 0.2572702593476111077031 0.2533659145617871422118 0.2547387936670624797308 0.2766045292083482709522
0.2768117235303232948063 0.2955435692681894765954 0.2712779593579147663363 0.2839453399677512868138 0.2837960961982228802469
0.2992918526837549664243 0.2850677377992054117861 0.2896468754557610103539 0.2745975418656302902143 0.2736942085836299720647
0.2694186079439659931012 0.2814634103282179222738 0.2816298539315110205372 0.2891699764459350063817 0.2987979083616206232854
0.253478190600212371919 0.2665741836216045657082 0.2568107423565512692498 0.2756494971063894738883 0.269400862654356865189
0.2694897114792942915962 0.2765968101869892281641 0.2825246910798057675684 0.2679425948234737120401 0.2546432921605265020659
0.255877560391250535865 0.261768412238593872754 0.2638248727487351175114 0.2668463000596448253532 0.2619961049644403683345
0.2584921937644447664795 0.2669396856970779885465 0.2813460812772662911208 0.2783912472755226130694 0.2654657781797566951099
0.2620336919141374454334 0.2643947185625948326226 0.2777840602878661191433 0.2707208260562707358154 0.2683473055807300555742
0.2567782696620577453928 0.2738557745683589672581 0.2726151944702179252822 0.2719222826615566579456 0.2677320059822807518657
0.2808673775479107459496 0.2844943891424032700321 0.2755581930051397843151 NaN NaN
NaN NaN NaN NaN NaN
NaN NaN 0.2513817438836068451913 0.2672634812246073021669 0.2629972907017835148658
0.2710827523983604381286 0.2716855488238758553621 0.270373856158627468016 0.2609901072953150213962 0.2635372814675482344704
0.26032745069922363923 0.290053206068081770308 0.2909894486479592812245 0.2919934435835677688509 0.2732804716161606473079
0.2813125440708710844895 0.2743009019245040147617 0.2788695610647423106521 0.2746427416584767966512 0.2883043726919764515593
0.2944921387303542914538 0.3014286748545468297422 0.3129961726266479171699 0.2829524849682704124021 0.2817350719745862486221
0.2973642440494025929176 0.2936012603042345570081 0.2753249504891100429838 0.2830598430687599198485 0.2566890579258080951064
0.2739172459227218192623 0.2735278274706036127917 0.2743426334426569135339 0.276253042855175878767 0.2715626967750305875704
0.2716631862609251713003 0.2646858778629282427097 0.2806031037792183213675 0.2831905037081722253944 0.2902665147293813086016
0.2989030790106631529923 0.2936194360541690695499 0.2869405532859887197894 0.2723754739074550346167 0.2672378209815934324567
0.2884503488474129961894 0.2873579364176019890209 0.2828793880691968243291 0.2935899250134508808863 0.2704700071535603433937
0.2904592130940765737357 0.2812392285726543761371 0.2848496864784627602418 0.2871942176061206275506 0.2943742867505954041718
0.2906234785271623044522 0.295172081410895625897 NaN NaN NaN
NaN NaN NaN NaN NaN
NaN 0.2597662718923948732552 0.251500228849739548842 0.2544543270426500858328 0.2596169247437419280722
0.2715307439641035935907 0.2721432155190862678396 0.2601390366222738892432 0.2638461255705411012684 0.2562425451102043894025
0.2580847542141416761652 0.2626933221358695447201 0.2602167917357080528795 0.262987032152739608204 0.2570625043838405954233
0.2699680825458999344768 0.2679440691494132664729 0.2910917534630932390627 0.2757426693306186948895 0.278883034846184929556
0.2762876632020258571565 0.275914794149504538634 0.2664516702374192247404 0.2666046811627266199807 0.268682872037628250883
0.2741800133682166795701 0.2725694298403594784119 0.2734205789953780274537 0.2907178745695818689043 0.2760522087097745935758
0.2682399031865961847032 0.2631002867031859704383 0.2620145040554279214362 0.2666233101029628071998 0.2807406988773437084284
0.2610988883162534968108 0.2693476571623537596523 0.2758700017321610298282 0.2887406874569238279804 0.2537186863051437701877
0.2680218939776089492888 0.2715770566253361550935 0.2705692262333763142834 0.2761574017888236420859 0.2865069133298492332074
0.280145588616370955215 0.2659490217641589104858 0.2875891852547898253079 0.2904063670675955943778 0.2926643653804135158936
0.2815782597592023095423 0.2741020246994044784472 0.2765044370391087080741 0.2859511842840702922075 0.2800153093079191801706
0.2864259015456451229475 0.2861757631726996597976 0.2900951984577700426549 0.2904904192103399673819 NaN
NaN NaN NaN NaN NaN
NaN NaN NaN 0.2687979337751377761911 0.2807212735345909204732
0.2743590027560001143314 0.2788212351949765910319 0.2604524726510552001812 0.2787661271271789642512 0.2689889541954040286242
0.2818631366906006463502 0.2882084150162363411773 0.2818806750791761350783 0.274720692173577807349 0.2737747834814031611117
0.2659345856005767561037 0.2560128775308770365804 0.2680860124253716114673 0.2948888961076859271948 0.3060726166266591330434
0.2809945159017419036296 0.2943737774937290052613 0.2753557356777452946872 0.2888818762088836145097 0.2928609135903511573318
0.2908000829825728716926 0.290827171267011186373 0.2986849735390871840579 0.2917603785076561262457 0.3008866223164236020082
0.299740740897510848928 0.2953877436390637822861 0.2860233282380139629986 0.2865866812214524217417 0.2802138329003782124538
0.2919036774166603454006 0.2771401865292693611487 0.2757584489626109802707 0.2798876947700599804314 0.278487219499667315592
0.2871284259396124083352 0.2762351654262574229826 0.2789533442924165274057 0.2713572502723438639727 0.266100170601898722289
0.2774161956072269674678 0.2747830225156676631215 0.2836695545060011203198 0.2737294027065075296967 0.2768578505211729545721
0.2471195095600313695883 0.3157588039533352208821 0.3018770965915473780683 0.2940192497685367167826 0.2896998599341573110699
0.3001650710007978117844 0.2991617235348923431459 0.2833823251127470799204 0.3119714681986237025946 0.2874215694721615754759
0.2916870648296927548415 NaN NaN NaN NaN
NaN NaN NaN NaN NaN
0.265571996128217358013 0.2652118652365554329897 0.265816438022830947574 0.2744464266304244004502 0.2599966415701641664349
0.2545640237672559536009 0.2565585122992798394748 0.2622039609396912829276 0.2659418663942212934792 0.277779750588418972157
0.2879108688655354630903 0.3039203758248740228076 0.2788244569447304033183 0.3022257666991515767663 0.2869385793517406635367
0.3027095613886173208762 0.274514488810505774552 0.2808689873676177839457 0.2684308259456471557058 0.273005092187175446572
0.2632316350989307163211 0.274522024004744014114 0.2808260197176712935629 0.2720111463687256425636 0.2686636448947412048049
0.2688406192355107804381 0.2703829275276913302051 0.2753178321589313526374 0.2805427741028183041827 0.2827123382737026791034
0.2919857173065134037238 0.2986901113410545538507 0.2907881396384152661305 0.2883195659457079562671 0.2968774392670410211537
0.3032082580802770710449 0.3067149984927951544833 0.2843325281062954457134 0.2924647617362604035129 0.2722263844967684476295
0.2732523041684289943909 0.2785250192305491201417 0.2871130779596607895954 0.2883609551309069263247 0.2934167314610984234058
0.2897745226632401083222 0.299633952166354688984 0.2897862417271248602901 0.2938936769835479023705 0.3046458617592184281442
0.2845472653000487572861 0.2937147113672067266776 0.2944703101637063391571 0.3036691773552174788975 0.2993269503874895764994
0.2836405024148306863729 0.2883014205861840761891 0.2702640499846971078313 NaN NaN
NaN NaN NaN NaN NaN
NaN NaN 0.2311580189727562573143 0.2463206298820470596667 0.2378897171507147467739
0.2442675057276887384816 0.2691930973969758889019 0.2589852465403574832692 0.2761179022107487224247 0.2686853427261404747561
0.2653768653875219207805 0.2459521996412024902323 0.2494614448618530100354 0.2359489297746159286451 0.2596378400647707529458
0.2569859709687110083109 0.2706374013338279649332 0.274461202354538746917 0.262942990849261648556 0.266049339785394634017
0.2596820118211928818397 0.284382771070738171737 0.2834390043291004079862 0.2687406843220750407575 0.2665118432760263944559
0.2751745401464855689255 0.2809803712034137923581 0.2797911079399761358211 0.2665507012477574821929 0.2563514521941330781551
0.243621546642211000977 0.2670277804188997405888 0.2588967048788363700673 0.2532600908222705227146 0.2563370012874471859377
0.2482541791109145190575 0.2847183700910851933408 0.2819088063888859352346 0.2730137323845412966605 0.2672040643202475695972
0.2614935848983396815548 0.2718565691205876988512 0.253632301228227441392 0.2650612764008284938377 0.2698240509762918071246
0.2549476028616933787063 0.2612603947140973437158 0.2765053442450094989269 0.2737729406647097518679 0.2733847628766887249974
0.2853661895714031393467 0.2737681265730739221809 0.2620218163405465539029 0.2586921274972433515416 0.2497623073129845716611
0.2579989759564944584724 NaN NaN NaN NaN
NaN NaN NaN NaN NaN
0.2536396846855153985878 0.2782671863267235923267 0.2687807946878904563626 0.2887721166794486316043 0.2714498131694907945288
0.2839797800485451828578 0.2967543186348287065357 0.2963093999336139372502 0.2789623384651958026836 0.2816317892629047747732
0.2694922514841457950041 0.2818058236442187447501 0.2835067567241749131313 0.3015320696108667042346 0.2723454311706107189295
0.2978409543867486242164 0.2688474375120021853114 0.2644016065912838664431 0.2660599239318071074223 0.2683790349238705519319
0.3023173275994633368846 0.2672004169626917002844 0.3033214148071768923032 0.2775494973341003368539 0.3030375273126932333945
0.2620742527762869311658 0.2963832804529928366399 0.2757117894416936110247 0.2961376093631840067388 0.278373927086696393296
0.2688060092883731155844 0.302221224146986655601 0.2851916209595022344558 0.2839136109138452601641 0.2821453648719121076738
0.2875204762002572245194 0.2748340664830343227365 0.2592519803958664992294 0.2499916993915422269712 0.2525532171568267703066
0.2493038010928600445304 0.2468606280083508464074 0.2444194960975463459807 0.2655277944076062102141 0.2525641506813128822628
0.2409848419470310421087 0.2412665368247991493078 0.2454144280220429685802 0.2509937051711937927578 0.2479198937326574370132
0.2715374840921341292876 0.2771620957440807941907 0.2780185752640439433847 0.2816372287193092405211 0.2893742620063007864317
0.2975357887127150213757 0.2755176466834328707911 0.2383816524393057301179 NaN NaN
NaN NaN NaN NaN NaN
NaN NaN 0.2621438151787375825386 0.2638146601047831607545 0.2567212651739224638092
0.2548109591571757759354 0.253757068238670224769 0.2524790835332365035448 0.2547192317323816457275 0.2559369042343216937851
0.2660209195160748163467 0.2685499573371636361507 0.2692983264036466484193 0.2692811986419747505295 0.2684199527792880402011
0.268895783349282824215 0.2728490052282531719285 0.2720957583839389570812 0.2630236727027404075585 0.2646266833618818870022
0.2666885086458326559189 0.2727334239114925784619 0.2683972289935890875867 0.2603387709476919220641 0.2652263869322048495114
0.2859123574154513458545 0.2636095780148227651907 0.2908730300252468370381 0.2645066910500668555528 0.261367383379541129429
0.2535227879775545645202 0.2569541015443463360945 0.2619197653746578313694 0.2814621616498328426914 0.2716304853175221523109
0.2736026549160989751464 0.2743623108663554299724 0.2939379292881778571456 0.2752117920732710665277 0.2803904950669259266149
0.2793146857207396416278 0.2673289220767147700286 0.2626505393309020996995 0.2764360488570304363876 0.2666436978533183732587
0.2694768499889612090037 0.2635208465537680067037 0.2900540793522454752207 0.279789331597593948775 0.2666265259434442702613
0.2704213741104531387727 0.2615817389003219917143 0.2468723331791281561109 0.2723460029246554392479 0.2768571860434133613538
0.2866794304805059812047 0.302422242769964877418 0.2824123725062343548409 0.2699914374487785706513 0.255885922976127777595
NaN NaN NaN NaN NaN
NaN NaN NaN NaN 0.265638804897302904795
0.2705913719175266907158 0.2670988358305970700179 0.2724499553172611832075 0.2744595778947462871855 0.2729795626782759443429
0.2782466432981826054416 0.2724952381838275372594 0.2648689570480873278768 0.2654828471192053895855 0.2607081619477470968427
0.2572884754076710245307 0.2590971801140107277917 0.2623465920538518569849 0.2665646218403085465631 0.289565831592799693972
0.2808166881950586168948 0.3010619275426920093963 0.2870278218212698462253 0.3050373448031343803777 0.2475737023036690409583
0.243275700346949397268 0.2469831632525388009913 0.2694401121950963373664 0.2639927073475331065211 0.2671668020706536306186
0.2528093641044754091851 0.2637309037419938162472 0.2793835552993488846596 0.2737624169695389575452 0.274272948932155757884
0.2436017919607121606784 0.2789684388721570540426 0.2493300614439040718828 0.2764450538345598062939 0.2380799811706514335086
0.2729172905613272970271 0.2659581912558640071076 0.2629172228440254666104 0.2769285974075995637733 0.2746359108900277568033
0.2879646232297202734784 0.2805751705398865092356 0.2801416932610873433696 0.2697988223174327959697 0.2693848121680684215562
0.2687126023671519980951 0.2960734996940835861423 0.2753663236620815246702 0.2945976978587152572686 0.2580234622574271718953
0.2853325125026828223973 0.2708820774090944794033 0.2796019980918012515225 0.2791995601147304606471 0.2709982721142431549843
NaN NaN NaN NaN NaN
NaN NaN NaN NaN 0.2649848340424809101101
0.2743085163993204123045 0.263275233907511729825 0.2791377192455482547651 0.2833282627288918331665 0.2775491754567160351819
0.2799646438619207700071 0.2774775205476097683643 0.2664126572592596109423 0.2574770358221389887632 0.2788546534671682564088
0.2757756921282316642241 0.282812876025131165747 0.2706652145636092021697 0.2625786882851426917718 0.2725509339387461316129
0.2866063167526827215603 0.2808731750895163137294 0.2660407842586832716236 0.2772882167826177801651 0.268432192175750317098
0.2694507777837789608277 0.2713017730868859112014 0.2747037176756374488029 0.2699613671493925060041 0.2685775248588136432382
0.2745382951972982765732 0.2701696666264227775223 0.2754546497621916945064 0.2872449768499116817821 0.2734705157561759802931
0.2906607613343705764919 0.2966865709648340843074 0.2852809584184433644438 0.2805954683027797047501 0.2713254151491453769474
0.257758967014575901544 0.2633856720652734684229 0.2574395487607934462915 0.2562409618244986808655 0.2669565947201725242266
0.2648229346733438349659 0.2730675017216145916699 NaN NaN NaN
NaN NaN NaN NaN NaN
NaN NaN NaN NaN NaN
NaN
