0.0619733080194676960728 0.07398488200181144169854 0.1134389931235570692092 0.1022913763628331140776 0.01952302024300001104251
0.1782575616573796595254 0.1054580097806651767245 0.05537943400808671701174 0.17872988778463960724 0.08438132463919123527063
0.1012776889927927276291 0.1850243311077019447985 0.109324588460578533966 0.03495333455257366994662 0.1802130725206105010816
0.1390680216189593421117 0.1918351672237231797524 0.1697133138113373906908 0.189449117946276474056 0.1322379801164355050958
0.1618068680042101803451 0.1872957129902191042436 0.1151465502618427144688 0.113468930562768813286 0.1914134024758524788012
0.1608024559763917560318 0.200427253943752436971 0.1190023482458933828942 0.1998556666309437013229 0.2213051064491888819674
0.1465354152282516142503 0.2019526367610073314118 0.193157902182382379408 0.141857313152744968221 0.1743704657684603809287
0.1647252503289930447572 0.2028171711545355138107 0.1577292280112759514932 0.1736397618218156191361 0.1948354118263239120878
0.2352084327966128818321 0.2175748388550286516185 0.2219983356797546603101 0.1547796656993324915241 0.1651920725175040349786
0.1689936431212339940089 0.2304544100919979077169 0.1900636123453744164014 0.22191186698188272719 0.1726367902327003711616
0.1927931370280065725975 0.2162341736190895036263 0.2435747750874255324049 0.2352230280791001160168 0.2006280299308222381249
0.1986786270829094258605 0.2383394134307393052996 0.199073195251545070894 0.1959633516032573685717 0.211586198640419498318
0.2391309691413712745778 0.2030429318443816022466 0.2172023973444293931667 0.1993843522914485744124 0.2276925751220054139345
0.1643171463460406656054 0.2019022869930492680712 0.1854146188051822297105 0.2516498208345870901681 0.2215814743040941114938
0.2349814645685606717684 0.2154642991034677046436 0.1895834145022996519714 0.2805715021148794674488 0.2263447486070510605849
0.2644684411477335461704 0.2881833029951322289186 0.2325396499643513636979 0.271584002790518641568 0.2575581369299913547799
0.2708760573996301657118 0.233631334722060546305 0.2397707193169401895805 0.2123342681370483098213 0.2182093137607976351955
0.2247753227905334993952 0.2738118667935476868713 0.2726659551026131556029 0.2535902965767524164242 0.2221800858858169469556
0.255508296121069400364 0.251338291237435229597 0.2555005810049508219173 0.2242177669791451943837 0.2340154088346950156385
0.2352205539727712790832 0.2328719352978092793638 0.2325172600242066123233 0.2592186830505011641002 0.2591425167613445879056
0.2499874422221128322796 0.2787721623268912818361 0.2695450826562506008166 0.2540704599454438050721 0.2600439459419468524182
0.2152282972371589164773 0.2484776516273285995595 0.2559271290935937193112 0.2519543858935620050943 0.2747793889314685822356
0.3081322023892363870523 0.2742483509211048886556 0.2490738294409154396369 0.2466340798529976507947 0.2694202575125452803206
0.2700658117509270317314 0.2751635267028754161522 0.2808493655694346280427 0.2957099293076465573726 0.2391823958872015543076
0.2650617883060998880573 0.2724074804851616127266 0.2655470020242080009254 0.2652225764330188306772 0.3015463478364174276791
0.2737513282944661896501 0.2507401200769666660406 0.2842330053443892223797 0.2503818496736550103243 0.2905342586257866899224
0.2757961609014886739111 0.2938316957068901613681 0.2431516562914895207559 0.2864401256684471763769 0.2608880162632462029748
0.284125525506387310859 0.2589902732941286034318 0.2940222605026572844089 0.2668598707763211730359 0.253393639934402448155
0.2718737894701484525406 0.282487786624011083525 0.288735416054174909295 0.3024721536193571425066 0.2852746382816458425857
0.2851266714682548775173 0.3115770651406188918031 0.2992267015071660152259 0.2620912399972669115655 0.2658822100237988594884
0.2770823625595355554907 0.2862157608122467555845 0.2907338256078509930447 0.3006846361647863008493 0.2933177651258497831144
0.2902623156651521485472 0.2664838541986285780361 0.2870794438202610709965 0.282357220419630072783 0.2876534950925384581666
0.2801542609123411908811 0.2622531484213709851439 0.2811509979212790111269 0.2753578065046249911951 0.2589499796726759672794
0.2958175895407526012626 0.2827707958240314178866 0.2497424665877456539942 0.2988984438231374607398 0.2723290301848813044217
0.282588503084216513539 0.2697553521104392171281 0.2733368465371154854004 0.2789428666536578060864 0.3008104810770876325066
0.2925461314786131916676 0.2997848937219728671089 0.2993114961593079659252 0.2757020969189832859669 0.2804910090724728743972
0.2520403675816826338796 0.2822456616026325360025 0.2596627812126438561435 0.2902019977537653172561 0.2571942000446890697063
0.2910567391267847026093 0.2783284988305936291653 0.2725513883395466741 0.3217276947342764814586 0.2905687505873017495439
0.2959770593693599738394 0.2916588388220164307363 0.2793332678060339024917 0.3014541200064965731364 0.2850274122801272347338
0.294021736721024440353 0.2647264194313754814836 0.2815827851459732356076 0.2908596487764496529849 0.2860323400226876255914
0.2721980991612074629593 0.2999753603282492298021 0.2658909619240893418279 0.2968891181994622319174 0.2942478580109040842139
0.3014655968335261948532 0.2992695852282182267246 0.2867780708582678972363 0.2898985087107341374058 0.2918990024280279094171
0.2852862967663621907022 0.2835332851244830587589 0.3039565617839347089202 0.2611132081282956374224 0.2894695491294346778588
0.3104038926196293624038 0.2884064115020574803339 0.2965569021328379739622 0.3030383492221305763437 0.2821234834097410826281
0.3083683320431646057713 0.292581105957754383784 0.3141193634508557264162 0.2908817254180705025313 0.3065128881554201600856
0.2803379741691758297861 0.2964043912365268429454 0.2877167326336383390561 0.304383252551724547974 0.2821592557302317061385
0.2837201983696403528867 0.2918821719273498871416 0.3243180779512948586074 0.3146397998217297375945 0.286010472571622487159
0.2785476219669277830882 0.2838224692917232783174 0.3010660057739139028321 0.3139038978233089638437 0.3050036512955049405882
0.2887643774248583872222 0.2968919619780747698456 0.3191740529834853901114 0.3018528709672788079565 0.3119070103860991372002
0.2893326163447472176848 0.2851580711662694556097 0.2948325795505820634546 0.3063026258927272205135 0.2961025337301105841981
0.2908676210028632302951 0.3112426729424913052213 0.3084682104440859551353 0.2761486887491687025609 0.3051091439740190036645
0.3085779356354519387118 0.3043853347608328485663 0.3176896107602001362302 0.29774872798985013711 0.293282676371033945717
0.3051978541512309628381 0.2951677946163145382918 0.262790287669231070744 0.2908557228917473258534 0.2971869265233504919799
0.2848610152602087941531 0.2983263984034408844437 0.2833403264058911297241 0.3357743314087822117386 0.2869979184595112253753
0.3029798696237454014302 0.2959646598455631383295 0.3287627268967557858659 0.3010060049410206994835 0.3097268403877818099268
0.2808740836414569952417 0.3127008517123836539575 0.3028305471966299400322 0.3129467844749251881353 0.3021109033755893791273
0.3055664083661062679909 0.282340227300735213678 0.2761893387243306574597 0.2951521416498993355404 0.3074741402061705319859
0.285686241677992669441 0.2975415781029007722402 0.3141383995232198689251 0.3108526452446667143192 0.3247843213627276681699
0.3005147242532802964732 0.3070706577854184216037 0.3019759174793378853074 0.2942598766989314995612 0.3098815972836487242503
0.2833977064682806634721 0.2898651478665015268632 0.3034809342353686489879 0.2951745912233453283946 0.304397720633123203271
0.2700968990200447450434 0.2948940693176281269139 0.2872606847227089366115 0.2917106863885220446875 0.312510910687140930353
0.2912485562256952875693 0.2992171848428888392135 0.3061476534790713577294 0.2753922282568272983383 0.3085579011101423629881
0.3248203514720163220808 0.2898656636084509519158 0.2912770197263903626528 0.3019449554335900676172 0.3216405888500228904547
0.3184370784866620285314 0.3044341688295505998774 0.2816665557356198279493 0.3146313108878687203607 0.307620156261566024547
0.2942473154869973961389 0.283356032006157776415 0.3047073174364239300793 0.3078330952252514296497 0.3077408420150128387505
0.289150327499241466267 0.2811186838621498873536 0.2853385403453340685154 0.3200583046604608683516 0.3180563863307720451346
0.3175241987550697642106 0.2813782244614477234812 0.3109343404998657356408 0.298715453143999443153 0.3004778131322909384693
0.2897912545399621842002 0.3000961977162792670981 0.3024053724334282988728 0.2809508172190108288291 0.3008775749666048882069
0.3044450843310542165199 0.3307900960712398252817 0.3144874428140319033709 0.3084695228402989375383 0.2888721507338344318683
0.3124487963729534190094 0.3042837782089869991253 0.2819840192256464206366 0.3132891754778718285124 0.2933102548282865984497
0.2988023581069993439563 0.3036625325858752222352 0.3214031286669117859489 0.3063349338707485602917 0.3161512295058245269885
0.3077110384878194437874 0.2985877007287096596144 0.2814613127185948138198 0.2892295160858294189588 0.3096214602703004636908
0.2990695895629497114143 0.3029707871995369061757 0.3100570219823636786138 0.2927356023941827256607 0.3174655875680230110447
0.2887410317905583223563 0.3077099695654899047526 0.2839788135032726978935 0.3275801049175376400413 0.3024488980314652408765
0.3374371153207449958167 0.310054202320909411128 0.3018061648831470433763 0.3224552580733475171115 0.3214424615011358121741
0.3169066156343308682253 0.3089197971892654326354 0.3211380304779917760349 0.3238165307699600314884 0.289540865500800770338
0.3080356383395074226783 0.285723195072379587689 0.3040223339793093337846 0.2798407099226091765409 0.3002137386038164490465
0.3100437220772029878191 0.2979870927703896499317 0.3148814534552579202931 0.28940816321118995047 0.293159967441727675741
0.3141250392062148732997 0.2947418647285187653928 0.2817532957939458126972 0.3050358567352156602404 0.3034225575044763867361
0.3005049068973429382545 0.2962843759777228913599 0.3179324277532404874336 0.314192408760477270846 0.3162045451462245915231
0.2931177386801132600525 0.2787097254971885318398 0.3388289010215341789944 0.3066674582750077981963 0.3049526955267637395863
0.3071544587458713837513 0.2987070234459739959121 0.2773972019416973133765 0.2884718013745793396829 0.3193664604950445795595
0.3152542455467741144837 0.2920272163599667569756 0.2995021301214794706702 0.3005502812135162904461 0.3151076736667839384154
0.289734384298326541618 0.2984037862306566646353 0.3042926032985016626675 0.3308165927372965220421 0.312923709059783949904
0.298602475874937545175 0.3164275426168223770418 0.3204190035683677217904 0.312157317040918869111 0.3031724500809580002958
0.3012584084878496826221 0.2937155207635759879281 0.3031098744787589227556 0.3166885106912580849503 0.3014238372338139404505
0.3066138533178318636985 0.2978989304931694004352 0.3088770912200964890992 0.2908091754079094037877 0.280537340869200346738
0.265806861482056011603 0.2852041554709064952178 0.3060613367109839555447 0.2824579982364703312214 0.3079597086640591951934
0.3083624820269399435801 0.308334936607872589498 0.3306210539496107214674 0.2947888187170031870643 0.2988916305460166955577
0.3049344536719224563193 0.2934781472784963041178 0.3190186395816207443055 0.2967034988253749450138 0.3247208963017149119246
0.2848524371269312571719 0.31057957768578625668 0.306674595540434524743 0.3062157394250803466029 0.2739057490557647578377
0.3244763110335440736698 0.2948563938200866596517 0.2961208132821601668461 0.3031655218311369859308 0.2861906476072875182837
0.2884007347856605840697 0.2980009277538290257681 0.3065266852711737710635 0.2906079193183694897584 0.2961893428515423032366
0.2959350360493048226473 0.2961208465587887861403 0.3140425325983112747608 0.3119871205627164356677 0.324855687953409855151
0.2789159907494153101126 0.3019975391874364367695 0.2712796996514650338383 0.3337323761169200819765 0.3059827144451005564996
0.2721273125284602856233 0.2954062963578208411697 0.322938216109140197041 0.3037630158993438467263 0.2866688001304454891383
0.3135865157444009954091 0.2987993168689218603795 0.3085494238557172086423 0.3047948354918028068816 0.31386759696082860982
0.3228762824105244622075 0.2995395928921905093212 0.3083592580902206337079 0.2872046454100105616902 0.3042407900265519105076
0.3039534225002474832067 0.3181268296229696757038 0.2981040035194862936052 0.2975635834127915435587 0.3282252151525069105986
0.2951272723557834543051 0.3126096380711026467836 0.305410098582162503611 0.2974130401020948499813 0.297984701949400132559
0.3106460952172802048032 0.3201212756106929790967 0.306952958336243864057 0.3069682843098016089556 0.3270180064638116834708
0.3113565680138276059452 0.2840318575165606262978 0.3024323922770428829665 0.2916491704677034446647 0.2858205206710624501909
0.2931898721658113271538 0.3019264067331312584308 0.2891460355253393510466 0.3137904891589736178226 0.3004163806600628205956
0.317335194497372019562 0.3071054068239835732612 0.3114936597678099605702 0.2986363533745846066125 0.2956687297794171609411
0.2980520955980687225484 0.304486011112664711753 0.3216989467940471469909 0.3105245125298161656957 0.2864941994385082901786
0.2920260355755164294322 0.297572653865144309826 0.3152330199537691224343 0.3176060931832663802865 0.3050052629746999310889
0.2936494018406403672117 0.2957428934728441594082 0.2993394275974291529607 0.3213153595795393280277 0.3043094680965462428546
0.3042083440122537174588 0.2855288347257400327628 0.3177336392886756510912 0.3087488231495456036946 0.2942027207459679827295
0.3246750685080682652384 0.3114963487375997375217 0.2937311993483714411823 0.2948979036922710350588 0.3030881968577671115028
0.335377730638873883251 0.2972339547393235137385 0.3119496745006420379553 0.3143798777161650459533 0.2984761543864159483164
0.3194345263168718584978 0.318396720277190459214 0.2951752243912979523088 0.2915104625214606781647 0.3062396994487057155787
0.3139678249328473058632 0.2837911600313257620698 0.3235600899370332794724 0.2993017456736712933463 0.3129930835289006507693
0.2984477554997663206748 0.3156815678451631024259 0.2968499928691148981308 0.3113550470474837350565 0.2981628517839929881639
0.2702422958047505652246 0.2995154684510797360453 0.3224554630820771206068 0.3080452415046691649891 0.309513444115792180078
0.293803497734184904111 0.3044018359040681076522 0.3031904434125508029929 0.3347876080212542904135 0.2863984921122609828004
0.3075320666586689455357 0.3056694808294369569701 0.3094142884844877650075 0.2928833621479638993357 0.3084042909800936427267
0.3174338456851572010109 0.3067407583474882626362 0.2968641955270212573481 0.3112126993478658842918 0.316907390684948608861
0.33655283080366926729 0.3044939050751397924266 0.3157492513870009398502 0.2894512366583927853725 0.2888177985211531906273
0.3189547799713545184197 0.3084706088153745251468 0.30541750226895092446 0.3127439419033545831006 0.298837142329478777647
0.3004657164472699371061 0.2888368822323725271239 0.2959741449160494530801 0.3029379957367406284163 0.3038803591761042866004
0.2887733565690996928588 0.3126316291601591301763 0.2967154908752292485907 0.3165451642676058718884 0.3194202918154591119837
0.3006552238414844646641 0.3024573498110776914594 0.3370118845186770850653 0.2798173489440833328068 0.3017725216872583771099
0.2964104870790443824191 0.3029829706650497000986 0.3127573321573327014278 0.3106746858844023906343 0.3011697565084496264198
0.2955998421480977578213 0.2815542120064328246443 0.3011667981966084095546 0.3139709556420515745856 0.2942763436160492074301
0.3090888368931332119693 0.3071547741099385220309 0.2996309835331038562423 0.3044748042284396438717 0.2950358246037399490014
0.3113565169651963393527 0.3093754018321929755153 0.2901380316963674266262 0.3086319142886143618298 0.3019194555718948680401
0.2968573130971928208943 0.3133318768043427682279 0.316879205707183475571 0.3093833755159718368333 0.2974271108622815740219
0.3017862105447433607175 0.3181574432017486020463 0.3032122209599365514343 0.3257819967848266107247 0.3002108328623738220386
0.3027339866195535300619 0.294223840767336375368 0.3052475637341312553197 0.2984607419457691590559 0.3196383732311672276616
0.3118686753977825687478 0.3145360082611804997121 0.2962589465742863081843 0.3135615488781726689638 0.3013152045345636187434
0.3244719068992495958348 0.3121291913276252882881 0.2756103463822347499068 0.3102820552674133702808 0.3014490636438424409072
0.3073236389174785476719 0.315866633466780455386 0.2863480091898125690086 0.2969497982780269773606 0.3070864330406257169948
0.2958764181710946128412 0.3013442986631320041901 0.2862971085895363310136 0.3165959232630433106692
