0.1567978470920770306396 0.1896104351350730021775 0.2353201821208062149982 0.06213401541321385973538 0.02948861394580636063889
0.1890901439700047315107 0.1691106133592111537833 0.2703486504622360508954 0.1527563938158222889285 0.2354923975443907746552
0.2129711311410210361483 0.2352990459040101289823 0.1280406516266610894572 0.1565838880866081139764 0.07318944928985463005411
0.1489112442275503656042 0.1846721284566475440592 0.261002276959654277988 0.2526073121683604094656 0.1909353754140337422474
0.292061866261521974053 0.2581458273345407783417 0.1781084845902640434456 0.2411848666437337584956 0.1957232020970287034167
0.2256320509084794589949 0.2436076526614749104827 0.2608640091631798108018 0.1829496451969593040499 0.3188077932036552653017
0.1879102875353799162461 0.1894226064021917177449 0.2412006037472228803242 0.2256663109593579075174 0.27799745930502212099
0.2786341134754539150542 0.2333746693772927038868 0.2273504884414105364776 0.2619967584464258925081 0.2542168434241746655111
0.291060781194156348306 0.286230054140641010374 0.2632122033052365361883 0.2502839031946505476967 0.2536489743872656354995
0.279895664174321323614 0.1449957245903307767598 0.317302937190192757555 0.2692386965767765150126 0.2730330993257706340138
0.2860301129021764476867 0.2295695309734691325065 0.3173756051611662520884 0.2590872474475791609194 0.2182506308751749335428
0.2593331445928278577995 0.3028260582288134217244 0.2709909333361124605943 0.2321904081562761734681 0.288701592152726616014
0.2348633625974447247664 0.2599448563223915042997 0.2260194693785348707404 0.2588960270240681649234 0.2696356995021713665039
0.2779215031163248528223 0.2853416905317188723146 0.2688186019278940852573 0.252019039113334897273 0.2697567624887152182289
0.2964612629643393337808 0.2927160907129100486657 0.2579922097157211768881 0.2629205711454200566912 0.2516160955657092412885
0.2437666042683134248747 0.2146538626727905463287 0.3003699198129795577827 0.2205929219098618776496 0.2404711067215177244805
0.2540005052237648275337 0.2505654244583302436844 0.2735559265160179553966 0.2612499820232226377392 0.2570390768757196409133
0.3027629045842817334666 0.2671637605604981757779 0.2548280537157033842632 0.2911094888103564759518 0.300164008805896387333
0.2538857747948531917714 0.2564178067713543951456 0.2249273945062963964148 0.2627958738997121512782 0.2628354341496261792344
0.2436388250538447652893 0.221039350801245149114 0.24264477502172088208 0.2792393798836126372898 0.2936613668212077477015
0.2335477504543482518695 0.2649471320662949991309 0.2334309459325422109188 0.2330424718495825164855 0.2650935272434800094032
0.2498615856714326566301 0.2755134516276973033477 0.2924668104470783402959 0.3023983484834572577071 0.2691886264854183585804
0.2848190140938301473383 0.2836558722979953262033 0.2578813547972423902976 0.2680951369928942784604 0.2837156325697884895476
0.2652374431573446544874 0.294538669781763795541 0.2866562517406677779164 0.2455183754606129475917 0.2727359577856054984046
0.2850975791064448428003 0.2615993634380779919724 0.288368109792568327876 0.2354339511303175369594 0.2445391583358796638858
0.2477104033311224862146 0.2722103360587526665881 0.28838672887563004954 0.25188893821304780829 0.2599764017377815816801
0.2298311779317875058748 0.2829037905187293810982 0.2337563462371522460259 0.2940246112952879520286 0.2441333547174018014925
0.2947155653573132472189 0.2865867548235220274577 0.3171257901787729593934 0.2704263534517289402359 0.2460866311456779143008
0.2778543041930972568032 0.274618630084553227988 0.2545157151136648310263 0.2525535833075907565792 0.2820018701764905322271
0.256737017927212207713 0.2758497232927706321881 0.2548996542104066120871 0.244451981615094043887 0.2318377832710858676979
0.2593196205957786215635 0.2408915216397563008321 0.2761959966659928156218 0.2659493068515172975452 0.2520592760391929809671
0.2913588822409771683652 0.2774348047447665610576 0.2904699420003759025022 0.2309787704715287603996 0.2595843019391668726747
0.2904540795070115755117 0.2825389705721369493219 0.2626704858108448448206 0.2843066456638010386371 0.2864041343783607085349
0.2679828846011588217024 0.2713892453990481290482 0.2657152525881512628025 0.2599948278792796885206 0.2719609175912099385819
0.2747308811895792235447 0.2816424958558889635185 0.2434733611992908608457 0.2709081569939636446875 0.2830620151174866316879
0.2650198152673384210942 0.298722791164755197002 0.2899383976516206606888 0.2690561839854951342588 0.2841765460648358332385
0.3017920883377441798601 0.2846179853091488909378 0.2709676202848552706293 0.2973972313566752290193 0.2929485303101159177075
0.2895374493480739608309 0.2433889203490950670083 0.2939931243649835934661 0.2433454797949543557678 0.2623607254301694724496
0.277437250883233565979 0.2615221611679382496263 0.2988818268055565274821 0.260522538512997225979 0.2780819834282163838246
0.2739509729854822661643 0.2770412439072756360936 0.2592104698124945705295 0.2357106426117487885108 0.2592563573405063381827
0.2693728234970353963007 0.2879351426746336595208 0.2772314635615688582782 0.2686985844646432308735 0.2512512930845086089882
0.2620957818374192171973 0.2849428742663161484572 0.2590713187800277039763 0.2828966970722633922364 0.2743294864582756509286
0.261177077101999055575 0.2729989330786997125955 0.2571871828041525365194 0.2849171716202313908717 0.2682612552547299356043
0.2618360397662617411463 0.318560495112942487772 0.2569324369227907189916 0.2975529167922217332887 0.2507285366118555125503
0.2757707698697238196672 0.2524234431107893472657 0.2889643176845422267718 0.2730579210771700848781 0.3009480053266367916009
0.2829264460457266983084 0.286265045570034459832 0.2692212757799260502978 0.2594809306655260772168 0.253169149566540019336
0.2655432062892981726065 0.2678765828674091187267 0.2630762949215325607888 0.2522672380758223531494 0.2652831856369021190645
0.2909896419351888363636 0.258075933764052467545 0.2824069736410900199886 0.2739136698156093285839 0.2730658774362816343384
0.2543597375554080275428 0.2669536668011268654155 0.2991584432124653192275 0.2953263184840937416453 0.2875918691367692070493
0.2490291362520503926081 0.2471713923967787662761 0.2747878812335337594952 0.2692464713976143175778 0.2641393601836812821126
0.2812570295231196504382 0.2465740001639753209428 0.2602067670229378237856 0.2665223431058021952289 0.2634461971384731704404
0.2283814357705725162084 0.2566237370303547926653 0.2626436755351459484409 0.2476487975514776451735 0.2719577774650108192844
0.2469169128435765303564 0.2575222277322493091845 0.2672585530942823695 0.2515234707079593290402 0.2631926066542236153367
0.2837786860147855083625 0.2800593212411470189771 0.2418277839444492038901 0.2790405807698440598941 0.2731800163690013549811
0.2737328752606626447452 0.251224303803941229063 0.2448849577515412045958 0.280414012482073538024 0.2630469485350966363235
0.2628491996543785846896 0.2670033274395346434282 0.2699419889067754541045 0.2572946675629886326142 0.2873454252548209297835
0.2337376317543259085507 0.2738112082288045590062 0.2720533560801512984462 0.2723035197031036247495 0.2579905115463871356773
0.2466727129911111815463 0.2813238937666296957119 0.2737815515361640694714 0.2717904577025089252196 0.2520793620020905789758
0.254280464205563383473 0.2545405086096340641078 0.2881137353671403555921 0.2297483597265632393469 0.2749064816094551333414
0.2827437851803298873854 0.2611559164108331332343 0.2596682202614873369306 0.2663193415584104717375 0.2740079493211736716418
0.2597104797522807873023 0.249194427766329884566 0.2629206858913781807985 0.2850443126677126293167 0.2400087509276739305975
0.2897121174499925899681 0.2575912215900123536372 0.2791319824048135167516 0.251857259043649028829 0.2679641945239926159594
0.2806966455677261662593 0.2743258039112120849623 0.2647943780624157916748 0.2477662050627065237762 0.2519333355957790732127
0.2556560748658710524595 0.2545639764547048544685 0.2801575091170308562383 0.259434422803941688862 0.2790570503267911783851
0.2656062180753379076137 0.2349262838500115468943 0.295003128580464124564 0.2545850790817444919689 0.2573778896711552688359
0.2818054037810014955667 0.2513777295994971128223 0.2815139852348639837309 0.2651128286210470696993 0.2665669270882117802834
0.2478694091987296843627 0.2724855305860491849756 0.2524205641794715071491 0.2549421845157974764184 0.2859500316545349196673
0.258766804009273987397 0.2611136038222078847859 0.2413756950554025726419 0.2379167658515193295443 0.2802653129202871129522
0.2575542820237027297203 0.2716718818932704615499 0.2807135266489377833921 0.2775391641457869984499 0.2863837263012809497553
0.2481732419514909027125 0.2660201241831192664478 0.2684867792190118729323 0.2689232308165289686563 0.2484779111415815477937
0.2657091860589807508219 0.269861157787631145144 0.270169823754944138372 0.2580422660816693580799 0.2682634531904018460047
0.2604107421804698896395 0.2264552007447666603923 0.2698389235519105255889 0.2584385583332819980029 0.2451817184738544486144
0.2619661927715415949969 0.275285054632593062518 0.2574600615640083023372 0.2580695460255615913958 0.2471985834646643065415
0.2667513517369154985026 0.2640839117604122932015 0.2701004774002517816456 0.2514285173826514840911 0.268077389489807083045
0.2526055276141038197224 0.272785345484675423311 0.2695396155574257823773 0.2728325966806939284481 0.2330622918910958407679
0.2616879172460744307216 0.2775095246792489978027 0.2637803729183584300344 0.2420194117973657188525 0.2461345595248131956634
0.2651604920536558829269 0.2557871605842909068507 0.2386216954445459781375 0.2635358167639565429852 0.2790639166686123551209
0.2365909326884904628763 0.2713634430872864378159 0.2876323821821126225373 0.2393882888896782246135 0.2662238781504550622081
0.2567833476626791289199 0.2482705174805963921347 0.2387771625660051189044 0.2366824499305333895371 0.2660890649791348705477
0.2330414140064780148531 0.2728508634104377383878 0.2665157298116875850269 0.2496892902232042132926 0.2741630651731834511509
0.2619651368373645539123 0.2682772432234711290633 0.2730366233669982434229 0.2722842256892807344393 0.2601856543810755484358
0.2635072528474413089405 0.2566967079786955374665 0.2501000210882637353471 0.2835350231016988686861 0.2539586925593462218842
0.2641644917795407110361 0.2699409472030509515861 0.2706979451724735863394 0.2643939982393969656549 0.2694522356356017223078
0.2387540141366666923695 0.2539233676369446746079 0.2383783502176971269559 0.2801803395988923806037 0.244036331489633523395
0.2417174833168567460451 0.2508927861201321607432 0.2523198497902226500322 0.2398613133138413067158 0.2642887665264158081335
0.2623324757936243978307 0.2724001499030132555923 0.2336680430233847027832 0.2733936667534843101279 0.2498383045739365204696
0.2696464906607590750198 0.2709607553103619559387 0.2460330686619033591089 0.2648361321876875340564 0.2636778756460483874591
0.2557878984005648725919 0.2437294562092062744085 0.2640462340690423181933 0.2363653422240703516621 0.281039129436522538974
0.2493307642633571796775 0.2411711260589697869428 0.2442018428899419835165 0.2525869909442766680918 0.243475075310013916452
0.2500864892851553111797 0.2836763691623223615501 0.2538011388323084815966 0.2674200038675620949569 0.2611690434646409819663
0.2694404049518060451085 0.2142542988514571367098 0.254255893599173998787 0.2474950834285545853142 0.2400656291036967204811
0.2431181592167683258587 0.2715300222270873309327 0.2504047282330809642836 0.2657575072510369729173 0.2606278292179430855491
0.2584795414992981932301 0.2692117516239871388706 0.2597324794597330455126 0.2536125065372263343022 0.2729813721520858438296
0.2412254689777847405097 0.248038477242795540878 0.2437088652064185179125 0.235304002702112102785 0.2561219331031877599614
0.2702713099845406863331 0.2767787119164921705305 0.246272184198451343784 0.2572780293373288507119 0.2541329303697490993308
0.2295117999087375737499 0.2515839824940518387741 0.2464620397580041255559 0.2568947568896344235689 0.2555431878051149796605
0.2658224202649166478807 0.2736127620189268139228 0.2722570274616663010825 0.2610688181445592892516 0.2518455796252154765824
0.2596021621988180982932 0.2493695426378602086892 0.2485665734544462990296 0.2675238558149086176563 0.2449834838400955505655
0.2573883279823396819097 0.2526560821121745514795 0.2712562583951494410428 0.2520560189964922148675 0.2590388906380238775995
0.2354059377272864350683 0.2336048536496498351234 0.2534293674606750146339 0.2789417897974015292384 0.2510919605461922055056
0.2688675035524181189395 0.2198834960348656775153 0.2613672403997436832768 0.2349279243065519051648 0.2733745506026284410872
0.256491410714749734634 0.2638652864949068144185 0.2657513446228879083755 0.2595017555464999015058 0.2439433950337570322642
0.2402565700873649789937 0.2471869442850841702697 0.2494751956805330572742 0.2544054994496227073419 0.2419287185325723898988
0.2436194886729443342954 0.2489258659578165444604 0.2674776505289213068828 0.2454737557810144910064 0.2356374697034568088672
0.2398192656556376034516 0.263957807260155941087 0.248414155067490344253 0.2453777998403165461205 0.2580265496370354183497
0.2578241090883234276632 0.2296001000753898069195 0.249944188763743829762 0.2603056463742525195038 0.2399816817241070543432
0.2723476811548063425406 0.2456330067032129194082 0.268400302193168016629 0.230531489549467394351 0.2780393938574247658657
0.2659692823878180290009 0.264416869471327031782 0.2417815805029878972743 0.2550601766130412006994 0.2589329001517288175727
0.2717568618186210760435 0.2475435354391412601238 0.2579849518882256775854 0.2871521790323141587464 0.2507683763672884369456
0.2340882721300368285444 0.2710625930217194778926 0.2391151753837769122768 0.2482883214630676738111 0.2576772532052158393157
0.238193562934298608269 0.270169756217822798483 0.251181085352637445407 0.2529668114500450704085 0.243554796880944168791
0.2353795232740852894082 0.2229341584182949476123 0.2488631846203309128107 0.2631694091296236104327 0.2553825473687589275862
0.243145618841004107491 0.2540854104831534177045 0.2396183899257852689679 0.2528688139632507270171 0.2492049549536898833679
0.2579179598322540178934 0.2582412922586992953811 0.258153450460157807278 0.2540142618079565539624 0.2517278751996752106379
0.2264309878446751356229 0.2485833738051560770632 0.2783757134550452483346 0.240580814842290130473 0.2496275886272140420719
0.2532461797559449334649 0.2499195814530912329587 0.2596462198322798675676 0.2403971361827351715945 0.2400640412138750623416
0.2515192585834625793595 0.2524223620907028453608 0.2409958766034311083981 0.2610596505090856944697 0.2691360994582225329985
0.2519803349476695264464 0.2491268719859877911471 0.2591411530857643530368 0.2453125239394612910893 0.2510989295223098882737
0.2313787805397360120008 0.2494285074884352582103 0.2367654038449606146433 0.2464946821481210637028 0.2686620029334312875768
0.2312883451796542977341 0.2251476179251860887387 0.2694971329711082774772 0.2608612411416678100728 0.2351727565242728856809
0.2371770811519150479185 0.2685919321443150931117 0.2288075491735446498343 0.2584557992244118085345 0.2412123792392101839788
0.254078558375727070473 0.2366658909449672609782 0.2515988437835945390475 0.2585028840300661601148 0.2559610246374268149872
0.2452031958893324814497 0.2624497618636766893552 0.2321133545472972015133 0.2585443041977902312034 0.2491516172277203344798
0.2385837808172160678932 0.2506807512283577565881 0.2467117438970511666962 0.2625262159214207247082 0.2358714797268577634259
0.2443220460366649915418 0.244078057912478413316 0.2414524403590999068747 0.2531482627421667852552 0.2451533753077176913671
0.2518270287353624459215 0.2620790806489649571454 0.2354656605261964408271 0.2356892611295497153012 0.2589820314572927051344
0.2605786568020242999211 0.2517817169245987196646 0.2649385202010091089342 0.2532451322083347777792 0.2212200759691745066693
0.2351159608609902085252 0.2631081463165003686555 0.2433201307116538147923 0.2358661437648245096099 0.2404867855781810115356
0.2524985185818294231019 0.241006680078633933606 0.2535858479452398617227 0.2290952769062432059499 0.2387585761844693565958
0.2458052609842600877421 0.2183621899629129281539 0.2594981993302207801122 0.246928639746557015977 0.234755118575941335024
0.2343002989673007019356 0.251365523913982313875 0.2277218510681880692115 0.259128727020295768213 0.2493747723211379163644
0.2498045273498332996542 0.2511867585810435565818 0.210807996195326197153 0.2294204386465707734555 0.2487760187958507340777
0.2344836119926586304185 0.2153637371888164342426 0.2467929692485059389728 0.2603497876487227968845 0.2468476250562744167549
0.2440359029902423593228 0.2387761703640299271179 0.2497866017773200386642 0.2451751033456831263546 0.2424971337708398400057
0.2424054091827297086059 0.257611137421766223099 0.2377595358629865929245 0.2285216949058654356541 0.2413336741503439852874
0.2393757645694630231681 0.2729376435064799211183 0.2474547494173214845503 0.2226482810704354664555 0.2321659286280815526204
0.2571580621198748528577 0.2391694585410951978677 0.2463788241928096811595 0.2323658963152671619312 0.2153120749728944516299
0.2447705639146023903763 0.2461937608685068890058 0.2163068394575580755124 0.2269526987987774691025
