NaN NaN NaN NaN NaN
NaN NaN NaN NaN 4.98738118502785532371
4.956258281446436875228 5.016070904217932557856 5.043731208059200277205 4.929338943990462240663 4.956634971454490390386
5.02806534025295892576 4.98749161043490918388 4.956832518151339073142 4.975782031815452199908 5.028596565688143726902
5.093516381591787656191 4.90002832874473792657 4.938821732355215488042 5.042479292327197271106 4.860156633291598637925
4.993721285467562331917 4.990376067701046025604 4.872040621994774944881 5.050819186215007583485 4.87109197025914575363
4.993203998460923997982 5.00660448764408183564 4.951827529713310305226 4.956784354626942779021 4.978653023488812223718
4.902371626287875372441 5.002616449627827144297 5.013074847558651292445 5.013818538129587665253 4.999594256778016720943
4.980353887184858052706 5.02857908547195453508 4.861922325204146133615 4.887514364707747915872 4.957149579684119622414
5.011675434454064159695 5.031002067276250322436 5.050114330495584447078 5.056642183017991065697 4.969012925179832507183
4.983858125257583537859 5.03889241867794535068 4.964162433282422348668 4.986171730186413242336 4.997860378738015363353
4.979405299301911114185 4.973078306399743020449 4.971260057786502706278 4.897046835697209665739 4.95030062564533857028
4.960371312691140843754 5.011981146627780603353 5.016181470217738080919 5.026786950816865662262 5.037044974595636936954
4.946863537111460651374 NaN NaN NaN NaN
NaN NaN NaN NaN NaN
NaN 5.020040805885658485863 4.994160348703355900568 4.983681917822782025951 4.975100144344194674773
5.026009051846659581031 4.962733923205894015496 4.914657835756160331186 4.899377362312981709636 4.876006821528168444502
4.923987253292756882672 4.900889905295622739345 4.899391901201196830584 5.011878912075871106424 4.964263648040951437679
4.903609226901002315913 5.046067170691769021573 4.957903820196541744281 4.981196312452095043 4.958394959827223225091
5.016680707330196220539 4.949447773466428834865 4.987711630355195602249 5.011810238016757068635 4.977717224211065882855
4.98180859615977400523 4.987338822994432874225 5.013772443241243159662 5.015441457754662657464 4.984913613835327161894
4.992290814909027041324 4.985638052193097635723 4.970256188963290355787 4.976038086080301958702 5.003408600271904482781
4.976982120603536507986 4.985545850725872973896 4.973687577313548935365 5.039588119036767288605 5.01160302227353948723
4.996356331617003654344 5.051845570680071340064 4.959322224433638126584 5.073857463945534718164 4.969228273584928246009
4.987558598253970743031 4.976957292766310381182 4.940530403419362670547 4.990763065317882940519 5.042498288419215768386
4.931483549235361252272 4.900292225229333276104 4.937921940938222675754 5.033928650132962090424 4.978123742246444827231
4.956647789050975028147 NaN NaN NaN NaN
NaN NaN NaN NaN NaN
NaN 4.926268596865168269971 4.829993163648531151466 4.838924570207439046499 4.931668436226970264613
4.878110451971776839741 4.829899628385367016392 4.905866750803424380933 4.98738638907118048138 4.878758604802902354436
4.925427832305823372394 4.950880174496808727724 4.902820031155148861046 5.138377696513498626985 5.047141675682507155898
5.017772687513472718024 4.964630635353288745648 4.940037248372102673954 4.934937505740921714903 4.863202335460767855579
5.019636149179140360843 5.082261539516951032169 4.948604098699973086184 4.815093878107393088328 4.886730119161533991701
4.977551026588431071218 4.888689083781539324036 4.892596434957463991111 4.93480275171627180697 4.870461495789710326676
4.930740485785819693376 4.961537887622183617964 4.916044435409699708828 4.862367009836917830512 5.001347724216627099736
4.977998857284079647911 4.943547954064790417306 4.939523376351485417501 4.984592055835616264403 4.947001254953532267677
4.973686552853600950641 4.965542658553075305861 4.906025590708374295446 4.883881251110186560993 4.888545227646639901309
4.899953060435379370574 4.881705782002921267804 4.912059587873915944556 4.874555074813299526681 4.926772205044188446266
4.924368152429123846048 4.86746420352263431397 4.933917906997772107047 4.887096808095095390456 4.899823412757890572777
4.95744470652312152481 5.010590075036287061039 4.958070470154285480646 NaN NaN
NaN NaN NaN NaN NaN
NaN NaN NaN 5.028545417766569158857 5.01263940946298447443
4.911315627632903968447 5.032764283208352118493 5.110859497794299599605 4.999963334063195041779 4.960429048991939815494
4.95745364256445952833 4.94143008270863770548 4.996029329945998576079 4.978403688035291985159 4.946149286679952794543
4.943486323234115076275 4.993064505301759936629 4.981462497975840619802 4.951707186352404477248 4.931323986085426547277
4.938720825604242747886 4.96752374047794198475 4.943747437686798029688 4.907927492552621728805 4.931151055968657104245
4.871113973294152188487 4.915786928724685367342 4.913793017829428677601 4.909555239081054622829 4.872531203974737934459
4.913607039991839897652 4.934208989433157555027 4.876168293073853909902 4.882677902854737794769 4.858457054850190637296
4.850660824610705468274 4.866576406835281254359 4.904276031940258739894 4.890868741410843156814 4.884994712522124693521
4.906648008786084425026 4.86819893019529992273 4.809689350965202336852 4.81486692300170115999 4.834383118642866072889
4.798865246459227407172 4.833708754282977082539 4.826215957187747207513 4.834835189845152925159 4.830737870376599296662
4.858760808913602069481 4.85713372023654965659 4.870789823867920809164 4.89513025014708968996 4.898245650830745923088
4.862087544322755583437 4.877615953564448325608 NaN NaN NaN
NaN NaN NaN NaN NaN
NaN NaN 4.776703300799455931269 4.755228801128238202978 4.898210773602030165819
4.812453733575804193379 4.841619541160183892714 4.906828238265673824969 4.896346478930860612877 4.903115824846042691831
4.846764828858201923367 4.835732356520594521498 4.805154714349129108086 4.977883002991807082083 4.915215286437721431412
4.883929774581969418534 4.944849754841042610565 4.938902311310715553816 4.9827882224877457773 4.948384682452807048492
4.916850717810981485911 4.951228701704279977491 4.943766099961654170158 4.927429850231765939839 5.024184892351822639966
4.849191981235523307703 4.953959379875569446483 4.957479237101695801471 4.993494504182432791595 4.923174561656429304435
4.954816159163129007936 5.07381169513900598389 4.993098763984740173782 4.967233606007654955761 5.008197538474989940482
4.972213264382606467962 4.939070784662208168925 4.923246412703479180095 5.021277046889689010811 5.055757890413448585321
5.09079998892248930531 4.911478011174583713228 4.913530179140836118279 4.924647549790819311966 4.933610701567288536751
4.949606261175468091551 4.987460545952376200773 4.993484580367369751741 4.963926071652743132745 5.00164802840154010255
4.877085368037672452601 4.844098002473397279743 4.918804286723368335288 5.0060863359187610655 4.915299504168984867647
5.025521683206161327462 5.016679578549044116187 5.04716780109509777219 5.002675312432571352872 NaN
NaN NaN NaN NaN NaN
NaN NaN NaN NaN 4.900647146294561551372
4.911552500935553844386 4.924386820290610700113 5.056221956435594577783 5.009951249689585495162 4.897912352719640871612
5.037461135480090668182 5.011639214542286779874 5.061472231986411607352 4.91151969550894129668 5.038555457699801287674
4.991970414520828569493 4.967876298842175408765 4.959177211481676117444 5.052836096062668147511 5.032141359686304937782
5.034483302163594409251 4.985336906896594477701 4.967349326018595689902 4.998415262363530509049 4.969648518875363407687
4.925035504400996799745 4.937800749295274016504 4.975799791108790337546 5.013177163926512136527 5.021521731976488212013
5.020544694602736335298 4.99969155322139968689 5.009646413063675751687 4.983897239016789271204 5.019251871887012050877
4.988550678429496620936 4.966843054517750211119 4.955990689002778282202 5.000055592949176563877 4.9275502202936323215
4.910080923553048037888 4.992708077173978686858 5.043829017754384302918 4.975062264495831776401 5.066386036859410246791
5.068323199579690907512 5.079172487942001268379 4.98851918021819162874 4.994916400699247027717 4.971806625475924334978
5.036161974121329265586 4.97111059355720730224 5.012568637355314216109 4.990837271226143734282 4.940128620206908571788
4.957769746554398615501 4.975467451800362539416 4.95251256663060335228 5.015569893793208500199 5.080607161979229680071
5.055081010335527480493 NaN NaN NaN NaN
NaN NaN NaN NaN NaN
NaN 4.925381270301111058529 4.945397030929489012863 5.012240668979100810532 4.965936291927176782224
4.971535966981846854651 4.963486498053872431058 4.899604598488997986294 4.938784256739059408403 4.989268261771971246787
4.741997671018682858346 4.813521569367523511573 4.880590096568344193884 4.772443216728558645912 4.996688378048484757699
4.894144278840590445157 5.005404558451203023139 4.948665778791141001136 4.962366502580759508589 4.968294373414883224882
4.969631624632874888903 4.932094489640542533948 4.902248974726928665291 5.013376861603529910383 5.059491577769409609289
5.083103751738319076026 4.954917753574036076714 4.982500709367386093618 4.996240916085006311675 4.991540141916439132785
5.01009960139663768075 5.095344258507298995653 4.983289021003272978305 5.010664595959434919337 4.962117856778112567895
4.963632392075071564363 5.053649018050583308082 5.062726997195165168364 5.007964369790456338194 5.01227212560931967289
4.976970348980734648592 4.921772472327281988669 4.975337326847386165696 4.965581835695590307012 4.970297925823761175934
5.062593581965324496252 5.024869236143203465872 5.00596933105016184129 4.977125760643918539472 4.919126685884302574436
4.873192577067805508761 4.958072439142567233716 4.984639220965091155335 5.01014696053670860465 4.970041286135946201341
4.923111469777450288632 5.044838313170122212625 5.025333969337518524867 NaN NaN
NaN NaN NaN NaN NaN
NaN NaN NaN 5.012257187727027663016 4.947040735701957459014
4.907119241718718605227 4.964732823351953427959 4.951749612466616490281 5.004090225313971629362 4.950423746995727292131
4.962602567047793122867 5.002260980899682074607 5.017216276070139535648 5.021460969164460941272 5.004766357293864764699
4.956913211872265634383 4.916389833664960740123 4.979820245061833183797 4.971144902784949692887 4.984021774850846853155
4.950838633331819060857 4.995224671153776441201 4.892680475280210217193 5.001914327750003330664 5.088620242644426916456
4.90234834327519308772 4.99908532660766358191 4.987819613675111618534 4.986008978406583302956 5.038944299428134598884
5.012865411219059375014 5.113626558552357259657 5.010332992457160017352 5.078272605380903748085 5.039174284505036460757
5.052504809087197124029 5.047317987004203310164 4.983934362519669036828 4.879836636061387622476 4.822660544935665427602
4.986192305357514342745 5.097377507693849452153 5.088073332960963313099 4.950914917460026209994 5.072275436123176106662
4.985545928018443539997 4.929310911290409435992 5.03402761870316606263 5.00904015616340547723 4.983289674035843219713
5.058405611410936586481 4.971187903835552646115 5.043902912350354483806 5.090724237398790208431 5.066241908795786841324
5.056116614634879269374 NaN NaN NaN NaN
NaN NaN NaN NaN NaN
NaN 4.866239392961531962101 5.017673639333751545166 4.993902520168989056515 4.95545216630891172116
4.883129848957797669584 4.967949683349244693886 4.88545930206572087684 4.862837171766322796884 4.996997938629870184002
4.988162053288313302346 4.855134488865998854124 4.976556838007124561329 4.901156407358326916324 5.020144354601467462373
4.978293733912244611872 4.935106543640309872956 4.9941940038070553598 4.90372196215028210986 5.100778045357585277486
5.00434039076360903664 4.912094342789214529432 5.080479852640674032216 5.076061344865867575038 5.068549349000758930117
4.935336925809489905248 4.998797928564864712087 5.055476244552091991125 4.980637950436110017449 5.00461620303405307908
4.996832184402518528543 4.964956759953262910301 5.090138880086018779991 4.943291162881539690943 4.973587836507707748979
5.019662880120704606668 4.873980633179844978997 4.918150911533656355346 5.149102202321008014962 4.968419342829331952771
4.985345880552435993138 4.961782753452721017595 4.984771293061570851535 4.974285812633561398854 4.949761624593567610475
4.903026024403748017733 5.004717556302749059682 4.938861258578318924606 4.963001094119443123986 5.059865383446872755258
4.992007011730660970272 4.926587751807045556518 5.012606640650322908925 5.059434834356198784633 4.993706199145282020879
5.051481293573574227196 5.027908536237569059324 5.024732778607675420801 NaN NaN
NaN NaN NaN NaN NaN
NaN NaN NaN 4.935538471440632513065 4.9692640314268849977
4.94728982602767519694 4.955728640018475239515 4.940514737966167579941 4.950607732561884688494 4.94751277393018273898
4.98574396324929391966 4.939535536509684021667 5.000579488789217208478 4.983089397270984655108 4.990281667762699768787
4.970206457104717756579 4.976333486872085209995 4.96020427578984612893 4.990946623761217004756 4.90468088119554668225
4.909364223968675666754 4.927386159355867434329 5.028879474835724394666 4.987348181015543779893 4.878344505134734276908
4.949255719684005683234 4.96513665568695294894 4.869441029144689458974 5.046237997999977409336 4.978018235871114249846
4.848380611613015922501 5.000313535944525433763 4.9245985934533509365 4.877113989973671515088 4.960806612498397605293
4.992212186762809089657 4.921243796273745196856 4.988006954857696406691 4.938974635147592273654 4.945074630717194885676
4.978513349556661360396 5.022070526786663435814 4.942130462895915066213 4.979845061950528339878 5.021885638346190283698
4.971093812334036243783 4.925997910618559849638 5.012585106119646916056 4.992739838072657754253 4.960176285412616792314
4.975435760254885764198 4.9171879330464172142 4.985345657124674367822 5.023415444401035934163 5.058802137661156272941
5.088593970416658507361 4.991988230393120673511 5.031198358847183804698 5.001565125978850723243 4.969963039957060679797
NaN NaN NaN NaN NaN
NaN NaN NaN NaN NaN
4.968492071967225420792 4.858679398816300398778 4.827746487418986376383 4.884153812996500754195 4.790431324839983240338
4.880869253968624477125 4.998145656995749419593 4.955388342392082812182 4.955181832331927438418 4.972209417128400588126
4.93936825602449314232 4.940490952721934725389 4.885864966387987173846 4.909140946499525703928 4.922861773856320510845
5.012492761491254000816 4.95656251121822144512 5.033300779694710236356 4.922255237960505347417 5.075132485031363493988
5.015859839567837319407 4.987435438171656798545 4.989176316781826159286 4.869691452459005809317 4.870631376678117518964
4.971747549406059007993 4.928361545981971403307 4.966920696706559112954 4.929092741378866548985 5.059948432981533628094
4.902329415068423124069 5.006835592948550406334 4.970676058179503087331 4.978699214435686748459 4.905498873516029867403
4.987098094069432718811 5.000484827791994213442 5.026430857281915187684 5.053566741157389685668 5.06728100995378660798
5.041792329892778923295 4.943316371983834223158 4.997357238020264880163 4.896015480811532150085 5.006320930889061493474
5.01933755488208266371 4.872019495744787320746 4.917307283052837263426 4.973239570512964391469 4.965750904531651244156
4.93102004520456027592 4.852764095697291502063 4.908346675116213475576 4.885763532061943692497 4.899377579518181313745
NaN NaN NaN NaN NaN
NaN NaN NaN NaN NaN
5.145895912778495784323 5.14218926798620667995 5.075993210758015017348 5.057463820984000157921 5.096340751639468535927
5.048159204144921474722 5.114068421020424359824 5.097127214882378076766 5.065897453047845111485 5.062880891014553519369
4.939369841836722230255 5.02483166267878633704 4.999791205609145805511 5.009537181594275523366 5.045968179653835150589
4.99717757768820547426 5.040948268003415222438 4.887443644397695408088 5.004127755942143984669 4.989154612087445705981
5.03362999020473012024 5.003687675841253401643 5.005051579483138723958 5.027097344580700344352 5.000893885834132746027
4.948504484769387978815 4.927557673413761385461 4.996115706916748777644 4.871288414463049498693 4.885680539831589896949
4.993522027203354696212 4.857762293707817313759 4.87582794027733523734 4.93700148903836666392 4.853092022378734604615
4.888457071216918414791 4.978894037668671224139 4.977486575610045704821 4.912414861961822865055 4.982237204361731564006
4.958070470343663771473 NaN NaN NaN NaN
NaN NaN NaN NaN NaN
NaN NaN NaN NaN NaN
NaN
