-0.1868650578592210009798 0.2584227960468839513375 0.2423064292400309571729 0.3303973246337618130397 0.2488190998165544232101
0.06841265479794900183919 -0.05061192828946155936043 0.1508135754441665421499 0.1248755943860365702491 0.1833368598036415886288
0.03505226619814697658351 0.3903881115935826096042 0.3046983079413254635881 0.3528262515068606997026 0.130601670380776357927
0.3528287179634342907164 0.2345835323157865470733 0.36541340247903825178 0.2312778669268650832969 0.2717545463203210331926
0.4406593288342048886364 0.3394755260829930842981 0.3067323666420453953663 0.2944259755611089435234 0.3097487370846021548232
0.3307383795849456742388 0.2671851419887573131362 0.3339466445291088825265 0.3202513590650782893121 0.3657991154250130882986
0.3680962094478621993154 0.3562475392428421927526 0.2606718951163189412767 0.2227980912111705846801 0.203362206671046735762
0.06283337295837548852617 0.2770158962732707230714 0.3784724713485375091615 0.2539811520260845667529 0.2932709267487970672406
0.2245362570735857932203 0.2136365564743671341397 0.1950229181554216650873 0.3632656268838943547372 0.3616601601096566254157
0.377645035068307710624 0.2633001679401199002228 0.2094741530286073627476 0.3501408389322782643838 0.2999919470826027945165
0.1166009296477022449956 0.2532282311650332351505 0.2125647645990445810948 0.2611827749826339806205 0.361240066909363000125
0.3716086602633785207495 0.3644823999234474420916 0.1700308265745278935022 0.2656488979385348003781 0.3811175094166827093112
0.2208393640495412701963 0.363222030247505656142 0.3292425230311293860019 0.3828699231410263026376 0.3357558311311628629348
0.3230380270730272562751 0.348265322888827888459 0.1390855249604897592164 0.2939630616751358616057 0.2184238917375111999064
0.3135663387975742288916 0.2486758833154449621627 0.2778770299490526118902 0.3223747408849732543068 0.3425622921772766837911
0.3448840329965379702948 0.2155610846439632022342 0.1535693993376519295158 0.3199290856968902141411 0.3620748358873343009101
0.3105331193687011492877 0.2747736548932782629784 0.3353045073159044431321 0.343948935483264106594 0.3930754573231969861702
0.2414695763795296767906 0.3116346572613825083309 0.2480320501561574519922 0.3247257830732486194592 0.2987233277691693222877
0.2955399168330843928665 0.3121475980575331710121 0.311332927043480867102 0.2618440907583077237319 0.314081326897778789764
0.3612701836980617975392 0.1500130600095300748009 0.2204631506969425558395 0.2843979576026069988615 0.3491310346555620558462
0.2779387110455042164681 0.3145983332694331502388 0.3328481276996962945347 0.2870216111296943206632 0.2982336652083669714663
0.3488568002932824763107 0.2500001450771428546105 0.1647536588369817867061 0.3345472130720853476404 0.3234427657710278736225
0.2817175813399238060164 0.367802382604220323703 0.2825483893483299313587 0.2800490240824246579443 0.3603970456038466108062
0.2170588736284695952072 0.33496164786137949676 0.3608131157114831677468 0.2783476887495728302468 0.3182187421269241367483
0.3520527045454202030861 0.3087745813589277132927 0.3151114873658065751449 0.1727821954505873447427 0.3001060801480593953627
0.3421688754191710146735 0.3806852863646332796321 0.2537530252128229468767 0.2342015193822722107786 0.4135220577335403380204
0.3127780746030301983751 0.2891836800682982544508 0.3214842045210115073495 0.2447703770937300349342 0.2823280907205394374415
0.3333264516463635418475 0.3679734003458527413777 0.3729430108101027818712 0.2099324334813290338086 0.2849495590254865762248
0.2881093697116304253036 0.3065455043909375842937 0.2828738446057628141972 0.2699265712508589487584 0.3989987126214590840156
0.2046911172068718587358 0.3189578979383720369611 0.2465171659024119332759 0.3294338124094317588053 0.3340094740710243259585
0.2862623180758469554341 0.3056673290663326492123 0.2760308355115266287783 0.3218603188889531674377 0.2648744052469860221777
0.3192523475197305282691 0.3362701093272484897945 0.29072958339051907517 0.2955276424209564711809 0.3097178009966022327326
0.3225113471772082518463 0.2843072598181998755784 0.3110291557723667832391 0.241621672573754081581 0.3014304041307927506388
0.2981628447930912417796 0.3199335630665984808729 0.3122980494110355054183 0.2389177721126187203815 0.264836398201803935315
0.3173705596010042984112 0.3337863181611667173776 0.3207510138028916713004 0.3179089846481246151022 0.3347834283927315079943
0.2795781827783482276217 0.3223716888605067665274 0.3312642733459303934218 0.3293231497726150647232 0.2263466785107477174943
0.245841255246157130987 0.2514481114457026711406 0.2874327405362760434748 0.3226450429655718932231 0.3043740755801089270527
0.2874336293840327738458 0.2238721990154378949089 0.3536455429961753438306 0.3234471702509918444868 0.3146773348608937759252
0.1817395607205858354405 0.3418285025205591853847 0.3510510196168186713983 0.2536135344174789696403 0.3120668031953733323469
0.3523187604343455681111 0.3699304219357417156111 0.3033493753471639409192 0.2609192145321235223321 0.3400629060637864742311
0.2964464946601925166014 0.330278070388496547416 0.3276254657994839836199 0.3275920382263008967527 0.3179403655248007609657
0.3016120001286891061376 0.3744553058995385153018 0.3638656199366097077075 0.3652775466062224696273 0.3526842561615636806316
0.2986452850312238949115 0.3731072520267288417095 0.3417258297065993710717 0.2678484124804740296177 0.2870062582780066318122
0.3501792464937504290035 0.3453170972739614263958 0.3285691939813827899819 0.3076274292572669932788 0.2717705511548497154806
0.3585180700042853163545 0.3102660881888800181727 0.2797595890240009430805 0.2279387336965905952457 0.2844842337002213006336
0.3119975380938296294353 0.3423702532516181840094 0.3161821385200886957989 0.3105050933503127885693 0.3060586735347657350026
0.3258220942593622604377 0.3215007410796735243252 0.3079182070669828630294 0.1905343135089051787023 0.3346326732190517128096
0.3005876988368913482752 0.2550925228342741934995 0.3164569105993471076488 0.3072777589429240840957 0.323213511620523807899
0.3163559465599120046342 0.2941907629211952812653 0.2883785893201316619106 0.2628030896461976406719 0.2321636803467337084594
0.2944081978970272128748 0.3360996999110356098228 0.3320364461008706302714 0.2770714546965325486561 0.3587759496707905726431
0.3222554016551316125039 0.3348347804512565861756 0.3463338640140766200304 0.3363475518435634081804 0.3431506194697276912464
0.3159335813014871874316 0.2133777240309186751244 0.3172920734785363294783 0.3108171808239144073838 0.3370392406405224305921
0.3179279216536357033362 0.3412340585465299946932 0.2768973110948431126666 0.3077434841562692868777 0.306110135256005833071
0.321262161265234325036 0.3141192651369358324054 0.3111590636028342404806 0.2759069556183129656723 0.255123880362312649428
0.3511705477795946661601 0.279607776968589072375 0.2186290757340542956211 0.2458036612802692588708 0.2220628371506690734716
0.3612945310097063766896 0.335808148395419003851 0.3498349321968942104988 0.3128813382590480696166 0.370001298489139707204
0.3175826045729723268174 0.3171087983109160401973 0.3124358682888886407092 0.2727495627663891197834 0.3621792966476378716756
0.2882388464045081422071 0.3369552770270759500804 0.4063689056496801454976 0.3334947472963630810128 0.2636433572172075523454
0.2772286718810033634419 0.3275894731786553326636 0.3072063004684450482351 0.3327272137189876688446 0.3613389517695149155685
0.2823956322418531006413 0.3183976674348564794848 0.3685440741991639623798 0.330083661522344862238 0.3372521636955869150931
0.2612760386037885629307 0.3022842700956991368599 0.2620136340926046414346 0.3984722095103471195543 0.3087919101548627365261
0.2285921695015692978181 0.2938161452983137911232 0.2924754066025767040848 0.2985251870191475420668 0.274966556694373476244
0.2801074695090659538721 0.3190217352681698481653 0.3663014676933620261678 0.2758572849273609461918 0.3135275576372440475836
0.2849418369373998838334 0.3204922075466521413922 0.2798743396765523416825 0.2983738889270361460682 0.3166456884865651022487
0.3291921662523336622463 0.3764451434773023463798 0.360008013770735268988 0.3943451376158506604952 0.3731749972563657147262
0.1939337405277947734561 0.3180539165562824011069 0.3027484562268913381722 0.2991531546069227665008 0.351762917793573104408
0.3166612193683472353811 0.3077815346331246315614 0.3814833592507462789456 0.2963908078408329926923 0.358262735739414805991
0.3266307038669197804204 0.356138854980404429007 0.2652920144345791708673 0.2720812525881642907066 0.2958800700544979012108
0.2911929731115617259185 0.3296305423129101686008 0.2885799740668034685243 0.3115541599736523781239 0.337997298143813129645
0.2658997860904095400514 0.2885207404884662096833 0.2810377734748076838933 0.3155000032877801063869 0.3200338003716259871467
0.3148214999739518127342 0.3050354744601777023938 0.3238281847837375382326 0.3271737460584017154197 0.3134072131431921981459
0.2994137022332783448775 0.29402685999212901935 0.3602389091384088914971 0.3180376893124479686925 0.3156851441280708048254
0.3098161056193740048315 0.3183012670497469276398 0.3174557400257156380974 0.3023609423131750628677 0.3415297238895057541086
0.3089944804830431768217 0.3542845577838841242269 0.2829046653970679892076 0.3431863841827447192401 0.2527896883378109027518
0.361976398360673190524 0.2919727665878086297901 0.3085669937026868647756 0.2351004355770781872881 0.3304832545918187647338
0.3223906988647072813237 0.3425653486055628693663 0.3588462755136475057505 0.291620428940895737302 0.3193028420692419211413
0.3181923061534966401531 0.3215545863521712122157 0.3546485501590034283836 0.3272996738461647070473 0.2534456550031544685986
0.3040361847247638471536 0.2235078679637247656142 0.3119486253048102120111 0.3157629052939517344534 0.3576197704115802733504
0.2301957938908691103652 0.3163345844950351537506 0.2827011169704911619505 0.3302758698411901172598 0.3441063267649424606276
0.2812412049965294369436 0.245248075193949921502 0.3337663719501701153902 0.3556608098126397554672 0.2804377075773502037137
0.3238188907869222754599 0.3305444482471612266394 0.2891617619850466724962 0.3331898662119765486267 0.3870224646870926155096
0.2830907417692222205474 0.249071123670830757435 0.3355918660453465207638 0.3120889128511157850632 0.2998599145612994565369
0.3398810679804353251932 0.3370462595890076906713 0.2506657377361107830183 0.370405513390464735668 0.3218609225272644480675
0.3165805996639320940567 0.3027966208483201526747 0.3209411071964661799072 0.3338474385973548286266 0.3020460265048279246969
0.2985846813231186613891 0.3039648929749636518949 0.2382816629758505722059 0.2959383211527166768207 0.3028066135363012278958
0.3444155502688396874866 0.3024367947314778870549 0.3443173018550489961065 0.3242773760703943630723 0.3329886480044736418726
0.2255652525104896999331 0.3036427555779029896499 0.202821372301482366618 0.3355148750278104663458 0.2449970550902052790487
0.2552255789246605788279 0.2316389769919238172946 0.3087188112442501020105 0.2649494023608012782667 0.2557569731145664104766
0.2937768229485954729618 0.2461022391087291094625 0.2998191463574133019954 0.3267887150013127905979 0.3437913663353700521874
0.3625815950484474470272 0.24227008621341522554 0.2646522785443766179192 0.3503622080713451047984 0.2954684705998970040142
0.2785575560727622801416 0.321137924160761367709 0.222468450301879921982 0.2842217637638054794635 0.3332652880615448176549
0.3049355509628677296519 0.2729278298723579188056 0.2512746873937508063079 0.2770224525314270991316 0.2864056767245386492249
0.3291802427382268803058 0.2958746764669282769411 0.2866536204822943134651 0.2903868480950839159327 0.2855073649824152459686
0.2615249541055976179038 0.2696356260174060937018 0.2530925452101364103719 0.3136943548266550862991 0.3107546557949146248667
0.2643242881299245339299 0.3107908495248459246341 0.2737951493407597691743 0.224781921984414240212 0.3029509866378322646696
0.2693692001052997442301 0.3235997107263784977604 0.3418540374673129100813 0.2524358599876356246128 0.2840065915993279510587
0.291682172692499408484 0.2626401231269114289191 0.2753579820524933996495 0.2770826577954931257963 0.2734590500094263854081
0.3410026544959885996811 0.317243855634435190094 0.3357611740959471902102 0.3177349018586631546057 0.3046284927656674468288
0.3220223899082569896102 0.3375388753309108702538 0.2631858194013990126514 0.2793826729846179968142 0.3044393105168984314801
0.3259386379071833039767 0.275938262226703201474 0.3256609070122015170412 0.2886242501430638651705 0.2732867745099925582686
0.3566383335913905772152 0.2838309983166362737705 0.3004168321855874568271 0.2407335657551608332216 0.29555393069753571611
0.2690363325665657834307 0.305047586617358479355 0.359317135796363595901 0.2967447823301244680394 0.3025958945262595678471
0.2981334607494663946348 0.273925971556296665721 0.3652052651667515026368 0.3152639550707777016392 0.2744678172026985829568
0.2926907566533917259832 0.3125352296052127387682 0.3055859681981095699044 0.2781188999921272442251 0.3346157103576766211894
0.3541924737976364090386 0.2834877310212984280469 0.3109245649209722017758 0.2730503788960972344491 0.2976994620090288035108
0.2753336613594611348432 0.2506259081767874263846 0.2534047904720591604111 0.3039483772908984082761 0.2448954552116461014233
0.2494080407997486537042 0.3163427361021620698445 0.3002160679779317109528 0.3037338218885571317074 0.3123524402569001212626
0.3064186255764994037953 0.3854536705222897929879 0.3659486664619516771424 0.2933213876956294874354 0.3262795725591953188705
0.3180635363304126217443 0.3273895255259125502967 0.3261395545543358531759 0.2951661137494135389581 0.2932270860465333583988
0.2922229145891445667438 0.2650166917331087113041 0.3164928551071917728343 0.347683934951985962325 0.2822499155390327807424
0.2027567719399365475663 0.2661115675764714749718 0.2642568886764556368441 0.3445162525485377935652 0.3057766677541439159782
0.2995255901113375029965 0.400668276708527837382 0.3003784742357613057884 0.2575839213705160002377 0.2833447377093379904167
0.289543015032816986043 0.2674803447304279213625 0.2578290153927740857576 0.2797605455558661025073 0.3187479543226681699686
0.2525605059873424207417 0.2287676302360052149609 0.2744822486747028333909 0.2922337400564212206433 0.3335480119736448090251
0.2893289913494550558148 0.3091705462404799042986 0.3213744535406498070707 0.321419527298869855958 0.338359659391425482422
0.3053414344645516975696 0.2382397397578518705163 0.2497425730092707463204 0.2336684153487443016406 0.3097317146778539864727
0.2252590623598648977843 0.3157122163025778416312 0.2776153645283150339651 0.2578076659378544244206 0.2951029352386848048084
0.344465552132490970827 0.3164013488300060905623 0.2538201223974917986048 0.3184830458938424091464 0.2694429111823778422163
0.343355668207990294416 0.2817975939332824641959 0.3195737148632162294426 0.3228521411514365113682 0.2455334580433534141797
0.2409959941433257313292 0.243305823929182124532 0.2994054555514092941237 0.2836233022362369404767 0.2449080230619097298117
0.2223822127010740001829 0.294958118847446881805 0.3521772878623578573176 0.2811487533916162684378 0.2922814305490618047578
0.3164370800917649662054 0.2738807086092694409452 0.2329304745328854842068 0.3254432139992202710488 0.2910280156464022938145
0.2574270079006809597288 0.2497882282366608863722 0.2640360100437694201858 0.2664494710415046818675 0.3078682477667914474395
0.2442989044581479474161 0.2412856414028296814234 0.2821633468603766958793 0.207485311593642474115 0.305701896249389926119
0.2341644323120347093159 0.2648414054561886166184 0.3169666778260632478137 0.236290496699126634228 0.259814153308457806979
0.2737466745708750925914 0.2303315608860685981263 0.2580145625859005531488 0.2884631403815541839109 0.2949059759196109298252
0.2554430158048123233883 0.253038462681846931801 0.2354803559728214923386 0.2561925513796308728764 0.2914607589678036569936
0.2045500531254247356117 0.2465331195655541540734 0.3165208664502707769373 0.2948660193441693944116 0.2812241813738476925444
0.3109265381438280906323 0.3359529468524120598971 0.3319627401692638035691 0.2870584550385978372944 0.312580775607577687758
0.3330028637891823684036 0.2942399230148838307208 0.2815335261227688845587 0.197677248462389348882 0.2418373552602274545453
0.2537246195106547808074 0.2861428069254682293732 0.2678794501704186981073 0.216891778539736346243 0.3394536019137149862601
0.2759092837781292328891 0.3623626732380912374154 0.2927349953525199000026 0.2896248670497607591301 0.2665365572234814073305
0.2823240395679130765316 0.3152034436607036860245 0.2798931355499820750055 0.2779625896937282791832 0.2500230338360484028115
0.2951421643772232372704 0.3381068010585445149374 0.2976472205169787277335 0.2542707906688857488753 0.2458370539007024846434
0.2726281700377062855445 0.2835467391045669027783 0.3366540954897391801914 0.2996062475801322122493 0.237470755996307625324
0.2782684293279610310279 0.2994925929042261958379 0.3106545419433281995936 0.2463545549805129519783 0.2756096782118535593042
0.2510416332891387547477 0.2286074045033163748553 0.287669246905515985091 0.2231899372751425525419 0.223455714510189251687
0.2751711465883199814186 0.3387611953644877327285 0.2799502942873413613434 0.2848274784248563396005 0.25045775665766201179
0.2699372395994584783452 0.2427540659985758519923 0.287176849972952175083 0.2918555026215619574437 0.2456191030922587059671
0.2799190916020308783629 0.2668526215141843183076 0.2437907323372344725598 0.2907643378435444958541 0.2633769615412032139012
0.2481301846975935698758 0.2681154840181874665639 0.3247019779263132233105 0.3182271707255751591603 0.2615544846966798009369
0.2722310334920817198601 0.2848349237543826850683 0.2085741363658364933009 0.2989361772911009462739 0.2968366692452841792971
0.2483430443218213878875 0.3242784556434652465384 0.2766211483296595607939 0.3473571278352097779774 0.4339083165078321258079
0.3457069526083165755814 0.03663405289746358983738 0.1491017429558558482494 0.08466972665729714797589 0.02210867052052746875579
0.3349052044194832933321 0.2358444672786660922803 0.376295647300774749322 0.1925666753722251323122 0.1870936008175271558773
0.2526573002671174128508 0.341430927583426413463 0.1574237127235771638301 0.2661516393982289452325 0.2372582344374460083802
0.3236622013970378852754 0.4190602135274407169518 0.4017521140623805386838 0.2535573680005236418822 0.3827497301635470194903
0.3735904336184293073053 0.17963296207557957751 0.1894091598553333533062 0.386265867779821303607 0.2340130614777242989977
0.3708454798425160903186 0.3389081817032780774568 0.3543197441330214192412 -0.01038441648949036712202 0.3677734928358065702447
0.4004103568196840656768 0.3203264497443424896339 0.3314655635523260923669 0.3038453678078078534774 0.03949250011630166257159
0.354867116057348774838 0.2645205612851500576177 0.3176398044274473253523 0.3672925263407266216475 0.3082623422829660064792
0.3598413954926870106377 0.2920784827420142004684 0.2997878937580635283489 0.3456694329386595931908 0.3568681555815372274942
0.3355285899610851996222 0.3634790909044525730742 0.2851056863622873360775 0.3023844210167354051855 0.1085409557562745097581
0.2775092422708102524176 0.1288743007446248034498 0.3245271395338512609996 0.3629567463444864361399 0.2502230899499101601791
0.1522052461858082184065 0.3012177662557348201133 0.3124990233412909823585 0.3485605165419842776942 0.3459746989971277941756
0.2468556856212027750264 0.3912794571771646134906 0.3451232585426629584369 0.2920281944458658074382 0.3128012902866112998623
0.1770371650983442457505 0.296277363734461784972 0.3158644430256197788154 0.3037705295878291855693 0.3710556538588941077883
0.1727102760079465559873 0.3581822126647540294186 0.3129789996084134662269 0.4125707276045299520817 0.3184074365057138478186
0.2587356436485909183531 0.3267405246335013391246 0.3224922038879825536561 0.3096259148968170116234 0.3710847491909275430721
0.2309830195654622164714 0.355151839927850321299 0.3143236354616720240607 0.2719296326901227689454 0.4051348516398468047051
0.2777092656323116304229 0.323489430973351643761 0.3211430018128545449407 0.2908688684090806053639 0.3580553713771928436849
0.2202878120960353736102 0.2538344758851697746671 0.2218954808695846048217 0.3303128276999736101516 0.3492402792426722024643
0.389320161073536175067 0.3088986943909697857613 0.2837895291710207934521 0.2756829064518726002397 0.2527144031425225811915
0.3296973141871348267351 0.2930119528786090943306 0.3797634192120475926657 0.367557312991342977071 0.3648542820035397538092
0.2954982297039399630201 0.3318061824796313397101 0.3409908716739959988473 0.3069515650068287415664 0.2631501782686292978397
0.2299506734585473888277 0.264880347819321015912 0.2536847311880695010622 0.2819971084365881508482 0.2611676068525479177396
0.271614627259076368837 0.310410076405155721524 0.3122531647776513041848 0.3040098816540465764824 0.3648274345705110888183
0.3399624206610395438233 0.2276613186392832666183 0.3729276817937329235875 0.3083460213168641161907 0.3259825355568984339705
0.258245973103486459177 0.2703014819494689580104 0.2904846360706027641463 0.3274059160199225826382 0.3173736956537381304067
0.2061467018458681965676 0.301681344196431333593 0.3046103464558428952635 0.3817677834016099391867 0.3353756462233306034904
0.3242634926058560185247 0.2620230265288657212075 0.3404354068417430601023 0.2636345714731976874745 0.2432131896689210537321
0.2265406351884093894 0.3412054258061780753764 0.2958254860949938169767 0.2981665537631293383392 0.3279344605160032788405
0.4017370484662325380576 0.2814656113427212447142 0.2456523778305648442188 0.344461067346528482247 0.3420928961562151315867
0.347221079861784409637 0.320256697271270873717 0.3167623419643682547431 0.301240877460363098983 0.2670914184785761480434
0.3154812239248678262804 0.3692835448564070754962 0.2959049961929588468124 0.2710560317318288503508 0.2938943431153530627675
0.3341537845808031370609 0.3458467231580671374935 0.3551052679044250925955 0.293790505209928942687 0.3127277667540839245497
0.3382006255735175992427 0.3731295231986594962414 0.3231219791172434407933 0.3504712171424015920707 0.3287039285412596267832
0.2930503987142485389228 0.3105428958857955890061 0.2367310194710058324219 0.2733713395937973356098 0.3130780858434699109871
0.353754261561745886322 0.3462828466511457259358 0.3228344691380211628484 0.2705427025786262262841 0.3351251310714496445264
0.3315053111796164020397 0.3852565354576649725438 0.3510622292898157303931 0.2380309242695188842731 0.2689064504321259652109
0.305052699502463331438 0.3719553572284686193683 0.2965683859483474460461 0.3487810429546407409163 0.3811317592525091946243
0.2573567425370007488716 0.3698243736645726031931 0.3087289063949898992867 0.3034033879808741840378 0.3231670405701110304619
0.3937690955887786503631 0.3432970280295641885004 0.2150881894570081387386 0.2426628630451026225057 0.3233723854620034199314
0.2123276096218933428617 0.3167622645490665855839 0.3557632532124995750067 0.2356486447159486519176 0.2961070783457109834025
0.3583380829490396268788 0.3787401536531552204146 0.2375297740928905276814 0.3135062734552124252829 0.3578642818969589578515
0.2998921118036837474286 0.3125805146757938968172 0.3519974791907774513966 0.3339819098935028485187 0.3173392578959108867309
0.3397035482031108832857 0.3080626890961213892872 0.3198769351345728262359 0.3552575140798447939083 0.3744141912610098321679
0.3022530039354870967649 0.2893814230381153151939 0.3090973391901115086 0.2393389198051772970288 0.2836759196930317972196
0.3789636896723815318033 0.2270709485950185013703 0.2639914735621699537482 0.3753612203465850893913 0.3275893692339714169393
0.3877831802244385839273 0.2861268240680022167943 0.2765546212462938191479 0.3336771164122452337786 0.3078541812940815969313
0.3156170802591779511737 0.2712744364963747267794 0.332521412059658183491 0.2908707723267295874869 0.3896815471673666930741
0.3308986617999937207557 0.3858135660282732137816 0.2813965349588701259087 0.3150725228062573046728 0.3660168781445307661926
0.2380543257501672171905 0.3582364105615211125055 0.3492403264333258650076 0.3314333864101079440978 0.3835781971977357263093
0.3141692773994881893174 0.3152190506404590752965 0.3729779662917985239012 0.3087367990308898524354 0.360922932413039632138
0.3541863900528311459581 0.3718664049666761117763 0.2868505029093580405153 0.3396895772804831015179 0.2844002885115710088648
0.2553910978750859039899 0.3059695550402782293631 0.2705597787139517595989 0.340891367804601219671 0.1767444589553728850895
0.306381472575296021077 0.3634945695430703560547 0.2646467569599127989122 0.2964673867218196590123 0.2467961391781903768283
0.3198511181025271987721 0.2599328816588146739974 0.3350354636852699297123 0.3351207392901773274296 0.2222614538369795111894
0.3511012560163485063391 0.2229052663185599469919 0.293413555971314299331 0.3200996989218556909584 0.3350903263029862966249
0.3481326904460173565781 0.3077576580439105868869 0.2789840597860912541073 0.3282265377583061249922 0.3113018320459175480863
0.3376716384724238184667 0.3210021665510742194805 0.3169370485893177602499 0.3144828921264511412126 0.2794482994882185322716
0.3367929679456173053254 0.3285795131397818980012 0.28315573356236356517 0.2466727393017060787628 0.3426847705935737731231
0.2850906717664709044691 0.3433590920033585125459 0.3024333793264099012887 0.3423527797795964389138 0.2681434053588825361381
0.3016818156510445159135 0.3560961201801964293168 0.2943519055564117747892 0.3005483022534707338025 0.3370716928212557084166
0.2886583973781437495454 0.3445182893225047227048 0.3251583794978745722837 0.3461969830583085938613 0.2886926741836897125637
0.2641558548022531760502 0.3115986785615333376498 0.3834529780141305854713 0.3511804570403875835893 0.2673115318025409692382
0.2683623067805249728934 0.1861908597182653779534 0.2719460018046387927981 0.2615067797556656636893 0.2728512571709146850019
0.3200379623612427670842 0.3192882217341820316747 0.3586838998594600869119 0.2808611491501005197335 0.2293209679452633820151
0.3245101311783553099666 0.3238537371362675276742 0.3649432925166786745308 0.3101357708522541889451 0.3251838229652755929422
0.2990787255410879419415 0.2458621325175141258956 0.3035261062483534111323 0.3014028393576330677739 0.3504876776853256270527
0.2694092974474844859323 0.4199161145592456012565 0.2592003912754292649367 0.2688206797168439243784 0.3263516113697856324549
0.3232810344975682870228 0.3571430731633645216938 0.2955219119435169572441 0.357838603799931376237 0.2807780909521033763099
0.2944540192329954675365 0.288514678916958311472 0.3167018197462105888462 0.2821675114938922424024 0.3714920194243213624752
0.3376158412230836902701 0.3035144354111984354994 0.3682801980946923681159 0.2599877225462343677265 0.3063782356368033310545
0.3391381923428211098148 0.3379489673232475843712 0.260403435439773511817 0.3522844336283121879916 0.2851620178627498058965
0.2621288875344677804513 0.2370138885719015597875 0.2733057841630891493523 0.3504640452424819252464 0.2875321841444334336479
0.30739014235989842172 0.252676305288804248228 0.345992297538290194403 0.2751680659951627472282 0.2743978774771057005388
0.2312429297961966223607 0.2457820040777260461873 0.2959187264321130328426 0.4116934305773965463437 0.3465160385126701547698
0.2875878700923804598411 0.3229863333135247760453 0.294876585002162960869 0.2798782145302872170767 0.2514329149738153690308
0.3942766968935059179735 0.3201241383556458486304 0.2684875190207452466673 0.2646832362090716928016 0.3257541834944188141598
0.2992255342579196453201 0.3232959409402556549828 0.3274929944188896824286 0.2630623064108282838092 0.2802012938164811783892
0.2328163662350053175754 0.2845942363841197364493 0.2956506810914230065634 0.265405032132545959378 0.2560976009053140822758
0.3054127806461559568874 0.2907508195211377932665 0.3159332351506680125475 0.3062514334801454962687 0.3119676323749105417704
0.3581174981951023572613 0.2573658936160981847152 0.3317031288916956754953 0.2362131946073452448687 0.3177610998911707951287
0.2977746008254881782129 0.2611424289025633949102 0.3118769863419066368238 0.2999731950794266577276 0.3194126269628202452466
0.2953321363199259974586 0.3295696225866338591182 0.2825136094026843847082 0.2922804812765159021559 0.3321333444690197644888
0.2981089049575186278318 0.2621208790021575252283 0.2966741041476642082309 0.3093081801752733950295 0.3013945594129865956923
0.3114561184017831663162 0.3266529809643277104669 0.2624267107594432379969 0.2389212851214250754595 0.2559121467428761009799
0.2673341548812927515044 0.2701215907354533318774 0.3421059493482441205003 0.2671228616752332474249 0.2916593102306250240296
0.2857532558301861258521 0.2414849623595856642488 0.2628845117037679202099 0.2669129950385557559223 0.3385941672496242116353
0.3454959541080711016292 0.2865883073133190794834 0.3717672730419164239812 0.2746526226560400685273 0.3379824612223095159358
0.2684517166621913641933 0.2352485291424997182474 0.3107510370332225435597 0.2645049677465904913731 0.2578152401037063778944
0.3151380593375765482023 0.3186025184786797082026 0.312339753540436471102 0.2269737510003710379003 0.3107809508243824514473
0.3484349872906386536009 0.245866338147386703783 0.2278567929064649333348 0.2597758426460017311399 0.3216096733421802689179
0.2481585360716132837577 0.2712908372699794901095 0.301616678452061859339 0.3341298037892844186025 0.3425577390198856764236
0.2355910359979805634989 0.2974338541588006923355 0.2762713998587889019376 0.3027935846139528375254 0.2851251480109760483295
0.2847288821599018859843 0.3383863040555148415933 0.327513499678657948877 0.2794174919577497862022 0.3199952764569925500737
0.2881820083103422414084 0.2855403355060714409852 0.3422689010438568768535 0.3187629282346555181782 0.2935776162604952777002
0.3441599227985422948528 0.3159700398167805124316 0.2790488768301957467344 0.333285026671913009455 0.2504214626411345179235
0.3048959703173522717279 0.2873270218996465397154 0.3160473987388796035525 0.2739474869257616518325 0.318568503945077241557
0.2966503887943788275727 0.3102690393683580905027 0.3377218717667006542271 0.2974586413951982311055 0.2273307248852446671439
0.2610516696680533210717 0.3076207764174147540892 0.2611410706813862558917 0.2909812358301983037379 0.2610526100319284781293
0.2639256497525102052037 0.2731612250762460170073 0.2911666305489431505471 0.308854205295705119827 0.288817029202139641253
0.3307161855697587915515 0.3177211852814191272998 0.2532957000704568750749 0.3079820788821736599061 0.3401981340510767393148
0.3311390092117401096061 0.2113328083186701844554 0.2869528903397183250412 0.2873092665624664143742 0.2557884958695261223838
0.2943891768124873853374 0.2949727862665996735991 0.2522754289692644147358 0.3465289081647058289093 0.2581295529143554645657
0.3538322108402958687812 0.2960683772155614512656 0.3094334958853491857056 0.2242077300466111533517 0.2527800246018875873766
0.3396830068367013288899 0.2915006554068134136948 0.3041512917270103311118 0.2916844485736087011496 0.2753336564354069704308
0.2879560792010096847982 0.308397519226750516097 0.2829206067531996326991 0.3092960251280637562488 0.3219671478865265834557
0.3213756769576775473851 0.2890539737434145162176 0.2734258085087764578169 0.274038417843726789247 0.3271306821029956735103
0.2475971155050225303018 0.2007948734923792333262 0.2573342183008379135956 0.2741754198634270278667 0.2761753310743280120931
0.3219284784930730447527 0.2894938633814914119569 0.30515506262404851201 0.3466105553689395879502 0.303177349911321281084
0.313825803336042263858 0.2839324428343575346112 0.2276410409536007151132 0.2771570477776443830464 0.3155449876887000404402
0.3181475398957818723211 0.2397706684452265146756 0.3050530367290610334052 0.2709074101757657504486 0.2763201990022031706573
0.2755197037734479770243 0.3070573653197409824678 0.2690628763383355326333 0.3281833941125678055784 0.2892789721459859131336
0.3047386884093479797464 0.3254739512351308428073 0.201736406460791412032 0.3291163319197050740605 0.303151425605902413718
0.3264666527417029451286 0.2957349907978696346156 0.2893699127209125032678 0.2858070682432933273809 0.2723863617377362822403
0.2920959725828213837673 0.2314472846020323715255 0.2197737653367781152092 0.2826945674425199728219 0.2694693909222681260651
0.287276733175417520183 0.3034649942979595893533 0.2924963093162179506024 0.211308429214424525755 0.3897890133481738406118
0.2690195431133195480555 0.3330525986511145841718 0.299189777554377700497 0.2617097028840782990677 0.2775893476999936604344
0.2729782985346589918585 0.3350906255390382892934 0.324705529630765099558 0.3209445421421852073784 0.2472187670905326983828
0.2698307497741043170514 0.2518042450306573476482 0.326274159562765231346 0.2611649661770499286639 0.2580688419662465205029
0.2615033066627057145581 0.2963602432719020240981 0.3093554998471624295497 0.3253115202987150733627 0.2357025077898475540206
0.2878694707242799855074 0.2963266441310183352265 0.313912883669976106038 0.2955533880584613193321 0.2979954786247946962874
0.2746466295258482848141 0.2820122790572619497773 0.2925801694931507435093 0.2637989800205252644005 0.327042078872503194642
0.3015065416291750066691 0.3212594535741380985527 0.2842728168427594570566 0.2727668250796885240916 0.279949403288981879534
0.2972314601392112010103 0.2479332309186181582117 0.27435463000298221381 0.286751053080841478149 0.2795202009675719634352
0.3237973148151088165214 0.2935224044407478416474 0.2399354615583037531046 0.3125618108436954978302 0.3065923514140057037913
0.3294428775265617059809 0.2400997344826073520707 0.3051611179040216170755 0.3038006084344254120744 0.3340795484678852900196
0.2715811055016373876114 0.2668914051693073163918 0.3398321568946183202087 0.2863752502143805944712 0.2527024326161769751664
0.2641236038562388976914 0.3467931187770660894643 0.3204492578224290566524 0.2589275829887260904627 0.2743779626726872145071
0.2591098525224238557918 0.2905006551066360853675 0.2970900449884898986141 0.3000603084856000024594 0.3207724099047242760641
0.3576630356755368111976 0.2468113457465821725112 0.2938709319919126650156 0.2551047678126058815273 0.3054292163932016967998
0.2485453493955517012548 0.2720845763263798344767 0.322173648901790676824 0.2850373658773285856505 0.3789598269356912463302
0.2752989097756982639353 0.3555699558147818462039 0.2347681323342678538779 0.2081503603946735780905 0.3198430881679369952586
0.2839503406172369515126 0.3009655056028018860204 0.3080925670259728743616 0.3259631265555774093379 0.2827957276312559331544
0.2668793646314171486011 0.2839409319065088199707 0.240552936592323046705 0.2633089520162947283488 0.2668963966907988427657
0.233367919533419648781 0.314414302487158014987 0.2784436639931587298413 0.3064793598778184358089 0.3396388626663520704518
0.2796755762583499338447 0.2615873551789823503455 0.2157318361012499075002 0.2892321966445088321507 0.3186134973910796364116
0.265336551840342271813 0.2734558724998049639154 0.2754111937902885554053 0.26088937331709471934 0.3310124270842677018933
0.3334402251915368764479 0.3271327523503179679487 0.3416809315065391650101 0.2373810028048078668572 0.3012651105139462215377
0.2557073689972464425324 0.3022625777499582389041 0.2694260366730200639829 0.3106800309636745804909 0.3215885731405669356597
0.2550948334601046418868 0.2715874463237179514685 0.269353626841428939187 0.2165756311736135863999 0.2448387618575139368371
0.2837264128875075508418 0.3084074518894650007717 0.3318867031047636473318 0.3400060820657740401352 0.3171334594857883604213
0.2174968830711853096105 0.2894315402560307393109 0.2774257987188673557633 0.3000738686989739556488 0.3138748192009496729149
0.2773754373369959891349 0.2905042132470417870493 0.2917259537125246326994 0.1880491686653262550788 0.2898053149401679795538
0.03748849660545679890467 -0.1627047768443738162691 0.2669041689098639591471 0.2572110357859729856678 0.2972731875245827604104
0.2336294309329029206257 0.1276650224815936152112 0.1151430136385797192711 0.09068099155909160880018 0.2601214256175491401635
0.2442128426205371072299 0.2141469496018046647645 0.2237933018299206600066 0.3628726233531106015739 0.3368213634773141729184
0.2082997369902711837231 0.2966021326693938919838 0.4004873441298197334071 0.349956931758136469135 0.04699590620431094017961
0.1436383448647955973776 0.1381553348775498013534 0.317569265081521778793 0.1676957444949435105386 0.3721383317496473330799
0.3719840909544814833154 0.2976720893674617007818 0.3875072770154275314525 0.2546926866743732809084 0.4095369639275019957303
0.3287620996613387913676 0.3386336450164634248594 0.1258726544696655846867 0.3677347668581848472158 0.3468539959666737670929
0.1087179781485120844131 0.2608917191061727036683 0.3623467934391834677221 0.2668049948666281201426 0.2829279564536314461876
0.3694665815656855145654 0.3224642193182873373125 0.3279589084266480436547 0.2303830547307141873858 0.3947705203909592786005
0.3015371462184910367199 0.2896687015693010236461 0.3604484678247090179148 0.3140095843185043422707 0.3360755888645031719264
0.4066078612765884892077 0.3319381127325692348862 0.3742532744050436899208 0.1973290126191407922729 0.3807756677356832208936
0.2306624888982460597209 0.1874309143725984005968 0.3539866090380195950971 0.3309484430587956160785 0.3279751758024134766778
0.3209601089547635677235 0.24521149258772031998 0.3222681282172584760204 0.1980656073620596924201 0.2913896091084445805208
0.327271062678714641514 0.3938057206069263682657 0.2513954575061365659394 0.3366219092415647651251 0.3612445154499998034581
0.1560709900256130600038 0.3467352479953026422876 0.3639622217403963855276 0.325250549988721382455 0.1715344661606765797046
0.4025133977668992057986 0.1946346652614874550569 0.3165155914241770673812 0.3297866389655799146396 0.317686114598124458297
0.2482402278035742426709 0.2325898035957546516883 0.2670603781213541916273 0.2850854801234795621312 0.3237270580932509744798
0.3377425159523666509109 0.3286590298931243991909 0.3169806221639563381665 0.3251482795232896738646 0.3326153351504836930275
0.2948910616929849570766 0.3966980256904991675171 0.2576560689201473075549 0.3324062746654111721867 0.2567218376216172659454
0.3750945577176904577321 0.2624436902195541598815 0.3753512373082041886363 0.3086900196001038376714 0.3677330323356295949111
0.3080175011281494068527 0.2864280986352469859924 0.3220053863888212575262 0.2852105633189630506941 0.357350363343748256284
0.3873322613273886272367 0.2785587945227629980138 0.2636703366739333032065 0.3902410166066860863765 0.3192667743097684640574
0.3630666058453057565281 0.381631547731318909733 0.2750953879284133707372 0.3486455753565432247321 0.2665136203083500188171
0.3438546642320569057816 0.2597257264841228430186 0.1934686218411896529989 0.4121777503292434752247 0.2759091444058666686701
0.2804806650613193563792 0.2145796794011201324981 0.2363342610709287250348 0.3169957483539497244962 0.2861052505018568670181
0.321155565077308413624 0.3096263047312823868396 0.2820901414303797483107 0.2580752688398783578627 0.215315988303316996344
0.3637556749838550262943 0.3472269560319659609249 0.3004715561016758629265 0.2625497821291074562744 0.3302565727878031265341
0.3354037298777166609121 0.3743567380402245681204 0.3358898155882678038253 0.3161183801132845805348 0.3170687034169863971478
0.338513348567051119975 0.250740838404959809349 0.181736287592797085555 0.2914034840123844727344 0.3346916475038456129099
0.3156262292829553062212 0.3381815904674139727781 0.3746994080368831192551 0.3943597260952945160462 0.2731967348887963664694
0.3221706353984633564025 0.4050606026399627968004 0.3478274858030580007906 0.3332790163790199100546 0.3513786850835867170417
0.3065649515931831436966 0.3182970567300270614552 0.3937921903088147934646 0.2969428129958067152927 0.2517021393624780944975
0.2917869301661552561278 0.37717498136818156107 0.370681474576699532264 0.3301295415761354989925 0.3770808232448659147451
0.3449655587871913731135 0.3283246891422574864627 0.3744060540692241145777 0.3404076531586118781192 0.3161317322353547343283
0.2755456129702248402324 0.3034829884081617357161 0.2993834603444552322493 0.3607543156240378134925 0.365702332533660190439
0.2964661175572030349379 0.3048045384584693873187 0.3299885746486758697493 0.3373809555777906865615 0.3327296291389754134826
0.3686370421042508005449 0.2215877929099265009061 0.3495445792301600240748 0.3630199464408639387081 0.3286641983581709003381
0.3779169506846963844104 0.2379343467513221899168 0.3408261413463733457974 0.2892124216563500271882 0.3030350799561572494589
0.3443026284949129989243 0.2448734230992777316516 0.3160119478934059200625 0.312873092677942499229 0.3329677645626896165254
0.2875543518734816617055 0.3569791243202786179545 0.390657025971080873461 0.2993906744374781880857 0.272870986513895685821
0.35211239547825190499 0.2839711780185434353285 0.2850129323246824997184 0.3122135553828804810372 0.3702149361725214360419
0.2593967317506673531113 0.3430160166609749206046 0.2957154096200430570818 0.4089085512144554068747 0.3488928100819673749911
0.3425841767670334547802 0.2907412473625424764734 0.2846820861812561220816 0.34654007893336702395 0.3310143397549607513497
0.2545310124257595951747 0.273511702652889543419 0.3227257024923460004828 0.3408733488853314397282 0.2177183005581898034286
0.3273948637119605820089 0.3322969372582063041222 0.309455776884247135694 0.3054056511361378234426 0.2878003320048517221785
0.3794643161077240756107 0.3126319945232370334232 0.3254999387548853095886 0.2952724095251539337958 0.327104291074083675106
0.3054573373404456670954 0.2924955035200192399181 0.3335777408068023031085 0.2221151070644276914745 0.4204235108820346122904
0.3183272657191246191033 0.2965591854125980697532 0.306524605290095175647 0.3566927457956157176966 0.2902222114665396479616
0.3099366535948486767182 0.3431932254754664901597 0.2028466473659074897906 0.3069345375334719405735 0.3022758756147614911391
0.356569690587734744458 0.3290377079310219943231 0.3335861710079771613735 0.3539115901967443411635 0.3308410686936199551766
0.3762626604987702738647 0.3662957861338226872583 0.3385712771953214850207 0.246600846438130238969 0.355230767821743231849
0.2353673886741417253798 0.3392592936913085277517 0.3942455070042463205482 0.3660615855310845323523 0.3509905751856902678121
0.3239933787956879585046 0.3270729932284340280013 0.3354313617586887619204 0.3162491386708746188283 0.2791577310873279427206
0.2610249141424005325796 0.2859035091636322190034 0.2544827986446328571546 0.3197081912050098728706 0.3045413329164694538065
0.3836093746297956075253 0.3136153297279002383213 0.3157636700325007206303 0.3486701361815215949314 0.3415095298312884608549
0.3244457883103019635307 0.3392853907018586467892 0.3657673737401823110815 0.34555387041391727454 0.3208690484874243686875
0.3296381190753253642711 0.3282341960227779797954 0.3310325885356776298707 0.324275162509088110685 0.3462511005272020936374
0.2822805535151178824016 0.3247029322218240032782 0.3249513565002294934736 0.3242134841946339163243 0.3838690026778244224204
0.3709599610962872606734 0.3262258111688655093374 0.3443485651951156412132 0.321872480165892094206 0.261890027725868390629
0.2940068930646723699418 0.2377240524405526966856 0.2747196703651688109993 0.3052522057441882097351 0.3324546814666015648321
0.2505863290616748839668 0.309400970255332641301 0.3760136397805698416086 0.3309719016625197740566 0.3737026840850061204513
0.3086350449351572544643 0.347734775222468484035 0.3273283284511330770705 0.268756112605479602351 0.2942335306167957464929
0.3088377963683387461558 0.2890352581244666207994 0.2854291265643211228387 0.2310448126504009713766 0.3315835254754552208212
0.3081642565202297179283 0.2723642309898035573923 0.2617068291582596573086 0.3282070157513332087085 0.3585641660840381828024
0.3522019355260053719014 0.3093797777664700765499 0.3161246839545737707944 0.2966551712156733078274 0.3277873616893587915833
0.3365938525996965968723 0.3078569488466763592882 0.3348545040629407609778 0.3139280140889615933197 0.2852736466999926112642
0.3280719543709568197798 0.3413518932300189656637 0.3588255665787600801053 0.3203935298824809874141 0.3308499361187978160537
0.2668814528142196551563 0.2656802918674636138086 0.3318663153342455429673 0.327363596983682558772 0.3316712991072219840483
0.3298377458049803756523 0.3174778880306197703653 0.3610600509036943628338 0.3205006431946709199998 0.2875440087517040499421
0.3154627004577378879269 0.2587725079146619977521 0.3545500149808152867692 0.3842246815155146433263 0.2522170164960155225309
0.3318867437882989102071 0.3178525371688321610186 0.2686054611078439458005 0.2997504653300379628966 0.289748547623429886233
0.2861271958999133113721 0.3196054906484923074927 0.3209180245734150060954 0.2964208838324312589307 0.3057146200171061423134
0.2891117898431757593514 0.2767056818316055433193 0.3767113372156692951975 0.2769181527892705663163 0.3702965588083904635575
0.3929240997739606999772 0.3404253466514637893603 0.2539586822449745873165 0.368135728114507398967 0.2801446376947211991393
0.2952697161768143008231 0.2946456461152434647133 0.3025560486816922245445 0.2803900573191279721463 0.3184624822311915570694
0.2624357279124675534909 0.2565828962230221610419 0.3717576476557291065284 0.3189039501075262017515 0.3276436237531151762781
0.3454417360305421791367 0.2993005424273856296402 0.2475158650897557044424 0.3387374151753458351166 0.324778776675407554464
0.2702850302825088313341 0.3169890729153364561377 0.2822557755041475435753 0.3744698991970699664122 0.2737878960136244654855
0.3551490197858148123444 0.3080368370033121361296 0.3349799186860244470942 0.3535737314927179797408 0.2631185108570716635334
0.3052628770215944919997 0.3915233717971164928429 0.3261335601457531208069 0.3707220488626041809965 0.3539783452246150208254
0.3486168786613667580632 0.1930605867148144638712 0.2922122601343485337466 0.2501025479784781402337 0.3290935284595120080553
0.2940792909417832556862 0.2975219036512739001488 0.3038643160910192708712 0.3025873618440590440137 0.3097072621602041664346
0.2590178401586511469645 0.3088782910948490445513 0.2154495385818555874824 0.2681566809595234412988 0.3508898194329109765377
0.228631114206850227788 0.2379905598472209504735 0.2768931419027367279995 0.3134969500891014448918 0.3437914480771246950042
0.2863673974683053624624 0.2545677416468588027954 0.3297794691647984444138 0.2644246276247726457065 0.3188762043164370951764
0.340247154381981664617 0.3408196126341152543127 0.2540953828334734376782 0.3141547173524859015714 0.3021232939329406286255
0.4054929757714940685709 0.3060048775353264582932 0.2838195489148843675409 0.3091853038298211786561 0.2877837246783787050752
0.3208252127285661225997 0.3091762533121190648089 0.2174596807288650679446 0.3057840282530625009016 0.3102790053935184366729
0.3426355210724684186019 0.2756302440141780718541 0.3243020059395547716186 0.3155390072273647206202 0.2287862475613433310695
0.2787877816842621037097 0.2914026132509137112514 0.3467458421184353989375 0.2912214780829727733824 0.2392370761503504195122
0.309310272550397613589 0.325843691503552412847 0.2870397493459996285381 0.2703423270869284578133 0.2935030479183906026996
0.2386265154700433488433 0.3255174710707023910672 0.2253461871462493215645 0.2586788702036773579529 0.3717048058154747147697
0.3346250231151505216687 0.3028415548050219507914 0.3211990455404168942621 0.3496468375513495097096 0.3827088240665424412335
0.2976456277264357686008 0.333983046595281940494 0.2952640286249279544251 0.2071378107577872551559 0.3110415013024946939701
0.2993642136565081712796 0.2509959031673061335965 0.2668909837138576657267 0.2850495575139112003349 0.3067836147833108983995
0.3352963904618753709919 0.2612683322581483280622 0.263635497165776722106 0.3316802132745442777129 0.2701477467852266833859
0.3043695307542262362688 0.2919438937629860175704 0.3485664765409712817501 0.3155786468181315251869 0.3286035001996565063642
0.3622016256160857650137 0.2657729010302700700663 0.2650611648930534802737 0.2713287600279103428669 0.2046319527883659894485
0.3117354079902742713948 0.24619130744002326594 0.3596303621699110109056 0.3289263145035127289262 0.3265811989595655551177
0.2966148900550946709842 0.2875466750998171838738 0.2692254474703473232644 0.2843853479364139569263 0.313190022357489272764
0.3656875874603014997533 0.3419120551946434605206 0.2910635621712228116031 0.2519150096802690308451 0.3178790816028190802101
0.3007117628606849057959 0.3099078336250745135949 0.3114576910400533305001 0.279148191118028687896 0.2873441446059441517491
0.3378202460975685550437 0.2592458504092162718813 0.3229957487687632466944 0.3019094015607224346098 0.2906556219336895452443
0.3088669515521868524921 0.2672573807684331947954 0.361065976397397625508 0.2802344059825485622639 0.3543455899212173965118
0.2980141447653834041454 0.261174613414559775304 0.2911221210185641616874 0.2215181863928735728209 0.292034745269127649081
0.2710137808045270380042 0.3144299095227902629546 0.3440031992627976542565 0.3247628543307546911123 0.3645219245642321026502
0.2680306424176996937803 0.3556548226861779293806 0.27674163130575923919 0.2273140743557176546297 0.3171379191270201070019
0.283185226982550164454 0.2947336439360612181382 0.2155254315074529025686 0.2724152102659906926618 0.3098332637908055020581
0.2949979725901886173922 0.2959092124815991264875 0.2636585542352172240044 0.3418570450876972643961 0.2624066438674040879775
0.2677447594681077736034 0.2913944930574081659813 0.284083597990798242261 0.2876377059598150265352 0.308656021710390804369
0.2665805393420138114102 0.25729488982751891335 0.3135719809010045211473 0.2635700267664434770509 0.2276166752128234438413
0.3145554321987845125541 0.2627102407015189933226 0.3201955751822479490087 0.301733040937185670316 0.2842707086773135216617
0.2954362300069452995643 0.3384764804782799396676 0.3022182217562535133659 0.2753575526185548794089 0.31058712544095418151
0.272825863342651742105 0.2676660659985551915518 0.2889968218693638180028 0.2928003630373529064812 0.2670791574287252334585
0.2285858844395503575164 0.2740895483441210811471 0.2989839285044484373799 0.2827534656864403306287 0.2435799255872375390641
0.2477737019865338119473 0.3228906765373071863223 0.2343816750771580692536 0.3032476255874840820326 0.3312567185307691008944
0.287690963881999217655 0.2440108025046046624773 0.2666874325047056126792 0.2779217794770023619577 0.2286224841095912951872
0.3115097059964679337973 0.3212594509783205376507 0.2986839883300341225159 0.2982656386815980553706 0.353780856177745794966
0.310893613287033077075 0.2190586188864062089365 0.1783507995492090436596 0.2696502195502072374289 0.2514420784110455442395
0.3008713006766718378593 0.2473868037545759179796 0.34833728652040951701 0.2543173387778704941375 0.2456843707508612195678
0.2837937315224132173164 0.2333591796363906345491 0.2318193269894290031718 0.256163952659522187183 0.2680890648561424227658
0.3025872890285348226769 0.310240993335307690959 0.3045599041775895465811 0.2483625640768500342226 0.2518992017202428268519
0.3284255618394451015085 0.2724944769487879225878 0.2645337286019568412421 0.2376456149513506144189 0.2471149144146796705623
0.2936233538848634916363 0.2775916688901425288805 0.2014881572111816565585 0.3179517130939897850972 0.3196791150726342456423
0.344677997135895475278 0.2370556452001919001127 0.2138121811958909601614 0.2575103148133557895427 0.2676010473604872874631
0.3219864688903355531835 0.3071206899705427040281 0.2781384965246607166023 0.3276959933529499102711 0.2292154292068066534505
0.36761840131310546953 0.1967927837574820482125 0.3014685430852834246984 0.2545105914205212926937 0.3199695745516236145001
0.3035829753614708859111 0.3028871986175932229379 0.2795347111607621726215 0.2684407453232074969307 0.2441894531427928616285
0.2514497733877312790618 0.3362841867464482215055 0.3150663976503003116392 0.3127006627978733965811 0.2915349125988925815811
0.2493347101288965750321 0.2910350816574741039666 0.2385978794842381622843 0.2457077270270088820148 0.3001987203593187159001
0.2851783375983680257626 0.2795585874207057175411 0.2824891696181670575072 0.2738374362514729987161 0.3179347479891379002481
0.2283179585602076733242 0.2622392902731617292389 0.33286260082172447472 0.3340369297680967908271 0.2979057998549500263508
0.200780168474176706761 0.3345752050083476425435 0.3140549268984472730537 0.2507477790533071959622 0.2876157037966893814662
0.2650134821595781509096 0.2757441949141922199473 0.3041605550259090517962 0.3117751663132395933964 0.2493894549943802829706
0.2461811579739227873187 0.2459150075272628355183 0.3120869503008263934341 0.1994247732251112903423 0.2725945250308596801148
0.2156618955601551923529 0.2240444570149081604526 0.2509536070463347923187 0.3124935467151594981061 0.2836419934922533858668
0.2565772365633590124112 0.2753090908472618503211 0.2753470485092450181774 0.2671505350650407173418 0.302337422675937939065
0.3040452468562348520287 0.3527424865215253446671 0.2628096943536187279911 0.2914439843570971189202 0.2860878001632786160613
0.2444469442983796259039 0.2263822703307313832788 0.3463751688572942466493 0.2363317960261450689785 0.2598173560580804841713
0.3042864990809805991745 0.2133806900239550996545 0.2553556929847715095683 0.3144825172561342419009 0.3548102078943318749005
0.2842547650809012504958 0.2876838511918400898004 0.2749807737218500358622 0.3159199899483418616519 0.3804154393543522361121
0.1867295683564589303671 0.3006580242581805006985 0.247691292961655984417 0.2829190331633738009209 0.2261511366147120061232
0.2884963470460244483462 0.2341285775959350279329 0.2985944680330125944323 0.1722468386913465487886 0.1299787257418217045757
0.3696002734728643934758 0.3008598869909348549889 0.2240430863445044273874 0.3547850214074703689704 0.06553869016407903869137
0.2461160113999023291154 0.4024519684393367269237 0.2591758456127098986244 0.3692235791244912190834 0.1479066466334643670244
0.2348090335389928784426 0.1849002659743268495163 0.4263905199046665872586 0.2722163857044865298285 0.4098596975745903425725
0.321845288867349921258 0.1084458414693362515724 0.378146428924471034172 0.1969106320932571818627 0.3372660553889778589642
0.01992325074939654827588 0.3141292767174188038659 0.2519648941367110817069 0.3236739415100403638448 0.2825700233833100538661
0.4021519020689092172027 0.351002824246672617825 0.3175899058014972076158 0.4042000602294612554566 0.2491430608044103434118
0.1715788505449004908154 0.3819855289514710872112 0.2639555386944308357222 0.3433402413364095573378 0.245715480039381789501
0.3605697593367693798427 0.3732758126762580896951 0.2682940851095066969734 0.3351183255498665358729 0.3507396723031345198152
0.1709720957291364085151 0.3243219253944741864437 0.2340571728827738340328 0.2874816126095580126609 0.2600170432823419308654
0.2675403214544658792029 0.3903027763906307678887 0.3601358927762378092652 0.2207298035885200682138 0.3622796251241836018586
0.3134630011062553012202 0.3279805669026466530269 0.3810743083371928574543 0.3364120592399205689205 0.3227238161349021416946
0.2759900072500169332379 0.362467284015081880888 0.3365705012529650597131 0.3132308430009704269814 0.3122842886410493457028
0.2527218724142316075287 0.3450424844049074790675 0.385663496748312351059 0.2699859342584803867382 0.1327248392887175887367
0.3784863611635879698802 0.08954477869786070520775 0.3042363027321247637147 0.343874261430475003376 0.3304443318756877245868
0.4164170364974850158113 0.3327273533630104029868 0.310138962590302380562 0.3627029207176890035491 0.3480785368313654148942
0.3301169956241088443427 0.2997095441567053653031 0.1296878651983222330291 0.3386794844183489971989 0.3668202442634549420575
0.3325991399109335389106 0.3164210167612989121899 0.2316600696805770076558 0.2330307481243536760207 0.238016262065120026703
0.3588899830017174830132 0.3252789048639254110284 0.3115125427900625187938 0.2681286841097032525028 0.3138614310739206714196
0.3187172840287967878758 0.3687830654015750164731 0.3652324473755184652823 0.2625717741869928456566 0.361420597965157519571
0.2885818904297239861911 0.2386799536659740539335 0.2289818685111969231993 0.3462117979628450692431 0.3113259010119875935807
0.4155767660000539986953 0.3175416525871428974348 0.3349334537246826948298 0.302928298720362143559 0.2188181831257584031292
0.3821917721293032754737 0.3459987237499208001523 0.3710529227777357719198 0.2865837023865767663189 0.2645233449915622148119
0.3098216092518882858187 0.3631028588267106727017 0.3300121724067739958919 0.3888565149769541151592 0.1870772954688741662732
0.2008251957962513267741 0.3270813956323286308958 0.2724852693111871060339 0.2986766948551586309257 0.2134362744650214749331
0.3344744937538996487625 0.2878804840974817369492 0.3219173526627420733881 0.3135855063334633263672 0.3261318710946171650633
0.3321745100949687334868 0.4013446347016009219111 0.2983671569304858217642 0.3892208183659405795751 0.2831767582006813332995
0.3876073839214795313524 0.2789743681032456068536 0.234929007889640828477 0.2616867735232520364441 0.1051935582975159905184
0.3248809126970066407658 0.2763034695343621338637 0.3584380851512001253667 0.2691276884078686593149 0.2398946781089134339116
0.3094273549766750619483 0.3582713120440702003755 0.294327370167306812121 0.2518370958124572234205 0.3084687868080270289894
0.3937610786798398376796 0.3305374447660413550487 0.3053291061694475838628 0.2603023329034894750578 0.3635799658597832495488
0.3614689433593102352305 0.3278811267688118702424 0.3658100501285919681216 0.2632735210215821353152 0.3256029129146113532123
0.2945304711627954596942 0.3676712616245434439577 0.2615047569786453363072 0.3573669527312160476562 0.3362706465097883845594
0.2997532107124680211818 0.3494167259660753144246 0.2805083528196969377966 0.2993794383019331428741 0.3553589687464953073004
0.3172755663620432931005 0.3891968811137786476984 0.1953269486993179926415 0.3445120465989981450861 0.2838647705888890926396
0.3015329980447438718016 0.2534204740590200177763 0.2622373460621908458634 0.3684915348959976744148 0.3088041172846054394086
0.2965758708668475018833 0.3427134070671216115045 0.2940002995014853182099 0.2902634442857638941149 0.2803050870709667408143
0.3539579283198046044667 0.3294292102923715992446 0.3009299518385689098388 0.2792929176157695203564 0.3623973215934883085332
0.3057768809928601005943 0.3029896626704333684188 0.3038371125025172703182 0.3674050501735496299105 0.3969626158219275446903
0.27490723523835602915 0.342813991922719940586 0.2924432570262925912274 0.3306674030335362557409 0.3695182212050502346123
0.3225300372599859133338 0.3388352410538409409391 0.2639022506779531984655 0.3616832806744186279424 0.3757724499806391893486
0.276169726679580951334 0.3578581779722391775778 0.3238950297836207803392 0.3583530344773195319696 0.2760615932413764128661
0.3132363773084825275816 0.277248823564304747169 0.286498399034806450203 0.3211241676354562035733 0.3566505912306079384422
0.3049983171614228938395 0.3017369188646415456567 0.2678885459877220487357 0.3206921485584418585191 0.2955800174974384519899
0.3405459404119625110852 0.2726538887379718056891 0.3257586159182785379151 0.3049463323980650120149 0.30819086886295321559
0.3294329970677818963942 0.3010118341659636653773 0.2795129191346313324296 0.3095256937785043627187 0.2928713978012183472011
0.3099480310717521169828 0.3938394774755813454448 0.3417123288421524684999 0.371673527184684882041 0.3319180107452994743511
0.3012901162402188415257 0.2802370897895725687654 0.3521023191024765797152 0.3347892121047369995424 0.2816617482368155567229
0.3283512478792084965384 0.3604327169659739538154 0.3306468513608362136402 0.3157901093042171369873 0.3125516257214872584136
0.3469490573513318021348 0.3528243561304009179302 0.3134241806962304033313 0.3444438917655359699843 0.3842304438628896812169
0.3229122547383994623615 0.3584500246808079992888 0.2787666195645456812535 0.2964219386963917179934 0.3611567887121121533944
0.2454190734641027715757 0.3351787936035616199959 0.3644876615059142177522 0.3033103701073231461827 0.3191175241925722216862
0.2648181904200436198593 0.3381228274821131973837 0.3303395366313792158586 0.3726386271203930289353 0.2745217176050703256074
0.2708934085970199356908 0.3526441072576452229193 0.3034913857817888027668 0.3490079043502555267153 0.2968863646065622585724
0.3506627136447627579585 0.2607210118791042918751 0.2918090324235622645688 0.2958709692935855284368 0.349355892169182835616
0.3784528850586395543054 0.3095708690823564257499 0.3414995550169117599637 0.332805354926927254855 0.2713972402369292935553
0.3080052768133395568739 0.3284868926108022169075 0.2981314509536431844872 0.2851200723438099826623 0.2822861244766848853871
0.3093817016777177242304 0.3501373494370596528569 0.2556511093053716043855 0.3333875679190777541194 0.2884494604320228527961
0.2911100979280313305608 0.2699134517085878814946 0.3905507804167803742601 0.3945898318193083453842 0.3065063620033667279863
0.3179475774132294318974 0.3258999126395557000002 0.3259665977653957158466 0.306165622947764115569 0.2815574925288124585876
0.2760067977073003553379 0.2864242155607804596329 0.3087822544483591613584 0.2905001068069205105715 0.3472342045869959425985
0.294619233370916777659 0.3541094259207918648613 0.3310980429403640457053 0.3224657203486433476591 0.2555345604434949291495
0.3490030918287203021144 0.3057940318392754486254 0.2771159647835054751219 0.3147612650064094408364 0.325555198334632811541
0.324369713421341632209 0.3279488137099167976984 0.3649994056008637466348 0.2744210341444788814336 0.3642977091453279969713
0.3085499825899337134061 0.3632236676362255445305 0.3067396221674419387604 0.3169799859007398357136 0.3376399406512346490494
0.2800781498213412712417 0.3142125586273304405083 0.2810514156808087693484 0.213485174676919464698 0.3467129255322046188503
0.3023746098399169857096 0.2925097435867558548495 0.2991710390367514071919 0.3071173674815113607828 0.3592271046934233380554
0.3453469652470198547611 0.3134808522154757803868 0.3096856358654596075297 0.3237533215825227905782 0.3009542210879387336142
0.2665843957335102820672 0.2539073923841972946214 0.3060142277296696855515 0.356607542379763386986 0.2903996801662379056985
0.3019558923613068213143 0.3189577643230946391029 0.3083051199000721998011 0.3161327137916284391039 0.2997079677942810493896
0.3631667596830788768969 0.3568657856789157478694 0.305840001394815541591 0.2850205358514395492797 0.3254676429808319171322
0.2903732641645727086122 0.3558274860728095068119 0.2924378963997540936681 0.3189969268436075311435 0.2999196149654677068241
0.3628684192474853631438 0.3097405063368086630682 0.2392210174279134904385 0.3199891945803718384944 0.2724166206017127334071
0.2676404782868164189402 0.3072828155866351718117 0.3459122793393053507671 0.3129589843680736782616 0.2635025356575350641286
0.2630558904272738973695 0.2199751196759027749295 0.3108446367169763746574 0.3455046883702798665716 0.3026887114595620542623
0.3358678731056219946005 0.3439021386033385141445 0.2850225089545118106749 0.3669765920207479492632 0.3583250591052053457553
0.2263177495686050644252 0.2599174632706082732625 0.3196205527886312180996 0.3948037469475883520786 0.3434903207888279075277
0.3301394688337597194128 0.280941936773496991897 0.2693716508185645674978 0.2527235519672487162879 0.2469361928180126286581
0.2799719528352206943111 0.3143903537943724124659 0.234855901829906649203 0.3761624674997993689196 0.3652428946826387079483
0.312908674454437651935 0.2024476940952744941082 0.2845776782040937424867 0.2492011038609768802665 0.3752447429809228074404
0.3413119864455740337661 0.2658864722086054510619 0.2658520248793726503678 0.2905685096131024880428 0.3622859488720136522666
0.334414035270213128026 0.3321482837150123157421 0.2601785408023446488635 0.3207806510435671776271 0.2843089857761282313042
0.2488180409558288785909 0.2887020363885207663301 0.2607789295206635604707 0.3001761472486833004503 0.3411804919522321011272
0.3695055250271984115251 0.3050387909189457014136 0.2717972722135724716885 0.3015097298961571525844 0.2896403163689437176842
0.3227749328306968590319 0.2820723307665621293339 0.2608277168248925859118 0.2680150459989283917572 0.2936811041890856621706
0.3485183236058554401282 0.3835819121616863558444 0.2808374091901036928576 0.2528284610049922886965 0.3165389633299617866413
0.3521438034736887323639 0.2982843861051263645301 0.2705930289971102409297 0.3237771262245934256185 0.2781060433221763661393
0.2853811707537458608464 0.3547922936704481777781 0.3385078458744123497404 0.351337525327726440949 0.3223568260214677017039
0.3066741240576457139255 0.3651757808089186041478 0.2347961029281673550617 0.3206182512497043335387 0.272191457418640703203
0.2767082106912587824432 0.3244556491084325533514 0.2763826465737287962909 0.275889759025252701008 0.2490181442768934494403
0.2386964281880748772746 0.2929230308946010330473 0.2662796615062616445435 0.2752833190739110147405 0.278219833375597913605
0.2481274199405208713554 0.3404455984893570708039 0.3422121102799469127831 0.306163104799454688365 0.2859632116723058170571
0.318981347788747482408 0.3013313527490814047738 0.2817227122639677228122 0.287809230936698301484 0.3382304258890883597033
0.2890558419376218490804 0.2749070644921596806576 0.3005165627895490798593 0.2123175948456733352909 0.3473144042745613391254
0.291614549762918673359 0.2722175759159988772673 0.2618230019358136484442 0.3082104375324967726613 0.277052424908366012879
0.2269933330308943342235 0.2797733515812239613041 0.3447189387225463863551 0.2650833975456586832919 0.2566085492032711412591
0.2957777270196305097194 0.2678912133058395927954 0.2664556777648952046178 0.3307873217651370323367 0.2903411304880603172052
0.2883101562987080979106 0.3107302132337920186345 0.3776864270014659852315 0.2344753811463262671566 0.2941985024747938437528
0.2336731006633406826367 0.3054416340370353921685 0.2807757244624714543235 0.2922990663900185137614 0.310826124307346796094
0.3036377471740680511481 0.2924839849560924021077 0.3378671809642013745822 0.3450837436723076523393 0.3050188201111257435549
0.2581974143553567024867 0.2719213637565848218358 0.2822269833696071650309 0.2823199968352142485983 0.2835106214553015924196
0.3179925479351917716464 0.2035603089550284128251 0.3580363774314229696749 0.2477181726762479885284 0.2637615496561747652216
0.3388279906636805227649 0.2743807553155404588274 0.2666477349461871537706 0.289986640414924334852 0.3481893667061620178949
0.326311995570674862055 0.3638580839521201037989 0.3601589364729114173258 0.2207632794632627126763 0.2878316051914407425194
0.3137327622094074341952 0.3204426591491540965428 0.3062064879918073856402 0.2651927606403460813134 0.2564412131813567641281
0.3637608642330169006485 0.3041362487621634969059 0.2629134621138770055992 0.3351448364644799560175 0.302909633860206028988
0.2649116441760078766166 0.2685876154304545071483 0.2763777062838419507074 0.2286920321306864789523 0.3484837200439897531012
0.2758690763641780119286 0.2448852231017381864131 0.3402560814858994753251 0.3440281079514022066768 0.2663865747812707573949
0.2658310454611595430308 0.2539782006979210415842 0.3116630552344294424749 0.2884624037916652672386 0.3803281013488085116059
0.2891022300617658302713 0.2584654786253399172402 0.2721996401182940061858 0.3226509651008832579855 0.2611130326383929722844
0.266107382898832289797 0.2701057244086869646438 0.208142079858540801629 0.2620342746444005999074 0.3307650995258715198588
0.3170049613395852783349 0.3288053764538643175541 0.3138311659689432819853 0.3178161546896470790458 0.3251203314241523090189
0.2562806440098610583078 0.2244807525435388584345 0.3409476184658995490118 0.1882186486687987825306 0.3109858171855203745615
0.2713909559841026775118 0.2880866190089720890732 0.3274526247385778354726 0.3116788996348187623653 0.3087607841257399288182
0.2306170183535173889844 0.2860895889262121682961 0.2858081558429229618312 0.2694830979408907034589 0.266379614810840992245
0.2669898415562056426253 0.3847880976419774112784 0.3714567223052193667421 0.210133510920841648506 0.2871299895567075433078
0.3573437150660250249956 0.2067672709769365624322 0.238133008531001222341 0.2713902772269454199972 0.2700254173196646734212
0.3528426681677083176503 0.2582287869356885146033 0.3146453203580436008835 0.2356274204883162526336 0.2115100297028749409822
0.2939243444426659634949 0.353005378477598552589 0.3111910787859327176541 0.2837023132615648646215 0.2470868017050557585712
0.2926364562115444378776 0.3121455357211589953792 0.3123066755116533643744 0.3147915648813555677954 0.3249580866643894117018
0.3036088007421002821218 0.2180107739443917225231 0.3317660739148312054603 0.2929029020258447912894 0.2837125081134537762928
0.3279699015746810886185 0.2455728983965807243894 0.2389627514455389678538 0.340003778359644570628 0.3049117020699201874301
0.289402008153457845907 0.2290598598874408475812 0.2656308412611338432008 0.3127075462764843938324 0.2151515692886257491434
0.3149453047707636565988 0.3141024892115827915617 0.262284791413040285768 0.2688007723887788635864 0.2801382884764075931194
0.2402571750190931887392 0.250031927460271419239 0.2876037267663590912825 0.2959759872747492193135 0.3280619606726521420015
0.3160678761792604096748 0.2690611218404554971784 0.2306012948079147750757 0.2775603762322269019158 0.3195250498387637305697
0.2355123043655636128069 0.2626012928198395157686 0.3349969566883715943462 0.2495198685509678049321 0.2750333746828110825788
0.2839080194565589132516 0.350667135063166046649 0.3370230446983766836588 0.3081617871320759260989 0.292568590904747072301
0.2504096427184722140069 0.2773733703908701775376 0.2305281097941553614117 0.1891688649204045225005 0.2769750771412430867535
0.2418279967016142839586 0.3241972220711020202799 0.2189460750751624218413 0.2712936228329830279371 0.2895980344582610443993
0.2936271678703468168692 0.2786782834151903531783 0.2744846055407348939248 0.2862960363068255409402 0.2617975447075145400966
0.2521713409388964266533 0.2695535594241854626674 0.2644570091602468919767 0.2600797973321697931226 0.3224209153576340081138
0.2383968505200086407392 0.2813968307469331686654 0.3257823803576725407716 0.2673850444683462668216 0.2435674117664230198255
0.2664954199634581022416 0.282313564489453494577 0.3304038351095091030629 0.2826323459211464994567 0.3176700301593886055507
0.3408184871807596882931 0.2464505126987359684421 0.2932721417764269089545 0.2834380444416702005128 0.2212546264821981523152
0.2743228720528586572769 0.311872570458374909208 0.3221392983533762355286 0.3104840223576775803949 0.2391830032946924700088
0.280338561362024896173 0.2173814404068868111342 0.2483597834036982143768 0.2517283716812143135044 0.3293226100509824005869
0.2884469397041956040262 0.2442646869327133318794 0.2940910662856080493022 0.2741555601270345143838 0.2686281589378940459767
0.2939338899679097005802 0.2430450157453893089698 0.2439607169096163208355 0.2600972047217232074878 0.2754034231204119387293
0.3178516870177649500384 0.2565268582078200632068 0.2468917174602733577427 0.3084603278248947422213 0.2514762236862690958361
0.2402312092247468056083 0.2543039408664900524748 0.2578271364600694393054 0.3270863623730197455863 0.2732349367487603153393
0.3161864178903702193857 0.2618294322457708767082 0.313353713400323807825 0.2300978388002256902478 0.2880295178302108571877
0.325618151228377339379 0.2801472417061995900944 0.3086327770356704358612 0.3093989755265977859011 0.2587605731705342471116
0.3143833666702730567089 -0.2060961114700169405367 0.3650927754486909537768 0.06829791922538250292796 0.2593825800397306924339
0.3366187427357186234822 -0.07006702875052076007201 0.3276449911773953727057 -0.08273214181400885547379 0.3957290472575184514525
0.1540023841248404079529 0.1397893596086749179452 0.2821140889815925700823 0.2376543075534544857685 0.1027839261368958534426
0.221093648991949470739 0.2702696773527635820678 0.1325569572273556373521 0.3485939043491737554525 0.346883240714863594345
0.3689967529595489792449 0.02674286983957502999987 0.2792021602648120381929 0.398594082203516386631 0.2759072220390828000802
0.1247981264955069086175 0.17995091916232933138 0.3307832713668994450984 0.3063534931598267951891 0.2690346043207663684349
0.2579748738332450774813 0.2046145646690890329555 0.332651258434656593721 0.3793628834049756481939 0.3614344838624548028605
0.2412248920683409680876 0.2720954691112289491883 0.3766896630789989264265 0.1911655260883988183274 0.3265808223766293871826
0.2200998318206038029121 0.2118125641281777271629 0.3814157180596429164154 0.2941700123370339925444 0.2049607515871803009588
0.3474788516797098769651 0.3350690046278638201116 0.3630676900945682405997 0.1437154475019454813456 0.07756000107045576963394
0.2503747116279534390415 0.1808605548324004053118 0.4142259083143868814147 0.3521813856374382822878 0.3617717796941351537932
0.3343907357979828409711 0.2367375030340079511415 0.3192418690782548029716 0.2965306777695042583787 0.2538642056846823202854
0.2935150601622373289779 0.3740495144137596650324 0.3141829699221156402267 0.3062853553412875906581 0.229528942404044644654
0.316509613804284939409 0.3433431865872241806059 0.3097704192856731153505 0.3195058076165443461392 0.4278317045067917545609
0.3961030167488437392365 0.2272371326617995956898 0.2839709017986326577976 0.3627690060165412178073 0.3136565830013027800227
0.3173855086418532200909 0.3289606839833534301931 0.3986284660081646502583 0.3818308236842780090115 0.3331729682485981558493
0.19339142467951980775 0.2519679090760879591748 0.2453632779931852192501 0.3774697893471796183995 0.3093350751526310338235
0.2465261321093009383443 0.3757412411695796872202 0.351179867152122737739 0.3235994382405477653997 0.2310198161105407876903
0.3164482106358713631167 0.3173271991059382068912 0.2735198985985609620997 0.3059154897523774785384 0.2923895528496880946712
0.3219281135722213971206 0.3296108529307592571733 0.3698331136166482790983 0.4060895769149234224571 0.2524863857911071596263
0.3496309609421803243912 0.3796327229934561842128 0.3084810797232689916214 0.2558904947820667685754 0.257988471072383429572
0.3390824947842419057054 0.3744594240073291779858 0.3734503638430060612485 0.2784970108401957911148 0.3680818197107670330936
0.380934599376874905019 0.2684295134555058637282 0.2240159118455532782921 0.38561263354721592167 0.2062901299799511090072
0.3283723646963178643965 0.320477302023906729378 0.3298444409555194023476 0.2945910701492417960168 0.2318899181890954619423
0.2954172753302737874925 0.320746733599116318203 0.3433242036635848482007 0.1500937789779535624923 0.2304541450238982991383
0.200750065050132958655 0.3690637256715227909609 0.3778600348078798298879 0.3517023096766626610865 0.263140272820704790302
0.383824312977411430392 0.2382996370372442440644 0.3036154297198551121895 0.2517168854114119058707 0.3334039712040097747092
0.2288545344795269165239 0.3678334970766013456434 0.3340783109123737770751 0.3003069282043343002364 0.2741090023505879935684
0.3095986904773452841333 0.359516522059723953042 0.2534152682226123998177 0.3025469537140119125063 0.2982670699783273593475
0.3159652314759411884104 0.2665411616861447785531 0.2357391929678432918038 0.372691978886581676278 0.3263815912744139624557
0.2672100297771428656368 0.3315900460024240881118 0.3072583045534475476579 0.2840437515644211319277 0.2637223691378856038625
0.3122797307739966221618 0.3280244961796120461983 0.3383317231485451492823 0.3578837325630663812603 0.3215460484213138458998
0.3054729479375508094385 0.2878737033339056616832 0.2583806530612491880738 0.2632692135196634808381 0.3124513522914387220197
0.2490456254828193327633 0.1670292939030399159694 0.3226407930412463209713 0.2847901396254122752261 0.2726041864470867825965
0.4148688316336114345617 0.3383157811902325895481 0.3411618215524706010378 0.3088542037022227182419 0.3450580893253666348031
0.3198715920581365890207 0.2909815735905244005188 0.2957540275707050136944 0.3217600307963083272611 0.3138269434126210177816
0.3259858434759995149399 0.3917432540274689567461 0.1904141376422812115266 0.3113082158896418039085 0.3027888888709242554143
0.2790678993532732521388 0.3118221410066924215165 0.3514715513347618780493 0.3378604915640945893784 0.3219973748049379524971
0.2781968303817831666969 0.2951328569286057468268 0.2964723313180756547602 0.2871189152166321867377 0.3017211177052396831044
0.2572248104539298085847 0.3847861614056408696705 0.299670556484535555164 0.4044203845044070377845 0.3230606669445947876085
0.3086911665781836289213 0.3506707822038607202941 0.3758493988153567832988 0.33263485008309284785 0.3305794422578369751164
0.2458067019047945611643 0.2342216829710064562864 0.2038094241515679971855 0.3445573731863746935744 0.3089318874806302739344
0.3493623278135667420408 0.3884330391062117970868 0.278399894390536417621 0.2685880901060568315408 0.289711424228473179987
0.2752423037851634002315 0.3546848323859027596328 0.3128964827147951988096 0.2916226202825815128072 0.2646497352086671916993
0.3338546968025777883504 0.3476277488641315027706 0.2505790770632524977479 0.2496896816104398342251 0.2998210276153475128957
0.3765348280697192184796 0.3471653305140973144738 0.2755181436219276136512 0.29131739523275379522 0.3931354519070875963571
0.3779362232956756662006 0.3053797939179749842964 0.3650820316731057668669 0.3623341986782215862206 0.2889755173293798162781
0.2656107489993717041266 0.3413784838985190472904 0.357420787937740624951 0.272113762652930191166 0.3227617200844724032471
0.3312630905561586569519 0.362635089422252754332 0.2421082980342446067112 0.3290109268438722867067 0.3705842643147140846871
0.2913630858085451968975 0.3310102651657100270022 0.3238068288749585965647 0.3414544362266512256276 0.3286175714069529130157
0.2676565830519023747591 0.2942977632891907169288 0.2794973136845517736049 0.3713542987078639057152 0.2933678262983974716072
0.2552939883967412781907 0.326068073368080357799 0.2892103358082024899822 0.3138935095816335341112 0.3486590332588602181296
0.279103460108182710453 0.3014652856342477371676 0.2642394987678448048385 0.2832095775618174715582 0.327476052624605495911
0.2972379686326621084369 0.2618263721021896750507 0.4144293862792442495468 0.3341933353626437841477 0.2806611088989718894027
0.372856928847621282852 0.3314726640838230875552 0.3320942374058749591015 0.3379236756311975731215 0.2826302633828806087912
0.3474184442956156915194 0.3377043492745415154133 0.2927743501928729563666 0.3154473457472091735276 0.2915786964721166496517
0.337849151870282304877 0.3652823406399992589577 0.3800700942118893088661 0.3259799608808671700366 0.3143492409462491643524
0.2521428233499193871658 0.3007639238639192580393 0.3915797508918621439022 0.348690594907537121383 0.2730978476757082717974
0.3498492589781851958008 0.3139296594746407431664 0.2578599561934004635866 0.2843686479992170723641 0.3167326754484146023039
0.3555639559573903762946 0.3748997076058041555413 0.2899776887577746320446 0.3262521424931281166515 0.2990018762029896803867
0.3009355116244893935118 0.3385526789398083380433 0.3535774436220170402478 0.2403026790144068280952 0.2297232332408440658167
0.278334962413833153505 0.3831792350150631798478 0.2834505622176716199689 0.3420907540111162159491 0.2367611252838601465509
0.2865677180972687754235 0.3003322839294297330603 0.2966042740949924039207 0.331077983455075885999 0.3312445487081759343262
0.3259503696963761965044 0.3294868931147453272601 0.2596889998804990384862 0.3229290979981216391792 0.3233078815654463200602
0.242151025054307911244 0.2654813940014307815929 0.3179021488992924693306 0.2936288828871886913419 0.289773224149380170811
0.3152879022734014768936 0.3524066586089001362758 0.3197132678552588869181 0.3064437754789460788274 0.2638011055065120902263
0.3421860029543717374167 0.3877749579694648729422 0.3688933096837792580125 0.37163737751314313007 0.2697114704857762057522
0.237002967072925480041 0.3245545876980331367889 0.3298426044282600222424 0.307837013219026400801 0.3002212397826246603749
0.3619008618275291744304 0.3428813068130409091872 0.2865082356587900780376 0.2894878390344963747793 0.3032463739736895869115
0.3613282287004180859391 0.3384000340083372360134 0.2668597313836539308696 0.3257994143315946500294 0.2434538241993957907727
0.2851227897473831984776 0.3121521104700263338216 0.2682539526140894081685 0.3397097807840338545837 0.3306521107572127360363
0.3458451394450404725589 0.2546201973427026366004 0.2410710372930350842147 0.3080645639748073594255 0.2832195064293641095787
0.2932535593818921815235 0.3328740480365852683065 0.2917758605620806577896 0.2815490721857345501888 0.343984556783102968236
0.3254293396474579602717 0.2792188571285292852941 0.3144163466291731712232 0.3491798347913258604436 0.2695803253299211554861
0.3424155587945532652761 0.3320756989897458710814 0.2934953013829211254659 0.3413474442434271116653 0.3260631729422510116656
0.3144282335117512539036 0.3962093994356754578234 0.3621422090457546150155 0.2672546339640669565973 0.3502322394090207624551
0.2894908200245996376943 0.3362782419492994501198 0.2641043894235251543456 0.2343629614831426455357 0.2944616627575475376055
0.3612737297100968025809 0.2312857170199335288263 0.28547948675547074604 0.3081128517509807429597 0.3273590032958536566454
0.2778963146210571277805 0.3224083751005291653691 0.2688508917766925243598 0.2993556283128964712326 0.2664374272852651492904
0.3421137136775103670949 0.2420341613320396156883 0.3100931109410046127017 0.3085335782172817231661 0.3260368751728243141841
0.2971237143881365616593 0.3018245916243828541603 0.2822906319653144535664 0.3076099097332878340438 0.3386426524110198732487
0.3399056605194759606015 0.2432375656807077290988 0.3132754269672324842766 0.3663768541715091142663 0.3617495884119432125736
0.2811803798135039111905 0.2784270454938688188484 0.2821527136316814288186 0.3023669609842508099184 0.2872282385302655227655
0.2951697378955722705918 0.2804292634519827687178 0.3041494067687757762997 0.3180037474998498314704 0.4201979726182060725925
0.2769390662413130921315 0.2950519784951344814949 0.2935133165317317383014 0.2760915369115335971095 0.3312168005254893521361
0.2627236445218746330177 0.4087108710519296028707 0.3220821750407303896147 0.2234455342345018635797 0.2775860838920741757718
0.330930596748154393083 0.3076765777417667102611 0.2741791007326750406747 0.3063407594546980750039 0.3815022442332108298935
0.2960919078516430769099 0.3096310527967265913141 0.2726063108606814333612 0.3133832928066361267483 0.3467676518323843382063
0.2399113123674953829134 0.3265823208825254786447 0.268211916453282517292 0.2687753652981457741511 0.2901635119452428690501
0.279887216273446592929 0.2190070777298328275062 0.3824533225859698126747 0.296485272993446069556 0.3056179325386771949979
0.3291850790523381808939 0.3379825186017730853649 0.3850745234369424840892 0.2696271145074027320021 0.3271847182808682585886
0.3376161127912039039423 0.3596059567962673342301 0.3126675542953058495321 0.2712634009375120003327 0.256312708252414866994
0.289201628362773299763 0.2738984895128044882995 0.3503489007640363528395 0.2501856976280030786519 0.2351533174309810569902
0.3522633916923595398529 0.2581017978519922762004 0.2956866879997201436048 0.2865031082522121463896 0.2969381640776176944918
0.247184532095247377903 0.2854025483286182218734 0.2743352736997668461782 0.4083458370131922698931 0.3372416620318341995421
0.312721299237547045724 0.2716686593816192707429 0.2716744179281855298136 0.2173440585597682106478 0.2725394938010929357652
0.2815377782278323803844 0.3339136076105426731431 0.2235441588050898487072 0.3198649469059441918795 0.3582418483228341776758
0.3742775620552728499391 0.2907453486754150717708 0.3057099588286728009123 0.2913009293547819678061 0.2533781883681636704075
0.3806032903551455071067 0.2926230056227120956969 0.2717055487699994165141 0.3165262267058766010308 0.3232522155272955499683
0.328694665306881517175 0.3338075198022858458557 0.2687556726611898261226 0.269599014770648071071 0.3699173985716026069603
0.2894427762933495240638 0.3124846715292239340833 0.2998718445010627453584 0.2853497982973426383424 0.2654482219664153208605
0.2734501439247872256466 0.2598406904321222676835 0.2962075267303246328687 0.239981574749173476313 0.2986783959008773581267
0.3000370259180956122869 0.323012089958264025924 0.2874447681353569095108 0.3547544355707119567711 0.3571228384977122027877
0.3076069106658798069098 0.2778071169617660762796 0.3439466299377754721078 0.2681244296323579967556 0.3825135235127359312202
0.2795243857328132408568 0.2102546678115077560811 0.2985893879008139628617 0.3701893989223696279645 0.2948029683767514064208
0.2914998060579722105601 0.3023933162273886310345 0.2703518394942794889069 0.2993002785992080472255 0.2105690701185902735659
0.3146289993719295075003 0.277428584379798504056 0.2853030016745375374576 0.2771926462497743548496 0.2860685630894974629257
0.2992437804694265124361 0.2848657141584552965341 0.2732069868094624820465 0.2467835692822336890462 0.2453145698465171165026
0.3327420694921638943953 0.2561336530146041123857 0.3580327257293173248698 0.2862937393532326013634 0.317142077969143953986
0.237409505184214164597 0.2278983452098657380702 0.2679260880551770918068 0.2242550523385848371127 0.2414972619481791094032
0.292300620111778430843 0.3005408305312005645682 0.2991336935313144151927 0.2947629660609215052069 0.2637307215548468919408
0.2877182105272219625469 0.2656292003182101346681 0.2605294740550841425808 0.3987430114958947502402 0.2796219201096464823664
0.2774867167877479445792 0.3196298945896522969434 0.3365162192983185973638 0.2651077661096516990824 0.2491180761735417859004
0.2649087967499959006545 0.2607678574097290202793 0.3273656873658609134381 0.2691706162850247552321 0.3363394811972664211197
0.3089293771667386279134 0.2304712518861067871434 0.2806290237954550126354 0.3113228294016321950899 0.2788782180726602777376
0.3428174082812098788509 0.2540554227010015653221 0.3226599854244799892022 0.3340692313789181966399 0.3307624330236748622092
0.2802540603105634908765 0.2383275341952816595015 0.3431654299452696621486 0.3022236779483200574958 0.2752429792723067314419
0.2526563937572413598431 0.3171312334103796315432 0.2439410462434830340062 0.2321877756469251652405 0.2898456371875651194081
0.323451946137154333627 0.2688007734721085117968 0.2827097952993794516274 0.2185212025290532988908 0.212901030620377074154
0.205032785151774699095 0.3548249055936542606382 0.2892087119017037188939 0.2312492311207015038832 0.3175643221810113270287
0.3580956315083927976595 0.2790802738765577606372 0.2766765265987460309383 0.2870059223016898086733 0.3397321437913954356169
0.2513246813645150790073 0.2540786606536796221611 0.2205173564041664757696 0.2883767530862209604869 0.3124419808968553757822
0.3144218612432252979438 0.2790790844891755106971 0.2239758089240704574951 0.3383205875233797343959 0.2787695275239110426213
0.3156038369401321652674 0.2906309921423936848406 0.2461619320307388281144 0.2198841107873668876405 0.3098626068852264325848
0.2636872240745471995815 0.3266540462280193568567 0.3008554227552211468577 0.271307694039936375674 0.2218131517732073731963
0.2907085544752253669643 0.3186624494757520076327 0.309435174434550097633 0.3033093714267210416757 0.3511440840961210230198
0.2667213084325429361954 0.3023556759045969988264 0.2566659542854367037634 0.2945976365527735452154 0.2794899812622888557456
0.219705529999310117395 0.2310807803263242032887 0.3623573965944554831076 0.240317829866004112338 0.3066773189107679375986
0.3130702866410343121473 0.2439297343652353511345 0.318532494870889526517 0.2287289486548040040592 0.2660984396721825517851
0.233750321919474257637 0.2426813532756177116401 0.2466764845607292422347 0.2995341367568799539889 0.2959180997569679227865
0.261566181236805583854 0.2863033996091406407913 0.3469266172833247452445 0.3422647857513448355071 0.3428460106572860377483
0.3476799049000419694622 0.247649626492325275473 0.2525848197913093673428 0.3398611524888378032649 0.3581819482831852807792
0.2265071862695820503752 0.2800771348283795925127 0.1899187659102200553818 0.224481922952760759582 0.3190893467206635247813
0.3149946500334854793124 0.288277129133575893416 0.2086236504654153389726 0.2851427548490662045033 0.2434497929389279058388
0.2687724396222438971726 0.2699036401118944383803 0.3223055422932045166462 0.2670373407609576976718 0.2843769094376089601184
0.3067463531448424984838 0.2801913060989310588766 0.3296060648483098987072 0.282069918631920102392 0.3160427042057217805748
0.3210090169411626837004 0.2440141518379493890123 0.3082616237835755779173 0.3459656399470685261832 0.2137285084914735955319
0.2368425763583976995097 0.2707868799216426314302 0.2929614964940208676758 0.2875462523051880991964 0.2667035499909468643231
0.2419167908133999234099 0.286340156512341181827 0.2699886834256473577831 0.2706035195457157094268 0.3158446679713568516767
0.3328767419479037870111 0.2346287730534548365835 0.3232131367762260398813 0.3398617302433132314476 0.3108347969472559091386
0.2845718330091660530634 0.2544500837956782945959 0.2574568792065649591727 0.2222001876781636020564 0.3187364082267736820064
0.1989503013203463011038 0.3113176806517916062056 0.2579272963376974536764 0.3056801053195199457946 0.3008290920150946679001
0.2962032782174254252894 0.3228965687169859655192 0.1994535965455146997449 0.2533369251921017695217 0.3451688214540901133986
