0.06362456642931368921978 0.07096674911895869963807 0.0805385837904534357401 0.08802762007702105706564 0.0875683138831053198281
0.09637250431766297698033 0.09418994793134033427506 0.09591686774566646200846 0.09863107210038486727388 0.1015964537652657984079
0.10248241662308463229 0.1081367161885309763347 0.1054952103352799902547 0.1063495017929809438595 0.1094002889756509749875
0.1104984895776918857324 0.1122629139012684823529 0.1111532749839116845925 0.1157965263484340423528 0.1129119686121946991575
0.1137651950366650871471 0.1166458055859316556013 0.1161737777894509549004 0.1164936030778073311476 0.1204423428150677849446
0.1205258822689242587112 0.1177156296592405670953 0.1167342417257132142216 0.1163539826060933368712 0.1180745069140063663315
0.1178104207864589803023 0.1183394109119489528981 0.1186151401483254569369 0.1207766205949746401993 0.1209756450816305978213
0.1211709522191604659902 0.1175773757870296754025 0.1193193552021656611561 0.118149211034521348096 0.1207160444292773859853
0.1207674441058955577821 0.1226931789262466071522 0.1159292578946389679073 0.1206070261235443891179 0.1225884308715207149376
0.1218820453300098194394 0.1251794767849195855192 0.1215453504516129240587 0.1210014964871742315644 0.1229811287874844338841
0.1244341801564589761186 0.1244197953308210091716 0.1218237025845496229737 0.1202506627345044931676 0.1248398579453664780647
0.1232201837697192853271 0.1203653690727764097312 0.1178055541575844938906 0.1226470297646505142053 0.1218778904503384913349
0.1216861950387725099798 0.1242306957396166061658 0.1264373823941368768509 0.1248547192287580709369 0.1237105192154156346751
0.124282654354902516447 0.1257499277804442483486 0.1255532507099496875025 0.1238437776240076809708 0.1282557425105264325982
0.1254305174612694862013 0.1273278444904834272311 0.1237968918147613478498 0.1238163301975843122449 0.1265408302581636224016
0.1242544757502725416565 0.1248245331653548423345 0.1244705922947570153614 0.1268547360206590812748 0.1254995923788974898638
0.1251392306105510165981 0.1256171730713201151186 0.1263890521253059340268 0.1250493978871578260037 0.1254968198222067843339
0.1278210066069122574639 0.125057188833613136536 0.1253418836635232791465 0.1268295779979895232525 0.1296325858338936709568
0.12583011032759786052 0.1258612299289199043528 0.1255318797559245025397 0.1261399934800500610699 0.1255964383672419915072
0.1253628776020667134894 0.1258438859240661733541 0.1276364115730434789509 0.1282114679672334556226 0.1284088730240773856828
0.1304262555173940907327 0.1290383462844044704099 0.1283967261683126859229 0.1277922339584983413285 0.1246995584858303363074
0.1271012083594666441932 0.1262223684617574392952 0.1291332890582848058614 0.1279335452313617726983 0.1288232890664374463707
0.128482423796614481093 0.1280104451700463386032 0.1291245174764592551497 0.127841984818772735899 0.1291082290093069628867
0.1296482867855771603516 0.1259953482491547871458 0.1295855054942292861053 0.1270527500447852509158 0.1299951707296288228033
0.1287705198985237831089 0.1280364416827306228708 0.1263588803217411404844 0.1291929544296393783664 0.1292569371112983200867
0.1317608748068787860586 0.1287074403096727104323 0.1315928587919771852732 0.1284635584708287425748 0.1278773322539278334276
0.1294582236128129504316 0.1305396064789872134781 0.1293374699426249607725 0.1310808294842542298664 0.1299084063987639148241
0.1308870879978432932855 0.1292042169223424907809 0.1313268029994839325436 0.1285113864727751853412 0.1312595685710149784331
0.1300257870711859498059 0.1303823801030556950309 0.1331664051028140505206 0.1308205772113755216424 0.1312733728644630559756
0.1301834478503997305499 0.1289128397815219040368 0.129238407446169351056 0.1314477689658893611035 0.1300677738642375957934
0.1310926993933315409802 0.1311567275833736556656 0.1306047366911558815783 0.1322160557990527118832 0.1297078330223625786122
0.1309050850353743189469 0.1313999641850926436426 0.1304206188989610881723 0.1324164452364701982656 0.1342483773906147648258
0.1332873812156313286792 0.1322221014426851748436 0.1316331011404859863134 0.1314594314693706134101 0.1331834146539899177419
0.1311650758725159404694 0.1320028546432229776819 0.132681463424681428398 0.1333368631463892894917 0.1316063678862690045079
0.1318946011837323906146 0.1311504278140780688222 0.1319744121850454365852 0.1308251741040287741136 0.1338861139537177169512
0.1334539039168946283898 0.1336223883654830413281 0.1332740070414877020522 0.1315176012667200466932 0.1318493226989472799637
0.1335093190923509198775 0.1338120668570824678412 0.1337500746038161603124 0.1324496534594891417047 0.1343096613895044533216
0.1312141176317390134365 0.134675953258477643093 0.1341389298206513147615 0.1341750512901275504962 0.1347914930402626387806
0.1352862482992136239357 0.1319698824566989947549 0.1358464841238131159962 0.1340126569595345706887 0.1350708382003290297657
0.134131552174437368441 0.1347399020104448619239 0.1328120938101195191994 0.1367940948572614334733 0.1327107569033250666912
0.1341768130961666916079 0.1346750240451259073016 0.1361290547834108077829 0.1359847830789595868328 0.1349024261125837120812
0.136238425203626639659 0.1338393760767026541281 0.1360437877879024648475 0.1353176429811402958769 0.1354975507213010688101
0.1344461774290126587772 0.1380469006246617946765 0.136362713161367360426 0.1352437796443136663882 0.1352538262247811040595
0.1342292597123184716423 0.1355813965343467819569 0.135854571983809069291 0.1361888437733405898822 0.136812593281557065561
0.1362603799653388791935 0.135359162652553516315 0.1374467654465352239868 0.1352689829325365855617 0.1365183464564068416269
0.1352991136594937637838 0.1363475478663651874189 0.1366423775434841558774 0.1359728294251893732092 0.1369818327947636138475
0.1348681879712767817114 0.1352808297270038373483 0.1367050366628964341853 0.1359183757467519459983 0.1362597901180046533476
0.1365798805522077663532 0.138201848434707619262 0.1372974690528616648066 0.1361758294064735475004 0.1354295088965359050714
0.13602876103169680988 0.1368172522716829819789 0.1388057001986985061759 0.1359066265471621515193 0.1364722542557243178951
0.1364062192330517120364 0.1362009906299390948892 0.1371044528030414821895 0.1355975505307008832645 0.1368384859262294916959
0.1363386290217834806437 0.1353343817402899995628 0.1377806989400149062508 0.1358128808313469326752 0.1362943305793734294351
0.1366070427212049132049 0.1368593035813794600575 0.1384716757820692312198 0.1387213382310740483749 0.1380662947035422583042
0.1333338528964354563477 0.1400611038168808331061 0.1364784841682571692179 0.136104704549720123552 0.1357021446049316293347
0.1378341239097273240866 0.1383718913544096651425 0.136260334514855696586 0.1366459472617784498549 0.1377685200964878509122
0.1378030990774300190704 0.1364438406863058006468 0.1380734903491287468569 0.1403825643199730355271 0.1398669655620163321252
0.136675949335172630672 0.1398552279128670861041 0.1357781193975352573844 0.1387203750099723353895 0.1386289789734630739648
0.1395807444578852918315 0.1388833801129116529705 0.1392562108153535538335 0.1378846031926439508197 0.1393009530094134196254
0.1378429968826017648631 0.1365052894457635668246 0.1378725137266166300698 0.1383011048737215475946 0.138419411030503453075
0.1372775894463867940587 0.1376591246840550564201 0.137618355572775741269 0.1387666344077480296004 0.1387992737349206251452
0.1391227441942840814537 0.1368413103749240578022 0.1407929288270252654591 0.1381943353742393354455 0.1381110050705277592087
0.1380796015282185484896 0.1394711739429479457897 0.136784743820238752221 0.1386325113512007212169 0.1395609953871823905036
0.1396851873688491618708 0.1373672397790639543302 0.1387665655402049724731 0.1394083903165534432667 0.1416033433842038558037
0.1399696013259187077349 0.1388064141773497628396 0.1405204622678927484092 0.1403124459533636458897 0.1397547307337155819695
0.1412534375006458398083 0.1405169804235752439858 0.1403646851106188364611 0.139180258021913555444 0.1381408901532166777493
0.1390725094241237747017 0.1405712024479630894991 0.1404801462228906228091 0.1385765472684681032245 0.1403994000317991819315
0.1378846621373211178696 0.1389472832881973318742 0.1380329816842771617491 0.1400894797832513971603 0.1391440072739421884851
0.1393700283431477948692 0.1399244391568213730093 0.1403951790469081528645 0.1413176929221527655667 0.14103436833253454874
0.1400966830649275907117 0.1402975424283345318166 0.1392800767316495214043 0.1397815497281398866569 0.1383326852496825354333
0.140528192767275295072 0.1396268305370240436769 0.1411706290892140447379 0.1403655175161963863939 0.1389440859565543029408
0.140443047083023547783 0.1412395343945059555946 0.1395572330416176010104 0.14111089873963705843 0.1391071792959757136288
0.1397451868551455589351 0.139435145882170097309 0.1408274868000995161399 0.1404761629149331447763 0.1410381045591100057646
0.1397576021393004408466 0.1404284218023108266049 0.140081465689877754377 0.1393296712030809569871 0.139422151594097321059
0.1411438325210888078409 0.139269163271284801553 0.1405261695470899352411 0.14067981846443550209 0.1407640585136303301717
0.1392922335848691128835 0.1415604049328597902058 0.1412257641980725619835 0.1418501450118567763781 0.139329146996379243939
0.1400576625333003200069 0.1424736707734361174094 0.1414152632263080133779 0.1408172020677893876428 0.1416922714118891424295
0.1439807631929133080462 0.141290926655734144779 0.139946225508605276433 0.1423731831346636278468 0.1416306459811338402943
0.1412241997087886336004 0.1402292319007566734346 0.1421623368311124013808 0.142987528810410047253 0.1413014637024753994421
0.1392370320682619899699 0.1416898082833707717132 0.1408941602290717520773 0.1430669530983515458367 0.1424971380629507511362
0.1427425726240064973727 0.1412144870495004311817 0.1410974068864907782217 0.1407164248559287511586 0.1423083416748141261099
0.1395511513547666448964 0.1422062320902938159506 0.1422857266311149671001 0.1415422875741714769937 0.1406885576193714071369
0.1419118646143240347612 0.1404837805120575100482 0.1432634787095276585056 0.1442252215852181940203 0.1415916519025985365055
0.1424817590454660054533 0.1418035515460008000321 0.1398484732025573606951 0.1416382686006230906539 0.1417853325495520289135
0.142390077656660535288 0.1426086222051213270312 0.1415782863863210561117 0.1439972509452688564924 0.1413660401661622489922
0.1404545112646442550641 0.1418746074576494042851 0.1436620243684928743821 0.1417293461200928028632 0.1416412541214922271582
0.1421828298756892261512 0.1419564780872251130717 0.1420218518846428634728 0.1410305140826686176592 0.1434024381126490221838
0.1410574998262654755621 0.1424648465572999067597 0.142741735567958327735 0.1430100689536350500042 0.142851584721289753821
0.1425818197250092456141 0.143365125332502590938 0.1413447117277703002358 0.1435696971209867722763 0.1430652863718033240836
0.1429407831309857379587 0.1431105967238501808225 0.1434140282061766580313 0.144381284448032887191 0.1435603670965436839957
0.1426606845711551607714 0.1450459085333779540861 0.1435522983806448715782 0.1419212737760489895233 0.142076336264541303045
0.1431433373588303636925 0.1443380680233182777883 0.144679440739779535674 0.1447703518604249728341 0.1429801978070864565407
0.1444843751705583434486 0.1438452152246352810927 0.1454128714200106642362 0.1424489113976280807439 0.144341715660013830691
0.1429487219284042431866 0.1429829563662033675708 0.1420953997817132608006 0.1438321685254131954146 0.1434934534516924820036
0.1430672161724834134944 0.1445576626027642308525 0.141586454783914267308 0.1431523620162208632056 0.143748544846370701622
0.1456178521057860109078 0.1434154394557752565387 0.1459610322594356024428 0.1421985098470179009755 0.1443456481047056538802
0.1438102889855893684601 0.143475110055651777774 0.1434808390821278589744 0.1432571386630814846974 0.1442698036318415533152
0.1432093286226886474921 0.1436877850522838839797 0.1426784222028816273564 0.1444954095665150761718 0.1445166136842017390318
0.1420405332016259902783 0.1436978297695504502851 0.1434756147833987915963 0.1433599290826215455485 0.1425762152140132021927
0.1441677883849066810207 0.1462343111783184490537 0.1442254593532116546672 0.1432826659985262929276 0.1432396809931337500199
0.1438204546971814656864 0.1429523498432705153061 0.1457660098922395064402 0.1454538354218581630573 0.1441216850572225316451
0.1443142205941863320806 0.1451427472387278871935 0.1451248636034010996987 0.146234955735440874669 0.1443393730557090692823
0.1448799560102235761683 0.1444902167229723810582 0.1425921931486693328139 0.1444160538161095297394 0.1454307342841476557993
0.1445549270429873078836 0.1415686690534680713949 0.1437995821402732743444 0.1448851809278131064218 0.1441591620469735990362
0.1449282161822769421367 0.1447695163462639766916 0.1443242674650317414198 0.1454075966509651152148 0.1461059188608493375483
0.1448751506668870814298 0.1449996224321038751359 0.1449833700687901683057 0.1448219451948899727523 0.1463244222146280748564
0.1451391751587774170407 0.1434469268698644883742 0.1475258902744425726361 0.1457316329996633241795 0.14451323534919052749
0.1457537619530313577343 0.1449286000818967024006 0.1440535549668246761978 0.1452062669277258688538 0.1440212737725831415592
0.1444982080946972391455 0.1468294120374384892358 0.1445054881438458116438 0.1455774205506804308552 0.1453425263013758683694
0.1469185151619579743354 0.1454430767250135536628 0.1450952911013272395024 0.1459750818154235962876 0.1443014157314251588726
0.1457514344103767456318 0.1448611798126160365996 0.1450468756604485487394 0.1470318004839294701025 0.1459460963291722146451
0.1460303628656636487637 0.1460616621471507725616 0.1460760475795602753024 0.1458199523057475133214 0.1459466576384461089511
0.1468330517725870976165 0.1468692611919817370136 0.1457733031651099464554 0.1459094078594132537496 0.1474591300090343226614
0.1454881715631966276892 0.1435402474484842039182 0.1458484410882314730173 0.1450269527846932693382 0.1450071245552897458708
0.1453563763019797283604 0.1457218224749649015948 0.1482848128281773758541 0.1456116731480265602539 0.1460174305410961714813
0.1458471633166814329652 0.1465640838731902262371 0.1455385554416617766016 0.1462115200646164903109 0.146064172542396564225
0.1454295323121083949314 0.1469960465028373186591 0.1452572884668527353202 0.1453492727598221789798 0.1470657176799484711083
0.1460836488338291550004 0.146863361553093152434 0.1460869651748470110508 0.1451398831296515090639 0.1462891777879330446055
0.147664968241887906153 0.1471821404746966599486 0.1483953175604680596589 0.1462343045364597193814 0.1452613572172476164024
0.1493634126646126436544 0.1462076256721603351174 0.1469625075371527311852 0.1470567358907698407577 0.1453973624055482360973
0.1478327181388949251861 0.1456245513439100858211 0.1487439103389475714145 0.1475222568871935591162 0.1466725317257595029297
0.1471455980473499458583 0.1467679887752403600221 0.1465721741654748833117 0.147875046626491174484 0.1456587267717995293204
0.1481091151567733854577 0.1481159940348165116042 0.1468963488673510342508 0.1471814690671146008683 0.149357313424884508013
0.146883718937281165795 0.1476289792871353367953 0.1459916410598181835123 0.1453574978466850575742 0.14768613328073465496
0.1476637793064882742122 0.1461457776391697493956 0.1493058679907974251044 0.1467185177254548555936 0.1471253719912552770932
0.1481795997006713216937 0.1459932435033392539303 0.1468455183180265855025 0.1462549377166291464381 0.1485869634041758202692
0.146353712677963321287 0.1490294872785211943711 0.1480219182860276760927 0.1484432428689336225247 0.1484219475873046756309
0.1460617496544115989643 0.1470530122148464291509 0.1469957631305045808734 0.1479965641723931524254 0.1473947923687159711204
0.1462250519047356978053 0.1471350289002684719186 0.1483570698569421364432 0.1467507096820380163571 0.1483098520734285608036
0.1475860546789038996174 0.1477950981412834152717 0.147021160218455293478 0.1468196796361001810194 0.1486151264787607673146
0.1478793952776921161174 0.1485521683000876613789 0.1469491031750955467583 0.1464079690132899236321 0.1479994178269947446847
0.1481280711791059245819 0.1485577973930884421172 0.1482508335097415252957 0.1468852878456085031544 0.149223577683510660874
0.1474804233477200743341 0.1470462070342868077244 0.1482187450035013787097 0.1465709153515444007621 0.1487505821710356501697
0.1478340587434626429708 0.1454021213615296348465 0.1471103413785550817483 0.1469989466264793043226 0.1492331338763152881466
0.1494997332938021727955 0.1466830073301838566202 0.1481338585533012452977 0.1478627947642839612907 0.1491250958617051647348
0.1470500064819262875382 0.1475264308720853068113 0.1480472931028817551447 0.1484931806740999449268 0.1477636838560628385064
0.1475663847949796048109 0.1492532800872081455434 0.1482382543783441475327 0.1480554358222230526554 0.1465929567886397610899
0.1484426571433550834378 0.1496739552353827940046 0.1477090084713429951613 0.1489364204129351165751 0.1488768860586945907976
0.1481994482537905832853 0.1486181346352849208525 0.1482111124937152413228 0.1482915328702879564915 0.1494352590182822793086
0.1482610902158182919486 0.1472652580231981200853 0.1485861901660346651166 0.1510168327443675573285 0.1480887842247518570993
0.1479423751522875307707 0.1484224518756050992252 0.1492416292040800174235 0.1484772432746816472893 0.1491318204676135572573
0.149660979524417758757 0.1488613115817161436372 0.1480213476119275617382 0.1508752708834811551153 0.149488158751249516909
0.1487656580089941060763 0.1488191580841515537781 0.1485715219112454243966 0.1488020311599402012437 0.148290895598214261808
0.1488767317321120775553 0.1462401013262787929925 0.1493514509606273243936 0.1474699175074900558968 0.1494392942672079227506
0.1489090319580566035285 0.1476406226875488225669 0.1502227528786960475404 0.1487326374549681751169 0.1484797229093441084391
0.1497334733228468661714 0.1505551163377117918074 0.1493031432611170439273 0.1489631789969288189202 0.1480925073706403083396
0.1496656371291616716146 0.148986945110246488122 0.149583467445426582243 0.1501008493665328957789 0.1500286012470808394426
0.1487627469869079732678
