-0.05108878670333593524644 -0.1578905111999109323051 0.1068141267501943741935 -0.03496762385293070152237 0.009051460132772441366522
0.1837047638471881738642 0.1237777920120338159826 -0.1316340614442644829651 0.1983200680884836530904 0.1349784024394552750525
0.1558203676055740782846 0.08062432174224504199955 0.2942991640943508069306 -0.08494348346477326172632 0.2282443443246834346994
-0.1169266842783765747438 0.2203410920227542035832 0.05336711779423120721733 0.2553194727514993545014 0.1425399076740313242251
0.2239729563475714724241 0.1677558495651175207719 0.04031034934828064270063 0.1555868866545102036092 0.1848187275622580338919
0.243808147849005285579 0.2770554517003074312953 0.2431523526905008392163 -0.06810861039747125034172 0.165168962532082935768
0.228503795950390609093 0.1385844712515857946045 0.284106334043646269194 0.2872140635705525135712 0.1352635690301187965101
0.1933657481535077660162 0.2258284962558903541385 0.07809332866974195985765 0.2699363298459220850134 0.2820300231273648039476
-0.0004285776294331040264796 0.2570837342257754620789 0.233453067569328931441 0.1768771790838089552622 0.2452466747591033058296
0.235008641066314444279 0.2305976490162850722765 0.2006528986670305103601 0.291099829393708209313 0.2634423493771664293028
0.2388496629723552144853 0.3151558446946488012408 0.1920351456838968184915 0.2291957592715766767189 0.3354862193102078893325
0.2977189106829838394219 0.2583739489756141649579 0.3043220260225461548664 0.2354035809182531968631 0.2691366312797421334047
0.1453296450694303576512 0.2128188259303591123306 0.2841471187558607947032 0.1963084104125885909209 0.3514982833041804255458
0.283878559645137196199 0.2945792407488722064457 0.3381278682504073596071 0.1990689494265233949744 0.2994320939181710494736
0.1755421915978339353348 0.2906259884272782145764 0.1383395298350294511103 0.2438632074780143765835 0.2420393158628458274428
0.286250085096354967007 0.3160890811591072213638 0.2246562822344120025075 0.2371185348603770393083 0.3249502304292617438364
0.34151126243404761329 0.2738490048984750235839 0.3287619679219112578394 0.1951027259137084468588 0.2181581229170318492194
0.3196028894234155259824 0.3501781058661608270199 0.1976304175887605152351 0.3143114227793289416901 0.3415133900731703864295
0.2503734549359187822049 0.3206364436946047558052 0.3063887680870864826943 0.2977833879661642146885 0.238103191023864457776
0.3318376300820558011395 0.3080126664507397693527 0.2418792319459690531858 0.3045013693297649592928 0.221857319269980701737
0.2821232001729649385702 0.2948121389825935079188 0.3398868544724670814894 0.3387999713710496130226 0.2512908045643248988732
0.2873085935937702006804 0.2676122291214434456563 0.3342778214886726328992 0.3331168611389049849514 0.2765805022286617065319
0.31063268927677112341 0.3169483670031471023165 0.2457325404022985271268 0.3724152162631041984575 0.334772787649697534107
0.2870841065148675430585 0.3346915160539068456735 0.3288224441146168075534 0.3635590987634084725322 0.3040096070312852671869
0.3461330606901582007673 0.2754548136146990344741 0.3650475829999990651231 0.3445351042606817904002 0.342424312636111782826
0.2257382119264797759595 0.3068864106912413958206 0.2597902180399109250963 0.2926963124667107951637 0.209343963666222598885
0.3066174893806670187502 0.3797710786920010517242 0.342019100165674660996 0.3439005920624186862788 0.2752358018353605606521
0.2369840884164375882648 0.2856220983530130541617 0.3625536910890658770512 0.3172306558868922543581 0.3810409809117997759209
0.3335928833591022546479 0.3473784120543418341143 0.3538237464382707475608 0.3471421720235683405775 0.3729386145328246193742
0.3475812171971728870012 0.3667705445604144132155 0.387006672016760588928 0.3444290460674364062754 0.2331803312836439046052
0.3205386049964714656468 0.3573288535034020996228 0.344874656665907886044 0.3575260757788203958008 0.3413627948316417803909
0.3002029443442723044555 0.3027623862184469216707 0.3717593096854190370948 0.3257171789994344202057 0.3112334208088055609309
0.3009674891999958856736 0.4045514957722498583514 0.3875789881285556792712 0.3169346507536663359872 0.3271314405010578019173
0.3042099548430278188604 0.3559781084736654555023 0.3816098552426961387773 0.3627081224724352792599 0.3150730045753038499612
0.3631352188970153882508 0.3650483726753564472922 0.3912780451380163393438 0.3620782155656505074681 0.3535918046073371345805
0.3113694926483426828057 0.3090287648444590695718 0.3375627522068387342813 0.406231669297127617746 0.343621163151083874876
0.31329597213298099323 0.4149374338635171688416 0.3484529845405741621533 0.2381551020526018191958 0.3105430088430046753345
0.3542694215910500710187 0.3418570637462332029166 0.3244259830743291272981 0.3532406185120107178221 0.2848296226863826774434
0.3730645944219971310574 0.3129402381810690303432 0.3186817916226695190929 0.3667506732859037721362 0.3443288868013285042302
0.3510952279770843675877 0.3824865860818106311214 0.3424826642946910970622 0.3767709744180593456342 0.3895070677854133855966
0.3086006630949430507016 0.3242629910652314317865 0.3635482501110172126602 0.3995885246946773161625 0.3472331194143521426732
0.3578814452659805911416 0.3512093185807841355661 0.3586111261222608703747 0.3537259306482682386097 0.3341553134721380602379
0.3462204078450807909206 0.2866155353021903051669 0.3354749295345564319426 0.3533486088510245370919 0.3371005209051498030526
0.3212950396103655403834 0.3092578945835571802014 0.3983670798395984591345 0.3699676293674405425094 0.3709233041869116065392
0.3849668272532315582701 0.3470032869544145137652 0.3607890051399515463082 0.3356671046653869061593 0.3181974429195403297754
0.3505846028558946003706 0.2787298908774707983937 0.3800336059571551294844 0.3411513071356987447658 0.4093366168723589493261
0.3514937925925027961682 0.3650694778989029276595 0.3382439598058208374276 0.3896124101360371461134 0.3607873118382184385311
0.3489378216960450362905 0.3796653652324397110185 0.3646586493196088962776 0.3769317817221876087963 0.3794457809579327434157
0.3492610470449946102889 0.3338163129310063870214 0.3249794439530578893383 0.3960716046274989632359 0.4217107598184113292916
0.3272376546360327709273 0.4155571179412878013437 0.3701628865017133063198 0.4016009774521430153449 0.3939628945614201960268
0.372485702939798601907 0.3665530315242185865898 0.4123684822479948275387 0.3897347815809197313364 0.4090060694195035151388
0.378448293686128423019 0.4211799893019061991062 0.4174636555137172799768 0.344379001120592553864 0.359142356037670307245
0.3899281783344600293972 0.3136457553861987657129 0.3271103155995988553961 0.3841951171067316539443 0.365010316454511485329
0.3775798817345728530803 0.3713771582806396631682 0.3730458803227190700547 0.3543125351393521249577 0.3981603388544018296002
0.4257395251377290579242 0.3840017841675355536601 0.3690009964191239277831 0.4071475683135333256679 0.3834470558760580405355
0.3446911056750868729281 0.3372626341299952978936 0.3493135739772701420236 0.3787940403295009250684 0.3779998356877450338409
0.4282125307449161089046 0.3540361578544880538644 0.3572198491174969903206 0.414346758001029213947 0.3884213916683919021189
0.3338854566629698705782 0.3835906332355415448987 0.4081044580825382017686 0.3655061831369202374198 0.3960596484349528378921
0.3949135970193441980136 0.3942565505334755804334 0.3476441194408934620697 0.3749733641084528890097 0.4227426831728275935518
0.3628347663693333169377 0.4540585032402643106408 0.3225119163056007209889 0.4299611439294750425688 0.3536118202522103848295
0.3925557554418487860026 0.3955854929050717228023 0.3899326919897132537329 0.3772432888988928589846 0.416814945381022927684
0.392343797543080463619 0.3792332610220113253696 0.341665692597805825681 0.3886544717213307742476 0.4150169000420171894206
0.4135877573335456913739 0.3795958815570221744906 0.4049362273481215690474 0.3681097814078413965611 0.3839496460267448618708
0.3463052204128477806755 0.364744001732774769664 0.4053398024778582242611 0.3446695983642164007321 0.3866224349050853548171
0.4121693912504702517197 0.4009427519177441445741 0.346111039251374763559 0.3921821122444218432612 0.3820816946994455842734
0.3941429935684273577756 0.4166559178453078104987 0.4045609257658102086985 0.3265006248876872740894 0.4184115751301201169277
0.3440981969464039225137 0.3833703655414083533159 0.385905257262252998629 0.4341129470424993641586 0.3939101653205681619063
0.4040089050386976854412 0.3952780747277610529089 0.324558322550245526017 0.4076794385677545151658 0.4287890199656471668099
0.3904787700160800012483 0.3862902884968842931457 0.4024288920558280469031 0.3809352914817484281329 0.4281732063848551761431
0.4135595815116076545692 0.3891424402621307399031 0.410407384812510656058 0.3878460075104025461812 0.402807825337318792247
0.3783417250042959700806 0.395787201444850078591 0.4131567595063149744838 0.4041649176318829472798 0.3720717059018001648951
0.3639580752471970881423 0.3901739137476737395716 0.3907663387798753218405 0.412159118662662138366 0.4143176914087349782534
0.3327231577292325548356 0.4215592686909537256668 0.4330324235181509107129 0.3535655422536104763864 0.3816577264928792123655
0.3529240107703080497892 0.3870408719983658429875 0.3834046500267614399071 0.4332399095967366386972 0.4043245297368764923363
0.4214542281029342030152 0.4192278402925269098489 0.3933000930895434454904 0.38641923654142029676 0.4040338793339821599204
0.3441782583129689432333 0.3169368514814713266858 0.3903169867104563928173 0.4189456999470587694745 0.3926212433107562627121
0.4490851711194006057326 0.4010760726160035871679 0.347464729429952490225 0.3941016589416458937301 0.3695341905296919415846
0.4214057105442328143852 0.4078867830165818220145 0.4086598900660991517952 0.4302394914597751918173 0.4302578760615205499818
0.4004685785956080268377 0.3928291956064905443569 0.3965883166071460519397 0.4021254789998379708393 0.3588685946553210603938
0.3941394891190753702048 0.4428790197505741432771 0.3897527212886258141111 0.4196667030887901717051 0.3711594484645148739332
0.3992715929856087697658 0.3866704678460123889572 0.398748337532951968587 0.3978863034030464262969 0.4091411122158301605367
0.3856587243767022332719 0.4337802280225434570227 0.4387297365125644166284 0.4277620060470292417953 0.3949960935740354783796
0.4092620362568502034861 0.4056538918024342743607 0.4008246607001914596502 0.3891851839953243130665 0.3984782684658941809275
0.4097318253776697782875 0.3917940791335381423011 0.4212814208822900918783 0.3973073997370643040128 0.4112652633875383267892
0.4177423904952101696431 0.4282263100779841180632 0.3784105421591745788135 0.3788751712302928509324 0.4389284039007151361211
0.3872642485006939638836 0.4267004488479086421471 0.4069800192005700312237 0.4179114825278005262987 0.3805366103012534084726
0.3984449517021771414171 0.3758442220604351069468 0.3875725225749195312908 0.440065141035574813877 0.4081182282887620416112
0.4219950129730020704777 0.4207346521900472424704 0.4095068382988748534324 0.4084722183825311714322 0.396932014248109976684
0.3627187691847176265192 0.4029289997167954662238 0.4314572530784280823823 0.4013158124124709957847 0.4059497094694232699474
0.4191300014994049916162 0.3892009852484022425223 0.3874050515908833425271 0.4384684263158284966977 0.4386058069498957601162
0.3798480998931600960411 0.4371990425437059513136 0.4135210109133605205223 0.3824463083787740802499 0.4159134559176766998689
0.4197620907670470136175 0.4304414198629924470652 0.4431030336342097197821 0.41214860928943597429 0.3849516750564180855854
0.4193842578498500062167 0.4105766216945841429187 0.4538759937952257517146 0.4079373796340559632512 0.3760737976493437884074
0.4212530392411663049401 0.3924663463279812192219 0.4039362645474144919433 0.3919295674915325711218 0.3701925518649932800308
0.3955457105576757337317 0.4037574917907057470146 0.4044267229921372219792 0.4059122790366674893292 0.4142320937756477361447
0.4170387214938985342982 0.3638699559487211243614 0.3911358845599050004793 0.4165835331889263803973 0.4619714667484156045418
0.4452487888339615729194 0.4311669152662792603437 0.4151899317635149855299 0.4464146641624638367496 0.4272935881828218707135
0.4063243658527003199232 0.4201887765356982495923 0.4373709721463625577087 0.4459684904510244907172 0.4108784598567595813812
0.4200914329200546304399 0.4210917914734351175099 0.4056537637417848563004 0.4413891744374960901531 0.407252512148554179916
0.4262423320820727945524 0.4035254707789942552054 0.4106925403530480300773 0.3757151865586418337806 0.3949631857227138276301
0.388855928800247885313 0.4080068525088265118939 0.4317859556774398810397 0.4341232635716537613391 0.3761116572458283457969
0.4205684043257588711207 0.41151327040715973693 0.4486331117807371149375 0.4327142160559454553415 0.4191888147931183694617
0.4235253102735884178642 0.3850048032391277796904 0.3987660061650534215616 0.4159075217509513033853 0.4168475000540337593868
0.4299442114896072086871 0.4390779463585871011944 0.4419887195983634997631 0.4249609477339891250303 0.4142357221768485642244
0.4251958671828926505931 0.4050591075100447024937 0.4277237260599065504785 0.3891205872104017138291 0.4000834196739348480598
0.4176871044406467170518 0.4244235344637598550399 0.4179358438420802124291 0.434471964767791873907 0.4253771744966325929482
0.4026153672883709400132 0.3878900500143033225342 0.4340572186636409424132 0.4226637621506124098403 0.3957460966530547685771
0.4077735417094304204433 0.4034966803027525417136 0.3927729474510359142236 0.4027122248146909333499 0.410329854121213088991
0.408641861477111900669 0.4267058289937086801302 0.4061393141307588772193 0.409552859586253648061 0.4527263021829019407072
0.4704216459796189964138 0.4120599953274018956151 0.4055064922749367917199 0.4590477077084226253945 0.4366305704426133860174
0.4060891442978381005169 0.434821044204056372795 0.428791811516204601773 0.4162540377443122996404 0.4204973454942132482515
0.378428286936990543321 0.3756632209557223545104 0.4021383081263915082459 0.3832892785419519943169 0.4042228508750145832273
0.384366359641771404565 0.4083445244651060512808 0.3835198270684112564766 0.4139916740928394345289 0.4198850875059901288644
0.3959140033414114689947 0.4140457423508515089061 0.4141016157609728187694 0.4261688321008456070693 0.4144586513030644736588
0.4042769464815074709207 0.4427716630146407705837 0.4453821615306190473405 0.4123411612024075467708 0.4412579202252822629937
0.4442020138876827117791 0.4108959683585979294485 0.4222660544563475726321 0.397379894166457137139 0.4238498751088422555888
0.3979395528573607121459 0.4240692379562105429613 0.4464108260597738908615 0.4012806997549702159311 0.4323257540807540211247
0.4048334300990670819864 0.4209894728309751532613 0.4072500101437759867373 0.4018819416641314368199 0.4005576542150625640737
0.4070387537925236332015 0.4165652666040881024756 0.3876937305038375414235 0.4302027931452627185216 0.3975745882372067052657
0.4086685009111036270824 0.4141934517991263109415 0.4004290084460798704313 0.4258750720787981558502 0.4318414389687488252889
0.4248300624743139297657 0.4541863501265674951668 0.4090296447256019374272 0.421124162607379226575 0.4088491381945426605959
0.3810882181087745790293 0.4556668441952586579013 0.4062861792307717601069 0.4468121403531842283918 0.4524909959205728471332
0.4371648608950594594447 0.3995370941456954927418 0.4254889442574322222512 0.3929307191871788118576 0.399682084116848745925
0.0003861004847159031096691 0.1482778773170712049989 0.1777689090523623949291 0.2313919565978652670424 -0.002323454390432083769419
-0.01708144147799271067578 -0.04267877398498451380071 -0.1981510201217032418608 0.1108661563760385965205 -0.1711417309406377817993
0.1472244543092321722444 0.2343344930149090232785 0.1622009043927378768579 -0.01693597507299870325026 0.144837060434526793129
-0.09961217473452350923413 0.1720027173688298549603 0.1316575045538539712187 0.2873473372405571657495 -0.0624159022865052245943
0.16481202762615079771 0.03050975986679339835295 0.2397487230733379437453 0.2570225974334688356926 0.1125658398872297905058
0.06131234760802858896334 0.1611334853344621731441 0.245258681541934892012 0.007518637109077548098812 0.1743005179079060718017
0.2136960390814061083731 0.1254713219214375341526 0.2580804409386153741579 0.2579839285617887001401 0.2328464749157907465182
0.214937609241630411816 0.2335517013179101153408 0.2616546443151488987588 0.2681407547275764247097 0.3011935238888376331623
0.328236978665147338674 0.2548404854986685563745 0.14331593935921999039 0.2861577093311475361581 0.07154110694221468835785
0.1775979792732410300626 0.1722952967137357793703 0.2107466643405316586435 0.1639575411142992766855 0.1676764247972875598869
0.2426506035463351362846 0.1360800194150053321618 0.2427918140678272107547 0.2423254553574971936758 0.2941265285077387936497
0.2680285149298435865006 0.09740159592196219462412 0.2949504779979509327958 0.2644072439713243127812 0.161738748630026019093
0.318888373155546744897 0.3043073486764752977329 0.3388361409851019523387 0.285966448650784521579 0.1913592083129954379839
0.3091522189387089780688 0.3203449874099274508055 0.3189249482833676485605 0.1733790822358715899565 0.2737588037653088113288
0.3077920910651608665809 0.2323112697754513567006 0.1402275050369949094264 0.2771900534086819134494 0.3512033394871906799573
0.2828675309135762483415 0.3049951703459009566544 0.1460517728232840761748 0.293460443388780134466 0.268754501174286564158
0.2563947256425437304372 0.3223614700386193132609 0.2764855369231679627084 0.3205201932145904097915 0.3086567866689320926987
0.2606804320143840114632 0.2724606463290238367314 0.1585257515611314671489 0.102779250114283002282 0.2504205873453224651115
0.2797391543932417068419 0.2817191601228549169278 0.2454786742230418983279 0.3299908982185930095277 0.281234472111975608577
0.3128997477254174541805 0.3046365032033135356038 0.3062352571086596753069 0.3099217573849790685614 0.183892242775535369459
0.336115190697240329154 0.3421539141771090530852 0.4052252548202510129549 0.3302423843773857337069 0.3277406139658080030941
0.2732668221551642351308 0.3311067609167329672815 0.3249053869244380443604 0.3255430233461146238838 0.3535916359115526819146
0.3141965106042501343353 0.3131432263458067133399 0.2901722380963719372104 0.3045067238456267699753 0.2724533991354406436969
0.357560071911054599969 0.3460110897736042301354 0.3038519299397114958872 0.3534437877579376663384 0.3442905901901510135055
0.3022395872836693420105 0.3349106489217748561238 0.3722886241935273732295 0.2811306047687232023691 0.3263078322706138290066
0.3489215735166446563653 0.3057087247998068746391 0.1968133481817942731507 0.2178186775909412009611 0.3215392653654075005853
0.3044598141116005574069 0.2959903383858895065117 0.3326542705863204107963 0.2599086181936324235764 0.2775306188063088042028
0.3302618788474204758465 0.3597588334966787537716 0.2948008639816505072062 0.3733244945065135600437 0.3411465077824899494452
0.3414251199569883210572 0.3324774864250620298733 0.331593609886476126114 0.3399233123333871842142 0.3191120821950997332728
0.3276975486673522341974 0.254426693044137175459 0.3313028756136947028388 0.3756106450560007803396 0.3587469347148836140704
0.2958327269548914895125 0.3511486519094205172031 0.3360449600068028397359 0.306263581916659533011 0.4034515501969104245283
0.3246257981905710243709 0.3097112306131458159264 0.3666104351038211306424 0.3400833304514856991752 0.3476928581576950172405
0.2290189651446443985794 0.3270323964704891506194 0.3135727039411269623237 0.3351771174743904402327 0.3224894061034579983982
0.3705267521031040955926 0.3562626381330937230807 0.3544098124274464023387 0.4042825624172848852922 0.3005983466513877933046
0.4088359702429442688043 0.3803401559535031783987 0.3415455595881081718446 0.3849881484853263091672 0.3619224531840551928319
0.2821944177428023503573 0.2446109230403192835723 0.3559577091021062789089 0.3452424890246104105529 0.3865795738809982284856
0.3069650944228324296326 0.391217503398065824527 0.3398307212293764645317 0.2871218630206915367609 0.4137337525322749010037
0.2777741036012782438469 0.3447658376219358000725 0.2872491349750679878738 0.4196088163119597314044 0.3210499483053010361111
0.3891071461297452294126 0.3692855633591059505427 0.2594769679408583384905 0.3729023302354402269465 0.3867225941550296308691
0.3551488599182902605733 0.426621755078608444478 0.3765905986411621775289 0.4162191168115754735801 0.365269426610560721258
0.3510894109702403786955 0.3513150166864930645794 0.3592452333535730013558 0.2679705754804085349186 0.368977215969998995071
0.3390865598614903331232 0.3553358837648112333873 0.3240628564217769014277 0.3745518433386130774387 0.3668701216582790913812
0.383032848099536527009 0.3723042377259357937902 0.3496584623776433087272 0.3744524057428731400599 0.3545127829088959292569
0.3766624895472632239546 0.4058320831238186321421 0.3943633416554842563428 0.3928499859243959058119 0.3628514784298251805161
0.3105221750623666232549 0.3555633211650870983966 0.3805632139153964366152 0.4119699023895271317031 0.3371708006781473088154
0.3766210286631838100035 0.3150139674956596302913 0.4095283751442990727298 0.3137442478855357319567 0.3742874476159625540816
0.3529156179922501856971 0.360237702457676167711 0.3662995095400820022569 0.4113749236604281045437 0.3663286208657377529541
0.4125724235752482038642 0.3861502751977533565153 0.3674487049225754753401 0.3359966478334827089114 0.3670711403893745505833
0.3287185089313854335913 0.3801337775950505704081 0.3326640397034551499544 0.3956888736932475669761 0.3694826611599766330585
0.380186116207848923132 0.3054182554502185009682 0.389733564537776744352 0.3563784958124970314586 0.37914534351120871003
0.403542940299496555312 0.3321158530841255007715 0.3502361234670752221376 0.3788996025953486612714 0.3888605946230251908524
0.3434330134808030732252 0.3814168422143580650108 0.3552829322912793852396 0.387452901037861563438 0.3499545771235226254703
0.4204217715689027579096 0.3962254344624435153932 0.3357784777637644046955 0.3730240999975069082772 0.3015476209281113262328
0.3767698283695000149862 0.4400189877601591859069 0.362636389161301753159 0.3730296415803481813178 0.3818274552093448015455
0.3980182360165140376118 0.4083057853331547581988 0.3816901703566506487419 0.3289335641864900017239 0.3769339897316427157037
0.3811034218579230081758 0.4220518254495559395956 0.3648894686346580429337 0.4050373070066627390062 0.3848574023661278098452
0.3720850542940774552392 0.3931493507882309890178 0.4165143199329403578268 0.3695954362109715174434 0.350813203115601657256
0.4078768887712682089663 0.3508149076953451794836 0.3466041391986922626245 0.382526915022500579866 0.3257598543843036043022
0.3720233032331057843045 0.3734803279331128100793 0.4384027001438330906069 0.3509668488911695249932 0.4208348757622065727801
0.3996222115269099095514 0.3722596022161475670664 0.3777212311651912957089 0.3339099701412439058501 0.3518052194682371180967
0.3526006565055045949286 0.3796610790020507053555 0.4081018399757285197715 0.3149476724247423642389 0.3521414982741307708736
0.3031383056221466643088 0.4120291564819454355195 0.3712843805323257084794 0.4097472431346095844695 0.4366684997011311408777
0.4143491851924998581325 0.3707263908295531096293 0.373636234735465977419 0.373386776229289674145 0.394511338871865402389
0.4023355175979737574643 0.3947737805346520634231 0.3526048205700632598436 0.3933768843151778105138 0.3946462631305762691625
0.4177797199236084058072 0.4081648514740602307072 0.3978186730224135270184 0.4018732200559030909304 0.4213441321433586406187
0.3819554155393329319956 0.410528676170402340162 0.3794466739075740280285 0.3997056370409442505043 0.3909277898700427300582
0.3988223311590033404173 0.362981483000829885377 0.3929967572110691920173 0.3349602294955536518906 0.4167212381836952750369
0.379086244973306285555 0.3879394273171496987374 0.4445962721474750467543 0.4213528116310801818756 0.4354491337764333502847
0.4161213742400283743805 0.4202835950241641804759 0.3960410315334074726756 0.4045012509789976395957 0.3841356835583196738249
0.3637032729672421971223 0.4188793642814496176463 0.3750529862605492259497 0.4167862355870073365338 0.4244669127466453861786
0.4062323617166027633907 0.4011702760903154696415 0.4144338685296640734101 0.4198795181652429375774 0.4559849922899342766769
0.3957701831049283969222 0.4101476423173808227851 0.4182575140171047034521 0.381677840063559925543 0.3909422042620059323248
0.3950146481797865982699 0.4141583776713346765064 0.3630501702897690474714 0.3913323863916101652549 0.398123087767225491973
0.4323454357075030007884 0.406831038213924411906 0.3630179843003694672987 0.4231984176730200775118 0.4154504314964847511149
0.4115844834156864862074 0.4030171226862981348482 0.4263130303199537118886 0.3969513195357197155033 0.4202601693030003082718
0.4327550165375640411902 0.426369015029002818018 0.4331759008790028175895 0.4005268431077897983705 0.4497578130189785472481
0.3926379242961193782868 0.4064158720942540048426 0.4209825545156627990551 0.3332007210564187915658 0.3819310022941242999117
0.4403397808218019737758 0.4129615458024453178432 0.3874336784441539949242 0.4051557184691543800348 0.4238636395946604462637
0.377868659293105813024 0.407385120022544622298 0.4044445847366915924859 0.3952931759046134363444 0.4455102245888080125802
0.3463240065042933468753 0.4510686653445585836408 0.4382185474386229850907 0.4167577399054556708258 0.4432700150101951952486
0.3913169904155627265574 0.3993932399636375696339 0.4369145073909285748037 0.3936405512934401662584 0.4420223052726260370981
0.3773233137788116753342 0.4014721096822854162767 0.4424763460097692058248 0.3958539254565977549838 0.3847285605259853080717
0.3675711841650892153233 0.3870825153383460337508 0.4321559143199725228079 0.3572204732142268968076 0.4091488079578096126454
0.3823286045549311729097 0.423370392535223405428 0.4150778092036205846327 0.4361684510672768078088 0.3977780859261383361591
0.4165645367378022490001 0.4088549019092467262659 0.4211958266385077420679 0.4352188602027710628839 0.3991890621224801205535
0.4398105467527107514947 0.4184024967843706366288 0.3632867781622268199548 0.38212807312914104374 0.4110269623343639766588
0.4000901319960185609226 0.3648778758475454964127 0.411024562213638089414 0.4311277541306853255954 0.3787615325594744231097
0.390854465102998926973 0.4146466225782374781517 0.4102397037750573072223 0.3699031836580898291444 0.4070219127024607419507
0.3890757491566655401627 0.4106433908414516831265 0.4258501228394575566227 0.3827218643069244530253 0.4086457114814660562807
0.3867125719711147491253 0.3879591703020499049437 0.4218823362168087620638 0.3681296277168287223169 0.4268628883701823806263
0.4032540253350290759826 0.4396247647434310401593 0.3863918088010573903546 0.4465052563687271214299 0.4004331115050380751619
0.378920936484801407218 0.3920620873354788149534 0.3978053819305742977441 0.433853729580336744398 0.4024142516651947887318
0.4082288687458209275327 0.3900425548220337046423 0.4434580179423271983907 0.3957081468576461036335 0.4315868038395012651343
0.4486480246002635396962 0.4352446766703972347301 0.4145590669609126033279 0.4189503313201058398718 0.3778740851104822606743
0.4214995010363521421581 0.4192215425951131835269 0.4422426592525738331396 0.4143737735561296986475 0.4186229172513425966784
0.4090601265379390505394 0.4188459021002213789053 0.4013412457458266913157 0.4178865574243318392611 0.4103198760602002614917
0.4269014794858436157021 0.4475640583694405205684 0.4454133123407987837616 0.4168541320308152831053 0.4323701568726663335696
0.4112314767572310958421 0.410468564509815336816 0.4027601106323173141277 0.398495219976607084611 0.4123449438287296597849
0.4289565687156381978973 0.4266588424784095723297 0.4066019951699461620898 0.4267617253654666931162 0.4016397793391540682606
0.3843492829194389837077 0.4184281126799628824919 0.4116681313545714759883 0.3885273628256432076888 0.4152380636027877547356
0.4100137416755241792643 0.4049153730174088750005 0.4193092588758429717366 0.4169570453817288413489 0.3916813578283206975783
0.4241940327701549939832 0.3580681856225369497082 0.4036251080582404227037 0.4234647548637326397447 0.4531934711307489815901
0.3988400287283746514788 0.3936651851227815357426 0.4197872688156405462934 0.454103439267175834626 0.4265826279749870275637
0.4272903530369829838698 0.4095320107008134646875 0.3886829001226649871192 0.4243065201169696210037 0.3582574526633658384966
0.39624508316475681724 0.4115990623176164486807 0.3990608547288271301667 0.4401089044517366710707 0.3801018510169669184506
0.404331854257606426728 0.3996082838689479221905 0.4228697677852679692734 0.4199359612045180933926 0.4259188173090857620906
0.4234454070337343445374 0.4161227679748183416741 0.3977416239741755621395 0.4282937790595193194854 0.4042372182154954085576
0.4236310552567707499172 0.4140079493637274232753 0.4388564741785934697482 0.4749584328933780241755 0.4192433947821202488981
0.4347917340566385679956 0.4422730006554414505793 0.4070383140435682167713 0.4716454682542183807215 0.3746803768107058729697
0.4008319589058483845001 0.4586237208362164419206 0.4368636775104092206945 0.4267847686930451578391 0.4239584106351766967791
0.4201949015428526612581 0.4246640135451552611201 0.3815787000933507089329 0.3942374167252588601507 0.4216860758907918227401
0.4405108807067942833235 0.4222131896707210230169 0.4142886536667551022894 0.3741879198178964527344 0.4004251890486454357188
0.4007818061442064427879 0.3871807370402886583349 0.4382259541407429459525 0.4255395759613147532718 0.4094293539341222198935
0.3868207799524115975132 0.4348185356006936674866 0.4315915398578652473205 0.4132630235397081741588 0.4270754261433130083425
0.4172275847817798477557 0.3947363054635813495175 0.399101898365199547758 0.4187942113298432356139 0.4203064054283017214608
0.4189111417182703744899 0.4142903393460358740796 0.4423406460720543664777 0.4306168728047790605906 0.3977371939715532156434
0.3961888833420137423502 0.4046782016108538826415 0.4478333560005453573005 0.4080569392283216467732 0.4677010073611980733865
0.4116599239181426006517 0.4148398215819980583419 0.4131373534188561014169 0.4260257449140391061704 0.4054659831918962509256
0.4506793563265353297353 0.4176626372372025941537 0.4242389296599571868462 0.4566219722213442078207 0.4459735536758874241414
0.4143957414319144882953 0.4426777038412162967873 0.4370192043514618540634 0.4332648449358995623726 0.4111944129894562482974
0.4376582827481135806735 0.3936214180136077267491 0.4200201949098903431157 0.4359959873837761512583 0.3864661000908288790434
0.4070224695974204442983 0.4134564161607406362897 0.4159230798262603112647 0.4200052740307138043896 0.4550967692352085869345
0.4024506182398101539199 0.4063450132274189496862 0.4123100130103778404589 0.4422037832831793857657 0.3604526555369763629599
-0.1186653123581416086063 0.2886277164501501180105 0.2705785699303545621675 0.1499040115022880204076 0.1971770657300104256926
0.2522327417962645368377 0.01026815239406332971872 0.2289248069539640828562 -0.1030830296481722863078 0.3003231237251821617029
0.3094754779025634672251 0.2284826782316677351581 0.2097343463881443104135 -0.163982306845744857382 0.1463009447680921615298
0.2682124925019632177836 0.2519481336180904307298 0.2004429385320538603565 0.3555023121381667428054 0.2563471472879197965433
0.2359037675707026104899 0.05705502887697684599733 0.2597515071287254118104 0.08806461734498972904195 0.134243751590874704771
-0.03095944687306770304325 0.2198624561076471806143 0.1976981958475239331552 0.1653121792842696391457 0.2239535845391186774656
0.1066732813516702155221 0.2496581922846745349442 0.2719811751989825165943 0.1860969069677375631322 0.2677802013927677027283
0.0007711371672234031745402 0.2529990312072134539534 0.2779191698542946564743 0.2354133434148285852761 0.2485175372127936821443
0.1309168476539564474059 0.2709542324586618478044 0.16152457629435060249 0.2113422700771964979349 0.3048449969045114449351
0.2051091031812113940624 0.2395549208433663535001 0.3058752404477566022578 0.2732862112807960541794 0.273128663755272949043
0.1100514654944843018214 0.2540080471650177917908 0.2542662566313205751989 0.2612794445828780509622 0.1397144065528475309623
0.1879566842114725744306 0.3191294985657762706133 0.2921340851505371816188 0.1992594324663150839871 0.2829595404998789809348
0.2747921705242142853542 0.1461132437301908559846 0.2070695057394030813569 0.2821053375711490840416 0.1830662340591350523145
0.3208977003608151634673 0.1968072023453941998827 0.1927695186600933419108 0.2504231947686529347052 0.2558790828665277183873
0.2887467152247980561874 0.2268983506941381622646 0.1825685347205704411877 0.1836609679229593006244 0.3400149077423820220822
0.1241378224058554968767 0.305117694314895604446 0.2911018614357868128373 0.3166280826312606322404 0.3430618252174991167358
0.2807056448489638755817 0.2690475323276356189872 0.3264037572393091446443 0.2286454769993699898123 0.2748873771644315122664
0.3011653612702875348894 0.1794143837447571276922 0.2729708510575226676487 0.2341673636282642079198 0.3151491514639035429468
0.3382315508496311351472 0.3160894131057278566566 0.2633736171935235903518 0.2606264027816226347412 0.321259734410244968128
0.2546218385182260068866 0.2774807773846939551454 0.2988469046410155427473 0.2048346863472245149573 0.2520156088843820141321
0.3068904091471979511674 0.2473312716018923884675 0.2894458947792522551801 0.2818172681807448176627 0.2711639888886495652898
0.2689285887572213096242 0.178903755941162562193 0.3378290576609986328727 0.2486765364703342751085 0.3134937884840529598307
0.236000983505697065068 0.3049173255042545993554 0.3026030822401358233442 0.330486898691734587441 0.3662206081028664961252
0.3072701972048029195328 0.3348126975637472080294 0.3217873731938033499134 0.3244906475950509183726 0.298510473966418499181
0.3176932205545291987292 0.3047613618402383317552 0.3260748160076126778151 0.3864227977378057454771 0.290440039022112295175
0.3503197480550594433701 0.3402402434267939868029 0.3984458898541584082054 0.2708082637935377845473 0.3385795097905417994077
0.286365478063982881185 0.3048248758267032565428 0.3154369798839990468586 0.3162929815210944739512 0.3096491748761296958214
0.2732547494716434099971 0.3508245180541582630696 0.318805264119095876918 0.3813489030328967577255 0.3579506081672134132354
0.3155926287246009764864 0.3798837582103280485768 0.3502861922771509650687 0.3304327890923464683404 0.2766522176683913203377
0.3376679212199100721392 0.3916565042892086179194 0.3974325594989966958792 0.3336822875091884910148 0.3416317742069296392593
0.3508768078028194348228 0.2891885262891286112463 0.3555557237136214854267 0.3451241604293764364542 0.35277280653735954008
0.291155687060018542045 0.382363269118360327159 0.3166138357783969681236 0.3084529114535133342834 0.3647333621412421900132
0.3422950044106045641712 0.3340051818346082002087 0.3314695855256842849101 0.3098449710284272295979 0.3647032158424143299946
0.3263816196281160708637 0.3816766925235237639669 0.4240657051040366831707 0.3411756014079049270649 0.2917291005889496302572
0.3382791086992547047174 0.3681340712339014054066 0.346926368734710277586 0.3444400044357474044432 0.3706505577097507497797
0.4041056021001809828164 0.3462650083997158567684 0.330439495931823645769 0.343543815971360966266 0.3955878111490317428078
0.3130174079843253687194 0.3739818971707832284679 0.3245922250365308459052 0.2752638999981136813666 0.3318335851881524245499
0.3550969161805259677323 0.4086677734316529475578 0.3149729396493537447732 0.2942309231060827867665 0.3429102337907140585216
0.3325222171550774596938 0.3179200080826323770999 0.3477392188447240850557 0.3715946084497249723988 0.3797295774011645308477
0.4000978063467286460764 0.3728028207110664071777 0.3642707828400466030239 0.3819907675243486844252 0.3327690095535724701392
0.3312176528690422006029 0.3948299900679006491089 0.3679789639733624939666 0.3789250200783150224204 0.3278873904599194921694
0.3499221528492251209741 0.4025956730086274193425 0.3244347143169471481272 0.3285924510741390358604 0.3045663672700660851156
0.3706971143932780710095 0.3868555163535072893843 0.3823140730367405315526 0.376633326651343525171 0.3696401654069415010362
0.3790817146323451902745 0.3554262795580899747527 0.3305206858973749328712 0.3008223570601985530359 0.3919055178290360430537
0.3874602646962520546836 0.3867957567749801262025 0.358405447687998701678 0.3493677790965457052863 0.4057635940119304063245
0.3942342674489191511888 0.3645379551909585513769 0.4046658483626139335421 0.3751583719460960808512 0.3694937672012413854006
0.3742059983760926411556 0.3784498272582077493809 0.3694149648477954572812 0.314907655621978033178 0.4123060539144534630829
0.3935503449849778179193 0.3826777833261780781271 0.3966551387586230159599 0.3784463369045106828636 0.3101683848670241383516
0.332315975270443819678 0.3631325914575315172428 0.357883097938598071508 0.3761308409036751565502 0.3803541422523565307401
0.3984315651710287342624 0.4064835674960133315992 0.3708163164722575455556 0.4065006884998612068927 0.4362281264071450337383
0.3568185335837446015006 0.3622792335646604633403 0.3401686608982817938696 0.3710132079099505708619 0.3969869244692163512411
0.3914679975884057805402 0.3929011035971461951455 0.3804986341368108981875 0.4195358127648042279034 0.4118521382955002696491
0.3949120945777974678315 0.3788896320392783900743 0.3684762365831175112696 0.4165991350885098198908 0.3521405744827805772701
0.388937053334356852563 0.4007516909746255406866 0.4282621535770809173549 0.4233101187033275758509 0.3548390661207640461861
0.3797670520972086793954 0.3836894800335827748761 0.3401878044818704149854 0.3744252897917147437923 0.3826266452026593767322
0.3664950651120518765325 0.3751085494846902457233 0.4131186242395225027835 0.3797864411016294017287 0.3930363170233096004047
0.3303853758010123486955 0.3205175463553405768025 0.4205812353846847817529 0.3938804400442028619267 0.3699362207835282800872
0.3647718335801252154127 0.3903308112243954464127 0.3996812816909742216431 0.3773505929720441520736 0.4048477380394677749287
0.3742954167037751966873 0.3604792803431502434819 0.3843253983857356503862 0.3532940959493044985607 0.4049670439102557306654
0.3980431844145015385372 0.3723637231026677985035 0.3632695614726586530452 0.3664316582095059060542 0.3796255808660892738793
0.3643952502321722297651 0.4051038154515943512379 0.3836228676874607890213 0.3796897347567194658247 0.3696667291989246262318
0.3820881354181548394955 0.3326505831626245246468 0.4360216347452098295534 0.3311913925869794383949 0.3401935699364439513737
0.3452806924904666119325 0.3869512534574511830598 0.4118369857703496617063 0.4002684364188260346396 0.41599176660105252612
0.3597700051542908061819 0.4464719944310596155823 0.3687709350568743049692 0.3695849694657125650288 0.35737704550674570525
0.4009278308320153860755 0.4276571585901045025047 0.3668931552802668361046 0.4331528775932230734824 0.3743282992386318119848
0.3948168650335212026548 0.4075546877907711973421 0.3592350917621247585743 0.4227609949566838443147 0.4119540587140004817002
0.4085929943020822352473 0.3579808642209811320178 0.3807554644875719707109 0.3799044523635762837799 0.4211667957395849315461
0.4085713197486129932834 0.4068326663108152718706 0.3928792243104434755985 0.3864729243242737699582 0.4227120781116474601546
0.4220138291554131337868 0.4164394745850071855031 0.3900768544111963831433 0.4006040306521039262577 0.3718199433950761245704
0.4116445765582047999764 0.3872751143841603460594 0.4110699771447324790685 0.425693672768628017522 0.3722672468251688737695
0.3451591745625221530069 0.4554572010904330281456 0.3802401881242066794542 0.3901301346487112686745 0.3918640157796814960101
0.4290482875471970936054 0.432786512300041337209 0.3828162602165996464265 0.4037612089900608491888 0.4112662077419890205299
0.390762048043491905247 0.4128425745497118493077 0.4129474311682168052862 0.3756113262561629473346 0.4166162484763351603334
0.3887747553622379892424 0.3815716074782380951014 0.3988459389003605193302 0.4192823457556260624557 0.3342099320214857449685
0.3922530880475625925108 0.3757330006755427165288 0.4006752837850839910061 0.4224377191172388745777 0.4285260083929200991548
0.4230909233562183402455 0.3974750676802316640135 0.4036560089671349382812 0.3798029162037807049401 0.3903724877918771096752
0.3900544313143086694318 0.3967075178296556314805 0.41257156608632084005 0.3906607713704896567286 0.4063827734377714051561
0.3742574732662581338261 0.425959943496526383111 0.3542012241758933921432 0.392666413717368767422 0.4259994522985556808514
0.4026941126950175919852 0.3531452349509180410614 0.411361797284570562816 0.4289652650334410122213 0.4334443500360466994259
0.3649970469250599647282 0.4106017840418425546289 0.4211526019561354083898 0.4116544646673546692384 0.3756785168641452732352
0.4286759808496287127433 0.3814562146078746551758 0.4423576161996520261788 0.4075632068801163243599 0.3991679933274323577308
0.4012628758214240587421 0.410193406617361810973 0.404372561544697084468 0.4432646972616709479809 0.4193617315870543649226
0.403455054441716309821 0.3681401866293170788147 0.3886691735539793968179 0.4269368874527443291633 0.3724280043817926877381
0.3799614692697795836906 0.4180430185713860380403 0.4103819080958416298799 0.383548794637226131421 0.3952184723076226369187
0.3948617014991460116846 0.4263004937694052087771 0.3830579770354372026731 0.4230511718388817454795 0.38119287702419035746
0.3824153757027262123813 0.4370351984692543712008 0.4196200312507921692529 0.4293026740114597172848 0.3740396717098862788831
0.3778772674344785809097 0.365851483444424918634 0.4228045293869453491453 0.3748036740964268420662 0.40810260704919248953
0.4141608438618035181733 0.4412094547708135250375 0.4043913623016207048444 0.4326189537015865393954 0.3933920195341739645123
0.4001501699063160222281 0.3408787767469612095539 0.4184143243584734217499 0.4317210272333519283094 0.3960652791789668891731
0.3950109020436935458598 0.4063311879371203083622 0.4346012768774512036174 0.3474472168709855646185 0.4410871270181178638303
0.3728319705687542229278 0.4202877423137941215181 0.4423887860482653144878 0.4192449479255468958172 0.4226292858891404491395
0.3944058886971334443317 0.4086801419717633332418 0.4584894776111052006051 0.420001830216874760815 0.4223519823416518881309
0.4242119764278808879965 0.425820938726128861429 0.4018897652209595938722 0.392240761872886423145 0.3573292276621871099707
0.4188753901822797054422 0.4289500621636205268672 0.3788320221401699772201 0.4042810414811521257938 0.4102271108265140298066
0.4253506712462409855569 0.4320877228733220887236 0.4017837406743085537641 0.4465706206091240026979 0.4334321757192874935427
0.4054256740646920986748 0.445063275037215877461 0.436843060775084723879 0.420840731918959154445 0.3823507995736231679373
0.4008624743560088576899 0.4228968246538691855285 0.3811859663521140473286 0.4137641262066586445023 0.4104132489445632137048
0.4049940268875725779552 0.3974898642408936089154 0.4427698316376948994844 0.4188637224535525227509 0.4376478153219366395987
0.4369838910277479837596 0.3923444200102618739656 0.4430808142716360920055 0.3741410872879633031651 0.4422223739265028208401
0.4173790328656685200137 0.4418940297719008980515 0.4038681766487414170896 0.4419064311392518762389 0.4341409719688154589257
0.4104082347571871847158 0.4195610223912764058518 0.4091358081864550633178 0.4534774421761016416355 0.4309785337856802400758
0.3915702830709084647509 0.4255992842574324863669 0.4345911279990687381414 0.4546658081752955604671 0.4075099198551500045973
0.4142046295666885202813 0.3956347930164455517499 0.3884812162476767860575 0.3646713509188183044429 0.3919753836993566942226
0.4238599378853296073544 0.420348151828149940723 0.382306195790862335393 0.4081777638399897711885 0.3981242131729929023543
0.4185246599343409035221 0.4165694010392576585033 0.4344367201016872126473 0.4410074286569154455862 0.4226926460425829423784
0.3887364576238461211233 0.4278844860947503270232 0.4379279442734881344634 0.4142221545292855688913 0.4218594387829741054752
0.4185042330813429356517 0.4271380413198667125307 0.412729146515849631971 0.4442635100102065304206 0.3810901532106512057396
0.4082035517851716477367 0.4550710420395635003032 0.3866138627454993592636 0.4223083735467840771349 0.4117291753893981831602
0.371652358178773345454 0.3907638014718695651517 0.4429226379411032032962 0.4248605630321125592452 0.448936641411130821222
0.4231713915842406081858 0.372179143629135011917 0.4046933850604645943605 0.4084163973151170301534 0.399402947225786508767
0.4214385230969868723072 0.384549135872031322414 0.4207349160437769408638 0.4305532200009909993277 0.4373259058435659540898
0.3901139273395827777868 0.398000257075353858216 0.419672160817645356623 0.4029584802461979586852 0.4413124318334674667241
0.423363599143662505675 0.4338981852072988365521 0.4014946778647939806817 0.4342692340330513989244 0.3999385827051089581374
0.4083059010621312157063 0.4023189970802135140282 0.3864206899429075692254 0.4377707695774591400983 0.3899041354542724380217
0.4209391273830542234968 0.3838407433599878570973 0.465603533464973184941 0.4432000607813460502094 0.4155219360132530459495
0.4453064796589662477366 0.3822789623602829700566 0.4107852615752913827407 0.4098490833352638196274 0.4558527533332218384388
0.4648954407239410668851 0.4200161678362023809363 0.3733179805688984775891 0.4326188487288502027006 0.4031073499886075328646
0.386284678098347433739 0.4329352056522500213909 0.4461863782099069752896 0.4447927583943172002989 0.4072493290479707317431
0.4175523226397372944518 0.4182600696556680319738 0.43905311897177018432 0.3976573858234083713725 0.4429633862680099065656
0.4055072610834025148563 0.4464660554455099350513 0.4301076376607413376263 0.404134460888435464998 0.4289424003839641397207
0.4336759643856201162926 0.4369957083903442951467 0.422819117277069167482 0.3743341679220809625761 0.455945131717948481942
0.4473755343622390912017 0.420134845128988132501 0.3970326890639906958214 0.4182634573032396052561 0.4201834803313136967873
0.421457688273505826082 0.4208245837134982347827 0.4327000231611069502868 0.4236135313937012814023 0.4451565578876814921472
0.08703205354579840458129 0.03603492309665234927252 -0.09183610387088479709572 -0.1320905796825536937522 0.07954706476256141745029
-0.04476534865661130346837 0.09165180218887969409991 0.2628920200929675821122 -0.07675112398046246564576 0.0325345956495428287325
0.2529829611613796935821 0.1132318791891739201416 0.1433067364579423130788 0.08107895990069542702106 0.07308301935586092312747
0.1508941370904565981714 0.2355574747870619600754 0.2103864903331795488395 0.2394843225824209165253 0.1909745355023156898611
0.2334398658733883302752 0.1637003388076510024263 -0.03183340938466232283854 0.03730454218674717631332 0.1892351822532045979575
0.0580969869698909832656 0.001574691171788318187416 0.2294168867017713775436 -0.02615376592161036337081 0.1565659136013607399818
0.2525666895879120077417 0.2278317872515258080135 0.1698148818106593183064 0.305395297934197784695 0.2085085242256411452999
0.2975179299390152132254 0.1321983947849246499029 0.180201765716453909949 0.2390108601496053475355 0.2076535769253353425068
0.09069849543367902722224 0.1023597008122207746572 -0.03020707941211651231805 0.1452179213640975574684 0.3018924782753827917858
0.07048138563324606031824 0.2895767675496892512577 0.3139465309415369054236 0.3534664617921338125583 0.2983613955990779276206
0.2636744939424099931635 0.2171009455276393940171 0.3373568455529409315652 0.06417972366692736851945 0.2068159159557943216345
0.2230848412983720274738 0.2444562717680495156358 0.2092599001552390980407 0.2755608914317835833607 0.1496078729328895462469
0.2276429288410943829746 0.251406343839134904794 0.2782531961343249760077 0.08496928317338509062395 0.2618894505841035114102
0.1763853010700735524097 0.3266175770900099917249 0.0901125520969826565576 0.2816047763813094295671 0.2873051201660365983059
0.2444622994293904894025 0.2880418882905413924256 0.2999022057335639090958 0.284960144880334387274 0.2967694414048882012302
0.1981158585403790250989 0.1843721552342351410747 0.2803885605231254407599 0.3142802057420671646426 0.3114576989157560316102
0.2960997244684421270122 0.2851738346275239366356 0.2584813876928382936349 0.17276616848438361429 0.2385222887597045482444
0.2119986745176305475979 0.3171919479082890291899 0.3514587787946268360173 0.3298019562812930516316 0.2317702376269675235143
0.3334405160254449440593 0.2811592902986163045043 0.2770030096508812600398 0.2410591358470545175763 0.3005597562945847567306
0.3594932053940105842749 0.2954836427564743184249 0.3060103256477144095804 0.3061359719726802763873 0.3250904538668511478683
0.2833128890568053503962 0.2738719740480382025538 0.2413626708443377677504 0.1693177754630264819635 0.2896915237534245513018
0.3565476755203407233097 0.2472689198869448545803 0.2860472426743301266328 0.3072734436782966760404 0.2903138980873370411651
0.2315406715859906205957 0.3222597710315942554082 0.326334377613461179557 0.3603920334233763345111 0.3398755294466700993539
0.2511386333115684377226 0.30402882503169464945 0.3390288227069230275745 0.3133102921060067491688 0.3553274640032682007984
0.2556796213124894467938 0.264383535809363023894 0.1944461348319629079295 0.3109688581722292455289 0.3845531014579700035405
0.3398899396746975498651 0.3711672635833786482173 0.3540647643848601755501 0.3042923272566023240593 0.3332531074634479950625
0.3114892961558545225742 0.2692576939749954378911 0.3324274249131961567194 0.371419469979672012272 0.3129137101322737590792
0.3722113757976821535323 0.3499699544806530449037 0.3905236923612253052696 0.3248981092489780508892 0.2930498474614147697004
0.3252918888487394966091 0.3310977609026429790973 0.3706378189966391123455 0.3859225734010803265939 0.3312803777882653566422
0.3486735280708997408716 0.3338881308364657352072 0.3343558713011616223554 0.3164421476849205716597 0.3102157098699837578515
0.370271497907760982482 0.320548311085974646506 0.2479113164185526019256 0.2751700451396414393024 0.3080040764506454809002
0.305589617952801817502 0.3669130149868061741003 0.317158714647688799726 0.3613583301871468589361 0.3103114763696221412026
0.3193881745480514067204 0.3466986706599131107254 0.3494514072093657386375 0.3529818572633968143393 0.3518254219812761984798
0.3861026266544295704186 0.2973000717330257502979 0.3452205869231657620055 0.4084318887882198434447 0.3400287869906566950995
0.3393408839767759199724 0.3385859320220735435569 0.3748009302119361674244 0.3365920512600804603842 0.3607057581689682157489
0.3585290865663315340583 0.3877694088215534184982 0.3866453534103482247986 0.3986796031420584696114 0.3370279720674703716199
0.3048729801863467869794 0.3407870827668964541779 0.3286005075785234375019 0.3927870129916565811179 0.2835615495176416200884
0.3709595470634869385229 0.3261431973041777898636 0.3245810778247504857497 0.3759160944686404381976 0.3923052136274280954353
0.3533413894708529734423 0.3495131783353397914027 0.3000362350725289117825 0.377138831623744730237 0.342834691586604567437
0.4000635840194200487652 0.3297082421005033681105 0.3549162258875221409582 0.3840985511711761946074 0.4017705539648190327107
0.3178084468767181647308 0.3504928846570338762945 0.36570219361626377097 0.3139885601472588438909 0.302195509378446303117
0.3551622746726630919234 0.3853567507815072734623 0.352473652979887863701 0.3299406821161798841757 0.3572825333854108831311
0.4076727576224858373699 0.3953204614278825745899 0.3387815481102248726941 0.3722252215517194984251 0.3688214759428846689637
0.3224207576853614365398 0.3611249234877085823037 0.3634462523075611684042 0.3241472380761210581035 0.3831724681186482461825
0.3462679573342119510038 0.3284995566026329694154 0.314108022795873520483 0.3685998053205417623879 0.3556358714315666080807
0.361310541166779464195 0.3410073701249229927157 0.3846851216172761378509 0.3515201373822648966971 0.3655760910558680243376
0.3695330411455644559204 0.435608169076558138233 0.3910933735850528059075 0.3756869035981748039532 0.3909654190635353798733
0.2909226588652646938726 0.3633772482149665861151 0.3389579841596989107089 0.3788641297283413256203 0.3446574491206411683386
0.377002526674056037681 0.3592202578264333534541 0.3781126151937225232658 0.383801387090488221876 0.3394950854483685387386
0.4252796797595083111432 0.3559491902841477317665 0.3748399847198823353622 0.3190764176011648967091 0.3970216185460496705062
0.3472847235206206750746 0.373305421690844463356 0.3075306261481222658283 0.3577186148781021923782 0.3718270828864775889855
0.3872212942342450059385 0.3787803034008061509041 0.3278831310133213938762 0.4059817162127138390204 0.3657292805419478654017
0.3814622424686116564096 0.425736030849243940466 0.3660880264032752573478 0.3531696164148646621683 0.3567904955845837555728
0.3765377364448734276436 0.3497293245692267849023 0.3975110882968350134448 0.414501780175279110896 0.3209259070969148752717
0.379700041018520451086 0.3724104897667666613792 0.3897636451718103356434 0.3844740870282876143982 0.3409974090641669786095
0.3643312982553905121641 0.3752566636355859630569 0.3722983511827429592422 0.4326548754434841881356 0.3688291776415739686712
0.3730367982454294017991 0.3820302432959939431534 0.381814403449723616113 0.3737203661229753781647 0.3753721703139640264446
0.3810404281129446957266 0.4054750209858283827025 0.3998218628690559106609 0.3771803682261898327255 0.4382379124746615395303
0.4171926645758778917639 0.3468934920782381636783 0.373068104809461842386 0.3750077857341090337151 0.3515789684068966747255
0.3966654395655820342093 0.4290622760730622986536 0.3605118531159107186923 0.3833650812254968953674 0.3890232892007611242846
0.4295913998884379747523 0.4413619531329821543686 0.3349819516444776379416 0.3817050280038453702325 0.33995612641532024778
0.4015234693329209902934 0.3774921741169315891895 0.4008254944000378960922 0.3270312636140257911421 0.3244107265826535191344
0.3748495949312157793365 0.3747410612998119949779 0.4109278442577144474512 0.4164696510840421583843 0.380423954540665687496
0.3749159988226509754305 0.386250621530771498513 0.4169118074718189959071 0.3770213539736259056312 0.3821389175649988478867
0.3826284462368792493869 0.3966061346443333079925 0.374714189422352961234 0.3791817935838540098992 0.3801654469618617748772
0.3774662685397516814767 0.4019886838679219143167 0.4355317723283054220929 0.3693910527529269405278 0.4011998632739557368865
0.3984201709609380692712 0.4117673270357020687271 0.427709211176946546562 0.3903282138364829734201 0.4202576105545258178253
0.4062269906638802385856 0.4273478423493210498485 0.3859155768528695351627 0.4133935258525025524534 0.3736476771987182199375
0.3971720030376292842611 0.4331090867704027180807 0.4160247652887713587511 0.3432139635979938874222 0.4148191841177553684794
0.4182614826282166076155 0.4008368095303235234539 0.4028279926192697701914 0.4143731455774256611235 0.4018918687320555127584
0.3948536107057952215804 0.4294683955057519986198 0.4179766018751115974617 0.4278844979318445762573 0.4168822765661466811515
0.4236487888431818560342 0.4249122030788826109848 0.3874820088841819387682 0.373197271288654264243 0.3996384960738786906731
0.4016853607565178396754 0.4016450801409175985768 0.4120326693406010654108 0.4129172480432281022722 0.3732506979385105116975
0.4014374002536046370793 0.4475586048443347397807 0.4256205210060053922838 0.3805190543393616731116 0.3870707632571043221859
0.3825145174000956216354 0.4168495438905667205276 0.3919916744530420604775 0.4233016645344864214984 0.3994873751196794664509
0.411012347291659307924 0.442456794113204765484 0.3729662758366374397667 0.3581909649138284579273 0.3665932271358534610961
0.4442644717493650086126 0.3480401334750886643832 0.41514748081649971434 0.4442394318628419269679 0.3808917319007142920917
0.4176022263491749875186 0.3999634422537949873799 0.4281989400042338078656 0.4187103710705399328695 0.4180543439156432783399
0.4032175720901971516241 0.4154006471683370782522 0.4148925920645672449361 0.3984687619225734667161 0.4404312903018589020476
0.4475813641850800439492 0.4195084239873225762096 0.3754283445421607301462 0.4455954950386598056866 0.3921344809203349268678
0.4254552621468750128741 0.4382581615795330121088 0.4282503717151355249193 0.4162767117930370464052 0.4674771866360407091001
0.3958373188795423214259 0.3614109846281158278103 0.4065622006979629499135 0.4048458954068381299152 0.3877950175231630880468
0.4384878715596723375292 0.3826918262292193784191 0.3951913696097127393081 0.3914856649388478437857 0.3665296939319148683545
0.435437326087602050162 0.372696900583486423475 0.3847533051663547531973 0.4364443798789807704708 0.4547515905772980815414
0.4240302884586913956255 0.4212638367944736006443 0.4539945283560860578298 0.4213692526697223050824 0.4162806076356567186458
0.3913684826659831195173 0.4181509176125454696482 0.4297047322001200098107 0.4088051534591032321053 0.3943714355921726366638
0.4372311579896442368387 0.4119213017129406129158 0.3975662003391256527074 0.4147639178667646975285 0.3849095661674426516186
0.4396894228198729437374 0.4171393073274988205767 0.450823389017944442525 0.3762405354897996323515 0.4239410031751815743917
0.3806706598586758749647 0.3645997390219484213247 0.3939257890564483166607 0.44892380892932282066 0.4294836628332547867615
0.4271409176066252033621 0.4359932145203599396233 0.4259578550231007398885 0.4257530444940035296852 0.3794334022448525023385
0.4399304713556755896953 0.4140764467215385935539 0.4232503411690929362443 0.404373285635302004426 0.4370104803579853980366
0.4273681258473489008587 0.3952233593931106514496 0.4268620257245939186852 0.3973877630810322414412 0.4159524184858814366272
0.3976509252051811382778 0.4182876108043765417399 0.4113433636488906808282 0.3988476350180162888215 0.4055306977818147196047
0.4046663036051599271481 0.4271624088040567035485 0.4146811065798680639993 0.4298380108865331172829 0.4040852485420904915969
0.440811066793395989194 0.4248311736315710795964 0.3654258831069816526593 0.4340928494242800583791 0.4025260441568416780456
0.3892489111160838954895 0.3936919121898007078997 0.4166558706167484693594 0.4153004956331087238475 0.4113223500400556287282
0.3821930707625056378163 0.425985533002932181823 0.4203528292761089524276 0.4341836855420159735353 0.4480220987018900813403
0.4321142404486871257951 0.4066741324830339121554 0.3976324120255051997042 0.4315389105994348328821 0.4119020753005855350892
0.4172641384370490702516 0.4160115581307980425763 0.4443191682626631555664 0.3967914665702211851617 0.4153855862250468988783
0.4067236132396375714038 0.4123338415455761185591 0.3871412266935797541478 0.4837765788227041396929 0.4326284067481871442595
0.470058703108121200831 0.4257995056367941399955 0.422657984211993464907 0.3952613533969774328725 0.408332966935970098632
0.4066438759342811404274 0.4067841877646057313633 0.3840593941612147621534 0.4343287103804234217108 0.4170624457085186365113
0.4118344271154874003393 0.4249105750529957314932 0.4164741810038800062799 0.3920293430508501875131 0.4265078571916452454538
0.3675487343631534953303 0.4188912465387330530397 0.4360643613948158026083 0.4537198220483956712101 0.4294395080101435779873
0.4217055869524258260306 0.4287022029708560943995 0.4146167546293924033307 0.415845448176952348085 0.4404774239990817408241
0.40490015307068355499 0.4160122712313923387661 0.430165777013596872802 0.3766290961352990462885 0.4449572828379457778425
0.3472668302928219041803 0.3778724370242856900326 0.4336454990237827433752 0.42999397225824009805 0.4315405091023913342063
0.4282318909737616863254 0.3852701270622839735402 0.3888322071259525114506 0.4061913566379729556566 0.4333921370404886785899
0.3960283829599568483637 0.3665522895799075975276 0.3961102661044344497299 0.4056110060890559254609 0.4128790967305918657715
0.3859108067132831498824 0.4054749022234654942665 0.4005848351636948079246 0.3626037130575981981551 0.4253260897898842318732
0.3937036691223591011735 0.4131308736975125572854 0.4240796760466875592321 0.402153504923003390914 0.429162618385085736783
0.4391905757436499468938 0.4632741410509939594675 0.4419818902926028192368 0.4002719138529252651537 0.4042822826487146303798
0.4174161586826291570063 0.4125157564032253532105 0.436840321330877967565 0.4469894298262033216496 0.4334847341171707002516
0.4396332596229620137684 0.4352705220307458988671 0.409272190187853546206 0.4272826616752842254776 0.4237096844900576364523
0.3912960660210051955232 0.4067863392810114886444 0.4182334373315846898223 0.4039897138892705186208 0.406777934760934378744
0.4184231827117779189962 0.4016917021349889482806 0.4197063031779509900687 0.4138217682183261136863 0.4587478943601195902069
0.4233682519277900957455 0.3913163397838320678446 0.4013203407855767124168 0.4278372280308297415097 0.399613574299201579354
0.4533775350418602356761 0.3881268796150693090041 0.4307410117620183442888 0.3949809511778629156353 0.3898322538105343237902
0.433294349737178008386 0.4198466916718933683583 0.4177900049575126728563 0.393265396054966631656 0.3933263753734366763304
0.4128113081290462615947 0.4124272294712377773251 0.3832373664301478854988 0.4334247587832080195192 0.454962526401416322841
0.4234344521180448128739 0.4344725562645863625733 0.452556925967694090307 0.424039549848424013323 0.4212821019381814968696
0.4447926618479148830332 0.4125357235119741505791 0.4211885961401167222107 0.4453820015067321280711 0.3667815000902230337942
0.4379063849553949117066 0.3962536936216929372989 0.4061088390142585935472 0.471223547946028609168 0.4233984636930687162071
0.09422144307419628994626 0.2251381782023801625403 -0.006145075382384401763147 -0.08824284162695561484213 0.1753765615087722606891
0.1250052552586201071172 0.2656102694271767483691 0.2340608138198950194386 0.1928299463738049335237 -0.0872931048345671339872
0.2022533753691146685139 0.2292290751899622169852 0.2271403206577413125267 0.1727310403685869966139 0.2165653291427720450457
-0.05695230395737947010071 0.01026402629599338332811 0.08551199440859096057022 0.3294327655829022427625 0.208850675496265986153
0.06565506930171012556219 -0.02882484214004517319996 0.253457982128062420113 -0.02056160137627112763359 0.1223882086416687026142
0.201040381902335280051 0.1409133389259772106694 0.115760723400090831392 0.2446801204963327536213 0.04129481926251851037213
0.201050171919699011136 0.2608180854929002534526 0.206419803403625146121 0.09138850707279294605101 0.1188278600541636531585
0.2879246783174406187911 0.262242512289637297318 0.09955173931645037999072 0.0720047720893158271771 0.1776159025560965498691
0.2533295407909058050144 0.08776299082987451538607 0.2211341114087082559969 0.1222541038499630750014 0.286820111734377769519
0.1887198763981390581268 0.09875678105909886650426 0.2502250270260535369715 0.1596644563432027819072 0.2905798149853266454379
0.2560916672365786128651 0.2773090051131228417347 0.2990693272195280583148 0.2141243916974419347898 0.2178973243572430162907
0.3167716257955084935283 0.3163721451536891660083 0.2938803309587336154429 0.2860673877609197779393 0.2201398928591788983766
0.1348576266956561520161 0.1486234233137995186524 0.2556797839702178998245 0.287819775069178052096 0.2953524841723992322429
0.2774756614938594379005 0.2782592907792772463083 0.1063016991062303157056 0.2853190229959690071837 0.2257668085938852042815
0.1720225659609092017099 0.247341752779132562079 0.3072389494190847503141 0.1873658634661576338765 0.2741129980518969833092
0.3148198973329300320856 0.2691424594814259552145 0.197499894744663506696 0.3326511030076015340562 0.2874544053119000852625
0.2034445884500400980599 0.2384436079086335036337 0.3599446611022411590675 0.283017318388875782631 0.2712311351928046176951
0.3088436774024124753524 0.2626421445233679818898 0.1257119317384966517004 0.3303578285519121471303 0.2045980553732736351158
0.2619448150913208928081 0.2596825575599924773584 0.2157141530625515946085 0.3167186499290089995995 0.2582378031594955158923
0.319609578082597878268 0.2550346579525283874368 0.311847637417401624127 0.280572635753016830229 0.2409733149187784917444
0.308653379730976229478 0.3234804441540048980386 0.2757890413870183743406 0.3116471445136609896842 0.2443695712143178488951
0.1682861333837053219309 0.2973218486629166101842 0.3258960640846579326357 0.3411443995459225719813 0.2484880695108759585121
0.3123329010158923391138 0.2999150912376836730644 0.2877371988341625441699 0.2210727699431387638374 0.3220780518742205056348
0.3239886107151186966924 0.3181486361095565151835 0.3150792115731854137195 0.309454039334625563562 0.2961955676996894104569
0.3197403896468321016222 0.3386751346797420292312 0.2885991281650384099322 0.3193167783234795997771 0.3193012877087818557342
0.3197684627629264753068 0.3287704227455025551841 0.2637697884527544500699 0.3215556501505157926957 0.3432947280477985363412
0.3471842077625872380331 0.3193746534932957459318 0.3538394765555233911769 0.354708180082325075233 0.3037210023853403328964
0.3454565723005845190308 0.321007715953895322869 0.3853892412217512219996 0.2927272412552960334509 0.3136839996714578804315
0.3636001774652657392295 0.3186221471836470087169 0.3089731626040736478522 0.2879594316387205088503 0.2420227847793092745832
0.3070267307502155818 0.3495361917380706562319 0.3312247161634158665322 0.3137620529726217744049 0.3923830815007902095282
0.3510357706198499183614 0.3610181791381127935914 0.3239315568163606551266 0.3012914156972941182033 0.3566207279193119861205
0.3584987761177390597211 0.318421913794696420652 0.3231267269399549224573 0.3535228436744443092365 0.3393282123286100460113
0.3533828484060598240646 0.3584041280292003528452 0.3327699084988359201631 0.3770136312016345025988 0.3261349900226774289891
0.4341366338974341210211 0.344789907954824947911 0.3600899702419110282037 0.3971538298317634496648 0.3849529838128840641964
0.3109977184094916968782 0.3630576405654812321977 0.3497794698089298215393 0.3479272428837780761768 0.3732623459135361310146
0.3297610468581135267918 0.3922248872824882215404 0.3842316616565725762023 0.3653286369794652710397 0.3903740532766165616252
0.3434730834371752528078 0.3616359632685420266718 0.414136542988971401158 0.361108289736327692232 0.3405457220572892240718
0.2963963588561116524467 0.3914710656414954192961 0.3598498056490625485182 0.3201660587358993725893 0.3766761955364743563734
0.3714284259355343231768 0.3196542551962031075696 0.3813946957821248151532 0.3330751625685443029212 0.3609510110947898309242
0.3360489686168682821332 0.3263071978229850622633 0.3609370541255821907001 0.3403436537958423047101 0.3799336544077681065978
0.3723303544057451897054 0.3558538051410932157026 0.3924600511046716366792 0.3529729191658054210379 0.3515766820794071767509
0.3655866503893785979251 0.3938118142431704660211 0.4015516780326583434757 0.3925585807116027670105 0.3693603499528515521355
0.4090544435587538107946 0.3571923637483904734324 0.3737384364349389809234 0.3505036051470365454641 0.4026403813293185640632
0.3498844148127526754166 0.3940040082467792803556 0.399858849155830864408 0.3887070506349831755522 0.3789448101054326278891
0.3248921888156552917337 0.3409425088576007456531 0.396286128081312527538 0.3336128513187768818149 0.4257306710848443587203
0.3704123854629957079965 0.3919327268524379070946 0.3183034589451124718451 0.3834723049350672319235 0.3543606647664628295225
0.3784278808520118997372 0.3021967866147207137928 0.3465728645105712324437 0.3776747231060480491927 0.383584253386538176489
0.3746726637548114524634 0.3342826328040674477293 0.3557018456111237791895 0.3446391635775474804326 0.3715444253596910662019
0.3728426494051231832039 0.3530423025210596144063 0.3253177612126642026524 0.3352371025567846274384 0.3466857781460799259321
0.3603222417809813782341 0.3901196721529691657793 0.3194337717817097299644 0.4094438436434932326868 0.3987026749677935466565
0.3511435917127948558303 0.3420449654050553012219 0.3401713200659347013932 0.4314078989008351960877 0.4313128058883342608176
0.3874008915196153202132 0.3909283938874342778647 0.4040922303540587234849 0.4079858166127593999128 0.3811200097455383350997
0.3966721598003760673734 0.3858014538721606934146 0.4005187096268250646069 0.4063626861234669318534 0.4062858517244475886621
0.4069742609854347104026 0.3944950858731283704905 0.3538078889804179283374 0.3651020984178282580146 0.431879334148685289918
0.3459072776340647581428 0.3480922501927571355296 0.392535286592019250218 0.3639812126736346464817 0.3661361386450190380515
0.3769499185893985249152 0.3424270064566136695383 0.4215272452618815668401 0.3692636144453900204354 0.3782741537873972048622
0.3689799545933734603587 0.3656707395124887405302 0.3784851676327924963061 0.3724731953817332352763 0.351235050663869452503
0.4125063937156062676692 0.4013189144905563443544 0.3537777656145226767848 0.3804810973449470057339 0.3873485700035792511642
0.3210822328269745118412 0.3450282551492939164817 0.3672552853684188378658 0.287029693810186115055 0.4070922559798427209365
0.4258858595385935918998 0.4157900067809460198376 0.3496519181534048503757 0.3652118148195776514697 0.365013879468919832938
0.3772113075830098583019 0.3572031643216828089571 0.3693736109954773305653 0.4248574773186585273876 0.3557270246481333830779
0.3588703054196906716555 0.3957483093201958346263 0.4132748386293271236624 0.3662277515421452078748 0.393291000976674021139
0.4462722832138713568995 0.3738198147870628318401 0.4153439380121724533446 0.4182109158227569900568 0.3610646724026045362166
0.404915873039781160081 0.3817196582852073194481 0.4122392583122453935118 0.4031083790459318305643 0.3938326024908930800272
0.4163846778243543433895 0.3375211534529947710048 0.3828609732038965596246 0.3871093292480826675295 0.4216461453825090521796
0.3624313818430591749298 0.407986082878717903899 0.3857207582765744824371 0.3582058241925328290201 0.3664736628989975764092
0.4221089670959224382507 0.3943606865767950719892 0.3881851627903069035241 0.4182598005717739764187 0.3709026980024685005155
0.4026775099511147315567 0.378427905269476061445 0.3113509223766356970309 0.4197575929004424555302 0.4071245394827981423092
0.3872137708004555478603 0.4036870015475663708848 0.4042970431847760504063 0.377124682368608410421 0.3586414005483791744844
0.3683626599423607261841 0.322307847070492314856 0.3790427098696664276467 0.3890295055787929556779 0.3574623022823621432131
0.3834161119366287229226 0.3838630286007703729112 0.4245051629813701987715 0.4164992612561935758642 0.4191957835065541759789
0.3866983464109713386492 0.4633041449819398915899 0.3779315281339054033438 0.394615488923443835656 0.3834037295104835707527
0.3743859801966196165779 0.4014880885566948220955 0.3961584300838567052061 0.3914138836624264095043 0.4040945998429305019428
0.4041545985050487010959 0.3911353603513791910018 0.4196234389827628863401 0.3793634011572661890455 0.3957006681751769616717
0.3419510018065580747582 0.4075315350258431612573 0.3923202363259810088181 0.401802118021377718815 0.4451337789513266085528
0.4344918258219282458654 0.4280128882625168218468 0.3348791381610500828003 0.3794764234072248720864 0.4328950712030417702358
0.406358088595409838728 0.4579765824429807286045 0.4163516832314378413038 0.3924074045098613905402 0.4152054159360941687495
0.4160350402845939821184 0.4292515986438672492831 0.4080787151119383837639 0.379014088921450387204 0.3968061951610429849424
0.4171701276353949050524 0.3877710128364033614901 0.4102316723231643758041 0.3925965707830084139296 0.3614486169822963557152
0.4476642003302260808262 0.3944398125704593471852 0.4175773351730425742012 0.4365899931573273273777 0.4339030325097010809543
0.380618175830486737965 0.3863218656739633716235 0.4231747212132516700045 0.4452051879435793835249 0.3960437300527185344734
0.3544248466390635954326 0.4086730556478729847747 0.3527981119277213140073 0.358821601689519709133 0.3634920185486337218528
0.4264080893090425594671 0.3980169412341986734383 0.3985105054112833555813 0.415857012605080789136 0.4417935109147567152021
0.3964895098852997401551 0.4269840626546121398199 0.3955369408169749911863 0.423665061284493438265 0.4241502947427216452247
0.4245043697283073513837 0.3854475534750113618898 0.3864323018164337320002 0.3484347268497977045953 0.4137654633437402029728
0.4180894844722711223284 0.4248665450905352303224 0.4146312677132881208131 0.3728857556734718747826 0.4402734874684210431006
0.4226721500294757793981 0.3927907329809277037214 0.3710719396146899828892 0.3638495355201138425905 0.3709320566567002597225
0.3994695583615431311308 0.3907938591200033617845 0.4245970569746742029338 0.3976320043330054954112 0.3835775509055298626571
0.4310950821226095519556 0.4160097203311974300988 0.4508516799551720577455 0.4005238115381064556431 0.397829755542055019113
0.4023435338464212973619 0.4215227175387546987295 0.4068465742800096984766 0.4050237167369532542693 0.3731222052670797872942
0.4336693452573499585334 0.3750192087301666421517 0.4268606070407679475842 0.3881055628613972463548 0.4291355613873510943534
0.4247332931436609282372 0.3866757602899970613919 0.3674951157149891622922 0.3954160861084570766089 0.4167759102797773396176
0.4151994814378235920671 0.4266602866853748121656 0.4099945987752664500192 0.4027336794328670310783 0.4194543916018019236169
0.403986497727513327316 0.3938999104735215195383 0.3837414985623765484313 0.4233660692105489231629 0.400087595948352581221
0.3695681047461018553513 0.4333857109864437395785 0.3636541770440655518826 0.4222097765974909266973 0.3976413078487237018344
0.4014358200038335433568 0.4027016350706515979141 0.4314243712313361456268 0.3992060537209681791992 0.4036119728378675386438
0.3847419605087467053828 0.422845937019758533193 0.4099747406034573438127 0.4297426616886285688501 0.4643884383901035195485
0.4007408425758692827046 0.403671509610914414079 0.4139718480112013487826 0.4018884762574291280579 0.4235566293314937946768
0.439341592127725111272 0.4043234028713227345975 0.434541197108470611532 0.4382643229283487706915 0.3891501865476847954461
0.4423032997590742865235 0.3849907478141595396082 0.4473401357713462922483 0.4232724225124860906178 0.4142791738875107321327
0.4430846515744071290044 0.4322742577094454419218 0.3777470798974901233791 0.4054721640109889557735 0.3944343142288937453799
0.4418162256878137017502 0.4009739920516609545942 0.4327706508309288602199 0.4314245477750501267522 0.3834633301575404162875
0.4078970156848589212473 0.3758336698361810501723 0.4249630709022519381435 0.4714047609542929007098 0.3943714143227901591793
0.4065871676235259801757 0.4068189331135375619297 0.4246839938966894822947 0.435650604487949510979 0.3918061846247803403642
0.41158949358449187228 0.4371041774945770841398 0.4391117781104618145172 0.3779929472492656872262 0.4342929721733539416562
0.4257570079226665749061 0.4106046732110771313451 0.4017908764111367547756 0.379245631405269068015 0.4576857294283330768181
0.3809737267764539692116 0.398663486910356412718 0.4554068434957651567707 0.4199144367686472034684 0.4221655081068980686076
0.4143921860314531135927 0.437278997457808848992 0.3973278259303185677709 0.4492665137327030988601 0.4292363050993777684461
0.4240644123558487410541 0.3926449322161402188947 0.4283185590227664429896 0.4342581835174156301704 0.4427949726712079869806
0.4080538316824267597305 0.4108944441348074683162 0.4136860515825447892624 0.4115966496667687879452 0.4018001889583755481539
0.4210576821212167475394 0.430066459367103137712 0.4611302904854490125608 0.4202497342897790755245 0.4310229352390145818319
0.424870635946289321172 0.4443918376879684717373 0.4126385518079064285146 0.4142446460035847932701 0.4531077686379221813873
0.3988130131436540826151 0.4648662291963744364054 0.4289948466961528428243 0.415489624623945397186 0.4220526148601503324542
0.3924872154342931018789 0.4155219700378695590892 0.399351309674251364612 0.404132428604959792473 0.4238020617318751237512
0.3640541573338324510267 0.4004959336262212676871 0.3775817127331066447304 0.4406472097405600418796 0.4206615154758566732518
0.418454437671454237968 0.4480149211792507912833 0.3774843469573320176025 0.4449400401161880957979 0.4211714741636229386579
0.3963821020699304642498 0.4520647848490462750171 0.4219223388008900288426 0.4129063585591233320748 0.4285212870985325439577
0.4001561586786431812257 0.4251008688536878632469 0.4223798775020986551176 0.436355242743245996806 0.4204232451272015280708
0.442493948486524846242 0.4453466073483278719891 0.4451068420110723677929 0.4578262039663660853961 0.4134508947729611527677
0.4407890497887755887341 0.3880665955075716100353 0.4257842411852427177976 0.4321720838741253678528 0.40616824176929122725
0.4527647454385837488822 0.4215027234626797514316 0.4379077927278275383927 0.3591143971188812678008 0.4005472833371527263679
0.4420780678233550697875 0.4190132672440637362499 0.4178787866910461668013 0.435938846986504369152 0.4198895884940695988341
0.4247956651290737961624 0.4122694388521641051248 0.3953281393321195769097 0.4733143112743549152377 0.4233544742994224674426
