0.01457903917397936933986 0.01586592273363216648585 0.021940257759743238275 0.02350958001133313102216 0.03018228533526069040649
0.03361491033783040732752 0.03359644656205303808738 0.03739282324024546799723 0.04028421937770507166299 0.04120176419269511169929
0.04287187612791268365164 0.04219975388976712760147 0.04856253401460083191088 0.04734763858018669474559 0.05092645593712093188277
0.05402283458528842757795 0.05980172760887013383435 0.05720325416990715977628 0.05842609544152805450823 0.05933551201055980300891
0.0615879045006232500592 0.06266155479490864710357 0.06116344910436701670653 0.06888694116293869740275 0.07051550314204367564397
0.07009397929162559937044 0.06969563023324121253665 0.07318420968953477656616 0.07238420186674161815876 0.07401591085339054298942
0.0805952680788709630022 0.07578026852655943279569 0.07646639769493430993652 0.07981256235854503056082 0.08075193345178477422053
0.08255614441548926596415 0.08374340476764625951223 0.0887032564525283701018 0.08583035171839721588771 0.08768580328047496930122
0.08960916259866193167571 0.08965533845485543218423 0.09315327715760154947411 0.09236207735377065242144 0.09256358876773378152603
0.09414209676583475128187 0.09545331736081355544776 0.09906437091812875239683 0.09710838395573803683014 0.09597967039787751175606
0.1013992590994412246186 0.09985939854051791020328 0.09985398237187777248369 0.1017876186491073198237 0.1036804320094959208642
0.1059032826983343777982 0.1041219467589467179147 0.1033561027086148803589 0.1075828939347854146247 0.1080364544474441274025
0.1115185268131260454272 0.1111160407674755962182 0.1134004234103252461985 0.1144423506944417245901 0.1157445861716550616904
0.1144461587303350902367 0.1147799084919877282696 0.119924798628455467342 0.1153224886316172176359 0.1175803686215258353487
0.117411521648718042421 0.1195556957164272821048 0.1213717604878377098743 0.1204648201503823734537 0.1215785921443567202394
0.1206988549516467695844 0.1215987603618205320499 0.1209033984807376116422 0.1258286984449058232283 0.1238649696666545840795
0.1242092256802511673897 0.124960720061444818807 0.1239810001043922249586 0.1221846476179064694412 0.1248147332074168031069
0.1255046776421403498247 0.1277629666080485060231 0.125877561685375422007 0.1263297451233911516955 0.1293823905902923843136
0.1310656541355330051424 0.1258576192847114527673 0.1295893306019173796262 0.1291488251089021599416 0.1301564853261198417833
0.1312757853887470960164 0.1309956705286898503982 0.1314656050596595959767 0.1334287918266557626534 0.1317897559425576237135
0.1311335367188972422792 0.1354196895754287144342 0.1363335377505985601676 0.1353909773255565218708 0.1344099437672240382469
0.1345508429124936400356 0.1362275919254918310486 0.1333679784817584090817 0.1342145589298673058476 0.1352199030017833814021
0.1347826937514490230896 0.1352859015312593560232 0.1403129195478914070794 0.1373776046338089085186 0.1398416710699770526549
0.1380234273988122373211 0.1361521646997430334824 0.1397726951075057011398 0.1389356236632012242538 0.1402274697038708717312
0.1391504381614574736847 0.1405715388146441813255 0.1392442262651832352027 0.139258935493157459673 0.1401953971576385127307
0.1412241517585151040493 0.1437847733432897623373 0.1427729757565189827595 0.1431435253022664833011 0.1415109481174164074435
0.1406515705527258686125 0.1422465997816695637557 0.1444482624880109589149 0.1425137643064730008646 0.1453657265515841956471
0.1449803259651821496501 0.1453664047829349159624 0.1447337843756774655724 0.1461670831051886665364 0.1458972565315470593106
0.1447193964841182733938 0.1444155389615980333851 0.1446872373298506986306 0.1459952569017400614282 0.1449045854255174015091
0.1459307567960832774379 0.1456088395057248685571 0.1464821155098852412113 0.1458875367160316627313 0.1478218872363926683633
0.1468718657051302500793 0.1449693333288947783011 0.146503281474403501683 0.1487062520035451751443 0.1486993931489712095217
0.147652866059933912668 0.1500846278476322126494 0.1464563227497003572442 0.1463960331277756043988 0.1505851964506953466483
0.1499114070338345150457 0.1495241341986809080478 0.1488912405703319008499 0.149639172696483774283 0.1495276010953603407216
0.1487299986819100583446 0.1515634600067615744834 0.1500974239267553744792 0.1507918632484811227723 0.1506053318352996439611
0.151149254263156423983 0.1498453846649827336801 0.1512270886213793463781 0.1526577175890011517367 0.1528622229017200240264
0.150708125329769904166 0.151992397591736383422 0.1523925909423640423501 0.1519823540605546585702 0.1524472045572016765114
0.1529080504022707620582 0.1551545448503284518882 0.1541880775681111759301 0.1537864787489468254567 0.1535583691955509089144
0.153647583619761440854 0.1524089392295470968275 0.1537737664859502584314 0.1540206907979469741488 0.1538340681866213477402
0.1527384689407464690714 0.1543287656782423300506 0.1536574052159232484094 0.1527952617897803677671 0.1557290418337249349179
0.1536917645676093291396 0.1542784359471788269147 0.1562316002767128730877 0.1548668970458043359084 0.156012097979993241692
0.1553053256897452827356 0.1553260654293533160608 0.1537118840410919562434 0.155962458746697757439 0.1570681904679835649841
0.1572054065118982657534 0.1542615746304457358118 0.1546468437610757917788 0.1562233560654380237764 0.1572455596989086323845
0.1573509041011278974942 0.1575688200562179452913 0.1555516436356372544925 0.1582896135482378396908 0.1563959273729966514832
0.1565326556412565128795 0.1585919859997950986941 0.1560987832619696868974 0.1590701337918109248282 0.1599183858310888328713
0.1571724895206602912179 0.1586442314865662839285 0.1591211803703501681539 0.1596507970612875693117 0.1605610815268286584168
0.158537973620274885711 0.157254444951297089883 0.1598884556704016357553 0.1567935227644491891219 0.1602501178261200309727
0.1568493118190198987172 0.1583711913286787731359 0.1586704844880991727152 0.1596003136489347051796 0.1580019585458444786319
0.1574141515320676143475 0.1593927826696374394633 0.1574685023503246961152 0.1595656458632668250885 0.159175035537987091816
0.1599921160887221027735 0.1593100181679557858505 0.1607286478590895517637 0.1591534847297689792001 0.1596756247128507943955
0.1608626865433410157991 0.1603573690962016573547 0.1616905569601404246693 0.1621002658628674653052 0.160811238609623874396
0.1614920826581402457656 0.160304834056384931662 0.1614701403231831033924 0.1621706814163098031578 0.1632488961479099665031
0.1613083795567677725113 0.1613919015572318760299 0.1628001628021346069985 0.1639403877037599877031 0.161058967790546236909
0.160598788405195397333 0.1619711269514592100194 0.1602372116956113090591 0.1623651887527478854256 0.1632785761578621763768
0.1607648369332909110696 0.1621582163435516255046 0.1611992150281715274751 0.16134014545372590832 0.1624650493161400865993
0.1623986493679364373488 0.164083083305083199388 0.1618126468625833425108 0.1626946408329847104657 0.1616272651681403826895
0.1619967360627531938189 0.1620647610066724697564 0.1639046240367577622621 0.1625251821182580325154 0.1643490376035355027273
0.1623345285336061927239 0.1625009181601140273443 0.161014156558991233803 0.163405641761996844874 0.1628343706359185183441
0.163200792163745611596 0.1646737674430162057249 0.163281943757858871713 0.1629078683688838236066 0.1633330303936280925026
0.1635368536654538129671 0.1638073102373873435322 0.1623854308399717005784 0.1645523842595885688489 0.1651621269865181373948
0.1643651220195547768554 0.1656565261817861123284 0.1640656200398571684662 0.1639066994099022400722 0.1656160731205612024475
0.1652103612645277608273 0.1648644696548328125729 0.1638958874257513964601 0.1645227891572050848978 0.1648221278843118864366
0.1648972961817391780226 0.1642693482666578441709 0.166538460770286500523 0.1648133843317776681126 0.1664382444594350307643
0.1650854394009095837959 0.1647509744552641819393 0.165685490970653243048 0.1653536642814997792428 0.1672864539521155824442
0.1648840192650371794247 0.1662347418211176652836 0.1670930375358839481414 0.1660767375877912621629 0.1656686869126056393942
0.1661271655637008848316 0.1647853703546739989605 0.1669287533121904809619 0.1660803358375706473282 0.1652486288152111570948
0.165697981126792209805 0.1656462579517789246442 0.1646794901668895694247 0.1658991830120208066379 0.1674608272234225925246
0.1667387593084804220389 0.165282350243775633114 0.1671499651566221156251 0.1668832375531855982675 0.1655484095219517115538
0.1679787567677635817809 0.1669560366486649016782 0.1683437735352037722958 0.167463043963554575333 0.166932777539805871081
0.1690180627692227099956 0.1673631902973512775024 0.16706028636256606279 0.1685736673470267232844 0.1667156373563178362041
0.1659583666806618562628 0.168472765105464938884 0.1672668591965047468761 0.1675038239822819186031 0.1673512337476704414652
0.1671266475516424709902 0.1680350811793889509449 0.1663710254050842773932 0.1678667604711997218825 0.166430844218926538014
0.169279156671133523826 0.1670370510191827029267 0.1674567174960664428518 0.1682408094258152353451 0.1669043921425027721117
0.169121630794490607208 0.1675741916483512172764 0.1696633686262490892105 0.1695571236427348416065 0.1675528238665273117469
0.1673470519095009989563 0.168849781744702748254 0.1682605805555277278529 0.1678129556983600223496 0.1689191469203209783334
0.1680690187321009498866 0.1679685334963011422715 0.1680244726822728296156 0.1684768127516364788487 0.1697416646880555990418
0.1698408327971892284314 0.1682646652769970163632 0.1691900548992924246949 0.169092355029643176545 0.1699895769431900294233
0.169243080376283300259 0.1697927695716594798103 0.1693835230239700284649 0.1689563925192480720039 0.1687237700138649876269
0.1672409024120402876168 0.16952642591520256099 0.1702498979041906779219 0.1699116872874379957636 0.1710736030191691847691
0.1697690514392267702171 0.1694445883016064691162 0.1682967490045950142985 0.1681219031540084896115 0.1691395583770933519485
0.1706616788023285202769 0.1690698633036831211029 0.16962669287226297965 0.1695840980776929518559 0.1703206778358470063761
0.168328265611383864897 0.1712779426353113754189 0.1705807592151448448536 0.17075633020742872481 0.1705022163955222935794
0.1713567061240809097367 0.1718300739782545050183 0.1699641542831895890675 0.1708030884301859064767 0.1700661990178141402819
0.1703202969412862255449 0.1707218141062518956819 0.1691641990714618515312 0.1705210496098924777275 0.1701669622468291176443
0.1706184382507807961726 0.1718028957753607033343 0.1704519707453624743909 0.1697744165865817389527 0.171464566463349649128
0.1684454846624837132119 0.1707861487586963544771 0.1708563047050528360682 0.1703984877184727408928 0.1715088405821010020258
0.171577776202450932308 0.1716278662882291528025 0.1734606325140305438381 0.1704907317190718085698 0.1719389897031393665827
0.1700305808619477776489 0.1724629440986076289732 0.1703160722903301615982 0.1702786982622375988594 0.1732559575542042540341
0.1714500375376368512814 0.172214750785248171816 0.1702359848743277281891 0.1730486315550045228751 0.1736685491544592008228
0.1704729840350949210404 0.1704737928751198505761 0.1719762102869316910958 0.1692215906741818542969 0.1730841336370062821803
0.1723044263209436710582 0.1720618846403867974182 0.1724600851067078222112 0.1721984103647716535246 0.1715687972670219552107
0.1722612927367288826463 0.1716754524690084771077 0.1739147030163206708586 0.1727894762336427691984 0.172437307973795750371
0.1710159243849703747387 0.1719039524356227310875 0.1715489542852317028654 0.1726472087388132292674 0.1726193594153534460744
0.1726425801724790487501 0.1722347919256727866166 0.171445593729396522642 0.1712159413542780894701 0.1720743753896796512937
0.1722351696909628915311 0.1720159155967390107733 0.1715875914391169487772 0.1733529911488616848114 0.1741144773877491558345
0.1712713788632022060554 0.1720172718159256874948 0.1737091238304091789235 0.17184723179822200545 0.1725232986085561692757
0.1709396304016562173622 0.1741535084937650690318 0.173068461550064778276 0.1738629929512635896582 0.1716512121449073058344
0.1716091804209162186012 0.1731218883460493018767 0.1728579369141586274949 0.1738776658860534118922 0.1729653903506131185086
0.1730571703729994192944 0.1719679139533410727747 0.1731465848581101030224 0.1719375154743603695273 0.1735513300772013600692
0.1735744156912429614348 0.1722863404237043316591 0.1734642147464999228923 0.1727690540548433850709 0.1735185132981907629723
0.1722917222776434997833 0.1729519833924780813916 0.1745289421322391565372 0.1732327723210948244859 0.1718354958670610665994
0.1725881120266321289147 0.1748620333974804652577 0.1718073838260376073883 0.1743763390557348247345 0.1720670007274659740748
0.1721645860027476715448 0.1731024493215407022983 0.1725976822992348891361 0.1723303674371329807791 0.1738842541826726983967
0.1741759550487270158392 0.1725177305937035110439 0.1729153493499925031696 0.1736020443860463724484 0.1742583798212520573845
0.1736779744763829735898 0.174990564309519508468 0.1731033546522830757208 0.1722738568578954243549 0.1730415928951271886671
0.1740872924455474091143 0.1731436145014911553996 0.1749136388255027874106 0.1739446525242380192644 0.1722791465370504815358
0.1744903326420516875839 0.1734565203691245394158 0.1723308588116289341574 0.1747669270730227153443 0.1730173802120786585856
0.173992200697031335066 0.1743217243647448011501 0.1725041997009856831191 0.1742209731342607981208 0.1737807054271737483564
0.1749482283508235758163 0.1740320323253038981015 0.1738089201109513648458 0.1731108925524218467018 0.1737981871346696016722
0.1738943145432568226916 0.1741208192812982447073 0.1736281767748705517906 0.1740150647476046419371 0.1746142199818606632888
0.1751098553363821530571 0.1736348224395926620467 0.174830900563362950928 0.1737797038726648646279 0.1731909321052227668236
0.1734896690889909942612 0.1738963619402629501298 0.1744560755614897318289 0.1729210341616594370784 0.1747135774508796757232
0.1744267595593896325035 0.1751434730908589254561 0.1745188777122620993332 0.1745899128807598399415 0.1741048484527600859195
0.1737350063907623087811 0.1745816844979731219389 0.1765862991346267840687 0.1741962595362073484839 0.1738606468954124739668
0.1740465085215711082967 0.1760033019381707364293 0.1748282430530065378882 0.1725409908324237184818 0.1740262188593503789313
0.1739692226891952908652 0.17371300071660311648 0.1744238819655674344045 0.174941638456589970696 0.1746887918189965471782
0.1741266426166287462074 0.1737017695783922011099 0.1760743992410002400906 0.1731304099520560579872 0.173055854031825856465
0.1742694397150958418585 0.1748332144819155498094 0.1754429552533579850238 0.1725855633135234823428 0.1753071010619148273335
0.1758262576885143424477 0.1739323691825421513979 0.1750662244963519798002 0.1736814822102413502503 0.174957601112486843542
0.1745970445411880178632 0.1748399763656122152256 0.173823128006115046329 0.1751949497880777029124 0.1745222039772919009337
0.1742647255879616330354 0.176256259017469468775 0.1754725634331373573804 0.1751690409846908269564 0.174746992034711778885
0.1757875049280037405008 0.1752040196381492165312 0.1746137154795035506538 0.1731222931745075022114 0.1739332487879472199932
0.1743101205502047001961 0.1753513550525173103622 0.1731156471177423272767 0.1740551105268927090108 0.1742073646364760697303
0.1744923111584227304327 0.1758561700113646653065 0.1763299189315537807143 0.173066311283065099591 0.1736099598362122464756
0.1755724012825258251169 0.1744537163738134055713 0.1745885287255876383572 0.1738059692676272582901 0.1748425062751924330406
0.174980798115693614303 0.1745849950194489352828 0.1745534184226204543755 0.1753944932146283830487 0.1754480292701805499433
0.1759761810822445537994 0.1750608870920405124583 0.174493423774262107484 0.1741813323526548162867 0.1759878079429558761504
0.1760816907496345895545 0.1735277780844533546123 0.1749509851747224897789 0.1747506942642950145128 0.1744474550758103592596
0.1732075177765486917458 0.1749870657849605659617 0.1746351646108703081772 0.1747987972725190963796 0.1746784306632412353544
0.1757333887086539314648 0.1753454517665362644152 0.1742535496624451896164 0.1747326023617000734234 0.1755316357168278940115
0.1751916562227774365468 0.1741940816201706654365 0.1745431200828429507688 0.175624855474002472544 0.175967500916572261449
0.1761868817482142024478 0.1762059554530717442322 0.1755800206854180034455 0.1743114130243386405983 0.1753009885590001704081
0.1752825065000219728617 0.1742034650457377487065 0.1749719004742718853063 0.1758823995456554323269 0.1761650347527533855274
0.1747936771508170339384 0.1742456044761720168612 0.1759827445409608559501 0.1748755251574643510004 0.175414194323884581328
0.1758883055091189362429 0.1748361676069197512273 0.1761269599555103093635 0.1747444438102918051747 0.175168158770057008633
0.1749067471341449464539 0.1761345230041362064366 0.1766162918999181208335 0.1753418549556459982153 0.1745230841348613670672
0.1741336441159926362587 0.1739388810975698584915 0.1749130514717428530602 0.1764243706203275086075 0.1743067186741753260559
0.1774992604762496983817 0.1742300997077381452538 0.1739254374779105327686 0.1753449971698796683306 0.1756819792098903432187
0.1742161296730982966707 0.1746412091011756984038 0.1768037767415456262832 0.1765807370245744412074 0.1762823508021593710282
0.1751630818726760407955 0.1740675170805587312906 0.17499432270479023388 0.1744518204084305745827 0.1753257414011062942372
0.1764321170584365328082 0.1746948356732693219406 0.1762693095353453087704 0.1748773112565603637947 0.1748281860587200808865
0.1744200043650403209039 0.1765879095968995726729 0.1748197589544528696148 0.1758359946238911841743 0.1743277090240056559356
0.1749151797622544024513 0.1766602123530480739078 0.1745540876953025899443 0.1754951443552636436429 0.1749638236734841201248
0.1742900543420102810188 0.1772649084564290877797 0.1747114128306158087334 0.1762485836554486262617 0.176217546944415215382
0.1752194073699522847143 0.1759381309980182495067 0.175500951970926355461 0.1753151370218850035876 0.1750458195978749909028
0.1751389924929296904033 0.1762719675822463638593 0.1760414672233785449151 0.1752861023189382916332 0.176402194550031587994
0.1760386011814938089781
