0.2143931175264407740233 0.2389859668147608917632 0.2486279435903600287805 0.2628144686422873577136 0.2696976376412300591134
0.299350689028196503827 0.3000756333665804409527 0.3060793600037614581311 0.3122671781054697781599 0.3211558707033854154211
0.3206399193695860239117 0.3300171369879363880706 0.3347726253222474968041 0.3352764971536185689693 0.3310611322313978810428
0.3374502103532692198762 0.3410082854616333092324 0.3420845767345980781293 0.3471482924489681654023 0.3496802659870184570856
0.3482934389387817297745 0.3517305609324550275119 0.3546595774964997893619 0.3530288384103097421018 0.3582179384444377223673
0.3520400981340992552227 0.3595480463286145345059 0.3593046961659296378855 0.3634325074461607907317 0.3655092105645581512796
0.3695794303847653727857 0.3661050689335375030176 0.3733773420972838485987 0.3707091608092595858004 0.3751113058827667545714
0.3715987643081158364744 0.3758135993579562739164 0.3796359509011740240858 0.3772014482227821208227 0.3806646817532015614205
0.3790224506492825828907 0.3801204996509000011429 0.3831833262337256962304 0.3833434545624032074862 0.385661299809044455511
0.3904152271211405733631 0.3861653511138875560782 0.3872642717176120741307 0.3901427115081094187943 0.3906087037715275100958
0.3893678071683608910014 0.3896236767815162704842 0.3985089221229856648598 0.3994997677325227702916 0.4028888174710711367332
0.4027817052230687200343 0.401887314727354394428 0.4002826436739940207943 0.4012028665477074818035 0.4017204873125359010366
0.4041934509676815001633 0.4081770172601538737567 0.4060121972618366270602 0.4056774107702765808092 0.4061022933255485356518
0.4057054681159367182097 0.4092654896257049146335 0.4065646707568276729816 0.4079626026743708444577 0.4083266408373872891069
0.4078755806137201456174 0.4110081615521065101504 0.4104488237808017747632 0.4120546236453666577582 0.411348529363907811085
0.4126613803115122269816 0.4131632488261093860693 0.4142016082603510729321 0.4129770902723902681331 0.4153821911517426856975
0.4147543327069834750986 0.4173533587676891976059 0.4156314339623565223825 0.4172855881923975829295 0.4154878814492170002737
0.4170234486778037763521 0.4198146079083399651033 0.4165350453175902800673 0.4177414366237282572492 0.4193246511360465555995
0.4171017897702495869083 0.4186007083632912184612 0.4202519513478782386962 0.4214889066529249328497 0.4188818603464025125405
0.4199367089910757133708 0.4206748173469244123091 0.4194165040139429811994 0.4212103368596314956207 0.4224594410932053789587
0.423855187789877574378 0.4235840197183946553849 0.420536249613232770983 0.4231627158578315506254 0.4244861662564625159888
0.4229399649781474535004 0.4243070703430839585302 0.4251985639395322591483 0.4291524032292045043313 0.4260149104169042577617
0.4270604883587028055558 0.4304007562461028557621 0.4296338573729160392745 0.428316282423874539198 0.4285646426990206148133
0.4274910477422346755105 0.4269564380996683228275 0.4296998130254216508028 0.4296669734938619034104 0.42886719349514645927
0.4300627210631564611987 0.430943198741325472767 0.4317055130170773247222 0.4318247588009768156425 0.4310319391035554170699
0.4306166581544556559713 0.4318962323782792323001 0.4317339719324466695838 0.430635839465428271744 0.4316052510626459115528
0.4322355885651860685215 0.4318371970462122066969 0.4321008391645978496953 0.4324181718996432666202 0.4337680826257649391309
0.4338384315832179982664 0.4351269392577933325938 0.4312401138523728749696 0.434387058700745232187 0.4343585776197338987892
0.4339839335714441026504 0.4340831672115229022957 0.4357961242897980258526 0.4351998145391802741422 0.4357313171049904121368
0.4347665908337621787361 0.4352284069885632433738 0.43566616831740845317 0.4359349200561469239723 0.4372083483484162647059
0.4344443396439042759383 0.4353582684082127340908 0.4357342946646208248218 0.4361376639082218953369 0.4361622169231161860736
0.4374837892191619781457 0.4371179564178285792408 0.4377954793082583506703 0.4382100956207464204084 0.4363180249387438869313
0.4382279711029870572503 0.4369883153842653022991 0.4379186172468534365976 0.4381369923861127002596 0.4411170568131607683249
0.4394448345997561955478 0.4410339977256242383064 0.4405684820084059261092 0.4403995032045319169001 0.4407943583976805523861
0.4402553418567526355432 0.4405750329721622171597 0.4417142991577971966599 0.4428197023746524574328 0.4412813682621276045737
0.4420513076870500324134 0.4421096583418498981999 0.4425558607747563932833 0.441160234144683305324 0.4421176333475131947637
0.4429555685917216933944 0.4414415496474419220441 0.4411782470762721231061 0.442707709637474577935 0.4439489729062122691516
0.4431541020007392917002 0.4429987874726210583809 0.4434892201077024753708 0.4435389528603269071461 0.4431058140602530115437
0.4421896563990047601678 0.4439964734574739502193 0.4419283448230569844029 0.4441708614391245424358 0.4439571764476168413971
0.4437340843470785611835 0.4416660302539749949347 0.4456661965501674260715 0.4446710854524420497569 0.4454692766933828762532
0.4448356394764665933117 0.4447958790383801375157 0.443520090748980688744 0.4451703882129429690195 0.4453135995520540735271
0.4465201870777656401046 0.4458759039260177803321 0.4462526485972287959569 0.4459006584137012452196 0.4450895161738055993972
0.447193606312739577735 0.4459755079205906524997 0.4458586274743925326192 0.4460870278721087434093 0.4461607927484740887536
0.4475878652977067773122 0.446745846160893522736 0.4473026420896181742926 0.4484333313674624399425 0.449027599735539573178
0.4490229400156558470236 0.4478664189104297754795 0.4474579391238109327134 0.4484774442239710667835 0.4493743537668071219571
0.4493907029698676613982 0.4493511755337106783337 0.4486563673991634249028 0.4486887623365228838779 0.4494637819155402058691
0.4480263890941623139419 0.4498407678140365906216 0.4492875713804088677605 0.4499605006959765396424 0.4502104777555674952616
0.4488009175086714597214 0.4491264646339034882772 0.4487893024504966965615 0.450849318310626356876 0.4508854728884797435917
0.4497849233189849527115 0.4504038512198408894527 0.4501307724079811056761 0.4510285513492626185972 0.4500892944667320705321
0.450618712592235848291 0.4508039734230360751077 0.4498444610223868433962 0.4494269511596511446072 0.4514833009259670570934
0.4515512153392516325745 0.4508615482401366336696 0.4507401327107630750746 0.4522839271866548882528 0.4512190445369194669034
0.4517311734032889991575 0.4521831755046480938454 0.4517406240612367174236 0.4514408565016610475062 0.4522404634516071220141
0.4525590902621446365295 0.4524599699126465313093 0.451811038520722685341 0.4526480761737149971502 0.4519778233655694643645
0.4510234999259211674527 0.4529534969292544621666 0.4530425748972825017447 0.4528667678303502919235 0.4522794585131480471496
0.45202268996122368927 0.4526378840244766887935 0.4538419504493990119798 0.4535936908520000199196 0.4539122334394911084665
0.4536088615918970057272 0.455044095954670546611 0.4546992498834576679201 0.4553038280092230327689 0.4546380442767123386538
0.4551631576273633683627 0.4561054264072867958646 0.4534281150004841332013 0.4540201616777074233866 0.4557906344137259146976
0.4546895962147395331421 0.4549529120100252455039 0.4553904998483799260178 0.4551143423305558100012 0.4552566248678460714139
0.45456786703259011162 0.4547740480029362486469 0.4556374614563792335709 0.4539547116485248556828 0.4545541110139728613326
0.4554623253000141813729 0.4563381331350434000349 0.4560972935772182323966 0.4556355428772749238675 0.4576478375871186332624
0.4561309746323042868532 0.4553218922607321639262 0.4565356666261959350805 0.4560140972394135516765 0.4574914221203457698195
0.4557681047149745312552 0.4563543153696641430095 0.4542473873968860820227 0.4571475329130060827332 0.4564465036527975416725
0.45539554813149701884 0.456842279449295785021 0.4556528443227657598769 0.4570792134053627830959 0.4551522000682139967864
0.4574052309675533667388 0.4566275632509763093836 0.4567321050615560373842 0.4560512844873131910184 0.4574931706505905304461
0.4553803955052600493936 0.4566488061237612416932 0.4582275747002325094748 0.4558202957087267304104 0.4577204804116390968183
0.4561387006323906478933 0.4562536837888072627223 0.4570847031298367335594 0.457780953702458748289 0.456911087947147909194
0.4581144652789204130272 0.4584385312570212200889 0.45692955721720895923 0.4589001754592543780298 0.4593083427649232164391
0.4583923034896605352984 0.4586045959045654818453 0.4582273386271881743248 0.458029700149615137672 0.4577487498265594978442
0.4590989959935050102047 0.4597823118246502360762 0.4595375930644842177308 0.4587322934281853337168 0.4598114518552798846152
0.4585608458441099988256 0.4584844086436754562186 0.459500602996829821123 0.4590161930402243961602 0.4582202453118215945693
0.459643892943089826808 0.4588318691664767801086 0.4579894043364552969066 0.4597045855054763818792 0.4579303419518681028677
0.4600700736951357505689 0.4599212593510707547395 0.4600547230828389566604 0.4583128665838502313612 0.4586460751060443818972
0.4603883420048595631613 0.4603824837106136880216 0.4600862339047183668939 0.4599577436690534537611 0.4594702911647542409312
0.4602836369781776459931 0.459787815119867659952 0.4583995637226492836369 0.459290327839496359541 0.4615367237668528410666
0.4597680716626619257248 0.4607698015518293943593 0.4600716723103470129352 0.4596588137506862903336 0.4600476251940902039372
0.4603838014149003177167 0.4613687366269341172398 0.4592294258580340016174 0.461084118439386569932 0.4605985272192171242622
0.4603132824648791254774 0.4601473116344674818556 0.4604800541080738551791 0.460647618806841907535 0.4601602934803801225883
0.4603843833558486364765 0.4612058228312774232904 0.4605932181380756884614 0.4604760965199205524634 0.4606386549528862506264
0.4629234745935220662894 0.4612557290504696316802 0.4617062287206841197928 0.4606824746192581532256 0.4611469319035548797281
0.4614006909823782920377 0.4619214291033888475368 0.4614747689179639622559 0.4623182382829386094514 0.4613089596341365949961
0.4610096986423695142321 0.4623304779487840132646 0.4618698556749318284709 0.4623962820761372549683 0.4615966685903180599659
0.4609530663634918146165 0.4613707508516361466278 0.4621718188609114097432 0.462219070026809120133 0.4610318733110148059495
0.4617763399389066547585 0.4617307616776775147649 0.4624071410963631056923 0.462252137334036861116 0.4619630757586802305426
0.4635634296099150897241 0.4623530120988135205806 0.461118248935337149419 0.4619366129381425878364 0.4613859671447909649444
0.4620778517177364652646 0.4623689163482539443706 0.4624254655843937356074 0.4622200392141287417225 0.461171471048825054595
0.4627138605522109204848 0.4628650692797159904579 0.4623397969955063691039 0.4615721996851807062967 0.4617650837569378108327
0.4624620378278407328843 0.4619305734603942892313 0.4617923993103986157749 0.462070838308945519568 0.4616246454079445671326
0.460896903891150955257 0.4627542228869336859987 0.462384776035032196706 0.4621134337234079070278 0.4629402049419845677214
0.4629371320750987339743 0.4631037758283142458104 0.462432751307837508481 0.4618299391531356934415 0.4630417356856151300804
0.4631937927593129389336 0.4609815705455025391934 0.4626719772026844368362 0.4623084957491240820637 0.4621159371281254868435
0.4623840210658398119925 0.4628983803901268179182 0.4638073650576828299563 0.4629748971679774616206 0.4625612800137570146397
0.4623424227524970397951 0.4635375105821258889804 0.4628390165057319483033 0.4622238035628826180456 0.4635151520061192575994
0.4627525291581937594287 0.4638935713849918762719 0.4630242719152567465457 0.4634295811972008460877 0.4638181033998458602241
0.4628306895769428441767 0.4637006701917286699555 0.4634241169599410681279 0.4633948303326603235242 0.4625659025317597206062
0.4632103099772699184022 0.4624433360470760479011 0.4638913980326430097634 0.4630046486759591961579 0.4622179642895862805574
0.4637208916754178011921 0.4637674604037859693584 0.4634768860788450739463 0.4629222359435281042295 0.4634292348322209820211
0.4638598168737759208646 0.4645963653890679556646 0.4636106951156001576564 0.4631467602941701233732 0.4627955513479267146693
0.4640447369714211789393 0.4636075929482057489395 0.4634379158742652493608 0.4626818356262478171281 0.4646855595879132438952
0.4631438185216687486445 0.4639402822000018855597 0.463341284191674029902 0.4637568960722394662 0.4634433454369052407529
0.464366235122905202104 0.4639241283242955260491 0.4630176915571833085039 0.4633236330200736219354 0.4633277319341975175604
0.4625806660800634295683 0.463619263962907424137 0.4631528189668359662967 0.4635410246804404499343 0.4636244991876569687683
0.4632881713210444396545 0.4640068570306739026421 0.4632191090061012483936 0.4626013227534853666789 0.463567773492338519592
0.4627793405475055243947 0.4645676536204756956749 0.4630982293786409798031 0.4642218215132297709502 0.4638593653959642293394
0.4637941460323246056774 0.4633519645994695346225 0.4626963291921710741406 0.464103516896423262672 0.4631477033515580821188
0.4643174806146200817025 0.4630162491852582995477 0.4632686968986049480534 0.4640221977076658954608 0.4632248604076492082271
0.4637682978115170162603 0.4625371054348247357169 0.4633698077854481733873 0.4631992715446568431581 0.4632620284577224079037
0.4631860416228878452038 0.4639291927112511593201 0.4638820129865748320697 0.4630622229081163276909 0.4631556208464739365915
0.4631736332544379997067 0.4638459569204056998082 0.4639216506976163167941 0.4632414626916560584924 0.4635889842709549069077
0.4632421751965823952801 0.4637907733291732892411 0.4637409166958584294527 0.4651179074019055059708 0.4639813090372058579369
0.4632277608664774337655 0.4623148449669831072661 0.4629159920153080309824 0.4638160797289606618321 0.4628042845823928108651
0.4643225383830639207972 0.4646221825289195139774 0.4632824796167266390157 0.4647708651753247877103 0.4646744327749270375705
0.46433768598284941298 0.4633606405612276102346 0.4645269985472704199481 0.4637337166378762698393 0.4635742649949964877543
0.4631225011627532750502 0.4630230236287571354836 0.4652994377413461335458 0.463136160507360838956 0.4629263643405915340523
0.4634990319765252553275 0.4634779761188674851446 0.462131842692957262031 0.4633992098839553874789 0.4634641511341883179931
0.4632395172314419662385 0.4622021163771382612495 0.4632790392314995453482 0.4652740077253152972681 0.4630665542557876879215
0.4644166029932549344394 0.4631407629499620925984 0.4634827341613816931165 0.4638266381533324711484 0.4639399640506082223013
0.4626609579772777980367 0.4631284455457492788 0.4648109531303222796694 0.4639761701954234207612 0.46422659099569613117
0.463891649788534699006 0.4642600503675987644314 0.4644123157822835912256 0.4637274777267754721777 0.4641827968357232769847
0.4623498463255951151929 0.4640886050271898488617 0.4624375586066547527686 0.4629107466990912689297 0.4636262931943553877723
0.4638413060217835282018 0.4645068768299951411649 0.464083651157104426499 0.4632782476079053135543 0.4644665248831282844399
0.4633415638131098690522 0.4640980904455918043539 0.4636872922906897231954 0.4639758484948416361604 0.4641136078816411880688
0.4643710316622762790395 0.4632936244436061667962 0.4630176829055268061808 0.4634294627812433620129 0.4633756636524357652718
0.4637672618231270527112 0.4631048640612129285721 0.4638171964447317940916 0.463403805092840126445 0.4640983671107609120909
0.4643264073420665383196 0.4627597025511411832355 0.463697174523288402348 0.4639927397561723343422 0.4628604503453762619714
0.4629815742078884355237 0.4641675155083663240063 0.4634518733386087108173 0.4635164663462078560308 0.4640028138025343307227
0.4635925187862233731728 0.4637823453317574395882 0.4627561484676143144235 0.4637660151666496699541 0.4630284777050616695782
0.4635941920399578308754 0.4629983214738460084448 0.4635690993515398927727 0.4628055018031453915484 0.4651451426074622585993
0.4627665951163015267689 0.4637587318507392919464 0.4629655747339521676409 0.4631110111746432056457 0.4636389337814897371182
0.4640147822138408484349 0.4641057231314480446827 0.462767578847314897672 0.4629998738026026017245 0.4634550916062876724233
0.4636388342525161743168 0.4629479333625002857033 0.4628063240420493551497 0.4630842864855408969049 0.4630227675925751018582
0.4623524618817235753987 0.4625339106940129507706
