NaN NaN NaN NaN 4.432071571035982593401
4.487610248403835377928 3.892188675377953543943 4.22731608904784650349 4.610050492001925626084 4.634255195523574677452
4.752030216992494615624 4.588448968707235842146 4.767683988329181055121 4.727708453921036557688 4.715800845887698322656
4.917087571551677527282 4.755081905126290919839 4.566207234733645314861 4.76176200477404965028 4.712287495326300756915
4.800157253793489786631 4.651409553332231716638 4.847683805976152449091 4.490375340848927976367 4.559470238181749124351
3.388511659035070344714 3.703133380193588397589 4.630700508504373758001 4.893419158848141492513 4.216147097265962706558
4.522875558180377453255 4.555181525911797812967 3.581434268097406725673 4.139979800787435770815 3.728206814535050206416
4.558999686230050585323 4.428821403929205757777 4.518546325883181502547 4.226719175672301709312 4.776743768109191989879
4.269297994326777256902 4.767672358096183948817 4.560587137399594759302 4.606001606161546746421 4.740528504653325647666
4.497986197218499349049 4.716642895657460421432 4.77619041078904782438 4.634153700690355925929 4.751107751262061640318
4.835663305581381798959 4.45797352469300811606 4.511571641526415099577 4.627196213513049549704 4.707219605810951001956
4.62961551390185910293 4.704914325387909990184 4.857886964642781357782 4.471962539102721123641 4.420188839238348599281
4.923328693093440122652 4.063022497018243583966 4.844527279292382360154 4.775413941845926046881 4.538133646823562017403
4.545815993939395838197 NaN NaN NaN NaN
NaN 4.611059082222088711944 4.6113927210069212137 4.733363940925451984754 4.778604261513518913773
4.729683311015774549446 4.741618492104432647238 4.749546262324564338542 4.625832977490486719319 4.679865320893295432825
4.633242112799116796396 4.648140199162939190103 4.617380123067621688904 4.650760986088068094091 4.637081538731036900458
4.605360511299182668665 4.667750573101248967589 4.760606431805102900512 4.740464033887825223701 4.731303814520177120073
4.739654834041026276736 4.770423120031764163684 4.753955467320784222807 4.733733177067097841473 4.631658549207851471863
4.75905639439936578583 4.935030830528492451492 4.707913696277774562304 4.721168682345889600072 4.734888885072710884572
4.641175534653798173679 4.74644598516498650298 4.842069438878193743392 4.75604918290295497485 4.767035955198209329353
4.670596281641785196825 4.635894330252606998499 4.734904444589931316045 4.669557881078785221973 4.676459631953062690002
4.717950343244305067003 4.785190908904765727527 4.822165576838248313152 4.835689442575815455427 4.832800563790280889975
4.868932682896480734769 4.873225425307031954958 4.86292833868493978855 4.760032943195048993346 4.73764187050458840389
4.692417363578871736252 4.71757631153840151228 4.761523434392685771854 4.710787422676827596035 4.69565438540672008827
4.61112119749547932912 4.715051811139982618215 4.697162546469922261849 4.64230402721766832741 4.617483519872459751809
4.713259509130406144095 NaN NaN NaN NaN
NaN 4.541485521048411300171 4.557549049673678354111 4.659964532542609561006 4.362496218254932500713
4.704902291281097603814 4.596099437211555560623 4.568509041655709701502 4.474956782020760748253 4.410915298067495271539
4.706144466438349382997 4.571180609235592662287 4.711984187974633364604 4.857815890256111934775 4.849037977247168562656
4.891910190441810080131 4.807836977940984191093 4.932416675583368714797 4.847503573287579747841 4.933451860455178028531
4.96929441575753116922 4.839150351266428451424 4.758904942904464085984 4.831969491785327086575 4.652855082767635153118
4.770204354775336774708 4.631376610598468168689 4.719269320027477121471 4.649442527024721272255 4.775471101937492690581
4.711755920867147118258 4.850585649062808535348 4.720404725861239825235 4.719929513467710613384 4.770415833219318280101
4.82958625168384259041 4.751900151772574965037 4.77667948678371789839 4.770992206520129563785 4.744405601713380882245
4.820167891428460471559 4.699751017978137213049 4.774666368410076522366 4.797575145618591108132 4.79894006343790024971
4.797115296930690497845 4.804321850951987826761 4.806367005764659694478 4.878227730395311212419 4.7925712759574894406
4.711832707574962419983 4.843091796053729858329 4.820485407506983399628 4.838627089236326561661 4.705425981088506404149
4.776325830140100592303 4.666757433225855677961 4.638926267240386813739 4.753974254410573863083 4.827320082139559431766
4.793687488829811549351 4.797784092020491719666 4.814706864684709763935 NaN NaN
NaN NaN NaN 4.644757819206887461405 4.652358198851938908547
4.741927114897713124719 4.794296677490235580876 5.021722612135361529795 4.766103639704455829929 4.834331007978248884172
4.81352127065542312323 4.877719036385443907022 4.783393059439215555528 4.855884049111137912291 4.736239997926623424007
4.798064090817473648087 4.772785531778058754071 4.789305541541983401999 4.569565339120414293461 4.742407674502512548997
4.748005581963215426811 4.652557767535963506589 4.694408710131591888626 4.682230496237112404856 4.822731422188413219487
4.706165686334659703505 4.777226730781656272029 4.835695405806383462277 4.735418017944271085184 4.72924774151670579414
4.712140533894071836585 4.725330045534404277419 4.713039755158052734885 4.75819760567314364863 4.793307098147360001406
4.891029812490767625377 4.793835113689404181514 4.723699555063828547929 4.765685547285546164176 4.751067563029138796082
4.760464427831139211378 4.733527612942509676941 4.701572088422664386087 4.832661729750538093242 4.801918819791350045989
4.690014189323567173062 4.665753254197396948655 4.74909595051663480092 4.686978601326147853001 4.667668932443092444373
4.725837520654804890796 4.671344186833954914562 4.720355430374924665671 4.693241476472541862108 4.724598382668077967139
4.836407198766569770498 4.743921436199828534086 4.765101101351293166886 4.730111931139272307689 4.810043731864273475196
4.732151011085864666939 4.803334780954356730831 NaN NaN NaN
NaN NaN 4.83723173911442660966 4.751345836361186236729 4.427123620408405457738
4.458219233816723914288 4.718178546230081593649 4.800387408254751520076 4.628448963649905323336 4.709874448086765141852
4.159660085131966944516 4.614738801561344416768 4.175342469257905975155 4.688977674339712464757 4.828376864716356742235
4.522669340474824828391 4.737625065326398932086 4.484684824372815903359 4.66571439489487627128 4.511161387524996513321
4.905913362014841183623 4.674642766401567506307 4.055654814526943319208 4.667990177078181979198 4.221372544242141700011
4.41365971004247725773 4.43919865726707207898 4.192784537436903491425 4.614414349523540792575 4.597338187195039616029
4.48285836717500352222 4.673729141430124300882 4.592911684039770570109 4.548534453418879408559 4.582022963071333165885
4.560075725670408530732 4.511653214150575408325 4.250601515915083616903 4.514170346378716836 4.311559997311007919052
3.938651030734208191575 4.54104328029894510621 4.458231158655597603513 4.593132099639862353513 4.649461127091295331581
4.775040531933102627704 4.616715575546685990105 4.600275056581490495944 4.046603528160044760398 4.177863813503314815989
4.626446689460104622071 4.589645561905553172721 4.67648182377963195222 4.585695291094601167003 4.74984022283256024366
4.720181923582523531024 4.469064832341489434953 4.779371854051643886407 4.85993442554733601213 4.798505878348398923094
4.47382176722939828295 4.018475567243635637737 4.506195630694008080752 4.808463211360193945154 NaN
NaN NaN NaN NaN 3.03427192934393019641
4.75987995156117449369 4.782462909430420516799 4.817312470834316684432 4.557985084163465039353 4.659514509826145456373
4.835197578631429848883 4.899251214199324522269 4.60399149932637463678 4.827555861904352596525 4.676472552968338192159
4.798877423229649608061 4.761016527820791210956 4.880241731584445297187 4.742956902998816559602 4.788442496056480202071
4.391565395094011670096 4.851468811640081035819 4.849136914083588933977 4.717757079987763724205 4.878022724801749809842
4.68505787666699280436 4.707244321831710820447 4.747670549085702518255 4.727812295563187383607 4.764470777375462873238
4.645439894324492335898 4.691560846264944295569 4.754237854053526390885 4.764837896690485408158 4.864514770748228578157
4.683434408820702721243 4.747454500060150017759 4.71297346583876386461 4.856051421843023518932 4.742902231985240746326
4.743486999207216392449 4.721381706829235191947 4.731889744868716718429 4.817970657623951602488 4.736888077901443061535
4.717770333690914696945 4.913925796660013389783 4.875325456728194950529 4.605493067095743242589 4.870360476996424381468
4.78134287404661417753 4.704251428051597905267 4.794143845652734547969 4.717323544471661023181 4.868863961157689601578
4.694676925664590605436 4.977354836758975942246 4.724384921092628530914 4.832205256775782942213 4.788862413960852215666
4.789730470397722150722 5.03262035888163694608 4.462935726704810868171 4.707470911883879338689 4.717714572419284380089
4.808880792114049285146 NaN NaN NaN NaN
NaN 4.801735893323335169214 4.746110932095820800214 4.505852648117901537717 4.744041616696521579399
4.824631426385697530179 4.508558342420972309128 4.576355051546056706968 4.643810079778183386168 4.64137159589661330017
4.743733685221159568357 4.693449757601898753023 4.763869990097616025082 4.849748618584379222796 4.836684024657889047205
4.843974692840215645617 4.864277704569518689937 4.865941447268749442401 4.779715583183195448669 4.917048997526974218886
4.900456207916623618814 4.902716786364982759494 4.870151266497063424765 4.800621751102636558528 4.774937504758430151242
4.783162263800257996138 4.809541555029627879492 4.842320914287825850408 4.806493979025280971484 4.73957560981312298054
4.824103687060549816579 4.841079961848218538023 5.013454859645819716718 4.839406841890615318391 4.793293143806620193459
4.771298925799196233299 4.834145273572117318395 4.877855700191789267706 4.820585086555838394418 4.872654753323062415404
4.858201558146609144728 4.531023273356491465336 4.816928002439550660085 4.857453390592002762105 4.83302540275354086674
4.896190974687812058619 4.652926080756537352556 4.661926951103164462609 4.68659331282184776768 4.880815557427264472778
4.781564183965019587674 4.779982028035993479875 4.891604572951071538967 4.833559693404341217615 4.911601489344116444613
4.84464247066408049136 4.821411236601814920277 4.90452894386627136214 4.887767100516158258472 4.947888851969410417553
4.851033181549398776156 4.888910172488070138286 4.778464704102600713043 NaN NaN
NaN NaN NaN 4.952000689804884281386 4.684721630218786181388
4.795001166936870617974 4.785596616140377790316 4.749889674641668335653 4.721673328342498088261 4.578770420598812229684
4.816664918978563747487 4.762970517080963972489 4.723232695609864251196 4.714171233669338434424 4.834917025276303625958
4.748543298354698016794 4.725224506858960893396 4.810948759528920426476 4.751583168321571015724 4.81816170781225672215
4.727528795066460176599 4.771977158772235050321 4.780795494938769429893 4.783707330150612335729 4.76447505942653837252
4.694337488716175954551 4.73156118421502025484 4.674536929862621370546 4.727087106929458215632 4.687530322684254180388
4.772397984098723178192 4.729921874199666476102 4.823893652725725900154 4.747369767542004126426 4.7961350837837883887
4.789811135188436708177 4.816172513991226367125 4.843718586742432385961 4.873591642248813471383 4.727490567950505706563
4.871646318264525099551 4.618525665136004043632 4.802670175227706117482 4.755302013318042142487 4.700349196567355392062
4.662046465951403817485 4.824857489304990032508 4.73068409267774470095 4.685828360454047825101 4.632108561964074944228
4.755506700947089271381 4.614397154154419311567 4.75663503316876035143 4.937701494381107281129 4.787580523080819716597
4.668433737919330361876 4.753929361746172865821 4.76060798771986437572 4.715764581008380140759 4.717868294099019976784
4.724313816539384092152 NaN NaN NaN NaN
NaN 4.880186180945266016806 4.861935607704665152085 4.854628230365247709699 4.808367344243397845105
4.705677928365729734139 4.674551833006563406059 4.827578286793334783056 4.760201305903233759409 4.626980379306773194514
4.822234966093471797421 4.860423391424991912402 4.673811977128962347194 4.660247349557018026189 4.753001003754741660146
4.616403336246134081478 4.72133542438930664531 4.743719991102450350695 4.750693178380548609141 4.735391880144764975569
4.63709394361729110301 4.818374217232106460074 4.710389849326659827966 4.815003353290416399091 4.728492823446228676687
4.662600756774055277276 4.80823169869833488832 4.796591709419503857248 4.631655416465650709767 4.727019464103261903176
4.623081491733502801367 4.819990817640731783911 4.686110651601115506537 4.649134818885487518969 4.761066135544076871611
4.8268708550138050839 4.718416996879858160696 4.649376754988773008392 4.680463947270364855058 4.697136727987752280455
4.852821844612797086427 4.868443589732117438018 4.901166531956177685458 4.822633630646302016487 4.834377366968482192533
4.809264689824076732805 4.816732380196873997136 4.768706632035494052957 4.680630812166450382961 4.709601698042901851693
4.846651756222873252966 4.718501359087995616903 4.778972247519115867931 4.846277929018645735937 4.86237302246580149756
4.812467820759096071015 4.84396459163733528186 4.905048176540143245461 4.843163344827979166496 4.853860280096647272785
4.79572175235722664155 4.78319372018223631926 4.77901607878588663425 NaN NaN
NaN NaN NaN 4.563407508464385031743 4.707822697389904220699
4.716378865426952060602 4.719442311923716104616 4.689870880106204786841 4.375472226292267841075 4.55778429588961575547
4.45021335911965199017 4.726650123054482399709 4.777510428670391995354 4.583197673978621544677 4.77510927750854374807
4.672680111430069338496 4.684187383001653159909 4.554262606419253955892 4.615244151988490806104 4.624273637186506746843
4.648810804616129388478 4.856142442814584292421 4.697945896126729969922 4.374936952926752553594 4.924213634222227575776
4.915922839318876746972 4.784210562975745872905 4.763229076410573803457 4.769176130106475675063 4.72959556573793182821
4.847597535846934313497 4.788584002159176122859 4.726487093020795171583 4.781401082121446322049 4.72285819989148514253
4.703325917437957137679 4.748148938350484016269 4.546755882741390308865 4.530753019987361795984 4.538704108438116335833
4.702910504817491954554 4.582623493941644809979 4.362532904359144758644 4.59877192157274272688 4.745222060805345698498
4.794765851012633639527 4.776641564134937567587 4.731606776663419111628 4.821656148110519346517 4.873785043225447033421
4.846245914009552180346 4.682646122615264694389 4.848570672316797391943 4.378014570660293536264 4.585443138660282080821
4.698231566919895740853 4.496590161990952516646 4.535803272769539873366 4.518981850255997301247 4.606768019516655598977
4.886796034492174811703 4.713045043025113400859 4.766353249928391377921 4.881626719143078219076 4.909354008170065064576
NaN NaN NaN NaN NaN
4.57970885646706449279 4.745344361878892414097 4.302409821650605259435 4.609789863072744076078 4.085041624816193817082
4.334668246433943217255 4.55984079866545677362 4.67245037806807861358 4.815505625097548758617 4.524676773846870503348
4.817569686737086520623 4.370074818913736613979 4.653882833522845707819 4.509161679806470424126 4.671672002933025424909
4.728289470027277729969 4.77961410555222609986 4.703384851626135620961 4.582610670598772806272 4.762450077384386304402
4.603746114819371015869 4.792165209525329316875 4.551261532215193916784 4.776925181833849620716 4.459264270258461948515
4.670291204344274582638 4.653849618631006102021 4.384130568551313444914 4.636276491470479932389 4.796405713148446992022
4.658990698034494393198 4.779875940220308372375 4.830530107860869115655 4.570605158451528815533 4.758427837504328294926
4.671763469330058704543 4.574605822764382878631 4.413396417247659186955 4.560703184223128481278 4.616331879707565200022
4.366077757160427452732 4.709885887256578307358 4.433954715672877355814 4.70231049142047741185 4.545251456796123967763
4.573157346787474430982 4.538315795007507702508 4.47516553494805169322 4.696120275027311663507 4.598204727077129128077
4.757955350336502853281 4.681787613632661049223 4.626059504148652301581 4.484715100168593870933 4.61052551976878977058
4.747005556619161126264 4.713061225749066274204 4.794667990643869615042 4.681192995056740357995 4.555000978631334795921
NaN NaN NaN NaN NaN
4.563117297827218088457 4.593981379442642065669 4.768558920773897646939 4.802441747979306896355 3.958377380025911218553
4.74287612522329293796 4.748565805236300896297 4.73261549529450853413 4.634779867220066407185 4.240061518850863464536
3.857442615763915672034 4.632198679144512887262 4.642462134814358876156 4.847617044588891310752 4.806214187117332947707
4.716012734106089787645 4.646943147947471430825 4.60908728818525315063 4.729433396991072235949 4.660694404965368242699
4.834262959816313376393 4.811144275117812618703 4.910712067724539942049 4.820968478014427738287 4.745825679793286511199
4.628022903238856677888 4.676981582210540722144 4.630476670617877488212 4.708348110361257887746 4.408627569952003000253
4.778638562128755928882 4.792434176178746341179 4.861692271534190368243 4.681033160321472763599 4.85502199804701728425
4.854676871649703073786 4.815177345596517000104 4.86018861005038349532 4.96403335995367367417 4.785052259645727446014
4.870918532673658596366 4.94606210582617933369 4.811737293552832639421 4.723464251552554671321 4.832091029342942434255
4.810030692792918394218 4.973039503790088744495 NaN NaN NaN
NaN NaN NaN NaN NaN
NaN NaN NaN NaN NaN
NaN
