0.1496631864329527883406 -0.116690849741424393371 0.1368025114383139839713 0.2681250473087862795651 -0.3245113677489780412699
0.2706323465201442290962 0.2265057910300593557729 0.1574520561740231916481 -0.09852937793623328666115 0.2381641949056345630709
0.2447475925190399359543 0.2181202598793136882005 0.1313903377565198982158 -0.01867821815362279147532 0.07174628808113550637593
0.2699161920105699885575 0.2148928276354647726176 0.1178042513196130153252 0.2025522127272318395619 0.01410425653885796423714
0.2214070730639921547045 0.1949290783139252247746 0.2413192455699690319726 -0.08712233457380338941256 0.08619732233540740307109
0.0435862478863830934972 0.1648808160884215612274 0.1787037122602247729564 0.05332742522828870512797 0.1566275461208984087769
0.1553119628861251433349 0.273056067525392687223 0.1696101745132672922178 0.1627466275224592195947 0.2780333555530703493197
0.2192572476392090352615 0.1120226234603070580853 0.2264505507571860920546 0.1628152164325978867865 0.1523112753120279827534
0.09884932946041946610904 0.2026228836644219377661 0.1393306106719474357636 0.1383871181589901855347 0.1751943313527054013612
0.2005582694484228378773 0.1426131924902488412599 0.1556819779342384912901 0.2067061367127041304759 0.1490983993539119201177
0.1748096304562145875128 0.09204562165356353076184 0.01834419143642968680341 0.2475971140889011157249 0.1401826144848714872371
0.1727683344865851844396 0.169930543220020269235 0.1807940094889383397803 0.1764706114778192558301 0.2074381471135995635979
0.07882344536515596689075 0.1820650402336912998535 0.1350352972608485913053 0.2243139917381899717252 0.09472059041236391419005
0.1802848469768869865693 0.2010212597255880695446 0.0959703564414547544148 0.1781468222770590525972 0.2043940280854819879774
0.1619820500783127614763 0.1991417029439551955594 0.1133598597360434556691 0.1182351892317029112833 0.1015487703487984588735
0.1459921094295354437875 0.1895355238500586181338 0.1589833018509495821124 0.1093510339842893308582 0.2463994189014495905798
0.142156213287780525123 0.1676647827831947712429 0.152713762435751715385 0.1502575923100381294351 0.1935228150722491380353
0.1667040079757033388397 0.1857327280497191035469 0.08377618795955188435443 0.1419047151078058621732 0.1918488042116142933136
0.1104457528405948657513 0.1659682096859684818924 0.05632712192451132943161 0.1929382394288243762759 0.2097910988274423738087
0.1994538994932952835626 0.1269419262605503140318 0.09701936771008579096787 0.1870631119874673065073 0.1881020800438280571321
0.009990365627026830813717 0.2220038415209088789037 0.142530695326177209159 0.08870974609404853883365 0.2113370611166846546602
0.183643370791209376014 0.140005052832104570637 0.1570830714672948325017 0.1006331395703202735703 0.1060550488737342644807
0.1577375012569317558331 0.1050697031942667558635 0.1484434507348518228476 0.129002910837439893621 0.1786843171612649272539
0.1093441491831696477099 0.1379586759861127220894 0.1600695448289482236692 0.148720557326890295835 0.172238382484695390362
0.122126399334930663132 0.1420123926035710137938 0.1307559535062228772695 0.1367364120834470841981 0.1916186118428349072218
0.1081548469056403394273 0.1968294159397814824253 0.09889615934196391289213 0.126871133224572885112 0.2059021951429915731069
0.1380580062776542993319 0.1454245145290377350111 0.1813784333613005228525 0.1570232513871860080545 0.1068541136477103165037
0.1277060255836892088688 0.2009868682488389346474 0.1437472661000604168269 0.1935896218572522309298 0.2045307659128432209439
0.1502886963704765377337 0.183464229873916556679 0.1875706105092316555716 0.1141618393098743494685 0.1540892875889588453653
0.174681810815020016614 0.2120401393053945870992 0.1882595445094230324212 0.1044728610815162384018 0.1011195468231617794475
0.07955622216819145664513 0.1445108471603530897465 0.2033797564613273600731 0.18931972363867594078 0.1786949207458349841993
0.1547178438916373133249 0.1227833749467125562527 0.1355103341779475278894 0.1602882222338545825657 0.1401126687250920377359
0.08554741942374878560518 0.1519889361482724687846 0.1379014268939032505923 0.1245035769320191054721 0.1040857856773151624008
0.007913973084416967701538 0.1178688100671444610734 0.09900978905818953734741 0.2259918276506900081113 0.0714885883794314364037
0.1187511563173977990893 0.1605978923077130138264 0.1763473831222405197039 0.1552529873714326991152 0.1019325192185786960186
0.1591689219832825574752 0.1690189946017476019247 0.1247878966481882762052 0.1203486386438809147004 0.1912847083303899631268
0.2112309831170275098433 0.1485556750036609308108 0.1075100563541661197187 0.1572627181198986978661 0.1715658004043321971377
0.1431120708475095704149 0.1499852327362645454389 0.1278955293374311741328 0.08762852403089180230999 0.07845465806143520071103
0.1746339941243467419607 0.1732067485395987482821 0.100351595473688853799 0.1401952650779164366579 0.1230292685708817002066
0.1354200732159699382962 0.1167919689769052887796 0.2403229457013071335147 0.1692357249029088628323 0.1858451331526532468441
0.1256188074631892359623 0.1961438090491668673199 0.1477875146548183471484 0.07889469241296390156215 0.1644257259017422589942
0.05832033366914762817501 0.1187998867134127528589 0.1549985939683065361283 0.1684190283527588760659 0.1198877313318893050864
0.135461515151051453687 0.1789413334711308922742 0.1540234506268775283022 0.09139354859152659660282 0.187179742126337811392
0.1545954741244144892143 0.120987910233889342515 0.1479224891768335659048 0.1209865448420748418323 0.1701687821801756150819
0.1515791858663125268869 0.1390400781527480200683 0.1482975364803905959921 0.1270156314363669047829 0.1472507130670266950467
0.1165855829088819350936 0.15930983036138662845 0.1548176496155617976047 0.1332001680766975726389 0.1084710757894960658776
0.1663876423459910713909 0.189823188860041625059 0.1766664884606310714776 0.169856782703658337752 0.1758297903294314401546
0.1632405837220277933231 0.1350264134168182028617 0.1268408302662387687754 0.1814495605236015052242 0.102767554924255391513
0.1290325349195879378605 0.1452141118088174642775 0.1149382205500092957173 0.1226088662169082105224 0.1281006801630749647458
0.1546966210933825025542 0.09161623362857154728722 0.1748408459260086811327 0.1932387109023148696885 0.1886668149992875853638
0.1458515750311475400736 0.1172455568361802230593 0.1234493399349833736567 0.111824430180028855375 0.07073440568720437693351
0.1067816503114091819526 0.1056657899571436937114 0.1602679161779802241572 0.1158291041610603061551 0.1409795886843452916715
0.1242192804151579094141 0.1655640903873497604692 0.1108793273079731328545 0.0372500592738932503889 0.1486273825430661776892
0.08234209955757861021386 0.1732088469545402797944 0.1263136542587819100003 0.1273614369472427232388 0.1603937165845055745628
0.124967703388563181055 0.1172191360402943527408 0.01278627146529462410562 0.09782777952445743940846 0.1378395512113844145752
0.183024276505973165774 0.1394021313823837204815 0.1511362674438041786562 0.2323319463584397892575 0.06694589127423235253023
0.186000746767345875865 0.05992362053626929668804 0.07835353013884142903134 0.1225885131608056149988 0.1339643103567736137638
0.1475367650926765195063 0.1639984454770728461437 0.1410678419562276242338 0.1705477641218729467631 0.1691397031529093264446
0.1763871518954840678095 0.1286722273481230305325 0.07076708486324603808448 0.1214738524034347372238 0.1652466918790252703442
0.07139987928419413987235 0.08422281984929580467281 0.137527279098201171692 0.1577216782106509174177 0.1208741210666669230189
0.1927530430353794621556 0.1533207089122457511543 0.1865910173657469584008 0.1391655137944821096774 0.09038668134216715221996
0.1266957545737286416898 0.2322660677776584303711 0.1262536203586804572918 0.1148542599989298279572 0.1280054689927125066706
0.09516988223930845924858 0.1122480938971632119516 0.1496679156318121706182 0.1272894944120230298346 0.1561756142208093334212
0.1470068128861385381434 0.09100177015497012966705 0.09135878367886268724973 0.1540253861093372755864 0.1339612946990729469565
0.1790189103151024196947 0.1423970880882652889632 0.1627754565119916563276 0.05413244252404546263957 0.1671064615683776344301
0.1291625226373789570022 0.1347804136485740988949 0.1131164260459952136673 0.1260286275446939052713 0.1901843700047854690549
0.08427230054760392885527 0.1306320972711239591924 0.139302242927873770606 0.1741355670131894406438 0.09753212390421743538393
0.1335983207190630794869 0.156539003606613380537 0.141990178375137249267 0.09760507005420607229418 0.1524997447640302206118
0.1743681275246167783344 0.1287673742816494160124 0.1268995911329745818197 0.1378388488130654898622 0.09153632037830151946256
0.1335805892565064267874 0.1147868278640141737057 0.07275629160845296927729 0.1238300107488898293973 0.1562520162173151594409
0.1465581715216998093254 0.1305913982891848956758 0.1549424519228200236576 0.1067054264235663546545 0.1088300733207939879899
0.1689124243474872666404 0.1849030251268939384346 0.1309780453508302966448 0.1282324970620194737325 0.1438860923951330306192
0.1022650889411629432368 0.1515999228738868220834 0.1435856002035173217823 0.1178843277216609364277 0.1365797518124489129399
0.1313030640420871919538 0.1071453483875365042532 0.1264062892912521662847 0.1758321566995811602307 0.1250975901746449181484
0.1444402648034542047117 0.06058385597581130571632 0.1176037522647977173751 0.1531919167089208499988 0.17092366397773384179
0.09293867804555860923088 0.1452222513861181618644 0.1194475542391554706567 0.08459142911053477154049 0.07581345917816906254671
0.1566441881477127207045 0.1311734662060311529252 0.08097814940673901673573 0.1387509690022971642342 0.1270537758955588014675
0.1833064942164681077053 0.09840848540663829635555 0.1642161785229372672479 0.1519832654947359529274 0.1292837759551589971174
0.122597574719995536241 0.1418175094477862330233 0.1226675286423912353273 0.1527710072802135055081 0.170590304736979558875
0.1340156840537849447514 0.07065295590488547550212 0.1213572638889459515132 0.2191298313879897208256 0.120108799336737334662
0.1571033805029410646004 0.1878783934733654348292 0.1202425609677870987912 0.1535646942817648630264 0.1066228622197389203086
0.2106954206692530917611 0.08719166516107110243006 0.149982455512374129869 0.1044275867798675899722 0.1043641057126730165017
0.1630054766099963692305 0.1777686035338874592782 0.1060967253091041478941 0.169610974902682398735 0.1175066446183931218039
0.09671214472865002909074 0.09710365109556462481777 0.1617311317316964813795 0.117640443333416055971 0.1336851147440967502167
0.157479805315642623631 0.1503220034609477340215 0.06101777700257975112219 0.1328495869383115035589 0.143916729149084099415
0.1404710029452365949165 0.1215142079807867009356 0.1532814194991275469349 0.153370486034117209373 0.07103564396602728148178
0.1834448830920822615109 0.182950504519996809405 0.1331924737685693804767 0.1206605368707476672041 0.1862192491705368657673
0.1320154345444920218622 0.08927863885763510920501 0.1411418727607146039738 0.1716869213155049755937 0.1911017696001190979693
0.1247066908343691937766 0.1235522879189012296353 0.1153281619916743244714 0.1854549924712012298755 0.1749955082679842399696
0.116446609255917085668 0.1709601424328255070417 0.1201696798951716743664 0.1611574105880488605447 0.1750141604938119099799
0.1333545948719389862003 0.134908561987609587618 0.1588675650647836112839 0.1147428957651596137524 0.1647169434555539879739
0.1593345298382508878898 0.07688548115471073585159 0.126706465119443528744 0.09941868465866837700773 0.1266608841835914212037
0.116335751542032322936 0.05771872437667328881172 0.1400837651011580531346 0.110350852075256647411 0.2051162546749046300398
0.08308270180471094557006 0.1461094092833778723683 0.1618955950804624732697 0.1541860562901415931947 0.1184723886609604093234
0.1419027749624515999383 0.1817198008036010059563 0.1162052036089238488126 0.07729569514752775150068 0.1688572702423941640504
0.07619892016232383824548 0.07790657094536698745735 0.1041739542361889842015 0.1571700343472418326396 0.02124932306208422022609
0.1849203156425057170686 0.1676515099488737892131 0.1524191661260868857486 0.130900829042433719529 0.1226764869182311451512
0.0954703715876830810716 0.1444648828708935128784 0.1750359680443125953708 0.1551378411618024033558 0.2316408976155988896917
0.128383523795776499643 0.1200564007612472533504 0.1170188769202595846508 0.1350622877021570023004 0.1105790264613241008496
0.1104505020691323446957 0.1646099426031858437014 0.1487197424413511104291 0.1616851565154849568184 0.1521738708407583406945
0.09256800374381168872162 0.1128223605360791637064 0.1710422211088015453928 0.138800611675163776404 0.09798670173867994603878
0.1271177194937111454287 0.1731217846847366570451 0.1106236605495150709944 0.07703138794375452569341 0.1800291189774393119105
0.1037858601310779477211 0.1864218279322570059886 0.1398332872066347376538 0.1672838962713580068797 0.1402998224148929995447
0.09536943922891941149977 0.1175291140705126136101 0.1080423583834526912728 0.1402302440397332206068 0.187628163550642962365
0.1484070186198571394964 0.1088596195005483713292 0.1295590500428057956217 0.130608872879609982931 0.1743418261941704627827
0.1898107478176901397049 0.140778854529503810733 0.1019386238614149314818 0.08291503860996569941211 0.09143733226623687593282
0.1688433904282336806002 0.09051007516467432512108 0.1404449932646586463036 0.08229379686100231350299 0.1218419417483036365502
0.171772046095029495838 0.1347495462475666316848 0.1643262016076605103176 0.109812976730524244906 0.11374856179126757727
0.1336819959340013741489 0.0885493979253553775699 0.161503892705434831667 0.1257395712272638133022 0.1484998270935128372727
0.1429990818635051008645 0.09880419079120990322185 0.1082082495019345280696 0.1612989406050378826674 0.1349977232597092957622
0.1286322380393024600309 0.1304670599181913526188 0.1438632904983851990011 0.1099947336668297692697 0.1248136126934216993956
0.08494659170191121155824 0.1394750911627855582964 0.1283716867970539909916 0.147725385122751767808 0.1354232799824013899759
0.1291654565240773211432 0.1599656083345100676674 0.1547405469412631850989 0.1349309219218899347226 0.1972374219185651367248
0.1788825196078254464727 0.1274930427144247979676 0.1743365357461778841763 0.1619272591136161898451 0.1561108654313340116104
0.150768017338662907445 0.1216957425482108889891 0.1110245366525828836224 0.1470058386692122687212 0.059131034533007095777
0.1355017531085597748408 0.07998973085410290839725 0.1249317470689836756526 0.158761912877553923451 0.06834844269073865608011
0.1754619031424202724168 0.1700565057623928955088 0.1438601430113719270576 0.1131343438229652498261 0.1462312396254450697075
0.1428301120647929578489 0.1709012890955423358275 0.1412694343904580818183 0.06680473704049688654649 0.1433282261259065659686
0.1129858942455412018635 0.1587016444788307556468 0.1712367497315148978654 0.1114541034084958748274 0.1312826212992294627746
0.1988253141404657808877 0.1440677372634632247284 0.1376056964905747748151 0.08112331285066881614298 0.06653742307192316018938
0.1343298632070157316853 0.1591573447021144560587 0.1728461413934530011005 0.08709175617151107551273 0.1273836855713131599455
0.1269233731693432953858 0.04666222704276401511692 0.1644624137881142977857 0.1354171133464147358527 0.1721468715975746910374
0.09980329413018036721628 0.1647473453530340914419 0.142577388185233772111 0.186243671456775811146 0.09697865022777771293327
0.08732522102915418749092 0.1330421618786493120901 0.1122435650280521335365 0.1461636748188447909591 0.1388223883249155854447
0.1558107870740645106711 0.1041565632306434424637 0.1381433947978452370098 0.1381453182049451611224 0.08823542901474736022127
0.1617789885592292031813 0.09100564140464585671797 0.1507357060495545797441 0.07648664847477824879629 0.04659144104525407559247
0.09613748861321615157838 0.1075088811409536382335 0.161838104228389539907 0.1153055239575745266611 0.1083885589109047364875
0.05284580707836510765629 0.1665194600837600624743 0.07092552266301382912772 0.05182814939148549376879 0.07203263515380316228676
0.1238482878023982464155 0.122329076426850563708 0.1135285834499112633811 0.148484398526001065699 0.1693629556181442119556
0.1543803141099547027171 0.06297335105695572865514 0.135201446350923876194 0.04799527878220744003812 0.1485215251565655814048
0.145700168310321814813 0.1474520806395981376014 0.1379333117252011520204 0.1504244573192073664014 0.1075401932543481736682
0.08705411892547654240104 0.1425035612381090055489 0.05792910557582135744337 0.1022414085199752215027 0.1157255060549611802578
0.08421592440327295425728 0.1612247919021047304344 0.1144669582140648150803 0.1474906831536947904304 0.1719000003708560653237
0.1651010266169438966966 0.1316018792391893954541 0.1226760022464533222974 0.09262712247360488371228 0.09136288670675717094039
0.08263652640734310550474 0.1755033548472343385427 0.1056376234670053926301 0.1831897158783116763558 0.1195465425305995560423
0.09225805007998560958171 0.04599302642847773875401 0.2063073019524021001203 0.1164133162168300705819 0.1106801117855117366773
0.140569603850853763749 0.1382830807609642664868 0.1336983944369107557559 0.08404403070231178385363 0.1531299890804292407331
0.1125462533056708347434 0.1547615589313364181656 0.1693025557606724074144 0.09901107375796491805175 0.1345651485854393036856
0.1282236936647461744698 0.1011955677145584681087 0.1258455505171401922482 0.1494164514421890410656 0.1061788062462350329396
0.1370912264153273107947 0.1217248922332853089401 0.1322508133555544140858 0.110899471905460664245 0.1108622912231219254098
0.09638346343787554393323 0.1174081178244765905072 0.1005825538735778124089 0.08722810330191767269614 0.08035410843298138039437
0.1301118147466554242353 0.07195231574536480045889 0.1347715992208407542741 0.1331998110967201054411 0.120691096049016302616
0.08308459910957355365468 0.1240780238702589299837 0.1540275687679854288437 0.0859242791913936293513 -0.3179542791139156610036
0.2264055676887787860174 0.1595697956389426630519 -0.2487527300728583357081 -0.2134587099289157186011 -0.2962193097351211168444
-0.06734798969205575691621 0.3063528552810319549593 0.1113375780703426964902 0.2629003179121502387083 0.1337653058641007919327
0.233926713344024567176 0.1776463468409160972872 0.09448095851300201963863 0.2256507673613962206005 0.2363039750963048246657
0.2548715747619798577261 0.1287037591551971060788 0.1360315579374050398709 0.2324326574759003616322 0.2141699811852414703228
0.2395236474685386030004 0.2049260182926857798424 0.2091556817715651550582 0.1248020899578829029375 0.1876732917934650912706
0.07462419548067458774376 0.1476446387077645916452 0.1749328994678340520874 -0.03767578614604413095313 0.176918559316024043282
0.06994793558834025426485 0.03092539613963957503828 0.1404269888546122169171 0.170257690237235803643 0.1253764092594431556194
0.07102495765431360297271 0.1778810113520676583487 0.2399654397314345821712 0.2450180998806626153641 0.1975985017216168315723
0.1661058774386101055676 0.2315275610196093625248 0.2270901705360984235149 0.1278506239040339553803 0.1509549840146365839999
0.1067193432580507556073 0.08222814772060060839465 0.2247388079357731383023 0.2338315063678376715117 0.09544217263516177607308
0.1708007126727286439927 0.07886793218246153369666 -0.1029761012787845514405 0.1788715209656176752251 0.02593816959788723675029
0.1663816127569787417517 0.210155170796622770002 0.1771826390914566506929 0.1749609022426084070645 0.1368472139837078882518
0.07623113163437741923723 0.1110302716725971722278 0.05416273101406497009203 0.1538578318465529393144 0.1028165979235081822774
0.1502593366645431083306 0.2571540615264070739343 0.06293601900974100937791 0.1532381634251741286956 0.1393143572521001738451
0.08330465693362681944834 0.135062192288193633205 0.1640076028608405678266 0.1436035428607869979256 0.2219558612977683698109
0.1516453225843588381583 0.1694579886356292197647 0.1577833927986850015568 0.1722443041612752856473 0.1848520015675449157388
0.2063866013233800755788 0.1142257696178618497918 0.1569018073612494235114 0.1631105380853566655386 0.1166253191522107629519
0.1064639441060620944635 0.1503142786789741780495 0.1079239324148694584293 0.1171837056007419552994 0.115646210158363946241
0.1893520355939275201518 0.1054207168003173655801 0.106951882645574675168 0.1170768759185324692229 0.1202156571987742506025
0.1859278964455390870114 0.1753365558331413109894 0.1281734876573072945405 0.00599944613514982651864 0.2110073766269886796909
0.1323018541976860584786 0.1445757110646641030449 0.140278692993928449928 0.1802700633998374213363 0.005544243681684862118386
0.1569222152801161285218 0.1168297643989325979019 0.152015888908025087467 0.1754291506443326764675 0.1880078892696326886558
0.1834406679155570485396 0.1916656370293992606157 0.108172226388616204984 0.1677208817979732036196 0.1399833606672702124296
0.158471274920737537073 0.1623975373349550166413 0.1366737955601463050392 0.1865720288919206215628 0.1053739311009918300233
0.1899462784882046673118 0.1846282350931369720115 0.1365701093892813244857 0.1537945967305521799418 0.1448418986402416896997
0.1974979540916740883283 0.1996713113102294434587 0.1842722513716441301579 0.1346297320874063896401 0.2147261178431824069079
0.1497266437660449978075 0.1740824489309191758224 0.1638320472579439801564 0.1251774531536575529866 0.1581377118639679391077
0.2237655145927094357816 0.1423282176436829193911 0.0694731425057155682623 0.1944219691803920901929 0.1983939221505305605664
0.2052882140430426771704 0.1432867120859398490929 0.1546912211227876865483 0.1695718279226237634738 0.1329238851686839750776
0.1446622733161994078799 0.1218906687543984540545 0.1729989351874947345333 0.1004585096594197562991 0.1373988069965449143606
0.1067435254100899955088 0.1773695977548827018566 0.138553663687982386854 0.164349084866503514224 0.0692344861561519919757
0.1224105151722762602207 0.1914505263688861536053 0.08306257609382482198779 0.1928447190003050037976 0.1652792897801756422105
0.1258094396666051550948 0.1448282412404154340102 0.15039139360634029563 0.03848200740786616308453 0.08214835458176515670115
0.2042564705027298255224 0.1073272330937503488135 0.07138885967960861833603 0.1521961387723207437261 0.1375444295780110237626
0.1205140254785162789997 0.1484210988667616637482 0.1437837463130668680389 0.1460387270910773471755 0.07204172233574132611089
0.1464312786246668440793 0.1639812186960240836253 0.1540113264301365691988 0.1717167016584398298029 0.1097247195529843510897
0.1354212653740025362747 0.1823909962963222164412 0.100619560752421649541 0.155093630905732721148 0.1121337654663603355942
0.1530739291553043224248 0.1797721722748444606044 0.1247575526644417037714 0.1558097642394602466709 0.1430679178215621960568
0.1391689350629719545971 0.1525655231604188810657 0.1250050430910806531504 0.07390876751460785654135 0.114689677873934817165
0.1355546316076398083439 0.1605298995636202374904 0.1182366882095222532234 0.1358337189642954412339 0.1806107973422201307123
0.09343000449002000773469 0.132294482437787574991 0.1833150060611257459176 0.1298761920357568988571 0.09855157102787141798483
0.1469232405518043071968 0.08678953370933639721585 0.1671996496854376568209 0.1013801525585292656606 0.1199191225632039864424
0.07235707149761148870848 0.07427850104759359251005 0.1159022011645952782155 0.1317636886733873635702 0.2024745898414227751605
0.1874088431916411390254 0.1517170670585011316156 0.177926100935311998219 0.1847250513005062877436 0.1763033288577132151609
0.1317359839317077674359 0.164656814270542628531 0.1786704413472064989499 0.1427510012731224853244 0.1146419456885453963535
0.1905931950732273894022 0.1314631120601355285249 0.1314109055790586566559 0.1577661063697473886602 0.135041012399735677052
0.0918333735047238697291 0.166418695754681128518 0.1461877785348275338162 0.08956574396675116844779 0.1220228540829929736455
0.1589455138648919185762 0.1114701990900623107539 0.132269830279078681734 0.1459381940746835026879 0.1860936163266785070558
0.1707400830109744027663 0.158977750864761069316 0.1843186694387012880547 0.1155049637027829589897 0.1478067934271752315034
0.1294529101453121278098 0.1897178370504292999055 0.1544638710516482438262 0.09812675812717586154577 0.1237908733930914995103
0.2194834645625763636101 0.1241529426388509049772 0.1660898533995032178012 0.1727450457656675708584 0.09539068212324484929976
0.1402571911839903262553 0.1455900609053249195046 0.1205280847719471942758 0.1606837321038027677211 0.1504303465456678368106
0.1579803602429961928433 0.2068063692307228196299 0.1910419223194090021511 0.1023238404223264230719 0.1735868676329040405371
0.1753937081696176625289 0.07366981767841065953384 0.1046680216396357609998 0.1343012810470668172425 0.1284545714895080348317
0.1286429046697295519586 0.1750767030264430701436 0.1522601075066059572727 0.1777993464450023930468 0.1400437590520505204417
0.1325545564849779089922 0.1778420119180171843354 0.1753325075262365251305 0.1764310493084106923334 0.1294651000878805635619
0.06111885386854340462826 0.1291211255558876724869 0.142600836424940535796 0.1069427539310602581768 0.152984215803642742415
0.09701001714358804817184 0.1225169238420167200365 0.1741452099965681565852 0.04594031722196116607204 0.1246898259773659561889
0.1221209060025535003691 0.05523898053836489435708 0.1761130931972696989085 0.1200800289092945477565 0.1291972532690757458074
0.2141023791281825294774 0.1282698656005345771991 0.1643335792857121280264 0.1853012164453648191742 0.1897006858501585069288
0.08146542372900950068626 0.1491635852846600607258 0.1282993045026028233746 0.1523098767823921895204 0.1929359989784956985748
0.129043646195960481915 0.1384321344967470168719 0.07316027752992572408264 0.1131303201472059483113 0.1194892136297871776396
0.188197595588549038137 0.175245757650765249247 0.1367735318346916806309 0.1613987730511585172444 0.1370640351821192093329
0.07482105730354329797827 0.157151758647936901081 0.1167246049472033253558 0.1794377751059328396366 0.1149666736931681254585
0.09258928365155429107691 0.19514485433923844937 0.1396887642583631017335 0.1467024792001064559255 0.1423407557315621851934
0.1554192024341728151082 0.1423964371023840602692 0.1482996091192665677472 0.1890733964971957892232 0.156238135255645699262
0.1448504383723711597121 0.1915514899705245410733 0.1037504688472377645247 0.09145914754353082209981 0.1233821594293324497293
0.1276600658989786030162 0.1941234836062101232201 0.1561062931034882528269 0.1340697722363582145011 0.1226515721502550310129
0.1083091364749695917347 0.09913767968083850301575 0.1602986301283291781239 0.171829698925644092089 0.1743877586080012920267
0.1324025919343508328474 0.1107928503895861532813 0.1414648453764053015469 0.1636415269289875074055 0.2022020439918115197742
0.1268421315900040147184 0.1010451363999488594292 0.1035538632097393052511 0.1472387134119472196225 0.1577795457167768256035
0.1371786168311563414157 0.1877184948785652895964 0.0886320991292791349192 0.1327684959081632809497 0.2020527777208491471139
0.1818957134128458552613 0.1510536476925278537298 0.143549496383394037391 0.1374019508090683627799 0.1312865373366641774666
0.1263741157204513465562 0.07977175979378739456571 0.1267249465493369142699 0.1037485725195760044581 0.09787137689085212421958
0.1103848240643292566432 0.07667309897318547173839 0.1351697074346884519525 0.1383143802706327252228 0.17951169847206671637
0.1625548506350823485533 0.2155779668709469354404 0.1675992007444707110331 0.1904800865967020973013 0.06627976314593217455062
0.1557144790093374642215 0.1374578128940341648079 0.1048681003086467944385 0.1441194618793729953499 0.1297945915048283049842
0.1291469784080489513478 0.1877510409032697169529 0.1780388399514929997913 0.1334699079595675075272 0.1603629909312534462806
0.1665421035984449849021 0.1052167304844348061366 0.1650081861269257765823 0.1329012812188765380039 0.1709934960463163067246
0.1249275731915893555835 0.1369396686129110973784 0.1166799335511203156157 0.1109831110510784979439 0.1860673647403904562569
0.09937104688280271047596 0.1563141730979915045019 0.157465862358904640228 0.1189856518819512459784 0.1491546275254909126318
0.1519699763492524946518 0.1719663868628968639296 0.159988877554286784699 0.1814064236153290765596 0.1108707881717920368247
0.1477925778942761336765 0.1316502974407154635816 0.1857347811061075271155 0.1444169299068435996514 0.162306477688731076725
0.1909624020587453452347 0.1795112444385457139973 0.1384294504828897376392 0.1388362097659199545507 0.1589448471538688623106
0.1465820317351901325154 0.1219148937085257067281 0.1105413906388538758385 0.1303780185929208357276 0.1694580976501030289416
0.1720259505703498059681 0.1404257494563381780672 0.1706702263618308512694 0.1271331457599636505229 0.1586857529085571871796
0.146843892583634477722 0.1259876561199511635358 0.185226183330165744545 0.1433329074271033343191 0.1667848311095148083893
0.140797002630656725719 0.1339896296805765385507 0.1630469868707228597859 0.04849544276981623824874 0.09625125327770087113599
0.1052160901978096141374 0.1250265772031284861043 0.148019715476682300892 0.1334369627379688727498 0.213554858740471170675
0.1337583398145176516447 0.1560740776913346894439 0.1996520623815680739455 0.2164601548247087892118 0.08809820559872683087832
0.1602655035974927533182 0.1376935081052900189391 0.1266581229678804543237 0.132995750502500703627 0.1157997966855585231238
0.1070227300033235739996 0.0918343582477436776168 0.07001209723001744489324 0.1183541736233289787261 0.1834161844975256139278
0.1032714326854093506158 0.1797264797998042729077 0.1378901156849266507187 0.1881180890721922405184 0.09586638871935604377938
0.1325896931563489700157 0.1331139586518614026378 0.09646060939086968655243 0.1054783611108303098547 0.1133865553560211153483
0.1845321899450877434212 0.1457733422309252790949 0.1203649827419716461518 0.1110851854819885631276 0.06903597520324997183216
0.1125546267522366528091 0.1649023608874070900843 0.1546671274251008865175 0.1334169982629979378519 0.1386746517367372366625
0.1613824019837407364175 0.1144374725590081437465 0.1090625010382875875736 0.1162990789694238191743 0.108839006993688619529
0.183896939299247635935 0.1086923809981064636965 0.08622515597378968554843 0.1286664373067253896998 0.1588511560550961154714
0.1021705231384441026066 0.1531761234150126882447 0.112718840374228565504 0.1396628220621030092019 0.1273758831951126990756
0.1051298712100414145532 0.1233112796269930644399 0.1182178583208937372451 0.1564902282291698032424 0.13419491826610022156
0.1317888260621333795797 0.1410729124934427536342 0.1327841341440716971256 0.1328765439165552064704 0.1967449193317520605984
0.1578325362397394182601 0.1207595729776183846038 0.1361130697999534122644 0.1257162334301658856983 0.1314274785352924357351
0.06612123121920158996812 0.1118349228063875849815 0.1093693628342802259823 0.1291980079854316842969 0.1632411069041403151036
0.1026978602429302472876 0.1386284058624726311937 0.1007372293348176572891 0.1683414157119961784836 0.1049783491810038632552
0.131224889437852876295 0.1392173707666533866156 0.138511889445710023594 0.1352076365023542059429 0.09882276009791990389886
0.1073596268814748927456 0.09947562834900421091522 0.1045855415641550878458 0.2083169870457645678208 0.128015718891929419776
0.1164686573378162226522 0.1193642712106764702806 0.1125138695519240922271 0.1829055635082136033187 0.09266675595811410537372
0.1289253273087169471278 0.1310566282280659078374 0.136775128617056263014 0.1328190294346747457599 0.08433219134686087414821
0.07781738249677330743204 0.09533116133182313600702 0.1061355629443451464855 0.1136718398855077055698 0.1976469599819266620422
0.1706694243746598449452 0.1661313955584951540523 0.1379691061074575508805 0.1106176023602066654794 0.07410126804143503387312
0.1286022665366297890177 0.118506990709894940994 0.09343596961764367991865 0.1508689472619542115694 0.1037925704441588492521
0.1166467456628976495647 0.1560657381229626494701 0.1575431341507957105907 0.1046194753564671231505 0.1832555511099023815014
0.06637093933984102023249 0.1276214429294264818271 0.13155571719202216463 0.09219454224896664329414 0.1472230143900607191032
0.1306022649474394281555 0.1760784272472268319198 0.140244610691628052157 0.1373536759669600204603 0.09914766437203297033687
0.120866479976527468887 0.1702633250604667081163 0.09106496796592389308955 0.08999946482511365919432 0.1056484910565730767074
0.1260369934272158598532 0.1270990127778972578199 0.09704669823596083488848 0.1553277017179148233872 0.1347195411991400082474
0.1762397300206079431284 0.1204827448663769312587 0.08275904449878757063175 0.1546609357372473458891 0.1256945422594836769825
0.1560797322665762321137 0.1274938458058274270979 0.09651903525962059193777 0.05806905638491174220794 0.176732694754799635195
0.08236545396823706510769 0.06728736558761813646434 0.1453736613939962951658 0.1694929803867027406916 0.117421520022874870115
0.1415574787554512437016 0.1036947546973452372043 0.1132967377373116368844 0.1159030692294437669965 0.1483592699620884802769
0.1033998716014422752929 0.03644599120179131679365 0.1145429092850217683841 0.1446045166804206805189 0.1127597235223939120541
0.07379740579656436649802 0.09755050544033116999287 0.1017356015969071436622 0.1483482959846930682168 0.1357521811162994695987
0.1143399077740483715804 0.1519106702550561127651 0.07004725418425097882569 0.1269200052112977594732 0.1574031079373767738616
0.1912813183502700131733 0.07749336801512041184026 0.08339928589136495762357 0.09347447793790161774119 0.1023662483196445815992
0.1372468564155470971411 0.07242324396502469729953 0.08117132056044723542598 0.08730435659844788809369 0.09991035851513153931425
0.1512551633141947793337 0.1334454638524941172406 0.1196122230116108686726 0.1241042921511752716857 0.08366299325412640541799
0.1332441145678698868338 0.1068135952681403821884 0.07907711696179843541277 0.2269011212558361967329 0.106691691568101293397
0.1198834448908222688468 0.1269306586066560327275 0.1326424927260154706943 0.1598950720600994523934 0.08330930006023734568643
0.1289924145603124905346 0.1737019092222305272077 0.115306964283025420448 0.1144433746821978681307 0.139253921166507727003
0.1201904034959966338647 0.09705681607758893936211 0.1324603362648109350364 0.09165816910887357449322 0.1151642402058299791134
0.1628786343956868942762 0.09713451433404853008202 0.1731857084899521836974 0.06830682670890581009715 0.09139009751403297243666
0.1578076317890567681346 0.1106132143653440202957 0.1388145218850850015624 0.1212721181502932898955 0.2081839925373634714312
0.1552780884044972220526 0.1033118773653090849418 0.108993691532005082534 0.115778368314498947278 0.1326527436272652571425
0.120910419998082024895 0.113371410634607330814 0.1240772072200533593378 0.09307116973081303035187 0.131862453534946494349
0.1241689924296224961653 0.1014834338618135212151 0.117644068709122459615 0.1114502833991193042618 0.1695404571986476871537
0.1352652760177360802274 0.1129642634818825153165 0.06383012482635753992444 0.04919433041336791767595 0.07992870206681147726702
0.1226824338908703571072 0.1200583904302671561792 0.1528696487656226732366 0.179914420749164361002 0.1294669964469896406012
0.1158898324605466406689 0.07673068552223927252243 0.1390268553813509833095 0.1207514737936397214435 0.09145322904163004362754
0.1789519931632709559555 0.1297222348116526535744 0.1649463809241331346822 0.1554156584923909734108 0.1488716162143686183583
0.1176608279640954934919 0.1408532651321317552551 0.1355893547990169867301 0.175703625329215906703 0.1483306364032567770117
0.1740168615689106634825 0.1658604758148382596339 0.1129965469421281565321 0.1499565558256754915778 0.1422615012714142368466
0.07359546733165703291668 0.119465856893035363151 0.09707312059198047737851 0.127633531368450597876 0.1264202545447662695555
0.1311808248368587226373 0.1697715902647721208929 0.1375260896771899887803 0.204853762406262268625 0.2010646578311972576536
0.1146202939910751367192 -0.008618214641611872048332 0.2260968811274635115183 0.1579829128967385754034 -0.1668805728058645465595
0.1936766681276342605411 0.09322655956534835197669 0.1837024335566922184082 0.01770997051856198351016 0.05594559301131424994269
0.294399328624835199264 -0.1404502736741899682205 0.1593528255487559608383 -0.2035365278885898354666 0.2725861534340768832507
0.1288830654791070506882 0.2904844895544753113903 0.1751417187777725148479 0.1898142251798379254168 0.195235285669376201767
0.1874485204644465996537 0.2409223763555542185966 0.1664439383572313968518 0.08825014041510331752605 0.1262209368724966085384
0.1948906361687596788812 0.2119532351254605484492 0.08013611503376742717375 0.1092684171196254411251 0.2215449616985365188793
0.1895521161280906974334 0.2709036317335158927655 0.1476882359901922070478 -0.042971006188026100725 0.2415191429858955518561
0.1200835415266637284937 0.2394272895760493624628 0.1107629618431035106729 0.2667870031878526448921 0.1393242803315041800083
0.119778433103515519198 0.1712291390693209125473 0.09020074602738596680762 0.2532877629397708996173 0.1552111986209186167418
0.07901426977513199834124 0.1883107084359411653729 0.1659375914543100294374 0.2131321479288228182281 0.1811697284188762968604
0.1065983855981518652056 0.1982263895721652902093 0.1531306077311501701033 0.1228726250880093212592 0.1466099135125393804202
0.2361974454562028591376 0.2557925790374575569786 0.09329033765997712945861 0.1504161410571320245388 0.1380591724702634748301
0.09173666123384838222421 0.1925042832264310388446 0.1740457630343993644662 0.0890683798369030221842 0.1937227510313801193131
0.1502345717869678354273 0.1509849163923853709868 0.1751114665320318009023 0.1875627188280430124312 0.1515130081467921385752
0.1805327475950274929151 0.1868413895026863058568 0.1498429520626645972126 0.09366557871772740462291 0.166424883381195320986
0.04786066270829160418376 0.1793538846553168752962 0.1809997807541989800484 0.1349861143290712328646 0.1094585771479834740427
0.176241865675789644019 0.09488229293995412150231 0.2157669469605484335872 0.1058176840333487356283 0.2198461940389293822751
0.1110671989253706332113 0.155782382852203693524 0.1650133052662278998479 0.1847857852014762880533 0.1648164482921171958285
0.1742737307429774451517 0.1489932929637750869123 0.09725608075253271145311 0.204001817718235972654 0.1229978951025914035711
0.1410170421999901724242 0.1773029180640515733991 0.05052722621691484866657 0.1521960216115088582178 0.07441688494111513285656
0.177167887039794330617 0.1864033435648022041242 0.125269281576277119461 0.1420983869870694471516 0.07990871258928763931628
0.1728518899233005556848 0.1876094369532805561374 0.1501718848813655970975 0.1373960974418507730022 0.09013823668666362531887
0.1608045832355615434306 0.1501057522930412946316 0.1605677937753876294291 0.192589460991474753504 0.1793173084578929266097
0.1777546707823874361232 0.08887093610579412106265 0.04567444309744338182266 0.0834966926302736500709 0.153018867698638649788
0.1454642765062670595189 0.09075334286605994671415 0.09472252444520948277962 0.1392548829948436484027 0.1710041952071444937289
0.1866278111512067461319 0.08363723219353824678279 0.1769527425391146102651 0.1537194645987161323308 0.1309796425265692954021
0.1261860872356782015125 0.1734964180191644889106 0.04823295539871732401371 0.1541765841536937020617 0.1682573564970019641684
0.08485190042922839681605 0.1911495955185058548409 0.1422754797803158777203 0.03418817318989163939191 0.1645839677921134835969
0.1139451629252048181495 0.1614973002507423538443 0.190714058681788617422 0.08701716724972215211142 0.09730660326338826104919
0.1251584565047260955151 0.1793364357719590684859 0.1759107549512835266814 0.074788354435418383237 0.1535090248818033187295
0.2043471633934072217986 0.1259814153075654030722 0.09541571790816300024929 0.1947253976640300754397 0.08678468142580184063739
0.1112764731116055449966 0.1620554661205384217038 0.1941058749822547890851 0.1235512766436634990441 0.05333271845824684442849
0.1683974057927919154576 0.1220682534374833566604 0.1827931921430962503017 0.1412820233907881029012 0.08181248324401155236352
0.158021532710606177341 0.1657450930729107707595 0.1399669424463506339773 0.1201069934157195651103 0.1547467760763646116295
0.186771246578641580971 0.1281407613634432118843 0.1543475174006265215887 0.132825590045770436376 0.0957421030189887223294
0.1537705995182404028476 0.09454442762034408198613 0.1294340243164903425654 0.1507565967767877657124 0.1034708738492901430872
0.06852991252905067665058 0.148124922428894689741 0.07646536733397554796987 0.08822533672858152986596 0.1235761883882715433947
0.09658980246478973685775 0.1146642295287024215789 0.08968961232112859782717 0.1398690538533323979298 0.1553874027351568043454
0.1540172459504641766515 0.1237790641974059746566 0.09912289445584164526704 0.06647597357764256642554 0.2014848287967319351299
0.1495798482919390437473 0.1259046217613846718741 0.16842321760628384264 0.1439422999221880161702 0.1537066254172145818302
0.2034718225391071166896 0.1485595219694594293358 0.1510539993971702077413 0.1364443500943830211991 0.1479042533474580201069
0.1152045720395358935351 0.1042764724628575667698 0.1230584122396487650741 0.1596797968187697869258 0.1002369209020902707241
0.1665373023156158371894 0.08043229789882745672802 0.2117137483653436791364 0.1373810896841567708027 0.1059655861926922099103
0.1424511384015054449304 0.1301533120370669538435 0.1375979013170621767514 0.1889108413092018545765 0.094372184415323911999
0.08916323312530266553821 0.1524240022601880961695 0.1877720402426764079173 0.04650421541824135279741 0.1269073175089270033578
0.1374292468696216018564 0.1461786317776034571647 0.1886852895949034936152 0.1156994994748955507546 0.1113811218247282158744
0.1610140311217921893494 0.1046528659465177368837 0.1030957708599711669661 0.0872972496308777184959 0.1600654165421760699584
0.1448272608500518199293 0.1973214703627927391061 0.1685547219745236469102 0.1291096686455177611208 0.1667971355887990780875
0.1292203037321389413883 0.1782637527241581754112 0.1102222055306185249934 0.1014661915542186543249 0.1391884668452425810603
0.07578067832899153255521 0.1373224132104328976123 0.1506683996186638507808 0.1653131992102770675412 0.1414176727540855105225
0.1734210106248351701552 0.1112988366182340455035 0.1706634604915917841073 0.1823282830839606516449 0.09674441769395394907782
0.1522759862198364289032 0.1035304862429031053095 0.1679590608179489241714 0.1249858835670830947695 0.1708777443445717025838
0.1788051143722604041653 0.1607352260934395149494 0.1539914661221692127047 0.1599798384142484819481 0.1055092077770783676183
0.139908495844373703676 0.1102419813323576996966 0.08899692864009450810059 0.1514825556995515187797 0.1005676534272416794424
0.1500228810427168824049 0.1078476629162174044163 0.1034116081197593572938 0.1428790117216506283526 0.1365723678896121895399
0.1403502116441546487824 0.1591406584063310425403 0.1404657971032393648514 0.1709052490494507858809 0.04770777268433645801338
0.2045759919021945816286 0.06840563002479571608205 0.199876848906788223692 0.2204164536430013587864 0.1451213386911088809583
0.1658238000872878370462 0.1005625846453651606183 0.09750732346697006669434 0.1656153771193233092962 0.09728614850854030993155
0.1512773732524310410508 0.1444842626325757162231 0.0822743064443307720035 0.1518793220391467801988 0.1076231585637313081794
0.1956917960015617241609 0.1883060957901851462104 0.129399437632472691373 0.1194676114926270932282 0.1475224181081531971138
0.1611778949196744914474 0.1173685295741006273662 0.1131667981184148741303 0.124529214262400308999 0.1160306038097451003521
0.1897112529319191220889 0.1469824417630787860567 0.1446881369861994504067 0.1630681409011147386945 0.0972888146036455653265
0.1790036957147514151689 0.1142119592614325024327 0.111424979489731956761 0.1553732628012331473677 0.1181506775626589428319
0.1291469304263719586334 0.1362571301281164659613 0.1451260369484842216448 0.1553691784051739466221 0.1621043290982971118996
0.1386999380511369783786 0.1132856685532247636994 0.2076718675490946131035 0.1286095385369467603009 0.09301767461540161319178
0.1341509012357708918728 0.1125502169913256689249 0.1327613762134748354171 0.1734633791624670684506 0.1524473021581480292053
0.1497288427510526376274 0.1281959723219261160221 0.1719539836314210035084 0.1506740605901258911459 0.1719249750387651376471
0.08036413024152726236604 0.1138199032875212707294 0.2096920216905873435298 0.1730541129800464705824 0.1468002781696259306798
0.144192944157408825534 0.1651312290765055423858 0.1581504558585164199602 0.1058018015825640950611 0.1165663338754198974367
0.08816692806684525707261 0.1804006055192951818444 0.1879218628572322802306 0.1410766527523313051962 0.1414962341764643416475
0.1106820433894215166548 0.1131914419383976411204 0.1204493072679441861839 0.1647532687176972987508 0.1010961184832264575517
0.1437911709592561426696 0.1756092670895222085381 0.1434275276958077438572 0.1406438882572516035907 0.1307062186769304690248
0.1375309997686551544138 0.1598972095004476678959 0.1146691111963219628089 0.05275893675342940153383 0.06663166234731571213601
0.1567558491141911591882 0.1667598101141906652423 0.1259285508155590649348 0.1243047493752424820235 0.1330664271588461178286
0.0680603752504630038489 0.1033214995593299961874 0.1595590751490544578761 0.1699495440145290803269 0.1519183356545130147985
0.09310204326218761428091 0.09283928489298191866208 0.1475879008277500570312 0.08628372116925971113677 0.1115088060511497392024
0.1056207016780843638282 0.1481690250595283364632 0.1710850715219773832132 0.1437942038881245276905 0.1642237224277592888555
0.1519795918278271928958 0.160625896429763159734 0.1618748405889682273617 0.1483157281752273681796 0.1181100619586183952947
0.09492887399851336616141 0.1386003356918333873082 0.1832420482908320158444 0.2014578546258530000745 0.1827745656594104428638
0.1382709707321522207835 0.1095007967061984027746 0.1963571333767177018448 0.113755378189224903851 0.09481025040203935883021
0.10062931174369575682 0.1711409583512941701144 0.1716162853491274564721 0.09975969665133620212227 0.1571958937733450023533
0.127516847021424239994 0.1178852754090575077894 0.1373927504904077501191 0.08708107583213778313258 0.1197145096888476561992
0.1142510603732058427351 0.1111535747336570428834 0.1177829250387958798241 0.1334103865896106577704 0.1927206696273646435724
0.1038853304169299607285 0.1891767537729143466851 0.1497486241588336375319 0.1115507039858504301222 0.1505176208363642187393
0.112087777908561725404 0.1458883571791483590996 0.1235163987107693595036 0.1594586970076751208936 0.08107905426170017304521
0.1502793013228432283945 0.1359585997390644063199 0.1242718768415458363563 0.1493416690346981989812 0.09577671256858508175291
0.04042333688710974398672 0.1386847379169132976617 0.1303039364481369533078 0.1432823682794645558936 0.1263832829950986835765
0.06550283076058549536214 0.1747288167588030294297 0.1051132265382714453539 0.1234136407587838601962 0.1669078640777726940669
0.1383625491070737678623 0.1148649984344258800917 0.1116911870827671793283 0.1069815185716165573115 0.1466084586443432979941
0.1370662162659719018887 0.1431188054380705954038 0.1275329503647399942423 0.1451919521561938763998 0.1438380842119893476827
0.1178985517995629617172 0.1297449249682038341369 0.1921734368761681965854 0.1426343107743452964797 0.0783957928890791910792
0.1165138610230883331464 0.08404072351003998020413 0.1582828473259383361693 0.164308472733526750309 0.109518830517581794437
0.150105057052886126101 0.1523138574644384568568 0.1245087655881444710371 0.1094267217878436421197 0.1686748603770668319957
0.07344656599221859039073 0.1217750682740100648394 0.1390495924355951429252 0.09837643791373397450517 0.1581037994220643172483
0.1494107754647493180311 0.1222471086985599669772 0.1643144978270405509591 0.09691550880128708966854 0.1580286150512110465716
0.1167917829528355155855 0.08261200463307204200358 0.1367815573484028601747 0.1893940839730358371984 0.1146841817112786987565
0.1294302555734861137626 0.1301835292002941069089 0.06480615034194750490038 0.1768214271544713001028 0.1437111381748497063171
0.1517404247229059421898 0.139270251148128049179 0.1613379109344527106984 0.1343050967980691234871 0.1147929669804661212407
0.1199156399021004126837 0.1446624919786960727919 0.1533122147363008003218 0.08707336027118635357613 0.1290450873279600230159
0.1534095014266723955298 0.1526575263199872745101 0.1654752751934931431776 0.1465103623791689235745 0.1035077164925150561281
0.1335377708459478951486 0.1299300470771280746618 0.1143473755524835322461 0.09271821080069944653879 0.09464085704861086023598
0.1788211776026117361127 0.1564795203469980522382 0.1510121084267863900141 0.1351262445299813708122 0.09424954537712079694067
0.1361324528727248239779 0.1113410453990523046874 0.1655355625824809773228 0.1454717869449657363656 0.1208470937852702264959
0.1299641436049263909513 0.1433549028004693359772 0.1545240118201934020892 0.1598940971276357481123 0.1650720406702144427147
0.1813167097759693369152 0.131295882477241859787 0.07673773787258363066055 0.1246205862009985287919 0.119548201446332949538
0.08056613465290557440923 0.09369584123912090556363 0.1552085028168060654163 0.1170464107460393587967 0.1124267256563430683602
0.09983966918383654909341 0.2136316510728852868795 0.1315620843516309979027 0.1099438434307405537682 0.1484107461189718424333
0.09955755668816353154416 0.08459282159341059703639 0.1497503924537967878727 0.1206742620388619735561 0.1318567063027276109466
0.08886919432334809687557 0.1204863471577206357477 0.1156800367935649498374 0.1012358969866791330583 0.1390204358166510500983
0.1316860274749474535305 0.1160785632597928773713 0.1424699136188935233438 0.09376566157536891932267 0.1294105391363727930454
0.1281555465573307184268 0.1629190768617460871592 0.1738009197935959926351 0.1398101951930104391852 0.1588113182786486110576
0.17080033247254922113 0.1733040960166049582192 0.1171455587745285492618 0.1897437913383591412408 0.1413842949811004168215
0.08734792393126970810879 0.1926680034532552987514 0.1731509827628216757756 0.1380021377966998419318 0.08133520689781661983098
0.1271053104321532012388 0.1488535089913097519965 0.1597254647087740508926 0.1421379081336723304574 0.09680407085995909599596
0.1702184529754866282314 0.09299294221230694490465 0.0858251556416649852288 0.1884060512227451467115 0.1006535953506877273389
0.1904996553000879166984 0.1318615721229474957443 0.1293889179791571919509 0.1879142944785853197587 0.08322643115689516701838
0.1645505308184045945019 0.1614436957383783843856 0.1807238509007970672648 0.156753916015680588858 0.09516821266804248447002
0.1413733343057644309404 0.1221991710984097201376 0.1358055857767941354552 0.1192744486369300693784 0.0879406006150394575771
0.1450188255616556842753 0.1869560081217195302017 0.1007827073472725987191 0.1223353528770767945089 0.0929015205881998096249
0.1009893611065506152658 0.1170275663306611924064 0.1436376154135881877405 0.07294069102183278752172 0.1287295312304592154184
0.1090007311437295040024 0.136037303864050246327 0.1806295241393920669726 0.1003809719514465320644 0.1227674441295334845092
0.07527587627052538532535 0.1054526138248277483678 0.07763390141893966589492 0.1604901361809078219611 0.0689802786463702272135
0.0988659410070921451652 0.1646782583297641544551 0.08437222404669675324129 0.1588137490455908407139 0.1317900279128410567786
0.1396300406680958949845 0.08677418209580267660641 0.05909208952910383061408 0.04824630088721985204936 0.09488781581426651567934
0.09655369280008237187207 0.08515750536340863097173 0.1449926036735600942684 0.08796621972300981695536 0.1299684861384617085012
0.1288845849931792020282 0.11416143972555373165 0.08756289561159348588948 0.1149602443185172573337 0.1077785581225572386632
0.1313036817921769405793 0.1251368894585637991934 0.138013460438161927879 0.1401781983953392096698 0.09041603856648842973964
0.1500892255599034219582 0.1145587425749354376636 0.1246098530232071094348 0.112166115351717624038 0.1371518998244023734845
0.1075411850186432094478 0.1568124998739973685602 0.1230667170516940994718 0.1449884205421959337823 0.1612573341867598875066
0.1259283101593445808319 0.1139544944226029421497 0.1572061222829848892157 0.1006340280998088976272 0.09912170006584490600243
0.143730543323278614487 0.157327453496434233049 0.1522838920749378377462 0.1249030620112660944221 0.1838997736137769345444
0.1582343248829777004882 0.1524008927566032622902 0.1530879413966640401057 0.1088707687177839222858 0.1379006420834065216319
0.1124867804426561562758 0.1297813169289929735584 0.1736275823619383984475 0.1546331020505357090045 0.09877824733207582474925
0.1489320804267669773324 0.06196654920676564204385 0.09273547047473097715287 0.1083898199635446868427 0.1077747261020382818497
0.09734329256296864185671 0.1691597488224566570025 0.1597423150929399848774 0.1576706522547089983632 0.1000128755934395208271
0.1222593877763719499852 0.1698117347509028041141 0.1173368821156321462063 0.1398827820035142555088 0.102023303009867311042
0.1114405465445746368225 0.09780940612862239202929 0.143679892083187821239 0.1343266879550003567445 0.1551916262261356094232
0.09077706426671740269629 0.1249314225939403416588 0.08619797744222100488454 0.1473807039878433366997 0.09244989503806395891861
0.07232389424123675247813 0.1216165498200098976644 0.1334669143556437842513 0.1172386311917828077833 0.09921646933165650938946
0.119795399670789032287 0.1066780016527181379482 0.1444650309505446372782 0.1829471892377531883067 0.08878137260114772610908
0.1370107237426515522927 0.161517244601106141344 0.1360884510180041528926 0.1478515608020630478503 0.09616995243247475344539
0.1357455305153061619894 0.08985700903092977420705 0.09545941049361193753153 0.1416594170589458301368 0.09104688386592788007512
0.1577594405834220891993 0.1391388810126562847191 -0.01220644839797844875828 0.3174079030053572059167 0.2217845822671645206192
0.05695178361661298177543 0.2590086093376011144862 -0.01403243215380786668156 0.06308727740837961894815 -0.002815376746987644993037
0.2429402213609564153973 -0.1880861784051626184322 0.1385563246979647777923 0.2341312730260715069264 0.03647923535168602626744
0.1790795894993491288449 0.1497929408145548257902 0.1684873260112175474834 0.2379317972945675374596 0.215263101009342538994
0.2461484807223424942091 0.1804467718035429046886 0.2343858804032802889417 0.2701753742640010114151 0.2786621413946356318192
0.02228520336926683928502 0.1578188388198550062835 0.1828988502229228207963 0.1891764445482772560858 0.2297675558892523783872
0.1944214210259178066131 0.1968623309075489824505 0.1772658482979226346465 0.2337965915740704003767 0.2403376666030424824161
0.1463100743433070338728 0.2489656352123749138983 0.1658320406857961837321 0.2416015502074540244326 0.1653032673755218395772
0.002901283070660672352287 0.1479088472488069294641 0.1509898440276713216246 0.1677048372753145999425 0.1414982759733878492359
0.1589552218161527918916 0.06282852428911232800512 0.1453496736626745111653 0.2220817757641272427449 0.1403670065969305214004
0.1876843668926244657058 0.2633586316429491480662 0.03384027175292021044628 0.1975998217161857584134 0.1714244029814984415783
0.2536106280170543625374 0.1311585207969299948783 0.04080812135782977551068 0.1265662720901473414781 0.08499818130752549716345
0.09117488489761307879355 0.0997822706659764330217 0.2089439049762425726353 0.09145926305319841687069 0.2116990095847806063745
0.1109851015326444312326 0.1878031132181241236179 0.1588714253294555844853 0.2348559188839998701503 0.1651801296702964660934
0.2212490812803237505424 0.1791839091657152494008 0.1286814770182198863768 0.162565457242593691678 0.1350090021418530739084
0.1802077287768187874306 0.1099906013745899358014 0.177592907585683745797 0.1353338537573200439645 0.2013253742787167455131
0.1981618619748140575076 0.09169709009427455537189 0.07357678198751588238835 0.1099434578473001827836 0.1456782581837981760398
0.1801484473715418144213 0.2292027825940440854957 0.1248596252655178318047 0.1988882633021907819781 0.1758655566374790479856
0.1873440361874546822296 0.227070738581796882638 0.1277362673692656325208 0.1968756644080587314694 0.1938292935613904199865
0.1739982604149951372907 0.1085098734617844784545 0.1457403826836462246153 0.1984740590540349236548 0.2058089563684460110426
0.1408059016764038329228 0.06336056320856180146261 0.1441873850941223500488 0.2130635702641449358286 0.1317470778145871102005
0.2311461756484812501977 0.1634123908972109628923 0.1569115160861463964537 0.1736165389865952368709 0.164427912517523339142
0.1396644510839210040487 0.1835299887523612893947 0.0408834491089675039488 0.2103036613071442850753 0.1375074021058398654471
0.1742925476791599981308 0.2036076430487552546555 0.1206849608850071864374 0.1537357845432553438147 0.1773348755875545634808
0.1113502387035679719318 0.1644319450691848205626 0.1489378229154795507672 0.1353956081723862725497 0.130152166650257972158
0.1357367134066367053702 0.2045533854869548973099 0.1342996663309763694105 0.1229533071705293245657 0.1399959469970903092051
0.1269094189158758156921 0.1357745739675683960268 0.1446083088827447016289 0.04614976336073604856747 0.06772670016643771162546
0.2077134310878590017779 0.164102333946666234521 0.1359491359404947363743 0.05528721103045719509339 0.1373971083002663851058
0.1817804848134751405375 0.1917968251584962202649 0.1622455129882502955496 0.1154608793435633745661 0.1738798780042749014818
0.06460179290088999271013 0.139754116867425531856 0.05236981079116462267642 -0.0185002567353977874498 0.1169551135390357321509
0.1968798025366249315748 0.09599839382726646497268 0.155096584500184042632 0.04401578221449405775578 0.1941815381499061021753
0.1428605508354267861204 0.1665558814101638918093 0.1406253064707552180579 0.1178504620136152231114 0.1781636404743781876281
0.06885865412241319594155 0.141395055352247195346 0.08443670459677964090783 0.1320031429822120516704 0.09257902026405939732712
0.07633407154920743287185 0.1761810375953970775331 0.09786408319966079238927 0.08053578847856356082158 0.1918877156749020373994
0.1085803374401376336644 0.1052138567314344352877 0.154747421417181091341 0.02544101483933281296346 0.1622059300093483258376
0.09286553493410275306186 0.1681121252059567250381 0.1508594406760403738854 0.1357885627819513663095 0.1817053661026734601158
0.1951580157278750005112 0.08853833568055122227314 0.1008847473194540572683 0.1231122852294973119003 0.08476135322838734831308
0.1386785952687065448519 0.1437410629343671975011 0.1245205296532019417777 0.1783513171157188048621 0.1413303696298759681849
0.1218989863901304426808 0.1481897393677955587776 0.02505185640580133779598 0.143619156567790451362 0.1592613135581939509677
0.1697227120612045947468 0.1827651118733865098775 0.1644148156465484456046 0.1399746157767836340913 0.1432165831220299223592
0.0804406548110307706434 0.2018722916882738083189 0.1325485501166553115038 0.1329625336705390903358 0.1664686902144789093505
0.1577620717166115515973 0.1387439646506114232505 0.1621706864970004213777 0.1906172737717159448856 0.1462651372248661429953
0.1350948458464295565129 0.2519361070513331801735 0.1426120778455740034651 0.08861559706108557143978 0.1193628177517096766724
0.09183750446898505948035 0.1494565125080379031086 0.1426592702280493896172 0.1368791546359498512153 0.1651578422055609840502
0.1623358984945947602885 0.1600886469827945968181 0.2169876409202467770765 0.1779294108894516612818 0.1654922502875829926072
0.1350132191276118276413 0.1389868606319897281764 0.1559252612734662590821 0.1085105700237422032828 0.1577761465612528002378
0.1632637993766593575984 0.1549018085504755282145 0.1032864262428866974908 0.1250755019700175996178 0.1295979082482829058964
0.1525036831816241333915 0.1738643813134321536307 0.2073167937551154416109 0.09144735276979032434497 0.1474754592927613738862
0.1932031920297525851016 0.141649035971069342521 0.1051401940261713074953 0.2170718883548439503972 0.1656801507815305329885
0.1418204324236464475284 0.20938122706193548761 0.1658823793106683763821 0.1823972882933647121639 0.07171918255097124716979
0.1671542409580717980511 0.1744465145050348442446 0.08766917208734430200234 0.1666410313540030163626 0.1004265942509801889937
0.1994874631583540003366 0.1448567877109093182675 0.1922309309809031308003 0.1670632317405704170277 0.1440676865784138172
0.1886590433656110954441 0.1873536156082619974494 0.1103628282704983976092 0.1692969845130388728549 0.07275256994863180115551
0.1609080210865362625672 0.1815724379511577391 0.1445156788363507749384 0.145870958700466513136 0.09480087828544138395248
0.1344333994065294024534 0.1484821180680590824164 0.1906933524045312522421 0.08785710415342973256259 0.1777954677002371031147
0.09657312430863175534146 0.07415691853654952925279 0.1760633674144920224336 0.1393172230086175689134 0.154024497511531743843
0.1251329445867416512161 0.1536864529655654898477 0.1973495080715118310533 0.1488430327142978848443 0.1258643205077932536451
0.1489735023142908232341 0.1399815140142531000311 0.1842282757242693636002 0.1477711167640407829982 0.118548810370655552382
0.1100561262671897327925 0.1432817053992578026911 0.1660468312357661901935 0.09519473951453016891122 0.1901699741738761828547
0.1180980854113780897929 0.1241445599448225273198 0.1719690259905943263696 0.1531012748641678578032 0.1379333210323856195867
0.1087888324273730694669 0.2119130790781284245927 0.1308293592892842971409 0.1672583365234045771341 0.102537109759419459154
0.1353620088744341143361 0.1693495244088714102304 0.1472538161212698648583 0.148352258933625164028 0.1851908188148302103482
0.07285450535078770439856 0.1975977550387402192911 0.1042419688540808797583 0.1488857230173271928297 0.2073777413561171956147
0.1279480499417648964311 0.1089258147314956237661 0.1328321227291100470325 0.1272893294912791906093 0.1624627899623618532132
0.1748328866931039005106 0.2073806797778995902881 0.1606408889813936979873 0.1909908503473647101156 0.1440362740890071824307
0.1085277831690588390412 0.1310899905899038930812 0.09711947665729171730309 0.1197773943093630166778 0.1459985427178883965471
0.08112361428347955594198 0.1529991722372201490288 0.1447809330318315101938 0.1400638200647681408384 0.1282053857741679570026
0.1578629100006096186437 0.1174991816662923072023 0.1180496420731407675175 0.1520847865718707447868 0.08630469672451049345518
0.1533419203598306856939 0.1009734346930655640717 0.09614252010544452331509 0.1732424996269319728004 0.1877534255971248788875
0.1625625135798925702257 0.1484579057721197858921 0.1870441010054360864157 0.1830457840281431991514 0.09261615434812751901372
0.1386173893030786252734 0.1716823270486306507454 0.1770719948011761357698 0.1436433234322720964293 0.1317120910869304939439
0.1049643681845992548851 0.09250434531309664754062 0.183829392685684683828 0.1544684911121898540642 0.2059484237695709263338
0.1579689914351413704274 0.143370932932937567017 0.1324021596704201553241 0.1193700611564248309504 0.1951799117814365103207
0.1247212338460705061127 0.1442380308886834494597 0.1493259907774474315456 0.158865997649165258121 0.1474117349375697605396
0.1383180562513214306719 0.172509800615084696318 0.07111290212580895220285 0.1367390995161021083337 0.1665986620591022593363
0.1718531594718105681707 0.1173401190096459850709 0.1672966637737732242819 0.1000028915975996329779 0.1416121399737437502875
0.1131078037802972224846 0.1595623175021868012102 0.1366651323638330972621 0.1227544877386780863837 0.1630705023593768121515
0.1203876016608810134434 0.1589350186059787228832 0.1485398658191021958874 0.1323048020647562272867 0.1837794535460684219874
0.1156236261057530939622 0.1080138662031047414036 0.1421283786256721526353 0.1126648025589318535822 0.1515914510172433060653
0.09806596849203776111725 0.06414208080559080649152 0.1667272255949137638176 0.1802788724545149323664 0.1904594786334536382633
0.1967591975157509109895 0.1297462573468156910028 0.1197712656913770962186 0.1353182606782140084967 0.2002721265190811339441
0.1043097099461030574652 0.09205634785738918413056 0.1276489965201663689953 0.1571417391199468327478 0.1278647358312612059006
0.1308786481359066611319 0.1689729994474795660153 0.06859560633583043631756 0.1558008809006408701414 0.1356786765200875821691
0.166599150467108658713 0.165545111479601575466 0.1428847792273104655436 0.1426540505913769518731 0.09986276906623520188688
0.1092053144768189987257 0.09758719504767951469226 0.09772505574289816476785 0.1491396259319686112832 0.139399191539630235015
0.1315415400085549468834 0.1597831977033729033977 0.1702343327296216290989 0.1459418070068597139688 0.1520119943253758210133
0.1425826273553623124712 0.1112646226698712353942 0.1562442048182392517752 0.1519214029190397996505 0.1639112002435371973075
0.13230791237053210474 0.1416949345166128026996 0.07400516053936583016348 0.1798884160090819805955 0.1063842637693636627993
0.1358812013462707968259 0.186335097047705788853 0.1526625648023829939781 0.1488521219807878992469 0.1398000418856819859759
0.07299859958645349422568 0.1381885779642660350142 0.1682734506758158110618 0.1449250951807701526253 0.1495092137399509912843
0.1026101954771804908306 0.1281076003640461979938 0.1106676394820786668571 0.2130896020172517446589 0.09784012229346741862379
0.1316610595833381802677 0.07875387030435927748773 0.1437211534813413738032 0.1782960771398603705418 0.0618630938284738807198
0.1438828052464174722669 0.1292860629064711275316 0.1365280761609660442613 0.1125187123567560343318 0.08157242692964461472371
0.09284857712103901372647 0.1287016773418286907926 0.1386382489502576975671 0.1471082528802325206652 0.1354547675634486525453
0.1901083458970748429895 0.09195668594837526355068 0.1359416371532372602715 0.153458066979445056921 0.1508045026172758207306
0.1436632470969750885459 0.1356743373022092080671 0.09749726247602299999961 0.1330811127887092104594 0.2027194157380163286319
0.1411800159692572220749 0.1343148494163894091091 0.06838670238436535264714 0.1445844036497765383587 0.1232068568496593324868
0.09760562577728036648406 0.09226842757665382199761 0.06863434021760932146616 0.1315541220339501715664 0.1326547961416570386994
0.09620003987612305018651 0.09178632224997909649922 0.09086095686480098743143 0.1694938809483114705579 0.1890564464812112543957
0.1800736109031075005138 0.1072502031166920749561 0.1412002672733566055463 0.1402883598019984134897 0.1392681298870059591888
0.1250389091629894589008 0.1100184395250358299068 0.1239160763372703089047 0.1665498933534139969215 0.1144216839528658380409
0.1580091543362286410357 0.138135355198552439715 0.1443377253439458718365 0.1215353522287452442407 0.1183642737116616799886
0.1620388436945140175904 0.1569797428873179745423 0.1112899365808589502436 0.08736239112055504962839 0.1315828811949439625106
0.04738830554698020280924 0.1093663983865079819546 0.1311563551938305094424 0.1423236880473130183677 0.09171094815392952237509
0.1741492571706245995333 0.1586751218973323773742 0.1464828462504151052048 0.1798503227342741761507 0.1491221284139541969349
0.1347175378955000890624 0.1203534402593394031511 0.1374322560559219641441 0.1112850748451453541943 0.103632559233589049974
0.1772679906274167160873 0.1298325612948401930336 0.1831671249097169829056 0.1036172556188894033902 0.1822570508220518747944
0.1174848411624190430702 0.1490160030624857190329 0.1172822971917645007434 0.1014864855866115106453 0.1358693847594419079616
0.0965740667297016047721 0.1331445660140893605394 0.1267644510810010394231 0.1447362512318895177987 0.1662505626091953514489
0.1161580694521027190547 0.08658468733951119045145 0.1240688017020438321802 0.1478489435185785794147 0.1365439634068719987336
0.1101785926228013162698 0.0778563092928872685361 0.1361597890009611788731 0.0865833547787424190334 0.1459353821120560612545
0.07338109540554878240659 0.163908724361417679205 0.1108413447765716486337 0.1184224715654313975222 0.166167684462233511411
0.1195426170991590320014 0.102570394141428017365 0.131065991328316422404 0.1302594367734347113874 0.1418321615143475766807
0.1413082933845251076832 0.1032277092432716536496 0.1412198666967933724514 0.08978439935738943833421 0.1204423614293035349476
0.1163660977994809275771 0.1608809954951625764696 0.1267143818576760283534 0.1101660325529306289072 0.1144483368431282871436
0.1230484343597161439599 0.1146582883672936370445 0.08561244597773290387899 0.1593718908411131118807 0.1122897207421013066053
0.05387911311526104307656 0.1071002438237370069096 0.1368066235498706095797 0.09909937594994493170741 0.1353505094574266598428
0.1330894471320298588779 0.177777299763440060909 0.1735384494116432030353 0.05739798575990064793961 0.1546048732497709576883
0.1195295031573592042795 0.1239098194239353356583 0.1066196443054072823253 0.1174573199677348134262 0.1056238367581616849344
0.0747585342660065099718 0.1050245779913522581328 0.1598624542822714156287 0.1299672706607782057819 0.08563486362584640798623
0.09257574790511237383672 0.09755416328031156492084 0.1460997714027977012474 0.1409097388056472499596 0.176300728860117716934
0.1211227723682010010142 0.1547522992485252102401 0.1489935727266379350553 0.1104712705952934220788 0.1779254262312849055316
0.1737224886940116341805 0.22048501122582456202 0.07714803521033809785568 0.1090101325017519134919 0.1273758619590505403174
0.1991097660001941993535 0.129973973366368650284 0.06683959827393780306348 0.2045821643267088374429 0.133142624659358194128
0.1095260266563218704006 0.1420570121868332813531 0.08234490117921776375365 0.1254317586090365477247 0.1204028479505886151113
0.1062731370812211861843 0.1049428348630575130729 0.1768989395641777373491 0.1273443419625435168996 0.09498539926207251460344
0.1151944731928486870265 0.1368002498808284228549 0.1525324395347747441498 0.1266396233925257963637 0.0517701619357724338033
0.1370331171084598065324 0.1495215172195384079057 0.104096694600649339324 0.132152506515398032727 0.1027628327335169400314
0.09758757826445055294506 0.06769130504722109531457 0.1288149195487075238109 0.1476187405947324282618 0.1179866633410017878747
0.1249198738207919490151 0.1088663752916465554677 0.09169707139035568332908 0.1556440253803906270669 0.136681236737366457179
0.0628413457512001921712 0.09456021207256251615014 0.1999865708270956443648 0.1517494775358184389003 0.08377132367103518051366
0.1536217241511002029597 0.1148410125569485212838 0.0951325461705428421233 0.1621262594347336882805 0.1272438194976646674839
0.1219149518941991111598 0.144157524019831340123 0.06147337906344392532976 0.1390718673917588632527 0.1874735902636607554061
0.09997186484621002622308 0.133614302843837629009 0.1297842442981872179697 0.09036223279326355273255 0.1517062083382663129072
0.103250374900793404076 0.1270194822139609769351 0.1048019460460034024685 0.1668421437718272115625 0.1057817405859872023077
0.1178534800538555415983 0.1341964220131597884667 0.06943472450550160213201 0.1101970224296145717258 0.07846405654560641151907
0.1087492757079472072146 0.08071046811910646823218 0.1173519334925132578951 0.08191007308530869057694 0.1252803620909118398341
0.1198685748426742969652 0.1282357068608983297064 0.09406887527044661967413 0.1428714547843279447648 0.1480831689068555501176
0.1117486692810547715959 0.1231607243668013107474 0.09519055769512668740973 0.1157111553521886077034 0.1262081589010239091042
0.1494416791862674398494 0.1607445868920927001255 0.1015652184741919483724 0.1429981579466902130715 0.0449240915352678918393
0.1763138946574900056685 0.162143483592855436326 0.06701623543516736780656 0.07592896153436339001797 0.06248717871691702313575
0.1001608830669004635006 0.06563780503750563100063 0.1650067937084858660235 0.1677557856134088698496 0.1508885834911091183841
0.1688617567693980192622 0.167101226501998240126 0.1719532720879710374629 0.1068330358943811730921 0.1276952807118561794564
0.1603842903121571461522 0.242935324250599632423 0.1165130839282397801071 -0.04061492593060344463707 0.1488326353562309245504
0.1190280805697403326837 0.2540364285258906451581 0.2414105193627149870128 0.1987795448025674871495 -0.2061739323491083297757
0.04155596858194738479897 0.2405027818522376681365 0.2255485839414204385367 0.2720458900785127087651 0.1620744496677598012191
0.05309133847855604382282 0.03725208349367218479964 0.1645233787212437570613 0.1450954544006997637418 0.2420789319932683536507
0.2524039378595506755154 0.1348166721897805231389 0.1513140300286235917504 0.1356149064987232089052 0.2157306328974295528411
0.2355003928856392869662 0.1254067855196014935615 0.03747276272191523566191 0.1996055812711093335743 0.2347167233091124460831
0.2603333649979784891748 0.07027212363304351228077 0.2059697593734110820929 0.2095393173561604927002 0.1327458758075492628592
0.2827776991791247085395 0.1288874449758161122581 0.2226519952201574670259 0.2315788018926239477668 0.1520447119236174871038
0.2256709082424248613563 0.1039465537725284827175 0.1703760118553095948002 0.1111861410874362271484 0.1138958529772018807291
0.2517157739783746905893 0.1989089322843349549874 0.1253667467036827798399 0.1841896046782026119537 0.1786218894456859385134
0.1407244638265446878833 0.1508425880035068611384 0.1768377743336775886895 0.06101545635018658375603 0.1321789921913834875422
0.1763953384197343710049 0.01630803297069166254984 0.1925527135122194477557 0.1498698450360871625708 0.130650847938473230192
0.1998833517697334860586 0.1885208544441121236712 0.09749656433855960480095 0.1386490351513539609485 0.125289194332441733426
0.1764614680080762443293 0.1643951555154379851054 0.1475077361204315262722 0.1533122375799017833575 0.1725123637276805288465
0.1681395724155071158545 0.1541038550866385137272 0.1928745021661961711601 0.05931257989444164990811 0.1936790047871443654071
0.208745387334046711425 0.1588745495473514179885 0.1722410164481312788709 0.1508174656405544544757 0.1484924581355939188221
0.1242937857338396040463 0.1359040282646858666116 0.1331696469030859142357 0.09858992633548294137746 0.2157212015759191747755
0.1404601858841379169451 0.1128495078148926827888 0.196858048524306994409 -0.01327368869934642155173 0.1616573940630911809802
0.1448441259327448993321 0.09239396853867672121385 0.125992453768520251689 0.1566474753868537239665 0.2051562010665060054038
0.0614181717076832459079 0.1073182672854836872123 0.1792025382770882635519 0.1308552372653800366376 0.1630769322002342536226
0.2461499973347640313204 0.08114868515925292846713 0.1867276175202746968385 0.1223934137820316958578 0.1769235088613052286899
0.1218880606583655767938 0.1125059101756501755975 0.1870380990407572441292 0.2027646611446554392177 0.1806667238890893312231
0.1426040179613776437417 0.1418712913611993309271 0.1367417954611526709208 0.1239848837135584525004 0.140138947130520080675
0.2084524237991463857522 0.09865993023258655403307 0.1427390524825469797499 0.2060195331653129624527 0.1495747118472179060245
0.172157301193772371839 0.11936720648673902756 0.1494740124953473081604 0.1320410155116079620186 0.166277087635881032357
0.1587946023822374153056 0.03271851165576702968885 0.1802897232999861598657 0.1058431407724709227836 0.1131674205729763238448
0.1801505333561586041924 0.1558418990790118030532 0.174333987679459401221 0.1266360785544982381357 0.1164381793298986667029
0.16402397151207603887 0.1856581405127205597339 0.1982016625270691390082 0.1952334851753587119383 0.1652592972585787411965
0.1396858962566826511953 0.1264706732161501312461 0.202714071233131176708 0.09528445663186217717833 0.174627520765935961844
0.1664237222761103529578 0.2208757942368419213697 0.1918219937820284104468 0.1030934349523251886138 0.1423600752510096323356
0.1673674264069831274515 0.1274887401295777822341 0.134609421885769409144 0.07340766023654121674724 0.2246912464551148180814
0.07786399532515417276635 0.1025871702673454427535 0.238563633157515553318 0.1774969888991842492665 0.1047399318405025508971
0.1048325111642820495206 0.09359359976979145234743 0.1276390715017133858922 0.08578696061943326400812 0.142076924085598493841
0.1261181356231431405224 0.134730808203626872821 0.1639692374283326925521 0.1708526897106839026463 0.1613775222816179188978
0.160023250460548022156 0.187551365725814073171 0.1831405791617473355348 0.1329980202302742942067 0.1336211733415630931177
0.1648875219366996713877 0.1232775270255695443389 0.1815976266228810920289 0.1136602615700067764326 0.0900922240038935923101
0.1150835814387620309462 0.154077520143077767445 0.09006829181489633961988 0.08580213305292273828773 0.1781968647569161234845
0.09530143305745801540763 0.1216781382522057058937 0.149060423814827758271 0.1324457697029494673835 0.140765287459368892975
0.1499360576494943586567 0.1490174416985368399668 0.1067477345187736181842 0.08294757526321767937549 0.1880138582870939101266
0.1454286231085399616614 0.1393896207784002250207 0.1819295934313612805866 0.1818590031656106831282 0.1235651682469473544579
0.1628714204242010799017 0.1740386610689676483155 0.1412550296514412939697 0.04981277312268944656992 0.1757580541616778069258
0.1670942934461869533447 0.1414137692783901945059 0.1446584784494978348501 0.1133332013858442816057 0.1368283856834608125386
0.1755445282243386917465 0.1375338605422585236404 0.1133526948930029670803 0.1218338787231877523576 0.133464697763892914395
0.0925071781821193844797 0.1623300198495614410366 0.1559719948461660565808 0.1178098736408552393851 0.08662611061784679378217
0.1802379401610199605166 0.1490747522089893306596 0.123306130709999003936 0.1284644794333340556136 0.1123211200249554092556
0.1261326435686166147487 0.1262275501655945597612 0.2278672992358352356046 0.1611301306883334560904 0.167688798431607333228
0.1224268716452022454089 0.1653152173316886353049 0.1790700756699296347652 0.1247108747196254835421 0.1784563347974495728376
0.128301341801198176551 0.1598200877771377426129 0.1552156919649263777661 0.0905007481093210858214 0.1771828486466864582827
0.1135923170454234965021 0.1562930639837589175123 0.1317241764103471712843 0.1652991117252535779869 0.1344749076948437149781
0.134610304374744527145 0.1353916360114678918425 0.07504961581166082196237 0.09777051691660167132003 0.1786009267284260904063
0.1522209384461935544053 0.1558928479797783428484 0.1892665800375294693492 0.0762350897324104020969 0.1417034268078158909532
0.1442114970365283854736 0.07189367340671250217188 0.1360529068676482877809 0.1883854898482243966917 0.08015044396457923769894
0.125513917383191259125 0.1708549201971420461454 0.1471016570855278315921 0.1008665134037000643552 0.1155444771469752440751
0.1022787243403435464284 0.1520072386371167372232 0.1166112450852645615607 0.1023182078745638740047 0.1487639326948128892791
0.09630308662672548702943 0.1592584178518857140894 0.1422352593615679450245 0.1707651969470353192637 0.1730520426167583558641
0.1636963651153641174929 0.163591826431351089477 0.1453818155428664160578 0.1408204645335345839285 0.1525170120916685134738
0.1140340473840026486174 0.0955228138926700054423 0.09303524524435473341821 0.1213261145356634429504 0.1329450565316390442394
0.1363645771262072536878 0.1309425204761432426359 0.1107114925439881408797 0.1465044192103311937458 0.1245145348216089159488
0.1162938666196668274777 0.08524582336167428608942 0.159382787083035520892 0.1898634323708131566022 0.1362152672846369816373
0.1247834067976859168114 0.1072221813943040197303 0.1112082630563681062696 0.05777053339222204542125 0.141291426804708464271
0.1584345090987055448828 0.138302360388669998148 0.1274258978473189474201 0.1616717161900459165391 0.090323489584164806665
0.1103804454468485796159 0.1517655175887095697629 0.1407230382206839380821 0.148678118093019534518 0.1535904298913306764707
0.09082736812629460532165 0.1903255285082079695247 0.09270247254595105623753 0.1535890503504164783521 0.1642725503062280600908
0.1322952142777492345882 0.1129507390892602186616 0.1169523186491732702486 0.1367286361302855746125 0.1611869538128110901365
0.1236802357183233308513 0.1727808984547335446891 0.1417210535056550591015 0.2005326378993107505622 0.1654237581450969107877
0.1401418918731572871295 0.2221042084606242861256 0.1122252616339053793437 0.1002621992282320823042 0.1403392065239379704611
0.1371639209995473285275 0.1426873105954650777782 0.153875867458446391467 0.1132499588486200192694 0.1967816063505596346772
0.1425895730213186385349 0.08298179722193521623552 0.1360935784487246058561 0.1498464874881269559559 0.04914913747887184047869
0.1144969080347568723965 0.2123979304938906076394 0.1302490810560280876107 0.0981897177999457165809 0.07986193887739558017191
0.08889784343046962244994 0.1016838972690477793659 0.153165980622310571313 0.129451434839131185317 0.1470255068739643733444
0.1307573495336695756919 0.1536529804811751775961 0.1606829196200333098599 0.1950388686735216314805 0.1052844914584826069293
0.141983485175599000172 0.1721083246648389963873 0.1408519215692324855205 0.1763566500726489738593 0.1782276650453487043535
0.135059224490484297565 0.1228203716680338342115 0.147309204584435776697 0.1283232945510348610441 0.1484171341449496694942
0.137284882358246568268 0.1329057057481881631844 0.1020674235369531668294 0.1473019687812328337717 0.1466236259122192520099
0.1410064912963093219922 0.1408517527907743316362 0.1428446496467153659093 0.1116847532651060181941 0.06861775324172394996403
0.1731890199774220595597 0.1091199026170072139408 0.1059413976178589372745 0.1311340784230881906236 0.1397229986801473700098
0.1163498392612263149237 0.1267906186150163094783 0.181319274802248298073 0.1803460716658335516449 0.1697133611135205333298
0.2066411843480651933103 0.147159916089881437351 0.1101049647095394268259 0.1438661435167853663852 0.117303912669202495267
0.1529389551868689522962 0.1733961177633298600398 0.1607404494761321134266 0.1037978149785503678704 0.1171126647216031713139
0.1084750014662342054717 0.1301410817321130841684 0.1002016308175426584359 0.1438662762400969852283 0.1364308417958021157901
0.1320542647663278668091 0.1653972405454936789315 0.127919446393452512778 0.1281667250390554901873 0.1647639150286746845264
0.09441248771712534848533 0.146670546021758524402 0.1354661175919565363479 0.1476903338332593573767 0.114365966849712480391
0.1688091193704097381367 0.1691910458741795186821 0.1578981852679954001051 0.1369066004355851684515 0.2110942598668930914041
0.08656612656325463062146 0.1694710550662724690696 0.1627485844219534460997 0.1663742700689097575584 0.1271817373198031453363
0.2035247326841555515209 0.1014802849040722654284 0.09537394782042425689372 0.1045252009541862009412 0.176770698146533650208
0.1408081281307005105941 0.1178071138311142934674 0.1666176250668536251709 0.1495129836150723423582 0.1425068885147155184345
0.1164448332887609571795 0.1411358042090290476622 0.1046031275861995096799 0.1482552743001658568378 0.1775561954043651524682
0.1219446079741397376273 0.1686905390708184626636 0.08444313766506292284753 0.1684143481379351825478 0.110451359035958235344
0.08252773356540586691121 0.1374665676794960544882 0.1028647579443744547456 0.1480571814486267290256 0.1127100007210117826872
0.1725656278627114292856 0.1607848517259377052468 0.08006857857498540786967 0.1710392750826879859627 0.1280439236988764883929
0.1076191878842967797336 0.08818855481103139715149 0.1616583015070363060772 0.08539326379496654795265 0.1440341763353978066231
0.1279990890729663932657 0.1603942990363609322202 0.1181351221779634308451 0.130801315846291787981 0.1088086191539021641006
0.1205337258413421430703 0.1763211874666990031102 0.09396341122003404322527 0.1174767706102059355855 0.1046482115943695723193
0.1426133795360139400188 0.1283887418220506504429 0.1762938317651097375194 0.1133252645174365053071 0.1086264687841538290058
0.1263085736301070294285 0.1448871375531214922283 0.1700297411889317988898 0.1610990444385776154679 0.1330555392332202768735
0.1395994405626301282375 0.04484887471094300970265 0.11815114455163687468 0.1032599039715773603376 0.06651050067163383205937
0.1434001588435907525998 0.1455654188957737349419 0.1413038361413453403159 0.1365552899982415968605 0.1130466452877044031267
0.1057349729362183216042 0.1525894967864855344963 0.1937180536872545322247 0.1215873190312052737339 0.142205028903856028899
0.1008510418681963227705 0.1375849829032610716073 0.1504018986143191016769 0.1064314619668134953567 0.1480185221338956857995
0.1571028250964821293412 0.1358650978363481476308 0.1732162500574968289069 0.1637868162169276997631 0.109696060698464673
0.1301886889539458913578 0.1214279578737569031954 0.08365576071425841198081 0.124441762541763492611 0.1444486968288898609547
0.1456125769456838581206 0.1163071259424661579862 0.1598401360298871143328 0.1093307008685599768238 0.1623616144375926717558
0.1206940388974111766363 0.1489301608311843772015 0.1395028796017543648578 0.1537582813846408158476 0.1099330893917358636935
0.09267529432608960504592 0.1433257638973026160123 0.1677770473217080338113 0.08302718588911950359233 0.1433652760814568272174
0.1729380575821623522437 0.1119710652483430490811 0.1235838720689583364321 0.136622232615172894965 0.157288852185133637418
0.13034639988894231033 0.1138634093447262601861 0.1097835603334252480012 0.1400402087901632952605 0.1544872490615536719805
0.1278195330872967383495 0.1426286374695725223116 0.1038539234329092231235 0.116021958276445957825 0.06846565951063644794861
0.183304897431632585203 0.1060948137687271197738 0.1701063302336239535517 0.1336243554265867938824 0.1169365537183125886012
0.1382748719892396283004 0.1550330185255630877084 0.1133719979673638300621 0.1096387382637986490641 0.1117137622953961739736
0.1857103018404108740746 0.2001714111783325367178 0.1221229803169410349506 0.05359877992560434928349 0.1959303726509366294639
0.1500913057826355201385 0.1323750911634805349504 0.1812746213750876245197 0.1079575742120900683219 0.1159234242211641535691
0.132524691818145634592 0.1255381974287351209973 0.2305217072232445540969 0.1238412467436040276247 0.08666615022318827077363
0.1879174609099693304959 0.06383133825823447682346 0.1513711700855838171442 0.1251248514276649126398 0.1351680115662763081996
0.1175890159422396247235 0.06996177065077116563607 0.09887372026616378373198 0.160602037382480161698 0.09675147642162310046565
0.1558966947936453462109 0.1625312486345246165698 0.1011067524489004665345 0.1657751842492375116134 0.1013056126340623891435
0.1537262035326621978371 0.08988683652744224039655 0.1194915371327229525189 0.166424986678375907978 0.09633488842755703884801
0.1404825184914932911795 0.1468591012087829272836 0.1699201652140534257729 0.1274812767666887169948 0.1059317573570862647259
0.05430963813141017476616 0.08699414449737397081464 0.09804262124374608922128 0.1723709445812495466566 0.1284087675044011389591
0.1209306224417290021034 0.1452082184388277519282 0.1220815849596520730191 0.05726606879563467256133 0.1279912384265999292232
0.1561623445596556358783 0.1419224364044804620466 0.1453493586947897375783 0.1050884543368012236098 0.1004200085177042456319
0.1123008276515548853336 0.1315403355563081744251 0.1048565766849144098583 0.06128060274500487375482 0.1376788419890356829356
0.1297483158419619753143 0.1487050624112876417993 0.1691413145321920552533 0.1633853349954064726468 0.08244777028664987406081
0.1337405939108063102072 0.103675540743180069625 0.181215464840518591938 0.1538837995211312370536 0.1577197665262977666067
0.1217607308099125512646 0.1833372691146743782564 0.165548201578830073144 0.1595629172327741873705 0.1059765970430131404312
0.1466871741492645764282 0.1395813720834293558681 0.1707761934910057011194 0.1097374094078428924393 0.1369208044794581469183
0.1591348755372775369832 0.1751138141007864967857 0.1572319940749782596345 0.1104570501710251256844 0.1781572147735163147431
0.08180868051283053665745 0.1379035546472877904467 0.07986022286616105414492 0.07897909790401184959574 0.1097356170547275633353
0.137957777243141538337 0.1557747426989846140089 0.1065395840812494443473 0.1283167857055681759793 0.1360134975411909918908
0.09272479431226234025676 0.09253092871482478110057 0.07355561121671327917682 0.113793277402154613398 0.150408476420426456821
0.09424529999665186286162 0.07644473578090059395773 0.137159281795774440349 0.1615286956760204895023 0.134835116378059283182
0.1392755760827607269814 0.1937911550483905065434 0.1434873385597506267874 0.1201992999113197790884 0.1374835257169427504831
0.1522096846096872568843 0.1953824102145722552137 0.1260214608476255826464 0.1514069397974509290083 0.198579051276619400479
0.1190132358847942051217 0.145714481406651830131 0.1759507597845289539329 0.1237221035463344359639 0.1098516289561774494921
0.1092346113813321278885 0.1948074242394617905383 0.09399016591422346134088 0.1391007722111137490106 0.1605363819533573155329
0.05430826956333974220303 0.1900578862248611666796 0.1372833517272437353629 0.1221369219552972812393 0.09798580390851632793137
0.1083996894674370131684 0.1565755051101085648657 0.09993826718292982136393 0.1610565851565016748381 0.1078132584223461948314
0.05379513641715221589079 0.1333548677193544806929 0.1556400271125558676388 0.1180665441905840579162 0.1306061945793428602514
0.1408632899292997786578 0.1032045576597665492713 0.1070281487675899395606 0.1550029781812700957477 0.1801771038083522236128
0.1439349076122158344049 0.1061173234185737029867 0.1448215431515431361742 0.1099491134195627606296 0.1585385238444554922843
0.1424529005897744171616 0.1140621566847136308942 0.1579302445723514969345 0.1431684421262695294796 0.101174624602332063894
0.06726537887101073642793 0.2098848892140611765988 0.180172811122764758851 0.1338406191728125915752 0.1004197919220131129947
0.08380871306828395483901 0.1741004850219345645446 0.1040791637704970989953 0.1194472542305091561365 0.1256212080037797662602
0.1821117125932375235831 0.1174517958392499034082 0.1151555022061446220683 0.1310419292564173054938 0.1270560342385217977856
