0.06038050348339314699064 0.04352169242889888239878 0.1902162808475206245973 0.03927243242355983599001 -0.01045240085013329246755
0.1494380590751764326107 0.09124538142066190848922 0.03915263519402446823481 0.07784240714772136526811 0.1686923777626060105828
0.0585301040046164386399 0.05183275452487219603359 0.1683347440027135877294 0.04242602948726759831688 0.1410100174541975004416
0.165912262118143194467 0.1564573284505191841376 0.1606539725704382304272 0.1264676929586602827094 0.1245770748925523474515
0.09761217449155738801192 0.1012751189925003431069 0.1794874649647775766148 0.1490491243681138500143 0.1912827083957829854555
0.1482110427946387865017 0.1876497282641171326922 0.1537229608881693354583 0.1406635053062457174633 0.1316471622631747162568
0.1347874266520730779373 0.1424376458200095341144 0.1309194798036229789862 0.1328176681431766648078 0.2154181616838020396631
0.1471521207382131546382 0.1119919730160695431342 0.1828033555254117148436 0.1717208368823025521621 0.1274104775848625970003
0.1421012205830525787498 0.1798996072117255429212 0.1729157960074352573532 0.1448238429601552967885 0.1560604951630582548638
0.1407364414023584142654 0.1696835278309619388093 0.1524920697857210794002 0.1180439305992476151097 0.156085842942132402289
0.09500140258632557010987 0.1363631089909210225564 0.1242173485803580307296 0.2024627619440610426516 0.2183380246781815581247
0.1465557119643526029495 0.2048292875731689832719 0.1734789975108904924728 0.1705342621077111098238 0.181158297826042896661
0.138138037947261288485 0.1626724107793703077984 0.206574563276364836506 0.2004461145699479585058 0.162308417816243610865
0.1886323332176262912441 0.1545705810731307083827 0.1904347508714151759879 0.2123396628159533727764 0.175665642936129212659
0.1724673121744062231908 0.1660527135711619972636 0.1565553537803966999142 0.1907798131369868310792 0.2040215871306846062705
0.1197248497085004886875 0.1659721606055414300229 0.1951105332061436603563 0.1679112811616500777756 0.2067989480074073904703
0.1973516034112454409222 0.1863395939655273503277 0.1775568514143980036746 0.1356744467990295410775 0.1861318745114847184041
0.1946911866739626795209 0.1908078262563949467623 0.1670431952238022044188 0.1829397138939423683723 0.2096581889392815645223
0.1773936054785080207452 0.1839363473039615781701 0.1778802408610853369453 0.1570386603610298414946 0.1776433397582501128031
0.1691567310159947934434 0.2002804945134036285204 0.2033858926026106961338 0.1851806030707828232273 0.1564102565487578422321
0.1422089008549740907217 0.1468350409417473467766 0.1447750846754478903922 0.1607367613644639647852 0.2110928770251611907849
0.1669725010187213254387 0.1726176072179916309857 0.1403630653950105611205 0.206645856490367929581 0.2045430276882133635574
0.1963520220251639691877 0.2079226320153275686664 0.1987241463439192168394 0.2137139473328391325868 0.2110745628755206215743
0.2019916484879437645894 0.1984530263323370513628 0.2333114336034744773496 0.1689035759655026502912 0.1992684922722674223383
0.2111490147468979561296 0.1858108599090272650134 0.2069648728299148254806 0.2032427439752307885001 0.1936859347253054031146
0.240906853095640055562 0.2151465102955099906179 0.2304803084191668349767 0.2204845215657181556335 0.1667214211441289672955
0.1943075948213855153046 0.2227316441299978522217 0.1926389409439205613328 0.1926646341509500870437 0.2280160619169430968878
0.1958009812365885116137 0.2060570046257526044542 0.1679399404800269723914 0.1907352805437517728748 0.2241887225632706037715
0.2301001513756394389887 0.1984633804255069300382 0.1725447086753726100294 0.193977291675957785877 0.1939414659198223644943
0.2088921664430679614455 0.206807243238765814386 0.2101802974981585858671 0.1924495902667253399709 0.2080497042537312324395
0.2010277509542209017912 0.2213731109019514142755 0.2448777092553819645371 0.1920954388360458231499 0.1837907097320304328214
0.2461112470235377325256 0.1985993002261934314845 0.226919883425603402527 0.1744713273624697857933 0.1864422078103193936016
0.2147637466087089497258 0.1513857199242903128766 0.2234358923127123530694 0.1965299184532564857886 0.2313916107325818816154
0.2041762587615468804714 0.2072709343527276149022 0.2144793821665862965098 0.2189768007483220146892 0.1935261390823810878636
0.2229186803518698745119 0.2062187801119458041565 0.2352439025602938715842 0.1971342226436573752402 0.2408721518621257662307
0.2290755364619355416433 0.2043289094890752832789 0.1990344425618400248101 0.2127566309515533105046 0.1902149749410100565417
0.1945396712111597536943 0.2363262608747003779008 0.1993698724032584856936 0.1873020198835893546097 0.2265345129592830908383
0.2286870015111175935552 0.227513018419382540003 0.2198919928631633269323 0.201311766110681023001 0.1901789559223262815468
0.2200079349342608792117 0.1864577844233115400119 0.2283985166515922760055 0.2197486814916550790233 0.1767010127379547157478
0.2316785142909446593151 0.2277854905595681211938 0.2198212334834476477941 0.1940348595177784074561 0.191558874853613142486
0.2373925162813272093931 0.2304898103736410519549 0.1893917994539827398537 0.2277143499177106955589 0.1924130211182574767825
0.1907606601500858034548 0.2079141559333479716276 0.2048510613869974072987 0.2217188339338882485663 0.2299991319770146314116
0.2557831289246314532271 0.2337380877755662611506 0.2462313813795243555571 0.2119503532890547603529 0.2587169036768272589732
0.2114233643903193071711 0.202096901400060924292 0.2035076211777245291934 0.2057556323352583982356 0.194911899542133448815
0.2552979847255636980385 0.2151139528712581183711 0.206843758697672325253 0.21982772689631574492 0.2238623544057820602404
0.2323654515644139606501 0.2193762960496516700726 0.2148204330787862048613 0.2120817433054217049371 0.2199854518112769052873
0.231061537800728356018 0.2096010509229000728926 0.2345721185131566244308 0.2192690838847694834168 0.21909544444445536171
0.2349528205635469657597 0.2229750919810496445628 0.2376163737326665859051 0.2204036666820702872194 0.232073329406333794811
0.2388105048963570231635 0.215958069467471397429 0.2427080318649461332381 0.2382056614004555428199 0.2208585325708804780742
0.2276456785617175515579 0.2420003949574152102286 0.2278237519234650731992 0.244788754078797188285 0.2011536716992680384752
0.2221245301293435503442 0.2279144664461501545993 0.2095117911628107121302 0.2237560803387266539222 0.225055097949606097707
0.2222875156593828727125 0.2296239742365809854974 0.2478351699871267355135 0.2394061092488900255315 0.2367365360596763446122
0.2026638088632095324737 0.2422634136840103591393 0.2248335984297427647682 0.2211169500678900057267 0.2229679890722230661826
0.2348747859210981170364 0.2091229740800939762568 0.2446203982948665089925 0.2239150145979915129679 0.2153622176094797113777
0.234002778081345341743 0.2137305985032181554484 0.230693090157358560166 0.2270221531821643712323 0.2314121860649472617322
0.237554040593298043671 0.2265396923146801577698 0.2119064550668562363356 0.2543263600392789980376 0.2350023531683114452751
0.2349720270775293162746 0.2515253225226318223307 0.2378008435604546666475 0.2223811300225348452919 0.2731081529569842625271
0.2200218522266501053331 0.2393272446545492149195 0.2233938821838098442996 0.222622898023964371772 0.230226787547943123613
0.2242571139083506803757 0.2374078399816391682364 0.2463809504025044061493 0.2193571796780174887331 0.2383654100091685268392
0.2349473781149076789809 0.2406250102264053392087 0.262565739818317100962 0.2498914689779623554688 0.250248622160569200723
0.2216489635591351314847 0.2331847536449535296388 0.2121276976374004696879 0.2579782029642065932507 0.2275822064824349066914
0.2565378820867594278354 0.2406403056311590404892 0.2419591516223086047344 0.2362103659078966522156 0.2037869370071961894197
0.2300757036769371655094 0.2266724185123887846949 0.2319543437392168339084 0.2456383478008934140302 0.2432985806310145326936
0.2383084863618637749827 0.2584384288917377370254 0.226765180932987059359 0.2378760173725509852183 0.2343707046484570788447
0.2205102111472740100684 0.2189233934025071881546 0.2302465305513278770455 0.2568343566331480198883 0.2420299655692556839437
0.2514576055758860340106 0.2174686615682723256349 0.2224009825256315631137 0.2508627199765556814448 0.2423826396819678263839
0.243349041348365324744 0.2271186898856826230642 0.2184446622110476354806 0.2422032649150427929818 0.232851360698907550173
0.2468622258514246714522 0.2415432845871613998234 0.2283222881820522187635 0.2579299870239485370504 0.2455403700011056511432
0.2756271656724860741328 0.2556397158043023365437 0.2519421034959778982198 0.2529162723127678646939 0.2114308259011196955424
0.2283614677398874692749 0.243269341549424034099 0.2342087992635108750772 0.2178386600784399385056 0.2712878687192827320551
0.2582401775461539150669 0.2246650183942919820623 0.2282397330015003555914 0.2544509782666664055029 0.2199431103675997811742
0.2501679317422588755271 0.2655642221563181415434 0.2390179788408155758805 0.2350423222670959821912 0.2636942723231252561078
0.2411293331086719338163 0.2632897831305391345147 0.2233328267790054555419 0.2286589455816119831333 0.2502460161567230390034
0.2526017600529965045908 0.2447147685901693847654 0.2395524040638042084783 0.241627456099649501331 0.2280272281447688897948
0.2483757630901010649005 0.251384301591539904841 0.2657126195501692822454 0.2413961973490441614842 0.2534776212194849720483
0.2454041714115887395931 0.2668873889651703912307 0.2384747596390075774497 0.2551360568100088377363 0.2433978474170011840894
0.2464268883557431122355 0.2186105676369658468161 0.2594288877197257203733 0.2369445142203679688375 0.2674002709537089961245
0.2578135417753002478491 0.2422837775693293393964 0.2511931461219573669119 0.2465440568918073060978 0.2506288617955912956248
0.2598200819291605623285 0.2276729040803867065712 0.2287940478747123029812 0.2611964011805215646334 0.2260795173834267701718
0.2447263653735904653796 0.2519956378490825210648 0.2343765416797758682765 0.2772369824900504653442 0.2548921246643531257625
0.2509201596579587190128 0.2455885008242356948305 0.2525160852449810366949 0.2488570097637533562462 0.2596347520694597399427
0.2613016750641197205596 0.243811262397799322077 0.2435730218023035575925 0.249475986150072187586 0.2396512517441990730571
0.2399829550822628054796 0.2487536885775760986395 0.2343796039192725666478 0.2347461953198961004396 0.2510351258485117864616
0.2559941076654714264826 0.2741964181097130137665 0.2548765260647194996757 0.2632700307882844259488 0.2519859352964345378112
0.2657328396308509810275 0.2452836014985636803321 0.2608313596796285604995 0.2494514046979535160098 0.2571574876946984833381
0.245709347856069237892 0.2428203929653045545223 0.2530079661917264410853 0.2480447325479864240094 0.2557440636298504155199
0.2583385083307758178783 0.2512803100889504093196 0.2552245468923948767959 0.251175978476152306218 0.2601537870116714668001
0.2556016324346109258592 0.2551763846353754527918 0.2511551953016232796578 0.2727906172718760902107 0.2370221083823038088489
0.2686096471361466564431 0.2707413285941420721947 0.2665537825398808235988 0.2581377574418904363718 0.2559455532729318916196
0.2567601958364991165951 0.2646647142312998357561 0.2498525014276937183944 0.2505817168539509198766 0.2546437990127382033911
0.2531262334471642283518 0.2435736918677159912328 0.243738523761178993432 0.2517129435804115189512 0.2422258020454285121215
0.2497829119031407252294 0.2342046330446536650527 0.2328392173408196097473 0.2377214744413486124941 0.2419932009846707809952
0.2146581530365200829458 0.2452575801613661177214 0.2326867063749143704765 0.2424506282626925912638 0.2505105013918049183808
0.2394787042535327370452 0.2533710445969179492209 0.2277589865904017518705 0.2287800664228307190307 0.2771413754881968394272
0.2870415760413043693156 0.2591221356218694760187 0.2539373887124634632251 0.2709710768508041267566 0.2315263289398637458483
0.2228467766970262109449 0.2613274754566535795774 0.2609025961338496957254 0.272985987667234974996 0.2222710525826906147184
0.2443199006870399314639 0.2515543091324576319145 0.2313989075702915509947 0.273968949291444663352 0.2543820500015816499229
0.2519731597208548778966 0.2418917142164362932277 0.2409827976022623774455 0.2261452488093285695392 0.22998113218009350045
0.2391275079845888718033 0.2359850669471711404057 0.2519463326426683025261 0.2577542787284470282572 0.2357615520381389218052
0.2371086872333531270218 0.2353106787329460880542 0.2573429897720723169563 0.2489589719252903177171 0.2654515333603719162703
0.2785920163247305736398 0.2600156094183097010841 0.2535579078118530005348 0.2332755205289096245291 0.2466475846590587273077
0.2459758150477991955896 0.2522388222051057393713 0.2408029124021542066725 0.2475622279295687233613 0.2558622443706400351182
0.2305027945749546780529 0.2582226233664393078016 0.2558486693770752329335 0.2457846111037171321634 0.2549630950026692821631
0.2488748191506694185104 0.2660138050546204113722 0.2404100919777057143722 0.2686579635300796464747 0.2426354906645854792036
0.2275078275693921958656 0.2407514717257624725644 0.255175461708248341175 0.2562819109523328253708 0.2381559152787880162538
0.2633535757000683430462 0.2564120251248454551707 0.2531490629826377292133 0.2374612293061959256146 0.2575502864510461065173
0.2626565850189450657126 0.2672628513285583151671 0.2491566915596192810511 0.2524783487590070985007 0.2503625722341979997765
0.2650265631651521625045 0.243014953921819848448 0.2372855189267497610928 0.2688428271536884017756 0.2576813141947188467995
0.2585735009957393915059 0.2627161613717643451338 0.2444384294865198092861 0.2560197822117587507229 0.2696281197154172248887
0.2580401205678913290065 0.2553853549263795930102 0.2459507175621331032112 0.2563899679752069116212 0.2500901422122253636715
0.2437619379195732627341 0.2618203536155750410508 0.2587603054059003371279 0.2367965360501013694083 0.2455798418222431556135
0.2443113568444219840803 0.2299432789258926412845 0.2404099182939607448617 0.2434380670029308024738 0.2474297189665589091767
0.2723508796512471574758 0.2507777285822487822742 0.260726691052711123664 0.235706866786402985392 0.2595597118179142626104
0.2621433718843256821529 0.2514252003022136583432 0.2507735774059800526459 0.2320431884754258489156 0.2554886379325544965013
0.2375391720412944052132 0.2576120047738706952956 0.2724916166808892814544 0.2320981077088451471901 0.2517338117651090056981
0.2595371845882064043565 0.2433706181256093947773 0.2510371216350781864435 0.248945380823557077532 0.2532329351328049815706
0.2702903061427663899963 0.2427712628899406643868 0.2368530893957582761367 0.2451548106833542628458 0.2543367306165481567248
0.2385662705074866052346 0.2486036552311911840274 0.2424503174797204563262 0.2517358768943384061956 0.2493412905093524978284
0.2308287362991213453878 0.260582075523529022032 0.2471804654775855147886 0.256723736379033784516 0.247096867627268235168
0.2307147917980756357537 0.265037941728640924488 0.2773004135664745573031 0.251675154618199892198 0.2661509363095985181147
0.2441258667349252842182 0.2508884450316933301117 0.2607575336649309849513 0.252678052681668041668 0.2508653222307945518388
0.2462730167161514827079 0.2540830813494480144854 0.2548679639372818384047 0.2606548539868403513431 0.2363043401571236212799
0.2385796504857235766917 0.2424619216443368863168 0.2610575066241851427407 0.262454856060758245917 0.2668186613755312852625
0.2703385401779084817875 0.2517021874024106820045 0.2419447906762844657802 0.2718578715370368326099 0.2427769543847868305431
0.2207900900367342766906 0.2504707715317450733572 0.2595490605704325326464 0.2457870657768181366087 0.2658156101473432286753
0.23505724909650024812 0.2721123884868409947835 0.2487728056460989656262 0.2659210926414847797616 0.2641192215177678992433
0.2617094957158543899745 0.2575777478518432861421 0.2559503225052150998664 0.2420683325518784845265 0.2481753503735437127453
0.2605932358798314640858 0.2434941145458859035333 0.2519115393141901360075 0.2373743464650857337706 0.2662789681234901673079
0.2585554723889144090876 0.2547053593561808271239 0.2596266169931275014093 0.2595890394401382805789 0.2553205115629979538028
0.2562259386333912702938 0.2391991571657669790607 0.253576280544558663177 0.2655710378134852334142 0.2686452523541963399722
0.2666766671932858656646 0.2590965731833839713616
