0.1338827241659184263955 0.1972595714742310102352 0.09031105235837029454604 0.1790861942756941105337 0.1639592954461052409787
0.184110227477856658318 0.13588253649755577257 0.1569516984666143588623 0.03786780256604480726645 0.06970613895364431711332
0.1831298408431167312749 0.07502889559838937794112 0.0485951638926579790323 0.1457094392664768367496 0.03990339497819613001628
0.07237802137949768399583 0.100342790587236302402 0.02583184459387817891174 0.1678392874378523691448 0.1212036280853919095746
0.126071616971181410527 0.1606363518294932624109 0.06251110412080260192447 0.02527379948442094736993 0.07692576878561990794125
0.1234070869091155181474 0.0491166121062305421896 0.08742273625999708031031 0.1011047914345067078035 0.08567235843569423470178
0.08587094008819802504195 0.120766655219004884203 0.0567238099904557938058 0.08732529667391768224416 0.05430875394176622183995
0.05159414645771329827051 0.134385455217970212205 0.08551682958079548368957 0.04984000200169309835463 0.06567446318824055051522
0.07912647280326359777725 0.06038818456864270683981 0.06955902523712619023311 0.06574044918717952823428 0.07383957465107779394309
0.09550856673130012075568 0.05221625760556770912135 0.109892739897688593298 0.0758113107436986649601 0.100017372644616478472
0.08283203205785981404485 0.0452926728214121249172 0.1154931408427728595223 0.0590011972637366349792 0.0354478042758295044945
0.09130664636419458246586 0.07652845659663025379427 0.07725172571413858879641 0.08973845344652406352814 0.02680638742936483284729
0.05577008777268081807232 0.08156826970130386100788 0.02934086688818485569308 0.05923957442058980921162 0.03578959899578167125345
0.03183829779367730594686 0.0374079540426788398344 0.01852742736652290833632 0.04435905717900748279625 0.1083020201802679660652
0.08413582784229141353638 0.05983877966834234840565 0.02079082699824081476025 0.02191917382730531119184 0.02972571762680744147933
0.08139460584227915795896 0.03222400362092804615433 0.03516559298529375182651 0.03479200124125889775906 0.02045206466021726524063
0.03239919773361160659775 0.03459321088248869247028 0.03704332326530831998035 0.0764306239063944070633 0.0814800884884896159388
0.04155872462699292113619 0.05556552640011207938597 0.03248254419729868641697 0.08817577047553600000374 0.0336408739043065965757
0.08645669058167106124646 0.05956110469780892535674 0.06813661937318594985502 0.03169407562710667425332 0.07178881563989349123833
0.02814244423197465386211 0.03378155370379181537954 0.01702684446237249724088 0.02497711978105067107125 0.05386019340875958932857
0.03887584190818269003209 0.0770643304779566884477 0.03501108469646924126195 0.1090629375725167132805 0.01173296616317482353453
0.0395374385359721497446 0.05140526811584948674305 0.05135835597715034117616 0.01824889205156946664355 0.07432637653497260743496
0.02674031903360424636262 0.03019324442509908543175 0.03488148400482763561437 0.02289487158821271878262 0.04260852656990014170058
0.06994490501151512384936 0.07610787385317602238288 0.02138339834946155135209 0.07371926288784985681346 0.01786278355659482938722
0.02772454057352513601131 0.02779505521207789944804 0.0522600112509759920365 0.0347082738564206058629 0.02318816721021482729626
0.0653507724080955726409 0.05244809496887440497526 0.03419112060390606250282 0.04235694058513629622897 0.04384720980327697081869
0.02350926895393385882005 0.04401297800848737867829 0.06642139771398104797218 0.02792470076747106955128 0.02238113880051263715476
0.02976506308591963037569 0.04285478838130083595326 0.05454260713801212939744 0.03789682093376417482133 0.05076723643880061420663
0.02436761538986911487803 0.04525438867408687615423 0.04615166398571679540197 0.03983911777518144708976 0.06855032220410359200535
0.01960038279305104103045 0.0421201929502537236738 0.058717097125148609571 0.01487909273025952820724 0.06136844830301391856553
0.02982626061975682599248 0.03816322688529395767976 0.02417757272038931204428 0.0593120072345988749718 0.03953775970748046181269
0.02362058669491834406173 0.03790144129410379092437 0.0147441472312870580641 0.03609906474253365277205 0.03499946548108075206063
0.04001405452361462417032 0.08193765906396761888875 0.03484944187841090834645 0.05085355951138181840321 0.03393480582967726977284
0.05014496861352839979231 0.02210536297275816561281 0.004580453883715094112739 0.06883486298527036195694 0.02385288058550400630553
0.04891574647595148955803 0.0360558228719775816784 0.02951873813498689241852 0.05212183016530784473996 0.04780169229330056418492
0.05117080071820891140622 0.04996497756017766883607 0.03530632306045536350503 0.03600216849736712076968 0.02742586843032909435514
0.04352929847166265436842 0.02215168245321506163004 0.02388121559373538108084 0.01089308932278276395578 0.04775170379940422288323
0.02608856253195447616466 0.03408158759445352459228 0.02974020530835125297742 0.04980715544923500909258 0.01263694622705595523027
0.03563407979643566647621 0.01597853867027086011143 0.03567019911734107401324 0.03498559771846643934312 0.04871466956165541872803
0.0478769450565078233395 0.03858390149006742791959 0.05433878528486794229346 0.01774846436195802110158 0.0582366281489071421773
0.03292162548047671694063 0.04459171093106141514628 0.02867055543181970880817 0.04708911310785145187818 0.066467475490904828761
0.01918198967560276121946 0.02941832600360605801115 0.05879411448835920872558 0.01052319809354560105341 0.01344184379664743918259
0.01777078284132168825571 0.016424648871223943708 0.01709720985923832842213 0.01985120604903407165454 0.0354584466228930472731
0.04077300551348883583813 0.03814156737918750206262 0.03579620230945769476794 0.03265162729935578572737 0.03702787775146443999263
0.02965960445404959219817 0.0579767194809250180354 0.03675484549595675609623 0.04453458218365608650702 0.04059722241355563643328
0.02904034949963734887901 0.05017776282987770203325 0.05312709568599389975407 0.02660630332234664024993 0.05530391912758773897973
0.02298456332170097787815 0.01190086780314407975678 0.04992624655652779658288 0.02186247946811143913481 0.04227353540372319473661
0.02648973075409117791668 0.04031338833064969373599 0.03602274681752096197052 0.03162530142054448961675 0.03821987855110245413393
0.03289747467166537209238 0.02458714895408305872726 0.03600262562341448313585 0.02170801418184422834634 0.04445307971928723345112
0.0429321540130256293355 0.036058000635945247625 0.02130392985098144426059 0.02741431663748292169025 0.04603577343592774040459
0.03563270096229966682477 0.02385220685215102068288 0.03113480321604309569716 0.05282871208083465136562 0.02098131710339082647843
0.04045818355329543897225 0.02732237034995374166946 0.01355452618737236318569 0.01622079649661630276758 0.04018683497211374827662
0.04063006281359565763367 0.03565668638160007786198 0.03391842581325209965426 0.03615893775076084448727 0.03806504877064317837743
0.0200559123512885802143 0.0461791099281949474209 0.03791141132914877670546 0.02873269054777150693925 0.02929795709235148704064
0.03703399901133892085925 0.0176438129813762389908 0.02656567642477311586013 0.04426949073232103182285 0.03000129570351281124707
0.0344237120193534515411 0.03444211656316471109607 0.02604062878591860419331 0.03313899270560134724395 0.02365080996994438702896
0.02498393288702182787886 0.0215731907836293826386 0.03193913727256381118735 0.01308425374065010603208 0.03514776607056516177785
0.05729362423589625524789 0.04165944949390347484819 0.05313279378175198713885 0.03552275704275542622668 0.03340836202828367795803
0.04129598339782462185221 0.01153223978912553890352 0.02248812114640786827269 0.04397081350631792256989 0.01488392763380406123852
0.05790264216318631584901 0.03653412556033549390966 0.01064150004568527839444 0.03205094254116241936359 0.04042500755374761611805
0.04996682780605222334858 0.03601147308417577963535 0.0474696050536232705408 0.01716938547752121235757 0.02750541025362320327052
0.03537434467825990164203 0.0267121653485861733357 0.01591859701858166012411 0.0360384763762266122078 0.04839576797760024307049
0.02311711515558589891128 0.0453552280168729934906 0.01554062519500856373589 0.01166054536079896841727 0.0156730454667934060442
0.03290067248553762285779 0.02718234420136533477375 0.05302004470136583574869 0.03488187124013537171452 0.03462882669479008801439
0.02530534994580550117727 0.0264235531769713670458 0.04132604621492147467521 0.02579025011847052920033 0.0189143008810580375012
0.02998634997903950813458 0.03390168247029268916437 0.04774086944542429294946 0.02843462640878499994579 0.04597149314504674760817
0.02535139626366203838281 0.02430982411261841183436 0.02509164993648567779094 0.03334013188148744061268 0.05184315273543987911964
0.01057408142487155193467 0.03458645374264403965503 0.04902766844910332738605 0.02862490412519977031613 0.03360134637165455850916
0.01487421299529414694951 0.01713511789088491971134 0.01826986932757656764692 0.02091819238741866524012 0.04056183905906098757788
0.02455967195085818552402 0.02355793394307885077477 0.05968934957938391155929 0.02571275541159001240543 0.0312661241897447331195
0.02866505565795418597475 0.03489664367274782769135 0.02447396307022782144247 0.02810767595853958661367 0.03408604302595689278244
0.02807672485228262723722 0.01949746307107543333292 0.02640545901135964851347 0.01243034120184718580027 0.018878264543210180465
0.05598035513156166681492 0.01366339396892397167749 0.04532397293847350433493 0.01553683224588873167116 0.03074810037755425218275
0.02088929008692381322776 0.0176300048484437296703 0.01753729667753410256803 0.03533380477075178521806 0.04548498311673708494052
0.02627539029982161461474 0.03090070415354071939329 0.03883889216834471302953 0.03731767691082171073402 0.0367861264861049502839
0.03553618319149973864279 0.02248645095455556464081 0.009454096628794912346438 0.0266085338782854168016 0.01303325237562269305058
0.03285403271287609672235 0.06274338732836706733487 0.0337283593180284363422 0.0250837559684383183678 0.02098700119699897781445
0.032447438049873343624 0.04849265677053705286825 0.03490427527933868956378 0.0172312158682545665811 0.03008232773299115633825
0.02679087470818888871982 0.03072274223332323653257 0.04653701484754639572383 0.03942303996651856656808 0.03302623429181836961499
0.02059623935505104988519 0.018763206961728669947 0.03338842367859482657133 0.02613369540325668344272 0.0320282626500326544905
0.02423968030989985186774 0.02244757050326941921758 0.0327052062341833468806 0.02381207210847275171361 0.01973463756536984400891
0.02012281581970225621814 0.01048921895241391490095 0.04057526001570820745057 0.03999376191982810524461 0.0263397231523292037203
0.04203057383444606942557 0.01133854526409379046004 0.01324913851498108439964 0.0601929026173563808122 0.03045416644082503052071
0.02881219204831493227448 0.02107255041179473958879 0.01588950322420487962227 0.02230533189751530628864 0.02814094443561391406528
0.04111734206385148776564 0.02623222513014505583029 0.02380357619695355059219 0.01998128101234116285601 0.02719756988350939541643
0.04964438378348543651208 0.03291213212882350414024 0.03123971407550909032413 0.02731777580601799440552 0.02183067178701005375818
0.03113281445034618913348 0.03108011385636068671379 0.02024137875153613624901 0.01599820054924906351235 0.007130697421352567497155
0.03744773323888631044731 0.01910017216081149812879 0.06140116605913001346373 0.02696235671844091769112 0.02542571649164033359414
0.02180774841067987732113 0.03144571297272325677286 0.02370271636300994022584 0.01071098885051073937302 0.02730112644615479214338
0.01106350094168563093222 0.0329816499595140671941 0.01799660288918325870555 0.01726513722473405412772 0.02968851234241094358413
0.0347400055656087308753 0.040443886518051287704 0.02070560216082157137252 0.01516027683784154297952 0.01891478824816155909772
0.005273347037986040805602 0.02038294905448396338032 0.03927716924825679772892 0.05308999711362455409258 0.04662001001566529190256
0.02131534183010150643178 0.03291464222972660669253 0.05970520925992049005027 0.03059083748641161504267 0.02721198808160134319234
0.03264183896832232451013 0.01940840239530990454786 0.02938653405691838554903 0.01927070313282928590293 0.01869723219835546165757
0.01803637718912077386735 0.0242027881366385366757 0.0217429837409830531425 0.0195409662009578127817 0.03152995786953483731141
0.0226559266250001521692 0.03713306782413641760066 0.01152779366370733880875 0.02147254680847577798519 0.02895388356117305564408
0.03371754406884996252414 0.05043382845892093596651 0.02705140414573582383073 0.02170627712236497530718 0.02896404913782945830802
0.02225338191582419689052 0.01406260820140977502168 0.02014795202720698688581 0.01575610023275415480515 0.02979533856002029162946
0.01472581132926537375583 0.01406643450026089092741 0.03113227430288529815061 0.02858177643237374415675 0.03530075109750484274596
0.03644884776117517793947 0.02278854118193430686179 0.02677751723516307372219 0.02505919111345617997233 0.03368415988290340140621
0.03747153292473869717893 0.03940243624133825395273 0.01992517650461161568543 0.01904931494566443686556 0.01880625722515108858013
0.0197109536724661797702 0.01898449854604005587744 0.03009717521563064213108 0.01834187638625879232523 0.03011925804990790711546
0.01047163928829263936093 0.03548471534554622358604 0.01356585701202859053915 0.01411730605998325928374 0.01993957697805649048606
0.03718015288538383672501 0.02141362005010234714764 0.04143260206496315878333 0.02635892399423905851918 0.01441134358080120234091
0.0227826482123785548084 0.03545120699332276331672 0.01471471151156994797149 0.0342646557562062553659 0.02711134968490330407476
0.02514437379262023444793 0.0323859825498536701982 0.01658004487559797471286 0.01479537985024590232563 0.03023744061608123548379
0.02007142725122588663988 0.02724550279295362767429 0.03663866335052202299893 0.03974697912292386031696 0.02252489649534245366724
0.03166007022693553135673 0.01944360830236517567737 0.03564824164175631193707 0.03728036061652769544983 0.02276824547002838025622
0.01489415260208130746544 0.04000414901010725804431 0.0324721708084577745379 0.02859720771708588321625 0.02474520837971701942015
0.04108832371205723560381 0.0183230276525689662892 0.03329783366747926520723 0.02562873257505090401898 0.0109667081344569511403
0.01310099903128013852649 0.03843546701503949836187 0.01702347497025457137565 0.03146453574603406966315 0.02190057455946895978438
0.02199820222787723239533 0.020851437671299169474 0.03427395943566328984087 0.02201001620643185802129 0.03711082706105151701736
0.01797207780014410671843 0.02503286953602954986731 0.01551577785514591037441 0.04183053678220788329511 0.01927432619311210057478
0.01515565096795242622241 0.02234549488954654453132 0.02347640709628917923824 0.01413019340114500532746 0.03538582292306125670622
0.01825957698558311817494 0.04225349238532559448256 0.01182573075542475010691 0.01197457237430543317003 0.03572486085899242297392
0.02557431343737310777686 0.03690199725509643591259 0.01965634081301110419604 0.02139080173780247284832 0.0182853419581902182367
0.02324556086456718712041 0.03540368810239444274934 0.03649122277428905325447 0.02581062691822235896644 0.02776912356581286503432
0.03827418358287967142806 0.0435888092341977020916 0.0254573487524941965976 0.02473083730555894824144 0.02310176429407819614914
0.04087054392052731632834 0.0270154869663882073183 0.01606901211312757385419 0.02957394030394592046584 0.01783800704383926502561
0.01836341608486740523132 0.02926760040571914703311 0.02376718228135516614019 0.03133404567041160604379 0.04072047642630514940887
0.0322296810025019322965 0.02918655342571174066135 0.01049979369074196221268 0.02191850446995955228879 0.01416420462981372689615
0.01916694520128521192492 0.03286438250966151886079 0.03109900884304051676965 0.0416889055569369670895 0.01731718354504485288259
0.03421802777947086787735 0.02374392266452332936333 0.0242930686643542392833 0.01197496492275323606846 0.01945476745759765202504
0.02154161046344034435851 0.03553240527463473463765 0.02598517637962290821596 0.02699691506090377834948 0.02529423280836963494611
0.03335999408102016672295 0.01709535090634352674788 0.03162018049150663173696 0.04205192967809710108407 0.02384129965305055789959
0.02960784885051890788499 0.02029290907594658022184 0.02484898919470850467417 0.02689735989426790541135 0.02560343253571047833494
0.01670827158884962554408 0.01917325156897553561919 0.01430769048817383606864 0.02665344678042997836331 0.02628136559456469012463
0.007667080993320938252233 0.01690194394038522021639 0.02741766397154501294642 0.02474268847318910474753 0.02266366450933081713726
0.01728998411611731150783 0.02380613860781288781965 0.03968429427075987475648 0.03121455908503375023533 0.0195496349327719948219
0.03017827657406304403542 0.02091150420749616697935 0.0379121397751411709498 0.02640862869198601359244 0.01599103697589846634353
0.03085355867126659060173 0.02073616335306528724036
