0.125836798943406907858 0.1189346823266866221003 0.1111677636171758548622 0.113434050465094152238 0.1097810595359249297154
0.1089519019199879784621 0.105399173441797319728 0.1042905157567136642527 0.1060435128477185823259 0.1002470718339558003462
0.1006875450749739053791 0.1012653066918858674184 0.0968033588421329804774 0.09644235707815361491324 0.09553392505377257537535
0.09284751540057460672539 0.09295520170018463368411 0.08690479491744466933323 0.08717819258857839592736 0.08334376838736609616198
0.08571624115428035095565 0.08404782356666326559314 0.08367147766461686952955 0.08235866252606791060309 0.07902326066718932950916
0.07945251905783580481657 0.08051979588999465253796 0.07785823113441063536566 0.07779314292694639032533 0.07752963254643643886688
0.07566460304359357014192 0.07714237685534637567475 0.07435114735724902834679 0.07622740471429040320928 0.07285904172887092133948
0.07052798961981227021667 0.07133222805345709738312 0.072641188356038680074 0.07035359039276371795335 0.07099129819094746052244
0.07074096850884771525703 0.06709826779850568134744 0.06984714900937508130774 0.06632451145638286471584 0.06729912778545812934716
0.06701815258609979120141 0.06566901402143163202219 0.06283941144209478912863 0.06656598646484268577694 0.06399686028074741406257
0.06362691290242614150507 0.0602492863904364878147 0.06507403239550950402315 0.05988860964057973051977 0.06202812682623729673148
0.05921915364309569135282 0.05788219055220480968593 0.05763960460838966903818 0.05487664476041903549586 0.05556042877358134679522
0.05566846223245246194633 0.05698478536562151530731 0.05547174461695536518135 0.05665036380285626282927 0.05924380441433930305495
0.05730802712930886666509 0.05610218349554052519323 0.0559922495150260990382 0.05563850786352451949224 0.05637168640679791897785
0.05341249216587374420984 0.05652921708842063852618 0.05465862601768466111363 0.05432284000901464737776 0.05177494568538299618554
0.05387680078664339872185 0.05062447693700444090181 0.05370686809266607408819 0.05129510934678248312846 0.05297279023366090883185
0.05301261020171123966582 0.0517216199993789163547 0.05088488372937358811265 0.0515614644317611836577 0.05414701701023511698496
0.05094515291053190036985 0.05275144258039768385693 0.05150214954420880703045 0.05044330304103752937728 0.05116311451940869919897
0.05005261053163632262164 0.05115797200481961293228 0.04753142716813935075848 0.05036676740119340467405 0.04957313189452381557709
0.04795818100313705562021 0.04985225468872077347893 0.04835315383002129069334 0.05053325635778367630468 0.05120943966926767149106
0.05036884741209735755207 0.04880534502498740795362 0.05028269447148745602272 0.0475008614518254435044 0.04922198142558578681793
0.0479203036076651378572 0.04929320804560166635611 0.04957999877322434578719 0.04895994005917096714153 0.05009378402751165498819
0.04768387607625973467762 0.04634956550721842233331 0.04536617323830726550282 0.04732695311135023258364 0.04746365395194807046408
0.04548843941383360484076 0.04679263000591823290497 0.04548381462430412663922 0.04500802838857970861186 0.04530532637780265020622
0.04660588628978306474648 0.04761117369474130583962 0.04368542667394818140858 0.04517698853078710996556 0.04777561619541679377443
0.04483446938000920645173 0.04565148261453920441877 0.04607029665882074465078 0.04697077584522874049711 0.04350720214948806952027
0.04615269891834118676233 0.04369288920979069040795 0.04310757764754565707355 0.04412455250736316975102 0.04392396357523263572542
0.04533590962094073001376 0.04634645197437842201182 0.04514293555066477975357 0.04307554032380280645276 0.04289324703919353276582
0.04379319486019464524595 0.0441076410361614865141 0.04453008126329383031816 0.04343083641147633955359 0.04513121865830293372168
0.0442172778230497526275 0.04489320157407322015031 0.04385400730094695526118 0.04512333750892887074269 0.04390726616064414417062
0.04372838365404871363573 0.04268034824726280734852 0.0425692361349790313052 0.0442320496356060494092 0.04469047030676222970191
0.04258820129959094147321 0.04336222119955654430434 0.04432396217509068647722 0.0427799774713434333151 0.04160263560278864430897
0.0439113921660111011791 0.04242441266247776177067 0.0411810853650648525659 0.04335175080373241535137 0.04107212866690937436154
0.04063994178090796910441 0.04264959981631279845038 0.04227102928862089964435 0.04013555573284032645942 0.0417770200338927061301
0.04314579572460291306824 0.04154309417206871607453 0.04144114986144973450388 0.04399891684529821239691 0.04142522055873269076764
0.041898461886344273708 0.04051065512733927065359 0.04226273453266068957923 0.04016207810688270096744 0.04053177145200512893064
0.04177479874269401233233 0.04129240876447275859773 0.04145740117176314326608 0.03989183533345946192084 0.03929988358652348329203
0.04159419735791413524906 0.04176849133100897504267 0.04050911086590715248779 0.03908032061666801004751 0.03836626069928401189246
0.0399443931212782113449 0.0409794579601541753 0.0397154723036768284028 0.03998812714247613336882 0.03960707270561394932606
0.04087483920038491314042 0.0397099362223858123877 0.04097702974348948340433 0.040082633362887226669 0.04070797916135902166923
0.03987283649356105491579 0.04086348232399908408929 0.04080735170928720401129 0.03980555682841037390407 0.04093771328921814306456
0.0385778457405152389037 0.03994828882842384881746 0.03891276675243689198158 0.03890073438741321887324 0.03963020843058954328919
0.04049114332920594749865 0.04017374616175826973485 0.03881801659210944860368 0.03923748656520922861723 0.03751357611140319209264
0.03829440421733221189271 0.03816477299782818077833 0.03923138414743554402975 0.03887981818941672190748 0.03852743258694930200692
0.03861276160639659504881 0.03902903661760294407035 0.03865224552117030309972 0.03896701004768416548574 0.03812429590502647291927
0.03861459999266341619473 0.03867987878584058097919 0.03822861226615861807154 0.0386028502340232601564 0.03960427156915712065821
0.03910885997965592164594 0.03867721030231483642092 0.03812933751940972976202 0.03775294637237281564213 0.03754876049244817298733
0.03936031001419582064926 0.03782183935984433781341 0.03833733476548795149341 0.03888946286497746429589 0.03942255340845628869273
0.0392368387370537613501 0.03774480112953172011858 0.03841646477643385904077 0.03747346687055082281592 0.03815024960039005430534
0.03833014989011245682304 0.03762641685166038391097 0.03954715676044297245628 0.03796078192241944537777 0.03721094539092409392289
0.03755074319510892655316 0.03859338399362903515577 0.03819690764540864535981 0.03753437086330655564348 0.03798080465838602620687
0.03715955189253691837159 0.03546333913955079797375 0.03794065777039499348655 0.03699236119073325695927 0.03670978132261300264094
0.03732271658610200604222 0.0374847839543338001711 0.03760124123471236812222 0.03696014640257443834015 0.03630914408917213648254
0.03660530926460038581016 0.03592879734209230430109 0.03665880454625428802595 0.03638666966833273980209 0.03703769168418931390097
0.03720364684391298110144 0.03684600826973841170009 0.03728768377136797151916 0.03816565213794465005748 0.03598663965085589083737
0.03609149930135915201879 0.0373169326587984781507 0.03608872565760322392858 0.0358602458728018921863 0.03651089210260098638638
0.03620832946750032754757 0.03634828464329097758023 0.03750012728753256141534 0.03600449689391204549649 0.03610924035364664053116
0.03486652596386120156469 0.03668593681406699669179 0.03784934078359421943949 0.03649859068880835499815 0.03689710509058854309705
0.03663269457948044316442 0.03610646086045123104302 0.03584047126949825579079 0.03532780406850490745319 0.0372172908871333946168
0.0358121331629465480817 0.03470115490914052469584 0.03722729175735453588381 0.03509500106810209407726 0.03473365994638999421085
0.03747855654495494542866 0.03587846294276975100956 0.03705000485230799250891 0.03585690937647421916434 0.03612964169865395119841
0.03606358151329088629344 0.03601506138826975067513 0.03552077738673747181464 0.0362703510694522210378 0.03510273657102952471476
0.0364996489649982783221 0.03466026766399361164206 0.03544870714342385209505 0.0373424347273581397344 0.03577065905674965684558
0.03524081256730660083321 0.03669283766595539397759 0.03627347103972605735223 0.03490965012990975696594 0.03407497777097701074922
0.03644774576223888673532 0.03649792909525979150986 0.03638066397045768701757 0.03499132180116959478511 0.03645787528516300501913
0.03504538779601154563359 0.03587377680746325209205 0.03556492326971647660594 0.0357117908660921565267 0.03473696007735410651307
0.03398487244988197819584 0.03363855230358678283231 0.03575561589527871675376 0.0335925935641420148059 0.03490134530328076190031
0.0364509447269503045197 0.03612114662398389908216 0.03445811099605070731977 0.03537490720196146548604 0.03511017415629023863399
0.03504255816756238206544 0.0347488987418109740446 0.03426637663748271361852 0.03502023444806317414857 0.03436052979601105644702
0.03467348498761400887869 0.03353177499023518581822 0.03545882284690621971679 0.03460780386976802791565 0.0354380626375351004409
0.03482549421423453833713 0.03576018763708464082152 0.03353911037598780731095 0.03493893449961506247892 0.0364485637086355632186
0.0349199575872164852397 0.0347756299120346862308 0.03455090544881204983607 0.03454307212679675470612 0.03521392619197235424044
0.03428883094952004523259 0.03547309063910612791926 0.03281362069259875086091 0.03517611321800508811242 0.03324691052679699942995
0.03367183143210326912165 0.03238625736440434860208 0.03527601158210366683043 0.03246873392552902110042 0.03367155507227314464869
0.03494134277966701174201 0.03549843755695093056035 0.03534110568648783645695 0.03443548034454500111901 0.03429043831732153657654
0.03515509227033146444352 0.0349775009492561197999 0.03497016405967234148333 0.03553187106551636970098 0.0341048028216567600257
0.03426689439378462903596 0.03398643408484379457857 0.0332654859278522438415 0.03384132527630904357929 0.0340267191467994722931
0.03456163839350488709012 0.03409687338517299048934 0.03432219215025228420402 0.03520068014421910002065 0.03309038687836196590553
0.03349082694189732534173 0.03432240890525301707514 0.03430991407486849026354 0.03501140498404149009604 0.03416260486460956369292
0.03507016264364862245806 0.03362428382127363030163 0.03446616375687239219872 0.03339195789372891715052 0.03399167327582391234797
0.03426498537237764735464 0.03477010609167358740068 0.03423853086204918516611 0.03412400620535858269955 0.03460618563204918146647
0.03292004132433814372893 0.03312986719657121797988 0.03369889447959621697759 0.03354935958195683076699 0.03369065693373580333558
0.03321511440893642336247 0.03189938952334221006213 0.03278593643391063822135 0.03327361346527557550701 0.03351987998398722745641
0.0338757715288017513533 0.03285070218026985705562 0.03337777194007388731345 0.03279732049329521503811 0.03433595688926725092438
0.0337964647531215287013 0.03298877190109578833033 0.03327423603412838631899 0.03271747717897414281518 0.03186111256388435286624
0.03387922719750276201456 0.03275207843851598438212 0.03281160174005622043314 0.03337230361375449066985 0.03327926747424152231769
0.03445468156174627538668 0.03319152868634419467631 0.03347912962622467264451 0.03349537637561113279094 0.03431588423069849291824
0.03347946459202368746366 0.03348090053887927547427 0.0331805839195355375959 0.03430443243801895025769 0.03226985057310567672761
0.03264318118091385362289 0.0333492713009116495404 0.03276708983076578179938 0.03346814718569589286457 0.03248788335692845419267
0.0337015632960321470657 0.03362265988106485220532 0.03299398747687866395584 0.03359758359367608776536 0.03382773317626722869855
0.03317911801919905950831 0.032762397346642435636 0.03335308250020859593965 0.03284822454476606784501 0.03253949270602638638161
0.03316310173541973244093 0.03204561846626512860992 0.03284209921656269792756 0.03401758603725869856138 0.03223447245744247291466
0.03274955850695187437038 0.03372247194208264492454 0.03254132720257454230994 0.03261701974953575000615 0.032527905404589739502
0.03237126594863019152237 0.0329458903190384053139 0.03251813071228300960902 0.032584891603774854274 0.03179256441039193803455
0.03261026301820887929317 0.0331464009050134247869 0.03193721843534508275653 0.03427593453019857350217 0.03277016764313123164953
0.03227918684417198369463 0.03273936638171643515038 0.03172957004618344456492 0.03337981291349861184825 0.03347527451996830383241
0.03369068725310229994729 0.03247072263123772922766 0.03299860985035147492583 0.03137378890825175126178 0.03208679124992989961651
0.03473798102181000629907 0.03197568725003833989273 0.03220513276328500207324 0.03244511378861661410333 0.03196216774667475640781
0.03184060239411753978622 0.03304350985688234154658 0.03336593545608907557254 0.03154065743568678498177 0.03283840545609485739309
0.03165996995675019604066 0.03213360769308418879442 0.031673157228155959797 0.03271707577027155311455 0.03281423260510631795261
0.03386302415525053316481 0.03348315873871304110265 0.03282430971924123891403 0.03328745484572728785544 0.03217486039454988538955
0.03108199652633541337776 0.03301785428009302442165 0.03285613108480502780884 0.03272629147975382457592 0.03285878846478692411059
0.03308442890302105976463 0.03301833493289157289707 0.03147165113333249414351 0.0313717360376552442669 0.03214817586523819464839
0.03200451813507198400854 0.03310461712789121435652 0.03156325876458798695978 0.03345738117800627769993 0.03207562695211885195334
0.03223663434486580270377 0.03139355752925567649703 0.0313354689913145842417 0.03151975422420558864411 0.0319286228911466046787
0.03122119881582203354542 0.03125555016508899802696 0.03151053380400804793116 0.03269416272619861396631 0.03258414640375040943754
0.03202578905603924164236 0.03204646870543384484797 0.03009551846061559593482 0.03089434363664293400897 0.03163135896237444927293
0.03231224671614010141019 0.03163495935562261884844 0.03221389309669605433006 0.03042091864614550333901 0.03100639964838114437384
0.03118591707866644538449 0.0314501917624787075134 0.03225175693256452508217 0.03120208909837614633109 0.03179389229696000934711
0.03067901516656823882045 0.03241065987467933728894 0.03169193384859479711846 0.03208800994517916477244 0.03262921377987642451712
0.03144362586450582391917 0.03109653257083727292964 0.02994417088547978583746 0.03193512568652211169873 0.03062527644117316386052
0.03145794830376737877264 0.02996726060788929696388 0.03145657624185583395304 0.03153014691873091968066 0.03168792758664347453124
0.03331155657666191177713 0.03082155022548095646417 0.03179593350366426846021 0.03151849216183337520913 0.03140405380188725920076
0.0310854335184842234252 0.03086712254250473588812 0.03095088178177095999954 0.02963680372443559113416 0.03196621320535400490037
0.03160683607429981556436 0.03121424551522722010133 0.03055631431132473790901 0.03233663361579584838434 0.03191800098697278320614
0.03226002871145750017234 0.0309197381157989142908 0.02938560553028131405728 0.03090883271045051505777 0.03127437461393585416136
0.03177751699028167481353 0.03143074870170832479932 0.03070285261288503014798 0.03134924429747543844771 0.03261575884894839932882
0.03170893072576892041115 0.03033752399635176316695 0.03117530012407143322206 0.03219671537794525917331 0.03048625352219977088786
0.03117667618073338697826 0.03025328940912157607568 0.03054226684822249765494 0.03088386722830869027256 0.03170597003272186686917
0.03007528859831818182635 0.03143478394055305297217 0.03030164899240267092906 0.03150586322642864173238 0.03012741984776842740779
0.03105387260138661731368 0.03283436951464142883328 0.03162578216777500728085 0.03028475537594428612653 0.03020954447965733258297
0.03017190182369208772961 0.03117793386827574786402 0.03053371396703592755006 0.03175514083963923428477 0.03179493377132160125687
0.03112192470774908722997 0.0311289838308592275995 0.03005368236902578385483 0.0303626500679982785913 0.03157541518769838018166
0.03096366057150778602902 0.03116144204744304702093 0.03098053547940109175851 0.0299089763814758893834 0.03090438594561943988492
0.03099819631525079985379 0.03149993460325354460716 0.02999379180264111557919 0.03160528697421736976647 0.03018874867242004808587
0.03058193830554651118647 0.0301789571503048650869 0.03104584623880460650391 0.03151828412096654291608 0.03005999752751821463281
0.03137649994628851496392 0.031117431375248881531 0.03103228384477585422019 0.02971311742523307514174 0.03046302342464228193886
0.03053419514957602873273 0.03007092387191605611929 0.03052665290669220529707 0.02889107804832914683235 0.03124543833608077469943
0.03108359120676532430516 0.03058262299813482854027 0.02999956576896857171621 0.03038045013482729497789 0.03096132243621854338023
0.03041285921755629284569 0.03110925045491973878198 0.03059161620348883545151 0.03093080043516778510071 0.03082877186810087030699
0.03112265558913010835007 0.02949364323976755991596 0.02941583846606914826038 0.0315203359220727410972 0.02971455854252692818651
0.02978265760399897987831 0.02966630832542571302723 0.02971745888972708582454 0.02989206156796814228827 0.02997864841268621516335
0.02875168272252611595396 0.02906835163443087163837 0.03009450622575654890611 0.03001653777233205880326 0.03050137517807343517928
0.03014277005786132265786 0.03002315749263571170724 0.02891365288859551810341 0.02914850988597913680755 0.03001044177907193424848
0.03052887464869637190734 0.02995758310507996499683 0.02905641432840814011862 0.03052890955752886673058 0.02955122708997034650102
0.02954058311686586987821 0.0313611153588229871203 0.02961718638965101652039 0.03092958924804948758758 0.02954290720163015027122
0.03053778827948163202 0.02990610321532953530532 0.0301900950712769081119 0.02876219546732756981999 0.02998246426883671711394
0.02786051534936420659427 0.02950414215035224163586 0.03030827426593118295584 0.02949870570597962551873
