0.103989852767399609812 0.01256806444873323491684 0.02617752424350729134606 0.02983675307877220114761 0.1132631842384056036765
-0.01295542325183605958383 0.008495495613026574424631 -0.1484296907190477965433 0.03915327721238592850739 0.1107216410836516368166
0.0651881619664039096973 0.01263132944176106539635 0.04661268566125080503593 0.01315984218599550691076 0.05838716560769701552358
0.09161846199360711151538 -0.004640386235179472067258 -0.04897992058863855080464 -0.02311116087914251784885 0.0464143031741424683112
0.03050366073007078349111 0.07750643900677212094763 -0.01519739600278288346735 -0.008008173049693140602145 0.02932261299240369184504
-0.023150202306209625297 0.08292363210856970590079 0.05641616609893157496813 0.01020426369848877710955 -0.02278037704244277594778
0.004790018692999808633259 0.004333102645126854848834 0.01563740706846431655075 0.02353112912997160424688 0.08000044371096610984484
0.05293971599988384069135 0.09508053105215774625236 0.03150925692211289930178 -0.02810715751305295842521 -0.007013723246200298348796
0.05162095541566175116444 0.05822884112141542278795 0.03370355089856471447751 -0.0243040214266516049757 0.003183935301947264651101
-0.01934803903143618095117 0.04610003209449749228543 -5.900065262319081080614e-05 -0.07026324723309092246115 0.0335337787061379885567
0.01041890421037639478941 0.05408380978875260841621 0.02473818423915091421761 0.05139720791786520776023 -0.02637109254276438427556
0.05368808404491794833424 0.1142463243836025071909 -0.04882183255626963702678 0.05914032020464746186583 0.05894006443765769515108
0.1072653277242912595035 0.05817928834591915010499 0.03141701941877538678538 0.02702881684198534667507 0.02768484533578822667788
0.1042243477386463057499 0.03571686560805793775319 0.03161581468104515679762 -0.04766735519481216792892 0.05759798637105200541653
0.05624010114664528686701 0.07919402559748681125207 0.08215899073132976182521 0.05901811489831994966826 -0.03016288840667151124886
0.03242729160048386793935 0.03360311726313248981146 0.03987904745060506794818 0.01392751932383776321267 0.0650003477289899517233
-0.01728039966379762287785 0.07778394848817832274435 0.04357569262270273580118 0.07628801870788465278039 -0.008235160702114198427726
0.0117386287011669986774 0.1246224128157839700082 -0.02087934089148198515962 0.06514522114647611217286 0.01017226757247242409365
0.04182560558241220360909 0.03138716726228932274445 0.05815540204984798872134 -0.007128828196588506138642 0.1034383807813044758861
0.04870112086567117415381 0.01677576768665020937044 0.0004300906214377289097511 0.001238657923779549812834 0.01500002527839220702044
0.05937140430519366463002 0.08807174586707129659846 -0.003262705874374409106831 0.1021449161664965410434 0.0303611755677776033735
0.1055491313476899783996 0.08134434154091751967286 0.03624877838040019284449 0.02468824789707975420061 -0.0197026875896492530138
0.09513823350326684746836 0.01213306056360400828065 0.07092584894355749569606 0.05620675295278099170559 0.03714423853094786509565
0.0614372715958555887239 0.002617471229309567982285 0.0448791044694319615771 -0.003149867290341504515866 0.04849047344639174916825
0.05026959560722762260232 0.08636419489703844876161 0.0744316755267939722529 0.1407254184422978005031 0.05709611543825082735637
-0.009561857613876220685079 0.0561341436099574153662 0.1120211572256181314922 0.0009234555562532636117934 0.03028782990692220622453
0.04531700944056592933462 0.05080075171741152417759 0.04579689716076496691644 0.05134347023573878482372 -0.03329365624739104995156
0.05746323077750319086032 -0.019205809141570918952 0.01201383119726181364362 0.01808336672828421767822 0.07774922973315889773716
0.06375948187649888021511 0.05550698788456424892512 0.03405747329206423174019 0.138085348601449026118 0.0967711205511389421785
0.04624051929251207088134 0.04460756052479198513483 0.06896854312132699726945 -0.001723698837205437425085 0.07431108443407352659449
0.03644029430975746775001 0.0327462086836175919613 0.02341534612061344985956 -0.001850131326080242102558 0.001682873496156861567105
-0.03727560325306005645229 0.03676857198408535476464 0.1060565564191933429772 0.03599631628476101380398 0.03142903262886208998195
0.04485727570041186246241 -0.02368153173150077880904 0.04804195865498545048311 0.020365470106657790339 0.02664640407078086234427
0.05663325172197988116585 0.04998673369135963467924 0.04474083234783501200615 0.04117993892768581631891 -0.006743271252769518324388
0.1209596071332598166137 0.01920911794904160696529 0.07242947313279944621112 0.006736203014082112715266 0.09805182938016020199878
0.06788329286167760212578 0.1239814555734519291308 0.0531191808523919506424 0.05273534458426552828936 -4.353462821449051324247e-08
0.002650786589532661430973 0.06637108934692867445726 0.03541681266984315901158 0.0315755724844154900266 0.07436221660662983845569
0.003402623986678645923859 0.0547426416396643092388 0.08192320476613869362215 0.05396563992778334595268 -0.007240510837367482126214
0.08715551570835740335941 0.05372270995726963205286 0.03285846123832582982294 0.04937087898752523518198 0.06883153922345022768248
0.07429256066151250503804 0.03465609484746458301974 0.08041529045144960030633 0.05344906385191759007336 -0.007032370770926391762012
0.09544472664743380851959 0.07073900329123228303274 0.08105484594707511314393 0.02823864757718092671768 0.06023476534362246642695
0.08269065388477300770909 0.04516248999314981943387 0.06268433058911758448684 0.02516749873484609018037 0.07375409951371095229611
0.02797426339367663217228 0.09862112749841220327163 0.007593611049393259558593 0.06793453887995483386764 0.1165746591990179104048
0.05766736375123263785847 0.0635342722065097842421 -0.02163667395310214097703 0.001811771168451512935976 0.03573010151730656586144
0.02725151678805465618738 0.1061181154069495841119 0.02872935649910753758141 0.006073386129454341406109 -0.0220628365105014698222
0.04476789160953685564603 0.02101126415491270243985 0.008182963018194823814899 0.005765800962779728082441 0.0831445518469334926559
0.02441428713181679685529 0.02707156627867336393112 0.1005069386535996506238 -0.005937694196538972901678 0.03548666203541946118083
0.02410765228794743350593 0.02283812536633220494076 0.03988464111648646476249 0.07560990962710582852235 0.05784405692802377374484
0.002687043777703543127877 0.07759438431252066448174 0.0610627887832408053348 -0.02007616060970381435813 0.07636443032813848563745
-0.03792323767392116046215 0.0660194418808442290425 0.02981983062085855756829 0.03049463689045600611749 0.05078281309312052127503
0.09493277056490950771561 0.1304168553343690306612 0.06219698420328423349446 0.02336978685629917049105 0.03388824256500079512566
0.0932203765976528236914 0.04751694885419218555844 -0.01394635369918767117681 0.03431306725025946163798 0.06958729888613579550594
0.0988454156827292540477 0.004275029779077581595925 0.0113344480243732451813 0.0528150137256101978589 0.08753074245564265720709
0.03752935273359059298315 0.1235002598841497684079 0.05301817684041128936334 0.07800880712903296432259 0.09832210441890305852031
0.06288004694450918807824 0.06583968327610077719836 0.126169926067678211945 -0.01233426981421051511767 0.02276878875913947511411
0.02039840265809778410699 0.0390203911557796337406 0.05673220645582214421987 0.08622251702042645071788 -0.002084693361324491470143
-0.02490678265699823243362 0.1423415049098766815838 0.02728800821886966793128 0.08746896775841606075375 0.02865337418739299576997
0.06956759009034366170177 0.06586697785481147870978 0.04012606959452386101717 0.09620121240900690595677 0.02772792241029475857061
0.1077613141406277841305 0.01587791411431974455959 0.02361301151291812436273 0.06264171238100359195844 0.0001982566975093717743205
0.07639480575217134916688 0.0520098151813387157838 0.03757502480274050454812 0.06158217957558207583668 0.0820684874294944632922
0.1132170613359120281416 0.0153884711614207022462 0.05858122430038837508137 0.05546414215985608076043 0.02823787159094541185378
0.06066782759162728938529 0.123777872843458730534 0.01332772356186025242142 0.04792659943526286769888 0.06693070275488409437425
0.00857097720535008461562 -0.02388068099404090996463 0.04017368775372530398382 0.06531880880363377661624 0.03320014466175340295262
0.02574416648923811418159 0.006430846739689457733369 0.01208270547945105612142 0.0729517420469740912603 0.0363591323024797727359
0.02078109997907027356456 -0.01036951730584089598208 0.02269905255689974241107 0.03466628183758272557791 0.04732584502266806020243
0.04410624737983303428335 0.01326996891325160979336 0.08685425196396663605203 0.06035344271852553094115 0.03322789790390023867417
0.09052408572129155839292 0.08788700702714716261887 -0.009121381816955710999939 0.1292346936400220192009 0.06011114076481176987654
-0.0005831960624939001554615 0.07713576916429015772891 0.06650556393192355586486 -0.006175254292482375804985 0.1140171766102399675269
0.04383386461320740862257 0.06465418822837881718257 0.04070968309440385624054 0.03976477103882135322177 0.009862617369570718384164
0.01681045519139298671796 0.07964571448149967980434 0.03812329467492946849516 0.01288118640129477625311 0.02018738056579790288159
0.09830784719725736697793 -0.007572143644533659880003 0.01372274674290485142747 0.03764294091877846970551 0.09120719555174390535957
-0.08898939815230769156962 -0.02368338284817551528394 0.0664435795248662919299 0.02334503810244673016605 0.03262708431031070138717
0.04374350820393706207323 0.09327408470482775881827 0.09272191990501493785715 0.0431148676489459814487 0.02929806567150470761329
0.02797389328838516958653 0.05699763008475140779741 0.01116292675801309336459 0.004859702163905165947511 0.01120227848779813475955
0.06971895038012417000761 0.04469048638741957013565 0.1256220489724860778225 0.09074023761852816061246 0.06726353244443654399998
-0.007253515381521028621004 0.07127433508890175517525 0.04851461323485000559641 0.0113537111186684230163 0.02545210962312645028294
0.02926844973432105728728 0.1036197636135453986617 0.08899782814848700152055 0.06563113630884932769849 0.03242548895506657674614
0.07567346162889820870845 0.05676298419287208879558 -0.009227951432041645377091 0.03151967476204066420653 0.01975855927311267676294
0.03623504589999704955661 0.06650453973467557178267 0.0537961707162426389095 0.03036253665132225207368 0.009341049992844836433181
0.06805285556237924970979 -0.001270032573287414650806 0.01693104128761118223889 0.04640496831628629359479 0.09682829523849005581848
0.03193040131844063211908 0.006927474443648310234445 0.03759975998377312195187 0.02379159580850265243157 0.07317248493081893179202
0.00799771547773567986761 0.1213343802578631530631 0.06789791868677895469997 0.04142910540665666746518 0.1007733598528908758318
0.1689093155804962109734 -0.02428880343933833771408 0.002701183702817427749465 0.07163530185753483325861 0.05608424217168627573527
0.07938799830969414661475 0.0226451869420169239755 0.05950996765702288443523 0.004422861221913311664811 0.06832405206441283240792
0.05479607704532044043511 0.0588076597521561550419 -0.00142507164288911821956 -0.01002349114702229780638 0.06697748565928955677418
0.026694992592816005339 0.03758846361105321054463 -0.01043808194035826877877 0.01752021380536515626769 0.03814712277859850370065
0.01383752846431332041155 0.06252471059204015024768 0.05197493731006742195833 0.04830918170095040847789 0.08818737324810253797036
0.03845889016001299842706 0.007688036900770973958164 0.0555594537660780082855 0.06616046247637641375405 -0.01781095299646458240961
0.05279176327346429137277 0.03911735066290939616396 0.005521519168901862888166 0.09132801926627068245246 0.04212668162980868352685
0.08938582603878439392098 0.01670901410194780209451 0.01764288522800595490625 0.02884999368834304314668 0.09869212061813059655435
0.03031072127710209701545 0.01466603741557809433005 0.04224918494784168226941 0.01254430836479929721461 0.06939028434984557958121
0.03069382337859068859975 0.09077930742018326670806 0.04202692124597078027204 0.02825573289713397343026 0.02104540452112609386082
0.03202956766977228808546 8.563544252788414469415e-05 -0.01171115829803472813131 0.02102062042863570012763 0.05362349794335417862978
0.08742129886769499369503 -0.00565396506548704585321 0.03436472448104779114919 0.003024430567995361942429 0.05013417579420044456473
0.04153265825935272687053 0.01566042882543886016755 0.08008209324406867501978 0.01479129877239399384892 -0.02775073321696964329108
0.04480295456693463018727 0.04478903950987395826688 0.0009074278203261873336494 0.01994064783375978228142 -0.02113096244583864344313
-0.0136553559777133418085 0.01212274995012667735961 0.08659019570567783041781 0.05664444642368424848167 0.08492086364686736443819
0.06717171677670080720546 0.07183442691411610903085 0.05850786142504939280062 -0.01500985404596343920913 0.06961020235203491113296
0.03562783913817452186024 0.07492111761283601345518 -0.008443363858338158098316 0.02384856021035674025765 0.01391746004762904609375
0.0090043955105955399143 0.07069812678575441988738 0.05261520501010917560958 0.02856900799508503563384 0.04447283892786751263726
-0.0003118732207322324600368 0.03931729833907385979197 0.05327869238807687174431 -0.00803053722376425443974 0.008229791808721922952152
0.0528483159908427133078 0.1006671738909137442386 0.05649196380457135319153 0.01057008155554488466887 0.02510266881948646638945
0.0151066386584287788708 0.04070333708688913393337 0.01691489729934961619429 0.01455890756326434949675 0.004681163466015451392332
0.03516866305236725220862 0.02932940957462440781378 0.05328195285624950927605 0.005221230945364469314129 0.05732932352721168550724
-0.03722699153615541267648 -0.01151119870623480007099 0.04131030044931102707118 0.03386410593002133623264 0.04266675520546477085038
0.04585422433568971806173 0.01918735673700042165812 0.08067450737513322256422 0.04974260544183923410388 -0.03767115911346722439967
0.04693987202275283487918 0.04036083543257278083427 0.06503855243606550262658 0.01665540188644831776088 0.02448423331963763341368
-0.0206132527705553715569 -0.01133144260050051622957 0.04201683620403595664783 0.01790561314900308148568 0.042654504066216215874
0.02243979002579639739356 0.07490850625141134977447 0.02702429183650982558174 0.07377968527097927831093 0.0959222451926721453308
0.05190981223377490183513 0.06788014952902589327355 0.01423296729207626336311 0.008913105554324804100097 0.02625893942551174933819
0.008741296636342023307353 0.03308832548714478460905 0.02327181922007632436378 0.0771513994871327463132 0.002708816315982326850681
0.05538226958630612650758 0.01120747616808335372918 -0.0144349606327412519069 0.05345985334035951996867 0.09938174614719552657505
0.07749878842434683445806 0.03645201725818281862646 0.02318690232952534679978 0.0781738262360219260394 0.07070002797817699635718
0.07651494707753593582655 0.08076126302970217107902 0.03344524479666894506424 0.05606146116177112420642 0.05182667473194613877441
0.01325379188892396482846 0.05807656238524526448597 0.05049864300132869687765 0.03903015886182212290656 0.04512623260783334144808
0.05031006773839537954407 0.01504013048475351041477 0.04704190026823196202344 0.001522199213249823303296 0.06757123717652303851455
0.002390719020617190163774 -0.02315035626081078656835 0.0508212858813297183036 -0.02437402612383154226761 -0.01616053381080752998633
0.03982708566703795083352 0.02006286456147869656785 -0.009875262171458138588109 0.02301305521923279612251 0.07380035197859619033878
0.07272501068274722646478 0.05287372514464145495383 -0.01759187765031269834459 -0.002294780648495447616247 0.06594219527956707294081
0.03876193091582672001216 0.03167351630413270391351 0.06868319175635101414557 0.02356455677266296178107 0.005093906028703844464378
0.02578995861150443213994 0.06689820843817727291647 0.003375434557761060067743 0.04057675793237363465193 0.04835382042721043938105
0.05552636976021998321817 0.01937893770981629834593 0.03276055966882596148793 0.04073356932889057868685 -0.007627328513079161681487
0.04738612619167593270619 0.04617782097012372577449 0.1115259297358014156654 0.02391317475633584349604 0.02144336022169346725463
0.00292177649928989724773 0.01510014082409171128074 0.003764242574106937012229 0.0227050411593173878666 0.04881066041972006996907
-0.006640522692163999124437 0.08324676363352921659722 0.02259401861255972907006 0.07217123240763195779479 0.007455861452351069187938
0.01071563645388444625806 0.06672879091885129676509 0.0320915135789634764496 0.03752275658899976301663 0.04715772651711637453165
0.01152660217125381532377 0.01464927423595101772802 0.002117102767204158322162 0.04593833303566415698915 0.02481924614847401400208
0.04327667570293227544687 0.06149155738228753026453 0.01122197592209788104267 0.06740777732569933067275 -0.04148135934724837825538
-0.02522037047798500117302 0.01924954531805148430501 0.004937620554163921551827 0.003750502385705878436589 0.01661594608979412301952
0.04916053968140252777852 0.06136072720616593534348 0.03007687834319524092241 0.09017312845754660299846 0.04485163589056680860656
0.06502492065696063860969 -0.005811230209723910675179 -0.01349964511734697697465 0.02307147722831375327712 0.009138993816453111485032
-0.01461475590739393266848 -0.002459744210871615995029 0.08412568131565557882912 -0.0001786037758970900101232 0.05682293970104675129296
0.03281768128328720751652 0.00450100205445676075644 0.0986578930379967689035 0.01905784704885803149121 0.03422118079538261775641
0.01262732371030230414666 0.05163423337371906424176 0.04695494409717683448324 0.06987437516672044546251 -0.01305257781782040611696
-0.004876105347077481708129 0.08460020910057321208431 0.02859273110316193702851 0.05177605898857574884264 0.01545577830555333598284
0.05162893097800574232492 0.02027701903641170380621 -0.008137747989240464580041 0.05129779161815570254213 0.06732059238115632726629
-0.02258514935139161947109 0.04225171798029774689054 0.09464855049548138998805 0.02855457021846012286015 0.03585429700424778987067
-0.0063079334828029477375 -0.01161671980300792855756 0.02344174002405697773699 -0.02276471858196691192 0.03152458263108463831781
-0.01961709625033088502666 0.02786480585987308883356 0.04817545070956239655624 0.03202858430764671943125 0.01278747515874276326209
0.06021007556424597118028 0.02537201242631231465352 0.08660387921964214641424 0.008488075820841774199454 0.02557465333125724660235
0.03825968564616299277814 0.06048033565115466803075 0.008597896410372367001496 0.04458226382669810278214 0.02625632060078426921468
0.03153521833719429706688 -0.008850678118688030601713 0.1229765994472629270229 0.02382820676377303548144 0.01909142711738619907491
-0.003718995860848207934968 0.03260672090860630006892 0.06208614187573326115288 0.03993621364788538241619 -0.06329055194832550190753
-0.08356291439170977775053 -0.02805037562028102685052 0.04826714830134284928143 -0.08097304250898403055192 0.0982528304085052844874
-0.07324065532866742833651 -0.003274588292686582153418 -0.0518226857225154088904 0.07973516611409450782766 0.09610617396877828289004
-0.02715394298188708241404 0.05461861640139142187733 0.150469312980748781694 0.0243033999774363920765 -0.002455405075779892257876
-0.09405987255926019641183 -0.06206908264479279319081 0.0896840747239138896818 0.007178995572172088002194 0.002623639422478262102356
0.07693191810632295235539 -0.02789664663624892571026 -0.02941470340788835194368 0.06554650377394087568117 0.07080457163796302633152
-0.07224871837299443044778 0.04182537284057939730442 0.06775229198351430393021 0.08468102451432538146925 -0.0457430299965347966773
0.03059989715353564343481 -0.007367724769316089106219 0.07229853223450266597183 -0.07289780025520195549937 -0.06078842170812315953699
0.06159348042344883755739 0.0669997451106522368125 0.09870412175080789385362 0.10591991665703284764 0.02511765020226659067548
-0.02728465894684016859739 0.006665497612856828048289 0.1173013903364856086453 0.04445255704193896290066 0.05727254380764171259877
0.05187570966545223399846 0.1118014368727515556179 0.04499694095515947844799 0.06091271779219177562315 0.07212742620158686668308
-0.01288927586386079231218 0.04064099814341058658496 0.01056772729509035217699 -0.1030210083298980644484 0.1123340604135432407862
0.09650447139940285246063 0.0102790910378955241411 0.03891633352332717760147 0.007957587652258237345682 0.02905926227864347871632
0.01809445262305596144325 0.03419993812979942038321 0.01758473603979899754779 0.1222829622318481607168 -0.0750643497362961931163
-0.01302704160329525191753 -0.001022114523196759969942 0.04614068826007614726459 0.02634950975470781026067 0.08222927730656122424779
0.004972643675464056764457 0.01856311464714654330121 0.09654702446749260924541 0.04122648677563078845054 0.04067761827098298477168
-0.005939398567402848043428 0.01385931481415969557247 0.05639997476302988782537 0.1045081161881935005731 0.01451611432437465050438
-0.02301320536871482788643 0.05566355461588155806307 0.03746468180041903628386 0.08115154763424005379679 0.03899950924020216536103
0.03347018455554148785858 -0.04397873894505087422058 0.04812142548900287530866 0.01178578516489694853753 0.03381622268364561922915
0.03510252438816093695229 0.07810789877924671775755 0.03614067825947733791914 0.0218635578703598211503 0.09473268929808077720711
0.03706163848193136378661 0.03672393485591703837789 0.03540951531263498985869 0.05492521935540325278557 0.1424072020038361363614
0.0870187706867866644922 0.07876341022523951351797 -0.01996037967378643668281 -0.001187061255336322937448 0.0482534437907043700644
0.06133598961521749548531 0.06165958764594600682862 0.09535570394179561370951 0.1028673189338846633012 0.0598400837179563077628
0.03179129773649822660042 0.03134653660199435837308 0.09430860884263524146487 -0.04238924709664283752009 0.04739027811286758429254
-0.01051704629014442622659 0.1046619670843308841368 0.0401359358170268812338 0.09013747857159910836788 0.119529761016845981203
0.07680594313207753098816 0.01589784735437186485862 0.01416175028650641133654 -0.0006857028513441683955504 0.0330440561349119796275
0.03602028055423938529556 0.007665441923090366566074 0.07135645209748836537145 -0.04558959852939710455377 -0.03871560442652866723678
0.1115908403388420483404 0.01699400421103622327301 0.0176411628279162513433 0.09181343550776262241175 0.02084268750728377958548
-0.01594287837188899936702 0.04573577792176469758445 0.02879261027467859904161 -0.05586646764240506268795 0.005822150246535655500335
0.02972695741821729936705 0.05519757193830057695472 -0.03742762822675628486824 0.07773213159804248650886 0.05387420108700686355307
0.0917287862172415646711 0.1121609133995686152785 0.1278117273293323252759 0.008039462319311576135594 0.09900887162909684235945
0.05541904752364011643717 0.07261244953714013350421 0.05911362435326103503819 -0.03418244940712687751638 0.06184893924902063605531
0.03889686511401396068477 0.06892131294820248721411 0.01083911839161229469231 0.08601925155154396818169 0.09361352333309651274629
0.04809029103433119789468 0.06279804273421341065387 -0.01824490068866706574124 0.02759095222207186628993 0.07039258655017523180764
0.04907629579419756776781 0.01550375184902370341578 0.01878045444332988866964 0.05974682396260624223094 0.08681660648064387642009
0.01028190359615995669307 0.05079467831017148160555 0.06581332828187358430228 0.03903713246661347918698 0.07720746765848708614843
0.09667861665060686893192 0.09765939563257498845505 0.03539740842105828372288 0.04256773050490814808144 0.0521994295093235957661
0.07487764356524390096936 0.05697137655924918581141 0.06115650632749820153622 0.05344904137108295871794 0.009921129567220647940684
0.04592481471004782739298 0.05912014193622595198407 0.01053137322120740147768 0.05551149587265799545399 0.0250812282533149043251
0.007904667993931179317824 0.03715342518839614277537 0.1070812631066650338907 0.04344706930554488588658 0.09285058517972802349938
0.09864722190054800443626 0.06900227733074960900783 0.01546651621345429550303 0.08416944480877697198906 0.01077801675150921734136
0.01820158063543740947776 0.03371622256030080977407 0.08092652117133944389415 0.01620649913199387684437 0.1363439823236978487575
0.006781018170731663817496 0.08296248102670163160344 -0.03428234325818489691695 0.007139306797773112105154 0.06122706420809608668376
0.07965290785393333572451 0.01395213076494463723398 0.01704778138576171914176 0.03725914661473572059291 0.06670663722996734990023
0.03193167379046366050055 0.0656537144055832910805 0.06423990293493511694045 -0.01738867807501599457853 0.06406959646094766147595
0.07300356648956608796031 0.04416165768396762558723 0.04421309456333617077251 0.06602938733763212553196 0.03309564743462326680268
0.08753295610560053729987 0.02947783569331969763527 -0.001516747939190044892899 0.114809090810459785148 0.02774989345422706338296
0.1043179936708436839066 -0.03643183277939080616514 0.05183439396155404416122 0.04781130250989299584896 0.01642132850453955489334
0.03409744764664998650794 0.05799775603464400741682 0.07372054934917901536373 0.1123910231433532108669 -0.0007660927904133907817216
0.1077591704590639964945 0.02399972284856048340695 0.03509035230972464697308 0.09522757817310921468756 0.006224032118357748950832
0.04453469647273953363475 0.06481353318355020931563 0.06480638383842081406971 0.1030365172823554109627 0.04546440699096270660062
0.03807523550696225583811 0.03999548720741928631295 -0.00508676377865273105644 0.0328766070209964428317 0.02865160398690436496794
0.07592097555851275159089 0.1158646785464205186678 0.05750153118152422776488 0.07499911754610651126729 0.04902936996988979667655
0.05053889731347807612316 0.04125520129754329384797 0.06151340875757928261525 0.09064385984658249184598 0.07965854890358495254965
0.02514603415674237715804 0.07393604699797018398044 0.09061948178660980679489 0.006153832539222220399111 0.03212093023967609040081
0.02103407165707818840539 0.03564708948788997133761 0.05906311539772654550795 -0.01572801030629629101543 0.0839450390650069988574
0.06893203304671557951622 0.02861011994912064648755 0.07399229715182854827393 0.04888962133214224542455 0.07343702793341588819231
0.0324699515035417954345 0.09654337439277686783168 0.06673710176582917097399 0.01686947910700532099471 -0.01951032803389430789198
0.07162112928416462798165 0.02790114602308420288512 0.0007588554280072055350376 0.0604226917812528407925 0.003770418034263138540307
0.02469568868894302451911 -0.02735653061975944558282 0.01130124516849441082544 0.07177112907880116299264 0.08931418670733129450134
0.02581680765300674654239 0.05775039098824585881431 0.01325284724968590378824 -0.0005759098758113543117809 0.07552324732600246282033
0.0679597443148762109244 0.03952455613079598750748 0.0327409010068467482002 0.09285140574893173404103 0.03768396232106115129046
0.06263576055443115242483 0.02456326793369292826874 0.08265718315369249835634 0.08043144940575505663638 0.08472942034347996642651
0.01289842378313881855745 0.08368010404088267739642 0.01541336332532804859197 0.0782987086234326751244 0.0253311257510198603593
0.02244879035122283872372 0.0627580946756347707316 0.00678278142680901162398 0.04665918238667082079685 -0.01578282277353008564158
0.08900108882007834454342 0.04198174883277883129296 0.003311446465999650767137 -0.01496314246328410250964 0.03196818827316523503601
-0.05035555275531410773793 0.006545389192300615950615 0.02702634676717961120795 0.151398075605185145065 0.02846764527159107230347
0.06067582985388639965629 0.04221588985112549596845 0.07064908635379278656341 0.1157446893112809710447 0.01994881115182016786957
0.01437220006171957206731 0.03029167226234187604295 0.05583902338406549620275 0.02843852942594830846001 0.006740484607045859472008
0.01634756427463229105923 0.04904134960215311700438 0.02290690360220837273886 0.09877760083362815968222 0.04071835038971314407741
0.02111297354411015292364 0.06608811877735730477834 0.03382532100993961010627 0.05952523652148949268037 0.04541946475792810883343
0.00697799310835215107901 0.06241383065176667188645 0.03288008847281210372815 -0.02340687118547829861925 0.1018231450503931240226
-0.02407158713122685422814 0.05460749820032678725212 0.02195727631417835820637 0.1330157056928704673027 0.07276683411387990796371
0.0598785430629308265682 0.01090833199692134956871 0.1273178348243100832526 0.0373260514250118580204 0.006562706131259225458829
0.06998366603398249730095 0.06822965463698242583046 0.04497260254049802868925 0.03824820593740974050689 -0.03726513787005856365164
0.006133642736380070549507 0.04624086889728615257233 -0.007077184560534893927042 0.007771310652863471640783 0.04750079827697744477844
0.01801319558292097111618 0.1000488831935762851222 0.07566149496134218221943 -0.0432143372752199841913 0.04656497108295635373176
0.1110403577487168585991 0.08197866156012498239924 0.08114083298159437129815 0.1250724743670529603978 0.08782152823741370961663
0.003029406043436726550522 0.0003018016483844951076791 0.05021614674957477347794 0.08053489002351069125929 0.02584180442286243550853
0.03653717553650578236946 0.07627424320617511022125 0.01170664365593735919968 0.05118463948113939621098 0.03675517856406302491523
0.01122339110693616227865 0.04851062368811047409434 0.02619641439814350200588 0.05537933179990926768621 0.01298005594150427287337
-0.004852358779520183837408 0.01690161858841754058402 0.06901534865922856476494 0.02909662720411498176842 0.03161731630863866965298
-0.01722183415246315851821 0.02489107918457419618696 -0.008302772915706635448174 0.02752806354879027556093 0.08111207347138964240951
-0.001303712911600555732217 0.1093724934437495244222 0.08273283319981708516799 0.07151800428463299386106 -0.03039220963509125725266
0.1000371214339182551756 0.0737176892588741194956 0.02975653351253490855322 0.03638735208997171538536 0.08026984719951621438661
-0.01762475502700507068443 0.02510549887944375432869 0.07366952316216250629122 0.07586306179544620442723 0.02945152626624120834053
0.07571644635046055615835 0.04957776817523581319724 0.09078655774064207928387 0.07939108615883919140011 0.02737006174019990939472
0.01522205407304826063619 0.04208858041455128956576 0.04480294922877937902062 0.03814334826374878029132 0.005907951426036308489875
0.07263004317285420841088 0.0803452763284930870924 0.02912361613234417528906 0.09520067564768264212205 0.104065132692768624878
0.02150289454138787359483 0.06204371881315269565693 -0.01721334903264451141047 -0.01526424083490381111705 0.009897529595432540475142
0.01469014887278422692996 0.03310363001894862239327 0.04203287949886068408656 0.0707632445997631032153 0.07477437017484246661869
0.09081171931654322126981 0.01787840069947759652491 0.05224782679507341404124 0.01914537157681387574693 0.04339279650694022327784
-0.04532146161311310927911 0.1064910018464365198954 0.07820759246972550093879 0.005741883939340075918012 0.04835080202021344031316
0.04014938282903244420874 -0.01201695739040019826616 -0.0005909115267337187700838 0.02377400324523434513302 0.05801211012156033686171
0.01536187023666916486031 0.05704094095397845010087 0.01816147692190532222933 0.007867820070881279340136 0.03815196998964951596855
0.04353390585746187008143 0.06358091170881849385488 0.0337747442281267837294 -0.03767056011703649037736 0.08665117585469175875978
0.0382531792175629312136 0.02457613507552447798532 0.05537624702108769059183 0.06698269633946668522029 0.0564652230500697141502
0.0120783241858376539507 -0.02938206006872030526256 0.02817003481582712118292 0.05547456896824084354725 0.04318568120669991766691
0.00199498214526354659612 0.0539599088118899797295 0.03670118580815567160824 0.04544275451774155288875 0.05445490440127875864107
0.05490052183322289419687 0.04355180814220656337898 0.03243453668021752805961 0.07396734855738083813659 0.02382193622932287507821
0.04024089611647854031196 0.02605075044913202422792 0.07737207669224163697486 0.03563908803191660062959 0.07718099002805914321534
-0.00239737716678924822622 -0.02028660469220049458738 0.02430647426415068548811 0.03664504295761555896505 0.0805774958904651589231
0.03281615452661555687452 0.02770013082213103675078 -0.02497509851055505422646 -0.01474774567312817433185 0.04180456058246975054038
0.01314713539320005661337 0.04780173338754862416566 0.05316159991242670052047 0.03330751453696304681396 -0.01322393953107274360004
0.057192038093697099288 -0.07007012021571915050266 0.0723082504558478639245 0.07859901566092315772227 -0.03087305900121743371112
-0.0358410414567928228835 0.03652708044316801960782 0.01796628519848246507973 0.03986034946181715721281 0.07291184485964803674296
0.02898781579164633886991 -0.008331591970782016576269 0.01467869543424741088367 0.04626943944844726791521 0.01573441226246422713908
0.02316867069975295581608 0.005320964840625520657358 0.09978619418860834588969 -0.00819776383971521256655 0.04562066112282090607488
0.008611352841157229875968 0.01276585946865828845309 0.001742709132559335525117 0.04946005890699723545056 0.04171943269494380462925
0.07202338196375243639658 0.0323519801853853553042 0.05941460000081637271574 0.06960401205843959326902 0.02604430826860023098779
0.06661641100172567553361 0.07727788740382024457176 -0.04673877130342952296305 0.01672245386162355892945 0.01465626151362057170979
0.03518895783658228942903 -0.04384086434052467812217 -0.01972514610383756944456 0.03873564113354145688195 0.04285447767648337819013
-0.00420946569951043993163 0.03125551130842577074453 0.04682445140571350056247 0.06381315319688794784891 0.1386709778833082606919
0.06315088037498592377084 0.04387356631811868690196 0.08083081551830455235841 0.07584318382605004238428 0.01400988721718935889338
-5.740691068230774785769e-05 0.01327664126427641200223 -0.009149669776492634978848 0.06129442283721049655743 0.05444695500914168567741
0.04960081132938198855697 -0.02472491019975272055764 0.0370620357708745934433 0.05968371707767025635683 0.02306573978154810924956
0.006534466033555022534962 -0.0007322768041370457088937 0.0005992290590244203933243 -0.0363068520573773256821 0.07342260611964548933095
0.06774880756476590881743 0.04334988534919288760694 -0.01288530890136014954439 0.07835754023854005212435 0.03921878091467832783135
0.01324963931832055623328 0.04713520638436808490868 0.01188832289547580266242 0.1147674780568876812259 0.09540204386490369614648
0.06842697596208223431713 0.0216162618295932321133 0.06787114919330324014357 -0.01782266579961264488241 0.05449234215263600716872
-0.0169789656514462844461 0.009127021117895026125488 -0.003983188234291239540608 0.03031497411838936575923 0.05864171862629601050809
0.03812795478882339411664 0.01688986004717059341562 0.0155893346604142751799 0.02304943260946737057515 0.04899157557288445763444
0.04080450974817666914829 0.01869146736823185106502 0.00835320832388886276576 -0.003573672494020423487382 -0.0523876156024280018042
-0.02943441959194749435458 0.07296152455890272947592 0.05025246208082962545705 -0.03507883820880718095392 0.1371938642202800706649
0.04869458407363581181615 0.02036989398836484485567 -0.007086529159015731403615 0.004395578353669035709395 0.01221670064026144850167
0.1114135580882342907438 0.07179266880411955265018 0.0210989019045275394415 0.06713571478428148608941 0.0292915259632895302877
0.01389364457117002286946 0.03506043385330646910969 0.03322659934462589281789 0.05967454826545202234422 0.0653267945745605871366
0.05849152543299011852707 0.05992431174812395261453 -0.004162428157350761027955 0.0440248552100757986616 0.003052621671955638420898
0.08622489241803658888141 0.06184206750351189246784 0.03818809492329738181082 0.05990085238900740016721 -0.004129392539957822336194
0.03282431772233974226483 -0.01488933285740612171011 0.01056413108211540913262 -0.02383351399239093393323 0.02107117660729689034849
0.02563586028307806435889 0.08455068578120752964544 0.0464223281967773224177 0.1105906120086227045762 0.01178820404067238564183
0.0299448598428967392715 0.008682712822591398191263 0.1391762006532097084577 0.0515606212856774617781 0.060608866853613663217
0.001901645958026699405677 0.07899685092411069808893 0.04106491595595501004068 0.02636155244962359520122 0.05679539241197315707632
0.04678417953505607101983 0.02354543638470838612387 0.01286391888748750038374 0.08213486304864597853381 0.118233583735777622592
0.03693559516756484556455 -0.006168770496969080974203 0.02092262560705318227838 0.04147748521855944281445 0.006513179269857842686176
0.006005997367471632014668 0.04501048326493857498765 0.01095312471183225444538 0.02520978925167011164277 0.005320286343360401334901
0.01515174067585079928366 0.0906431396716416148962 0.04596055022886633145696 0.03043809870486299806736 0.05022376545733209934896
0.09896635104439265029352 0.07010095263316303004775 0.02927905045888512178265 0.01127094887495538530486 0.06955737585256648036758
0.01956016114586065640646 0.08700006691089502697256 0.0878488342040638497954 0.05536257026874697589891 0.08222142004502627776752
0.002162371676003345486589 0.03492664971616880192906 0.05131449679823434084636 -0.004110563528556696911986 0.07568594058222698206517
0.04009975328420867929369 0.06694272965625978899507 0.038877150427027218349 -0.02010124270775500571196 0.05387480326212124720486
0.04355850900603044917325 0.07575080917611877462381 0.01728907396347800426439 0.02595880377921495549276 0.002228540956389284382472
-0.02165214737720178028724 0.06401598425607479825317 -0.01915016762174797868012 0.08765945694801924314987 0.07224050087038789980109
0.07081370035378160843198 0.04086680418461167973998 0.0300978377469660295096 0.07774244692566695258407 -0.03956056246302380036139
0.08711087280768535501263 0.07517638330630720122638 0.07205346963407377458566 0.1076913728670992748127 0.0257739668377490009632
0.01066620335508906662614 -0.08365765500449660885263 0.002202636286845438030879 -0.03967707954867363134843 -0.1044393130254691604009
0.1020598339136246368586 -0.1198139981830376732397 0.05096339044166112858258 -0.02293205201704550874608 0.03751423473585518281181
-0.07900088805208949072068 0.0671083978124704660928 -0.09812784847964402257237 -0.03156986979425184525194 -0.04109906427121080146891
0.01530221932450226418609 0.01410964719822053146936 -0.07203854296418550628989 0.02738755290391003613393 0.03775162265475479755894
-0.1055411690338417390889 0.03198037419262783620511 0.07763119408905477802918 0.07004414163190526843028 0.04096446488632002336239
0.005478868155887032902196 0.02896192771538959320754 0.03483451855665004037732 -0.03365309752492987027672 -0.02534448339913314071636
0.04884429790317421082868 -0.005999190089477892708081 0.1056402061820331805819 0.05766145519432432781093 0.1028874885563028224178
-0.004282969973903041731311 -0.03460439169777065893108 -0.003421729086002670353062 -0.04102958384823886944792 0.03540744447984315451672
0.02920528827926791026748 0.03158466050657531692947 0.007284808534008308314456 -0.05894579952469221340028 -0.08035881282116133506044
0.07015726091774514283639 -0.01986475350907869821815 -0.03273033050238884772432 0.03281163998268834397498 0.02173371049764461285236
0.08114139634149154789444 0.0190195717538582699524 -0.008366475650666465105343 0.05800627284385755089158 -0.02737025332917231504326
0.08568447628059905341047 -0.01051393175405405770728 -0.03445657273829443034696 0.06506938331195381841621 0.02997148723978742754226
0.06986466343137148760079 0.01234368210625689556148 0.07482722128615096335302 0.06327375435985092833047 0.04711893442801994014157
0.01879904683339899199024 0.04121127656053547028137 0.05728594666109802779896 0.1122264090034841427235 0.0311394360863944952289
-0.05352345029827414168988 0.03049464892462378298732 0.01506011164583843757458 0.02767375095821693331555 0.07451580472960823986472
0.1464783414853701726255 -0.02064653174000501134611 0.08452273397633423834829 0.03397105945083929434691 0.03948341284106800241904
0.02327732104076615446409 -0.0165723185832100730619 0.007737288248014949874898 -0.001678712807431455419568 0.06895007989348238275351
0.09759287764705737444615 0.1032247618963840207762 0.09428085075975080331379 0.03490644073371291372654 0.1102592402438811597376
0.03679638845481953551841 0.01006920298023020188261 0.009842124710231773404567 -0.01648598015916749245924 0.04056799251575259057656
0.05569979862224198191578 -0.02962456363766658232195 0.005993316113118099357215 0.04998690901970523348119 0.1095610726875918400358
0.07334607928417635758223 0.02068361822922085146992 0.04161029882052639378154 0.03593097127035443927312 0.03200819370304900518542
0.04680941394179630871131 0.02668398020955014063316 0.1573626773676416457093 0.03924696084463803746889 0.1199845864317558852274
0.01168650536250077399958 0.01816248712041786464444 0.06257064864341346788201 0.008694812396448965349793 0.09115321345207146042089
0.1034382539632930225748 0.06789637690200925335127 8.199316706373758535144e-05 0.06302359990794613453513 0.08727576222175929820946
0.08836009770854331979439 0.07338671967279450369936 0.07867335367179920102565 0.01898091693787063924392 0.01186357853685454828707
0.08789547879539989783115 0.02635326078881014902344 0.07632901017127700915577 0.0980309185656029480338 0.079541951381326567172
0.05747343918156542358355 -0.00563577362148977387829 -0.01121168645134647950945 0.03308480368128582926879 0.06787052625477961453893
0.01481883848725448760142 0.09069648665962685984976 0.02578716188971956826959 0.05399475381732322942785 0.08217857270658290858023
0.05852026282067199908221 -0.006624013503381227102595 0.05123756354758039061048 -0.04493468388607477909114 0.02315566990092220167607
0.06108967109054763006126 0.1448714405944961924888 0.03115281124364737558308 0.01209832503744725194783 0.07270166754406792719578
0.04816771675344916348038 0.07572279830577659243129 0.01795689805610394679247 0.1353604297898670372202 0.06377580347127112525563
0.07393843887264593683906 0.06811460361182328226981 0.04904090268439096483855 0.06778099348110593058703 0.006353364223069213508055
0.07421400259277348421261 0.02915528988310474300949 0.09484087916566885656522 0.1100072528426674495217 0.1007668993269296708881
0.02568711056898168032525 0.06210566531686479568863 0.1282525697021104083007 0.05541081517806898532053 -0.003002666466578696007061
0.07352246793953545744849 0.04009523452439030938299 0.06564967488399207906635 0.02718986816280109450328 0.06840456405899868197462
0.05490536489509220685612 0.04978841654166653307723 0.05683618247361283543073 0.0203317529085097550845 0.1123410872352815365049
0.04811057888401125415268 0.02803669171064615203703 0.08228145035535425200202 0.04648895821201436129311 0.1126711704987996831573
0.06880549717769840478709 0.07058158686266943759868 0.102467113218766864291 0.01826188629826914697207 0.02052856557221605440788
0.02299254580751580734344 0.03646066303775993833192 0.0552319252597899060242 0.1065405100714359315495 0.0212723741079350603389
0.01974864306789794396457 0.01489697328766902487129 -0.04501670382732384650959 0.1509818984662557594945 0.03597168627555946684993
0.02087450924332461682509 0.08029157936032489673028 0.04340552640575381232457 0.05085939834592605179875 0.0624028366696427333471
0.1076509780153674100678 0.05420135982619721237707 0.04560622083212832050814 0.06285780670782611934122 0.058219189897055122207
-0.04731946963956265572726 0.07498779298116264868668 0.04352095269449286762953 0.02165845339022988425004 0.03627009729327041603897
0.02076040370982336000227 -0.01413467841415323895948 0.0197041089784479456215 0.04219947690937408263379 0.02407717321131131599232
0.08034724031059911619757 0.02060751361238155263123 0.0768946576208108523165 0.09344448973351855702862 -0.006773134870328022423547
0.02500187643220237385111 0.01859261880982569781207 0.1221229662044704400437 0.05598065582228697878442 0.0990496001139795634316
0.02793103748153093202067 0.05425782090823345893416 0.1033043380958213047771 0.002056834615944924844755 0.06923104087709366916137
0.0493997420723941496612 0.0950425429737928872953 0.0440076970457406457804 0.08338948676418146688238 0.04222247649239584121883
-0.00172397811474970141972 0.01906165302733787633716 -0.01238554744244066592451 0.04665400662027607142646 -0.00354953397039645861602
0.01616279178005457228817 0.03931969628724473614367 0.03867127833555366461793 -0.04822622269953939777576 0.06272670714915451473104
0.105179137593804664097 0.05284871506369233362665 0.08811630665015321439704 0.02400481665616166840338 0.006313115959567414461895
0.0978981651325754875792 0.05221829678510769151556 0.08952404640785682765625 0.07095514550543431664398 0.02448402005699879674383
0.07180994405337332020522 0.059310413667099437518 -0.05784553027266360614167 0.06393623794646306757183 0.01381527124453664663595
0.05770006363918441655292 -0.003345681083521622432853 0.01232257041023890331566 0.03133621725859929429969 0.03584734024736228874541
0.07657379024300665915082 0.001416272590293479348086 0.06275361133263528123916 0.05302222097511740533937 0.05044859257894379611642
0.07541962395261984919426 0.03869359051975274771396 0.01930727585968497125868 0.07130351579785713933557 0.11494887056675048842
0.1049581925514717489767 0.08425841579292692173908 0.02415661778581292343238 0.02072285894912287776415 0.02679396801277139986142
0.01328075796974306430065 0.05458023188486311322309 0.01409314472170956726582 0.07054139167922579556347 0.07210644238764819802245
0.0266798092808783228469 0.002572671373181949217024 -0.01833256744745200353397 0.064241112008897260921 0.134119924956921848791
-0.001526200894750654986701 0.04129426067845439612958 0.002135388067074615175978 -0.01130481862717389734962 0.006217023769426297322149
0.09224151463381881355108 0.1217179770074839906258 0.06243445254210641670589 0.06168093342177503879409 0.03023517328015146166109
0.08045197434682234416403 0.07417237610035615213988 0.06695059307344398968898 0.03380010194940982065637 -0.03419719420210373672653
0.02180282610912803384351 0.0577040116311926323811 0.03420798246636807399268 0.007411699025081142783167 0.07588139668248138069995
0.09684698350340205375009 0.01941094332653724510718 0.03013980232340284989845 0.08903112121753699315096 0.03771181191295988610612
0.007391697610444934209151 0.05915415368530455714202 -0.002645891604804334260037 0.03982458241447713737093 0.04845607862607458071746
0.09677710619332315078456 0.06258785235850966577331 0.09509630346891685681587 0.0491544308977080110501 0.06821956813477865477768
0.03728343922880309607715 0.07860940639250345307598 -0.0160515175766254673817 0.1134142744364563110127 0.05143234487398054555207
0.03817225219602168179156 -0.008887711037483734394238 0.0654944267980114291916 0.07002757286179088491718 0.07777926412230320996066
0.02061205492385688106682 0.002740776304495694606911 0.05783694302680161131169 0.03849604306744706244681 0.04518114569805429386884
0.04930892947033300305337 0.008999675861945504937167 0.01034521844826682968055 0.0856621686392950720812 0.0229668950290888088106
0.02488707415706051598314 0.04789932964620094435482 0.06891394254240335026651 0.08489377834643703490958 0.02783074023948095207515
0.005828998160885441419399 -0.001429350057832723440779 -0.0150295862396235529318 0.1017368054138763633354 0.04334639100367508601774
0.0238136716039880312612 -0.007369565163830872275841 0.02842285250511380340077 -0.01602638868596318114101 0.0741648904260263086563
0.023923778939861584103 0.06555246574089931832496 0.03426051958163835176041 0.02351757365313691255926 0.07726701270757327377758
0.05442299620176635488455 0.05145414939488613531582 0.03940832626773516783603 0.06207181046817507319435 0.09172146271036273057486
0.01546668978776986370927 0.005836353667706956419026 0.06400180821571836708994 0.07912978180793801830095 0.002162896568805289417015
0.06518056514115846966639 0.05985312142822742098591 0.06091858817218211152866 -0.03163550604454003212229 -0.01952672536385293908245
-0.01655810281993897251085 0.09124393180117901236414 0.04990223742206999213433 0.03498728198243350462349 0.02819888726638842407768
0.08815799704808931214206 0.07712188877025547006916 0.06412621739290989830717 0.08673610324027945794878 0.06525834838674943183534
-0.01365903944483002653565 0.077299954814466595443 -0.003384989919165989555316 0.06614243731510033308396 0.03672266436316821980324
0.0506159342974200482379 -0.0142491961041876016858 0.006434334773605842466848 0.00574772474691477228137 0.02870028705736836147078
0.1013874770974818873004 0.01201442698618480735273 0.1239739736634040967456 0.0410706623470306550483 0.07500265432264129061846
0.05429417815273572534007 0.08525437271830142715867 0.1165771265028242714701 0.04880753482257135789091 0.04720453308913059170537
0.01430551094454936625344 0.07203518583212778492175 -0.007658447870980408106467 0.06847777960363250759901 -0.0100970942376272104779
0.02199985292634663858191 -0.002375774257289671974325 0.01320703720773405871747 0.02189409895486542356746 0.01273409984860312225974
0.0240407021126936917832 0.01256162845943364914092 -0.03423493387579181618241 0.1098188656072726782087 0.0284209627099525005689
0.007052590095880982047627 0.01082197209378832694626 0.002704091663138010696171 0.03494605911759353367163 0.05288542011429257783117
0.05559980507574733415987 0.07635970128533849099473 0.007594457793925249097788 0.001902937895300946605226 0.06149620753294510189235
0.03783108904419558993215 0.05114550640727200808699 -0.01490477532372767172086 -0.02208814644609997934754 0.02101628206742989571354
0.06301706593404886314058 0.01877154906530788605612 0.04357302972067426949376 0.0656177058281295216835 0.08833704309326514958478
0.05999963808605830034582 0.01530045012677670734913 0.1050838772384952851668 0.04769505745755765746541 0.03999095850958893361149
0.06289331861463670625412 0.1058904964586589170228 0.1045916695597538664808 -0.003074762785327706925836 0.09303031079979826034609
0.02249877521778904931882 0.06436852623103792025994 0.06948376772008356405674 0.08165714340630382539477 0.03448556704161653829743
0.03696035792416259985194 0.09875955498958217948502 0.0973575260384307306083 0.06927579994214246028594 0.01998905314582646863819
0.05364180556562555407529 0.08299963952593544802561 0.03991518912962395415622 0.09053778789260932824412 0.06736200227937547135859
0.02936559019840332199203 -0.01678419239461924339363 -0.02852084604142188575815 0.0443130995398303487165 0.01714798391575762456784
0.03750320326967503115068 0.004848434411319300224585 0.01678504474125014356289 0.002463659013314369559955 0.05688324134170245904851
0.07316894295005890724859 -0.05385110446494536379225 0.06127012153468268385037 0.03477123671078043848359 0.1030442423840790683309
-0.01344352532165199280711 0.06042234780451121584077 0.05341755811005349102727 0.07423316310703530207515 0.05166630614654089959092
0.0420064033241690920617 0.03569920034703607386595 0.02992973060873625398837 0.05791291844161715329786 0.02851979622674249287284
0.05305169254835052222719 0.05481298113884795070172 0.01679627396167655481451 0.04737241238578816793225 0.03610036517233566888407
0.06002073676067697094449 0.04110523133858329236645 0.002451792505701526608125 0.02362738936999520325544 0.03238232373363266608512
0.07628248787244273909636 -0.03687139306501000662886 0.05986669027254754721357 -0.007973672889127385657315 0.08778175849773764416462
0.06118400881102175475901 -0.03647459969608672636365 0.0769781332687034802742 0.08428671582683332219599 0.031724015070078014078
0.001508706003181460369653 0.03766936306323746819213 0.0647949327525215723611 0.06555748307729428181467 0.009918025452581946330155
0.01206612106902357067773 0.06143459273027963851721 -0.03209569696578995490199 0.06059592881335761765937 0.04640859794952881950403
0.02088323624462027489068 0.03144482550011724886208 -0.02334800586122307008985 0.03302681705056585703684 0.0112294559926080454032
0.05788014056308016935803 0.03774738067943796820947 0.06145091899265211349279 0.04615953526301066339732 -0.007463178998900379078341
0.09571373270062184801521 0.07145160281078276331979 -0.001665568644835696858128 0.01049085344978578984709 0.01000889970495954899021
0.08476052707912604122775 0.04081459313594876930908 -0.02217133131139785440222 0.05742949865162489536674 0.07695441508389092022391
0.08036517376178513305529 0.01582766329871570371024 0.04333313534610513939604 0.08192465864103389006079 0.008459064326887765633556
0.03939729220301872725241 -0.01555543983254896803214 0.08742479798818376945935 -0.002357886338464265738729 0.1068441928145006936113
0.08793082707889723903527 0.01699927614913927451101 0.03974942770789362256334 0.03966946922935207092697 0.002771738407269775349151
0.03226663630867632887034 0.02634918350034241851798 0.08623119421896190128773 0.05808753194038364375817 0.05087937082913110420357
0.0207315368361619262183 0.04432275823323097996287 -0.02431133810130258615656 0.03213097409260597808744 0.06872011913947588535034
0.004662424868214808289235 0.03820363900098937282035 0.01430968411432420248075 0.03386876404928934602978 0.007061722796532109679146
0.01874642647201493761422 0.06296252703997351485299 0.07584267506203939968046 0.05005059813766694898352 -0.03553498749250078719841
-0.001542352886471214231875 -0.006025222005416932744004 0.0866953671528649938427 0.01862049097657539689643 0.08944796484541575609661
0.004219109350157393932557 0.06088268343718936798092 0.02421962409645529376578 0.04203518141414053915783 0.05121854308700368729745
0.06901016166910924065636 0.03722145975800199985128 0.06470715019826479841303 -0.0009382941080057302261561 0.03365689505300243494768
-0.04092385854581803011909 -0.01700947338512551545997 0.03479359205729838644405 -0.01472265536794679918753 0.01627446450332351024493
0.03573837964616698170683 0.06533036568160141555062 0.01408328559842686282522 0.06271782706416231811808 0.08942288286372233885313
0.03195624814065112923034 0.06289035301147023748758 0.04643582706775169904878 0.06714607707683366288887 0.02690681094347182125692
0.01582879943233448868933 -0.02381986592432276672593 0.01898118118880109950197 0.04470398199879759004727 0.06318826296954063725941
0.006293303762762156479404 0.06957842146730094934348 -0.05526987036663708746653 0.02751917189863904711356 0.06578627407500348134306
0.05196211536968210059628 0.01475947224087287464045 -0.02132514920340257413844 0.02310513840931668547163 0.0824535928551768937389
0.01929479602868814508421 0.03046489472892344174682 0.03795795186797114306732 0.01126304827893643070724 0.03747239884221904848705
-0.01214239590403282456621 0.003128922784737079264283 0.03879981591493281839478 0.06213960981864504601324 0.04679263849375981526579
0.04962329447158718431776 -0.04422528681934176364443 0.04639765453403292549961 0.02514942163156976343008 0.03383761227805147375758
0.1204359312238664353467 0.05551788962637260044231 0.01011986331180472591107 -0.00641004760115519798408 0.0147463835683860049891
0.07628030420835066327534 0.05339564460222371439224 0.01016460986603929562977 -0.0008036814838275089731279 0.02812736316337083666839
0.02400807719872802975525 0.02437946111193757883773 0.03154303742602002080808 0.1131620246076538438551 0.026921642306063732486
0.008693158386507433138535 0.07274305396822516867061 0.02896086402040658203116 0.08190716721415308709808 0.05653568665353768396553
-0.004562686814984029740061 0.07930709027356783180629 0.04319449841862055272657 0.02491911811394244280482 0.001592843747997933160493
0.07826473491803763449237 0.02199202256902824115237 0.04951669963692895831686 0.06826003332371323450989 0.07729220574648419661568
0.04352990674108411089938 0.02219621476401529777678 0.06580008900187531151182 0.03565893117974010956273 0.04055072218769052716514
0.03562342238548529133046 0.03904803335222995636089 -0.02060253979113102484888 0.07858166691078428967021 -0.001061029341690028710357
0.05921478128322849032728 0.04838919259552879742481 0.01933606536962990257722 0.04738047525006863075481 0.05068778970644579467963
0.09686616772483334913968 0.0456533871735589416585 0.05045451243820169018317 0.01048928994175477545647 0.02997127918963680970332
0.07007383034630033924461 0.04279252991734811689684 0.03793210426350341474278 0.06450568235232533031986 0.0521159600620604776533
0.03887742679841547227548 0.006966766888845657770823 0.0319515041798824547814 0.09390102954660332901238 0.09417219071843657696164
5.222830744083584625414e-05 0.0445427959053729810579 0.04166708390418622648399 -0.09976130026167143172167 -0.0651615359966309093398
-0.0565263140260994292885 -0.05555768607737973652227 -0.1078467530674093316501 -0.09356047683450915974923 -0.03976555055243160413658
0.08118258431638249172924 -0.08366285972501670553658 0.09784587695893759429211 0.1046618449721249677342 -0.03090876326442758281754
0.01479451701384335883527 0.03253057254513819912534 0.06347313837224918819935 0.0626780537649063579364 -0.003816349779920900561758
0.02112413858577304182074 -0.09967505180248306673185 0.02761425662887347781682 -0.05066067075819007808901 0.04817792049988248864745
-0.07034622731999970457473 0.0352647539500304946225 0.05421877232606490959466 -0.03674563294385278094945 0.03868876946227493840436
-0.01710440427223354833974 0.09822210502843976842602 0.07644768596701077834066 0.07547567087212272984864 0.06193796868730148258431
0.06032968035132412615296 0.09956694250162521908631 -0.04529259043583897664798 0.09319143143450724087185 0.03796908645149244670991
0.1121771920241774883609 0.04869982536466031103339 -0.04336469676157157782104 -0.05249960664167425267168 0.06087192663680424109529
0.08341010429664258429838 -0.01324227891273839149977 0.0004445919144312003969469 0.05242882554274520823245 0.0230101902411309969243
0.07939514318311306773079 0.0921235431679103128344 -0.03894751779478604347684 -0.01443527377456075254381 -0.02237905567773738543802
0.03049312192558689682542 0.03415085659340276469376 0.009848702936167151589242 0.07210907115001072287264 0.09329705506118207702926
0.1596757592536444947395 0.01468441966494973306701 0.05832298049805121481493 -0.01136290682688874745243 0.05490274701786527350444
0.01675990960100624121987 0.06027433137811737118295 -0.01799117185645367558711 0.05331083144042517846239 -0.0666022721047499349778
0.01950036699783624233318 0.03568865146001112126362 -0.006430627062409143349098 0.06346657882312879694897 0.02185568612831560036946
0.06408726285608171147068 -0.03387298767601198273836 -0.02121532266754316484181 0.02380557207846234132886 0.0429609144278504523351
0.005331710264948470202884 0.1028525463163103004227 0.08221741316956446277153 0.02033021518450190898153 0.1056621099415437081692
0.01559115840190857318892 -0.0721190879340625340399 -0.05618635384588750031343 0.09098690512105155059341 0.06440779596153499431122
0.01486318597071987178404 0.04080466793176456413716 -0.005600220190203975337284 0.1131356013233466295542 0.04860028139820009307481
-0.06126171100469545577338 0.01247405302396112358743 0.03738348516600147747324 0.04733653498423419370145 0.0146119736981677617732
0.1081595680419977778541 -0.001215244694070448557011 0.1197779207651889221697 0.001614171406309088119269 0.07029811013338746472634
0.04603157600838257007547 0.04277788385899857631633 0.08340309310879491511148 0.05582926403472229098801 0.07533219309804647934037
0.0416917473150819062333 0.05223355289270798645918 0.08541215794838021013735 0.09057082013586416346929 -0.05332993039665469281463
0.08077646850757692897904 0.07527417824117781097737 0.09063433605368588497075 0.04311565743862783017804 0.0828734724173369186051
0.04737776152572554383413 0.001778279486488651894502 0.01444508226266688448447 0.09625417073259347200409 0.07105087067350709939539
0.08374524614564035629449 -0.003348015840453487813183 0.04228274217099387000118 0.04807010953046308293635 0.07619837115309829878029
0.05196356527044383027958 0.05918948691407817375154 -0.05500942267135591062788 -0.003920039828800501481576 0.04727956369791610352626
0.0436420965417375211759 0.03833701779254437141953 0.1089407930531710866351 0.08300138901348734499219 0.06071041546117644793767
0.03281498134336355287921 0.06758061429582119805648 0.05516322360615645570281 0.0278770317572604765799 0.04937050532270261665735
0.03250182069893878950007 0.06553704402744016388471 0.02364163356347275674052 0.05120653629555965008491 0.07107497938664494863126
0.08634041023588587271398 7.220618936361656334082e-05 -0.002234637379129889196705 0.06374487885958052268975 0.05506645886121280808467
0.07479054785790406612023 0.0583090850618541850503 0.08925649766957315101035 0.05157144782922339076858 0.09666490609193113814346
0.03579055516797152031172 0.02982844854445121374198 -0.009982076347352202005947 -0.02152739485812115577401 0.07597802412664794724506
0.03977183766055197161604 0.03654069059340667169344 0.009570621267359052941615 0.06046373707612395786981 -0.004274995556611991057161
0.1203067996472561573817 -0.01202856335473708251915 0.01969241920616787364096 0.04810214064427164454285 0.03904196791299986701862
0.08590658758628025304382 -0.007059896323820424868245 0.06658003298267921310494 0.07533007292356219686269 -0.002237165981730890752105
0.08205455378420183076837 0.02902759486000904345926 0.0317940262132294163 0.07842510942804999107825 -0.03786236968853037843097
0.03723056178255562675972 -0.009658481993733031636951 -0.003661217853040827242134 0.01223785905575666688172 0.04206271876250041591438
0.1047997970509924742233 0.04860647281729603419453 0.05094374122720381203866 0.0732315395919387046586 0.03940268917550830696239
-0.01939139485602715470836 0.06262496887690709168606 0.02964688203677713976281 0.0597310370002087781538 0.06081277550793219577319
0.07427190251585714941829 0.05855761997697447179823 0.09770879781737189240243 0.09737798176179519871187 0.06336811163445092709434
0.05165424655972483680699 0.04623235261555781044907 0.02118208703174441140393 0.08598362447129465069295 0.1083232557368673937281
0.01588412320532036486886 0.05442248145727687086426 0.07638834793848839344044 0.0469787785432964691279 0.0630424978030173083221
0.09811052101139572378941 0.003610122087125586156503 0.1059361423656009354444 0.03450510604106998835405 0.104083359359339044925
0.07278203216313337831078 0.05225964199611900923292 0.06107373263011159347791 0.03308989379200017594274 0.06277557008569768781658
-0.02105946467912343453288 0.02453569675120126705736 0.04516351991827742551333 0.03592441259690675597893 0.021060400574091021203
0.1263731909918804352522 0.05112717950648045656115 0.01702147283255055557061 0.0401241268979561638286 0.05998885669049061619695
0.001076921071179657001665 0.03652512556813573146863 0.04829188682971121554521 0.05222913991420814749933 0.04106659884756044820442
0.003503797829051271978812 0.008651306616161652182639 -0.006485164959530689138267 0.04022567183315678418509 0.02053151694008229638522
0.002775294842539423410127 0.07849128411032638141798 0.1038072144876531766045 0.04909209162689118916001 0.003358132692293224700469
0.1291959235663525384918 0.0888412433576561688664 0.04408555568100281513155 -0.0008758237014321588499721 0.03130971896233021578571
0.009453233157328849722845 0.04413052764900073088317 0.1010340337650647846157 0.04214657648535965334124 0.06588571856584220232111
0.01816504535522538155146 0.05868948335550002587402 0.02707570588666733529815 0.01975097651038320786809 0.05883815571646114350735
0.002489632787381418615319 0.01630586741672051045993 -0.03441462127453171621072 -0.01684378067558205127607 0.03909523688078514469524
0.09517441317435898495702 0.02594363036403060998603 0.05766789628466534312068 0.009808956200098056799064 0.1363038165467461149127
0.002309046824512366730131 0.09930112983446016949873 0.07946388247466983079104 0.03316449893069030319115 0.05774378961761113954188
0.02968934144146318995783 0.04441304719513925608476 0.05296338417708008894369 0.02068664850141746502921 0.007836800040006863810049
0.08116355348854596696295 0.04807219410626124150854 0.05765443044545127265765 0.02380102945695576274754 0.0601503695529208570747
0.06196714716521364851864 0.04658986080417013703192 0.05687485036432019663843 0.05082717363741152960532 0.05042437507105743121905
0.08984692158763481206751 0.04642554427484822665573 0.0745874879628182774205 0.05195574165709510722211 0.1122273726631977386337
0.04314781228603772195163 0.03198951413526009146526 -0.02359581389695517700256 0.0265762689529589445081 0.05035891139928292542516
0.09211960070823986546085 -0.006329782292035900613525 0.06873761972437465728181 0.07027244654906585064058 -0.01076134925521478671873
0.09954595627823036030346 -0.02359643978964018687372 0.008410670689049482701138 0.06956394582531380543777 0.04393410382778212275312
0.00473292150336340842337 0.05758561025209445183304 0.07013166128289846645849 0.07297637093884255798937 0.03535332045896979330513
0.03444834035230267405003 0.09116795979167220675965 0.009427034549653412129344 0.04675620726923537112674 0.05227986608995159600877
0.03149378895721038906785 0.006578912344404454735913 0.007291260936244869754475 0.06206289747526590877547 0.0231311332663654556363
0.03280148333050455361493 0.06589867890477088541168 0.009008445069746476296935 0.0685097854098561942493 0.07305675509905996956039
0.1027706665535967900382 0.09160096719118918096036 0.06497295761391527757489 -0.004688569461554884659771 -0.04634537506802230422132
-0.04242935076690516893461 0.08726533986845204371452 0.05746443195970165479514 -0.02403781274176526594477 0.04143847469750679135547
0.02315872815701310039049 0.07840555382902260339595 -0.02609189997432735663718 0.01430119611638493333505 -0.003130351740880452440785
0.03439383857936692545643 0.01097067508392241506898 0.03975669423896090182158 0.02957772796304092982611 0.02057347394276353574893
0.008810202765875777344839 0.04734537136355043002167 0.1058555453096716447714 0.03185227560990400857976 0.03012971844969259543889
0.02012309483482702457402 0.1124713362150318446409 0.07311981372290742020592 0.01990492728863806071171 0.01425401735053050296387
0.01785403488329479274044 0.1041325153939523101565 0.09148477211491400085119 0.06732024831494501371232 0.01582847548085525302142
0.09902401015633086056589 0.01552061413024357662549 0.007278787157956601895636 0.02710818721387877466844 0.03071643370248238261166
0.0410153035183243377948 0.09558364339377461993408 0.003441879247094785723715 0.08019441151272378720538 0.0736073141982915846171
0.04679576964813924461195 0.05266761996025498548946 0.03129695722706078708786 0.04279097695164670034362 0.03595425484232348672942
0.01376108390182461185813 -0.007695887803622711124951 0.07154280033898098578593 0.02385681495987172079376 0.05557950818904663914388
0.1072081013606963201257 0.08428631806320645292185 0.07479064256855327830209 0.04224844564122464535272 0.0965645477465897628111
0.04355336481249113406156 0.08437263199873297481179 -0.001452762137320367337098 0.03325928076367568042571 0.03982116852351247349162
0.06628731210450213018337 0.07324893063973049456283 0.01467327325743826224591 0.04133713986441220344936 0.06526634673283963905543
0.02951629991369732891604 0.1088144566637695292988 -0.003327130583431104401265 -0.01836793257694688957793 0.04175603110270532242199
0.06325807950225952047685 0.04454221182314056087792 0.06818258181775076198772 0.02125904568335438074578 0.01565342715593496733528
0.04099265655631724458718 0.03306637335662889615184 -0.02768640992707035314302 0.02175928018232316588088 0.04113686111329430128425
-0.007201450990909899138592 0.004961432808421938761567 0.0313983201177157819628 0.09959017861118565906331 -0.005100384334565835446618
0.07073236384684059019357 0.03889474321438291665176 0.008971131569877379904887 0.05030586646524957267212 0.1033751408281771005937
0.07962837619595383720217 0.06932291240661242470722 0.009618999782612042484531 0.03238307668646137060797 0.06192968949098292402722
0.007943091216798186388059 0.01537488374487128682533 0.02649354384505797632698 0.08529830179434523540483 0.02246823538016269258821
0.03349210590909963702888 0.02550631200637751283544 0.08164118925469276977225 0.05607206786343336274436 -0.01002769102900389827648
0.04200437299903855142835 0.01580338710092785842187 0.1069262242274094942829 0.03757559587040146947823 -0.01310051608554768307058
0.02400609007154476740031 0.01160403873743412125896 0.03650075505681493054366 0.01644694654239975753485 0.06970222586133560660482
-0.03359780943877380132712 0.01670299092148477132502 0.01213065024735061891992 0.06192931258101691538442 0.04864880343552778485527
0.04228101374128376971351 0.04163460724660087569626 0.02576101292513736928935 0.0232588132120425949978 0.1125442883629755308483
0.02921996477350443863208 0.03015098472441771898511 0.05624335489247856562089 0.02040605074428820595034 0.05604216748820588928082
0.04078784303232702024289 0.03506603621647363944192 0.007989070716242418698783 0.04378215195247657509636 -0.01331976561407879899868
0.02294944342351193378171 0.03551545349129480583228 0.00626417113927590311212 0.0679741065992669063478 -0.0009103908847670249063211
-0.01056248789682079532171 -0.002082544777186297064314 0.02549929060203410396968 0.0595148993923298591513 0.09120873539495513715458
0.02417415446046485699716 0.05818417994639173834726 0.05243180506987216854542 0.004434386769995577945447 -0.02021941909239716866908
-0.01848249412794011545258 -0.01352675782726258518762 0.05977287936176833849089 0.02124925833774039471424 0.02513525486169479461473
0.0460405534888493547796 0.08466795536623114570851 0.03961238945379127324165 0.0322409106892024774349 0.04921920218171997596368
0.02944115751583413487236 0.02194985029211852373132 0.0037635915042408523562 0.06783449225084825506826 0.06893112821079901142429
0.03056573949765030440151 0.06253729168671146032565 0.0666090269941848750479 0.08975948724455952432155 0.05683459247171303990731
0.001688591155461855982181 0.04286518669024357020003 0.0369277789505465803277 0.07286957267899138446232 0.03996165367887614255915
0.05812039379125576860075 0.0377541030811454902949 0.04635851146887336876601 0.002939761079136726188571 0.04227715176870555646715
0.0564303329995470767666 0.1029933074694782957348 0.02866982359577684158491 0.03257846762330834922139 0.01726874913773511835413
0.03914869138998494646486 0.001539203628210413649091 0.0358345814937329545935 0.027040258265133877702 0.04543184696406638023447
-0.02201397157615477342962 0.00314444569180034579417 0.01410910087685545745428 0.002508658885036994194012 -0.02373960234444925238018
0.003687744806698586147453 0.006240756223159158767866 0.03736006443775320012834 0.07300911941051045628281 0.01627823444118279075377
-0.0170266054585904609564 0.06276031659313814625722 0.0346509966468409522089 0.08737690512513660023863 0.1134177584121990739474
0.1168981406585963833678 0.01883248164383442488368 0.04936415558366884920316 0.1097671477515083093834 0.08939848616792731017533
0.0775307380852615218858 0.02962886658539364004294 -0.02252730515619273329864 -0.05233171053174968945232 0.04255753891724137205621
0.04368666593520008356588 -0.02755920158179653647879 0.08314933625255487015249 0.04576516795743626464521 0.01258008677025319009546
0.06026203612164367229287 0.01951917688574427919845 0.008552322154676831461595 -0.04499218456351379569202 0.01701841176272006136982
-0.03861123859749027859012 0.04219798138888734839735 0.04074241121612223043291 0.01995504047940197672739 0.08382938159544729705974
0.02376301249642782248417 -0.01728558419306441829022 -0.01964948988384411510122 0.0446627860357479214426 0.00552686020774952480733
0.05087467448593646635047 0.07258746214703269694635 0.03708593648645987228551 0.04449274529663874849783 0.06936508579718285438798
0.04838474915057195541168 0.01672272514565267820252 0.01198415910577089842082 0.01142953577775480435152 0.02850450372383631428286
0.04364339731393767490841 0.01715912432216420632769 0.03035239841492647777654 0.06211124521678152571313 -0.03102353975005256100927
0.04389121835985516917322 0.02989929657060028805882 0.03883750190980752442504 0.002022686734343605123587 0.0367644009380408837151
0.08681144444503637036537 0.01912703877403884589192 0.05569646047543608258223 0.06151786031034030266529 0.02885045962299683311447
0.01775535369732268026199 0.03391136705313472360368 0.1233899663602262553042 0.07666420348916572202747 0.06744816881185562718048
0.04698533011266111530935 0.02528015952694309675941 -0.0003725070052964078465979 0.04850341530853979205018 0.07675966506021941748727
0.0522921947831383390759 -0.004068217549103934904675 -0.003808025490785714190639 0.02604263261249809696674 0.06111669492301891049024
0.03052350214841328956972 0.06297327456129665768092 0.004077180752161138621581 0.02087844863410191070807 0.01577836280235679622397
0.01343412945081074415243 0.06141946397908983751313 0.002312189601446688544395 0.09171232333552599425008 -0.002744068220685166436396
-0.01080764097312953038454 0.06071529013492611009939 0.03086161631721173401188 0.01595095348334194321205 0.03312402139400311834594
0.01985185796460699203525 0.03388065923670145057622 0.09128952151975126827477 0.04819669555079681561027 0.00305243260398084222465
0.08092845965959324927574 0.02482525067472258345491 0.01393571463840128331346 0.01068063642304222828072 0.04061119942355028572534
0.02937786764198376671109 0.05962542910227718734317 -0.0006939892936097779825924 0.02723211815968450133507 0.09073226877078453822545
0.1302115332165668104558 0.04953812679244664479716 0.03379414751435824704195 0.04326635236108744564376 0.009758621323529085775372
0.06679772636413311426296 0.02182158569140385181995 0.04485521236658909088879 0.004160597231012185329146 0.06613796192494747483437
0.0568637138446058676422 0.06825509931987557010746 0.07675460243842084639976 -0.008116307870377847608068 0.02835023090379399854366
0.01605054880586096605066 0.01859056279741498965419 0.08830440115843088411118 0.06820444666952506229674 0.04230333066367803623864
0.01919303319114050790373 0.06046488265996362992949 0.07108208852751214668064 0.02588859345169508899276 0.07564225801803318993688
0.04968644921487862936571 0.01764047599514730058079 0.04828157775328176942731 0.03866738798697102325042 0.07561882233035348288563
-0.007499978678587146570245 -0.004107245780877863926273 -0.02473097190513005513846 0.04945483161865354970743 0.06123629943551513188371
0.01478039599911492966988 0.07100501631919256539938 0.09856810893713746635214 0.06729508891203682396931 -0.01945236877019970375691
0.003173009894752853912031 0.02286788112958626148496 0.06655632036632165571266 0.005989812699128820548677 0.02420050352577481425631
0.04509768716095421958734 0.07958395124495679096022 -0.002659693110901077250235 0.08128055185759085199404 -0.01120555548391586296597
0.04825411848443347112569 0.06297838913657442805327 -0.007390639985908370630796 0.06277375708858053127148 0.03608962558456253744144
0.03936141706559471292737 0.04561261160608662962312 0.06138507430610434800755 0.07170463525892938061457 0.04670402757929669607107
0.04919519969275507748074 0.02911360949436260503465 0.02662717551173703414702 0.01551004542169370607751 0.006297180640851760859145
0.0247206283434059752302 0.00392142234674952225304 0.0008301778769239447856171 0.0495146146243002419074 0.02411581926305801995558
0.0731002793199808653668 0.01136700927703109681444 -0.01739715909871860158309 -0.1249423489511664042695 0.04160340577832796066238
-0.009495832648993158750517 -0.04979833272516177855582 -0.07439104735064651363619 -0.002908204381656556355984 0.06636138838600090517073
-0.02663671827930845850685 -0.07951691938412162874439 0.09900591302855840658559 -0.02532051810968192692708 0.02959413550497280373519
-0.07925971141398717445536 0.08683757264309902024202 0.03685203258030427669878 -0.05329431584106920916089 0.04995445514342296278176
-0.01069032878069337347271 -0.003504549122863512364973 -0.02445867894952021698307 0.06143476367483321348706 0.03453305801606028346828
0.004074482494456311762465 -0.05559348276279404282851 -0.04575937446947926645624 0.05216249961647093091877 -0.01919882765150487252681
0.09822336075967921797947 0.0274481007587281354565 -0.06767326253152235182586 0.05831905471790153894229 0.04700530413532134910159
0.008041805660788492460256 0.07439175340854739526542 0.05167433474466063408892 -0.0006907491276667333552491 0.04791427784639930992361
0.008842910894019478940109 -0.01322104836961870803769 0.05550311779386109950485 0.02320803273606749511648 0.08406953054555738047426
0.07859874584328761792928 0.09615237914515217809708 0.07817949646472004132658 0.08619309454324501629241 0.03550527461617541263861
0.06147989800387948511329 0.10229790597965454646 -0.01624125668230378197188 0.04777146260124980753359 -0.01255619218250575777618
0.06779430502827055171622 0.07078695658314884675555 0.02288577365269090987954 0.07016767443591885589083 0.04307057018182228191883
0.02329806868559098492755 -0.0004461697252337742426731 -0.01057643410483822925261 0.0931231071548245387115 0.09970487594528369690305
-0.006071877371124211053566 0.02027325772888474361699 0.05818603453889916593544 0.0003261188665114123975443 0.04420574046107136889638
0.03901037065218533606004 -0.01222277770608717548106 0.007323106572681279367865 0.1366219934582933170919 -0.04174453297063791812338
0.08727553887680673805338 0.1120590485643607886468 0.06619251996541652971473 0.01067837334261829453086 -0.02641252920241153601122
-0.03300853989907959196159 0.02460795043766068196378 0.09456254733485225383305 -0.008146357885966994116789 0.2055036710405476751973
0.02968205861694134251039 0.04852747697522649672486 0.02930542911996373428574 0.06775227679710364714349 0.06617442477878435203031
0.02283884959721587878945 0.09992047854001524787027 -0.01606204677890494744719 0.03420879825745976737794 0.02472118063642705226846
0.07862563570139102786527 0.09423059857902832403553 0.01677670968125438005769 0.07417036795543335836456 0.1305570905002110815296
0.05417132164221386686487 0.005836575571375828691556 0.1052288308907108616008 0.08075281801846748153118 0.04226184153822227368424
0.07898327086555531617584 0.04481175798374721630513 0.07620356304119786650109 0.0135583481190153926077 0.08867182856685322522861
0.06593437210290992167572 0.004298544810443222577434 -0.003999070049640346055653 0.008053520113302466143512 0.06551632586683270309535
0.07969628951266298499956 0.03416650105825633221279 0.06933977621162688842471 -0.009950093443477150967347 -0.02235782712828079596412
0.01670143359597510424042 0.05296541242396462373376 0.06350237509824996351426 0.05796098689251435315262 0.1093235379167287885105
-0.04060475052751039148902 0.1333101210295986049914 0.1328768392973676548685 0.01500449722843529183625 0.05206392682336449806435
-0.01678654667984589426988 0.02659453548790877142061 -0.02615288710822274986789 0.1007490629180643471052 0.03528684381884190923717
0.02670495796565713550463 0.04306774464016525222343 0.01651984386893342801605 0.01159164059678512680163 0.04589332037258304214378
0.002808414970732851269342 0.02574599639823891075729 0.04970509523177508992564 0.02506505955679950298221 0.0155702355410032456523
0.05610528681543295453915 0.09364757120675785972974 0.04163806696133724033482 0.03222097905981913257278 0.0557799771911758890397
0.004988650303886863444924 0.07161111619619865698017 0.1145058554694119434814 0.0706412086576630182666 0.07571710243550458518946
0.0390331790669089656598 0.0791014979265848433565 0.1293835414821410678687 0.04751919419741510580701 0.019043582744631745024
0.03722889533889327945415 0.07875560293429208214011 0.03653741925004078822115 0.0361480185595179220881 0.05429668521491656796307
0.03502942635025498019363 0.004201577488358945039471 0.002749117804895367077334 0.05929886143434995315893 0.03132810657287241756785
0.1016817978350918194597 0.01403910744167071768251 0.111083641533936530732 -0.00246089491996787567904 0.0674624034541746464555
0.100901643810593771855 0.01526816948180576005711 -0.00595873245518190996356 0.06907150053052799054676 0.06301585183527358413613
0.01500223017063849299813 0.1058514220637458286278 0.09224921329891422328018 0.08328266264153660891623 0.001541825576075529649969
0.09196977264775962890297 0.02972354680812493155084 0.006997524939153788349488 0.07340720807559350524762 0.03339748489362909938949
0.0822887961810089552106 0.004289241055128011591291 -0.00557855527808061909395 0.06401826625072913612424 0.003666673983508621833399
0.07679714072807569680279 0.09305412771220245016224 0.08253682522604319227177 0.032899416415117475887 0.05149276545146411199205
0.001342266953214949843157 0.1300592525171743729651 0.007968834521214477120687 -0.004234044546226169505876 0.08135902267036450308257
0.09599942151751804375603 0.05778539112806619498786 0.01261315960894052873309 0.1151665125847354392841 0.0744632275573746116315
0.0491844835783692910236 -0.001224665289786979567241 -0.0218133295194361219449 0.07112125681313798131189 0.08602177869479671334929
0.03491112247797034662256 0.004644334289206009797057 0.05710625314120572337817 0.04934575926188899258618 0.1077521313036746003489
0.01378072507637978505457 0.05672428054330176661058 0.05563971978278538232932 0.06186051439189158701604 0.01522156968941063351353
0.05312787570331939379642 0.0145091354724637029705 0.07971638929920402127927 0.06748269272585195877046 0.09469596602013270747467
0.1110070124645118339046 -0.001128638189411803900014 0.01632196303453719438137 0.07631633984565214245954 0.04794167767270828689474
0.02714891983339874637071 0.05039098801111741021685 0.0583696706306111035012 0.05360152532576515499452 0.08545669867650770856748
0.04437032178580159469394 -0.00268086627888956992305 0.1101397787338904421528 0.08046671061510472788836 0.02218614848706071743245
0.009329920910005609288596 0.08326928140642968212415 0.03648711189113276048834 0.02927346576445555986767 0.03112930003238865636628
0.01889863144836255795522 -0.03615403366841419413591 0.03113996051283670490895 0.05525440773293948532041 0.05740085172997690110552
0.04102812359067710412663 -0.05218090882070421793193 0.06888259620784041581398 0.08425528281080654768864 0.1246641773115650803083
0.07767893894767034790316 0.009765061498602267339719 0.03591844220940693110933 0.01617176781682934036399 0.01036695611118170282094
0.07303718148702226242719 0.1213374142154723944742 0.06022409556182337087016 0.03656065777158230140076 0.01757345512884015900634
0.05088105387690336489648 0.02282871710547971014216 0.0346890411331366860237 0.02408873415221077923798 0.07225892869919237071485
0.051161124311034616996 0.07953427529234551041082 0.05238081167496748402623 0.07538760362442305240638 -0.0300585313594395678316
-0.01152730537895281862082 -0.02440838386935311604686 0.01356868311723603490182 -0.01665468646840007060916 0.04346033740570817011095
0.04802936850723601297508 0.007297772773791694027323 0.07774407665325903937781 0.04959100161910685866662 0.04806118867531717492314
0.01037120002230412785238 0.02581442008147454350575 0.06209319877699910616986 0.01588046779329103930234 0.01904779227820253828529
0.04068655227579514449543 0.07812456044613208527849 0.05040765655219505564366 0.05225733316285084695263 -0.018250829022268478391
0.1103178133133404237309 0.0003025280094561099276766 0.02582474568656114438658 -0.008614178923488020542254 0.0388490823023039874573
0.02272018436901965601771 0.001479958324146403046348 0.07731290999279845366221 0.0811875894754528482089 0.0558183914769912470355
0.03402312036784291976454 0.06334360085942654372548 0.02036489419204350059811 -0.01454283415628534331665 0.03294488459554772985527
0.03382192144210089540524 0.03558482574767136974447 -0.05133391702188635358217 -0.01145959990484524300414 0.09039223047924394016661
0.09465924542299709865123 -0.01706798970159310174788 0.09825898355797951788659 0.09152806249489510437289 0.009596155697648003912725
0.07578115714465169516778 -0.001163131143536461986968 0.05836958448881626737581 0.05593539338665594329303 -0.01846777655474803742086
0.04571067971152659170642 0.06102056504584352919496 0.05422407430088554969316 0.0630151811508096459935 0.0229871971416162855506
0.09232861225510886893364 0.106947689225191377993 0.07858089656128242062039 0.07200702523231360119293 0.04919257195298279428108
0.05396247472146490503642 0.0259319144412999379179 0.06403800035491408193522 0.0263664918144461621341 0.03950671257771169730955
0.07353750880884292462358 0.05787125366121381037088 0.08658805263239992278113 0.06316238760037458377372 0.07456989498644700509189
0.06690513133727231387393 0.06495668194140633011635 0.02976795786061121537602 -0.01850492654727191668695 -0.00872858579791496724809
0.04940229011109054102491 0.03121821645110551060598 0.02967141005133242664948 0.08200340011950853214007 0.03363708248710026160744
0.07946757711753757447148 0.1099103885405084551907 0.05631494592165166290787 -0.01281853396118693907968 -0.004762915688319979516663
0.05919205058672034891476 0.05100473273551086456079 0.08359960048154506384588 0.01541796244415426404839 0.0793088571446321360936
0.08325121687388438440625 0.0696475196084700709509 -0.00728388364433569125006 0.008798422313725972471188 -0.01525261508928810010033
0.1027709312040702011037 0.1139611906617180314694 0.05176215921480219195328 -0.0121449183985144794351 0.03814091202380345824174
0.04993536338506231186951 0.07922107040689256585164 0.02612785572604606892932 0.08366645008407014305618 0.03662105414783352330677
0.06441859692842180629135 0.08990017131469477118522 0.07865098287532860943383 -0.0106521933417535429045 0.06362706422778452441946
0.09604376908927611533606 0.08244727886240101055737 0.003737745518784392397688 0.02711523843824521426416 0.0563169210499554553917
0.05328423223211205955741 0.04087439889695266420633 0.1658469824759345456755 0.07558828032827435983165 0.1022592286737442068834
0.01242953283727782701207 0.05963657477677654361603 0.05438997475067722242592 0.009306868757247628576312 -0.01613606467995418528028
0.05471804575502222517391 0.01261584186920706486534 -0.02990850224518852920608 0.06053762175384724136817 0.07624776319433580751284
0.01691659768482235357001 0.05273918526131367995324 0.1004006273544953697918 0.03522365187545816594961 0.03830129800154871005935
0.0506281752434179360689 -0.02202622119239924791678 0.07625558079953145829144 0.03088115664063915966064 0.09013772404980099905991
0.04971546266976482192357 0.04785304621426384602545 -0.01226397486107041676084 -0.03220710137162235975339 0.09564423898647350652524
-0.03127559990048758842285 0.09162391178249665313338 0.03782810926194046796667 0.05796714499145840665539 0.009711557189680175214419
0.05439423128005003299501 0.07602319620515221587631 0.01475507053581282847221 -0.0188565864094823940067 0.03311627351307517425072
0.07577687486754129675415 0.005760602216386728063879 0.01407577071279140709659 0.05216822119696081644369 0.06671638843229571458338
0.03612655616755076903868 0.01476232808490041126248 -0.01131672576876773667065 0.01559925522547217849323 0.05943549906472839899907
0.08311287866440768279386 0.02104344888170711982966 0.01133297261137968491018 0.08740446133277862683642 -0.0008328614948316548794588
0.07609682178539282915164 0.04989390835218148606556 0.04251964895075788924972 0.02990265841999059301393 0.03504518364510501859943
0.02646818609621231360718 0.03042853085906388477255 0.05671936395658670748698 0.01882069867123996320668 0.02145445741423203031562
0.02818474002524272090109 0.05617429185217352738402 0.01853015108239178948546 0.1108519526046380931916 0.04750547446192681516619
0.0240473539023137138082 0.06036613563933526660499 0.1220703664019314460543 0.01231737437357596776089 0.05362211988938023893292
0.003745879549400297093414 0.05153121481330828757006 0.05427528342700062291559 0.03552423948981078827281 0.03202230187392274274316
-0.05904151146710772540827 0.09907864685257711245825 -0.01052665923307222889393 -0.002293226325958760622448 0.1002406893910691432215
-0.02609335131069461660713 0.07042489451903247155151 0.0003781748126400645082859 -0.01388606539791321058119 0.1072748837076262923285
0.0448325607053866245777 0.0556590569762287420974 0.05164420432898254170739 -0.03580308427234966950348 0.09525396644120952271972
0.04734216359960166653487 0.03705165253009387593686 0.07853301155350764228835 0.03338606821696366716568 0.001712896023850758384088
-0.04644281999908462382765 0.05725589378203659735034 -0.04244724841075291077441 0.01419805632344223016161 0.0168459468533959100256
0.01726809250900552747399 0.04271536453936358029848 0.04749559854721691065649 0.09870776952496890244149 0.009813096220032889796525
-0.006003818801141284564049 0.06103560746491967087257 -0.001102822124278194770158 -0.004831795069257471125779 0.05929845616446549616541
0.03967016272119331526946 0.0521703097332854581758 0.04988645083334557195354 0.0187550437370658830416 -0.04713392744144524748595
-0.002984563692195445466088 0.005316188446195456787646 0.04190164851076256385953 0.062817646023677800593 0.04942806204153751131747
0.003176943764508788521639 0.01502522540208696931463 0.02019944628858265714411 0.057693277073853632686 0.01169039050375887157929
0.04114569307608792469999 0.02404399016110480430397 0.09527937490161364486596 0.04896602950410459259567 -0.06065214819532614015651
0.1306980015474027423394 0.02143578972874020729944 -0.02551037824000785061984 0.02546966049904393278314 -0.02048801171187928510387
0.027269396012815916297 0.07199055373933313517476 0.002557922687579431125088 -0.001388054610942595018877 -0.02678423766829549426682
0.03472706832817949035297 0.07115550777797455261897 0.05352760621949319980173 0.03731755777827718695283 0.0368631725071202967503
0.03332977601512902149361 0.06368404799341359501241 0.04128323025070274043813 0.03926182280148961256661 -0.01678176665982537840716
0.03660411444091959259906 0.01455045026450416806307 0.03910148514579482592612 0.04692179404402258696694 0.05924935262398434154818
0.05941480494938033291019 0.01479915593282204490377 0.07739113306828841742924 0.08290260754214813510021 0.01579767934562687631272
0.02625238525885356666301 0.04110926366917386221012 0.0403977141501782183175 0.01308310818770562836133 0.04264705079587078478953
0.07534729735099759961869 0.03638060135847230591732 0.0260456208823777284056 0.03314832620684078634543 0.06288432650927838762911
0.09433865140079959743513 0.03977889661328463249967 0.02461985703675012224223 -0.03427435113529616467209 0.07923574017743850728124
0.05847265423883147433815 0.04995102135718669511544 0.01925338131919591966312 -0.01873290727758481974408 0.09527225105102014868219
0.006188732555049024711136 0.04524747406347671280225 0.03347559731205457245196 0.05575574117204251667346 0.001260633098334030957957
0.09695007142074955897026 0.02863066214132492515176 0.01106426636866351433108 0.03982955487098428781767 0.01243229236553772265594
0.01159826571531146106875 0.05660664183048469411119 0.03279034370830244404793 0.07975214658399119860288 0.08962275623865843809934
0.01670880591677689763763 0.03710842348262943790616 0.05136236775700621370877 0.009911041003410185970535 0.04324693677934499103088
-0.01300891219507594592786 0.08983975469723845530545 0.01899165164891331719632 -0.02671573013580982175474 0.02042964395664092353
0.01327289039933824896234 0.05217381075449414873368 -0.02027374635954110396185 0.05338605816033998446857 0.005903031572860258785473
0.09714530930722369006514 0.03589884728983432082838 0.08138632672801143774777 0.02771745474171715892253 0.01766916382050766343159
0.01138695468520117999589 0.01215095873021314852591 0.0141489155761189353 0.01154711101310764397032 0.07887242296961452514559
0.0791613513769900273287 0.03230679224297615392825 0.06319543230482785323154 0.01552524497928712415851 0.06048288350724015383086
0.05619477586206141073166 0.06873802628892186628029 0.01211427611974928708616 0.02224036276197768544072 0.05600143022386703389737
-0.02061167521800327112613 0.01319869048844794431896 0.00926533034978583441843 -0.0132511719181122519795 0.09085487390222218850866
0.06974609561635537746671 0.01574434970459896027117 0.04107773058167601964996 0.04439415119494288797242 -0.009980240383106773333077
0.0511837639447037390239 0.005533264383552077662898 0.01449949966813993650072 0.04061805214717815332159 0.01483263686388409594019
0.06169018457777405983755 0.04933517336575359013562 0.0352182633786631213435 0.01730096867128657137092 -0.01549883056451727310343
0.05283325118780397844365 0.02967104967450352043246 0.04453717318359530497052 0.09304365159208237423538 0.02654991748685822314235
0.058717736957276334131 0.0474762009672724319409 0.08028294813002076479869 -0.000740562175419250579185 0.04068491878673580891546
-0.06963206943609884236324 0.03783782880006165971754 0.04934920067840540408577 0.05102269067255281453921 -0.01291625910784541600429
0.005045412995485466615964 0.03531083203582806306908 -0.008395418580033840380561 0.05898174665765695129371 0.0376856637972295543948
0.01051280290025026660505 -0.004920724687425967296128 0.0549272920037215811595 0.06379197251728956075123 0.03614070769439968466852
0.03495976048081628900777 0.03838651655646219129636 0.05517930134877013087502 0.07755014182106982623122 0.02456455566736288551044
0.04174762496331437672259 0.05105817885334674316455 -0.0204421509084426744618 0.05649176486602362073919 0.03895975163737284280296
0.09105845585493370364372 0.02413070467414512101922 -0.02579395636213048514929 -0.03136966524434901121277 0.001094085304010384207193
0.02704294878395972420715 0.07918742696610182874029 0.01642907454673255690514 0.07989715309166887935444 0.0492847938845923025375
-0.01371377959821518457972 0.02291093109128006233277 -0.003558141108621938174944 0.02210362739731033809853 -0.005827136127232420033384
0.04070552521794069955607 -0.02630992273910171333484 0.007206355193268058900724 0.05845626514545295554504 0.05897841507712874020708
0.03017295304818737311514 0.05828642731392173065297 0.00082307509337536976287 0.06514706729541178131804 0.01914659649640379837643
0.09547414503959343601291 0.08153225126051659443771 -0.003427432242805596163127 -0.02210665890415413822878 0.0307941507908920109049
