0.06489998743302838324354 0.04634115801221418834421 0.08172765287514661969315 0.04992232184399175015654 0.08283261743929254405927
0.09391466100924328319621 0.05437106994834903228586 0.06518361226779838257794 0.07363250746149883896319 0.07901612097506574561301
0.08221911475254652101885 0.08821240593012907860171 0.05666389478474699592514 0.09579704841965634709577 0.0557362959825723966456
0.05271951956548088374932 0.06178322572636710946492 0.02797286364853109053019 0.0436956780532056013322 0.06535576019500075051205
0.02538248471422387825269 0.06420178915339339043022 0.03872903694956642689506 0.04052892593232187978813 0.05204060597174421654021
0.05301942159509870355905 0.06467859873349519894692 0.06872527909170803028793 0.0363799935887284889291 0.05107759805218822779516
0.05020481489049197915131 0.05363844347601893353117 0.03152282985213741145492 0.02056820832855683553464 0.06788419327515918255678
0.06161404739066431851535 0.04892473481002909685422 0.02495959193979392296003 0.06194948626140877462332 0.05277262845911590699588
0.04319937009109241915494 0.06483231685623155882148 0.02527217311557855908277 0.06958629471173990999056 0.03856755567653657318372
0.05664637795808530329467 0.01575199564291396986393 0.04689383366739126313139 0.0560906733214651190278 0.03207530389206223603304
0.06938156221525108857673 0.04755349232426035743782 0.03460139287023445558988 0.02964184445436026521525 0.06598887265164249393834
0.03893941244445150301479 0.04216817967330881156141 0.05959986701809562303911 0.05538034710246161201885 0.02501353133363764733033
0.03998451556631424375077 0.03375253006761234908506 0.02857163803708530347425 0.0413471625026260586333 0.06086079279908637035268
0.07000569707438142330602 0.02820357372524444350415 0.05020946114667541870791 0.03800387807108035476134 0.01939348599208533599492
0.04305389230463644439917 0.0332842488339767303418 0.05276045669256277520498 0.05184105134082974547516 0.05406197167780620038702
0.05712651301423006533486 0.02575802387063720957916 0.03881620674530545517245 0.030656033831140391821 0.05936509103194784198188
0.03594999126047131871031 0.0488959131823909279313 0.05941842349788865190741 0.0871494879930460597528 0.06564026079351031883746
0.04224115885766721589789 0.04224721031645217034223 0.05002430109034935318268 0.03576469470894477753475 0.01366062647854090691957
0.04256566102326380524046 0.04800161267154778171884 0.02492045593176629714183 0.06030113242299839360072 0.04212856734284644438793
0.03011284592536856916101 0.03846539400058310298469 0.0279337156607147446552 0.05874922402881827682153 0.02622762936008436393531
0.06914609628933300611298 0.04257031924320717197752 0.03480824413239668596587 0.05395982104444460580872 0.03202389026549350148354
0.02686307366964460485725 0.02105461353429816107052 0.02654812303483291072159 0.03547127364004921956653 0.04464509342732756597139
0.03703833185004620776049 0.03577694305127494117658 0.04732343905415087315092 0.02575432943670740576492 0.07262339620102856163619
0.02264090507280276665103 0.05267125067550341294131 0.0477140402311437977767 0.02919682477657741664911 0.03543150076620088517743
0.04418758412183824285657 0.01295974670094052205727 0.03186946815601313792721 0.04741409794494594320824 0.03496051263104173884022
0.0523822247548113226201 0.03891726897011303643037 0.04619597324835055668357 0.02923884653890664389597 0.05179959986164078822313
0.04371643224762707113928 0.05411934233131775184855 0.0341004652761115120696 0.01339650096012584903904 0.04887716847189763763604
0.03710556404140458175434 0.04992449261073444305437 0.02411574930288706841708 0.01932146205218776210955 0.05601916044041987952085
0.02323578320889454693066 0.01714343954154036453463 0.01672468809686833424166 0.06805890283408359830997 0.02639451020998022021113
0.02526556178109657865849 0.02304457632902357638871 0.02884808572154837907897 0.05758358861946715617774 0.03313699891892560311923
0.05738009066761568660597 0.03565256397538341809339 0.01985748041144019121473 0.0522994386252838491802 0.03613267511722188102263
0.05286177419402606630916 0.03827379387260400334103 0.02708425584418806125742 0.02498586945399427355907 0.02639629714291323592246
0.05459989936527433890268 0.040649204531209945368 0.01708363034181452355664 0.03360809499807387162873 0.009002687064971971048211
0.03226806536785076923168 0.02703598548645670326951 0.0320302090301649022841 0.04111426395948369894029 0.05434333695169902417321
0.05035443186341614918433 0.04616962112094728093448 0.02799466719537115760863 0.02988902562355558525931 0.05480702250448454826426
0.02429625123486774465609 0.05907664173901584075965 0.03737804683518170661971 0.01875610542315569659322 0.02526716487503870636755
0.03883984119355037012422 0.01026599816266823145261 0.0459796776441682986114 0.02253381657621164949057 0.03845524493791710463064
0.01329508006603433677151 0.04224229950843338271538 0.01673307111852537915064 0.03626392147035865931581 0.03663073502673208636793
0.03100150719298304033411 0.04829408822893586916702 0.01665292518444697750235 0.05085472524165846053279 0.0215502605107105831006
0.03544803914949498646614 0.03239928185408470079354 0.02435641263137390544191 0.02184028240802500173134 0.03943934222849045795334
0.04534753076521817749533 0.03886061122559735653281 0.03402119973438785804909 0.03015933189330237060299 0.05300800890365817835681
0.05406815814990863916512 0.031521923995835136878 0.03815549473285462928063 0.0469959874630706611609 0.02432784868170948314181
0.03037417282322365033598 0.04613357126160450710772 0.04183867752800842637617 0.03147336975285592447493 0.04172687589342533726056
0.03616631345514160350563 0.01469151115040510414966 0.06280611665781150876331 0.03866213513609269986082 0.02793848521381944380315
0.02007880420286666661722 0.02999520910346613333797 0.01900151966704388337148 0.02589827950449611823625 0.03414820349524499282223
0.0129379102114328837364 0.03162927642775621717153 0.03104981056148667720174 0.057666783493483884937 0.02623326990337792805064
0.03595985193567188820118 0.04177503449554346992567 0.05319172475305945085866 0.02641259567990726642162 0.03888434811270336660671
0.0175784488481281926664 0.02922557366692858649149 0.01195651140896884789822 0.0327629958730951409418 0.04290865416437333879074
0.003738265007579595101961 0.02905955894256696120381 0.02526406759465584309088 0.04336304818867416782657 0.03417445893829559183663
0.06070113934330906291237 0.01121702926572448570652 0.02650044148445487857124 0.04489729579117219399054 0.04790939948100050860269
0.04717742784308343734212 0.05436040025110710355305 0.01846819214374729317685 0.02451725306335069201613 0.004751012226642052985182
0.07376694643470395329476 0.01425490494701502595942 0.0514727891401053488929 0.04067411235647400147286 0.01081103877936391392811
0.0348788556080915426727 0.01977539077850197848929 0.03524244868534853747377 0.02727928841234452533859 0.0316111195339019782069
0.0582311350857879772569 0.05248663783402861271465 0.01759246489428967219482 0.03149808315666000058108 0.05758674532774225862664
0.01906909754359499206688 0.022648667848300295391 0.05198940930111822789073 0.03903834519309905964901 0.04366824284017126883706
0.03048782279113230672674 0.01485806716334492003084 0.01941427932096078182167 0.04872135244203652099104 0.03309032955947094345461
0.04701063578292472705522 0.05244726469718929279251 0.04700855660446976586053 0.02187428445889412834124 0.01513539131592940220616
0.0410465568295570321089 0.0325240491851040425253 0.02956030125775955738621 0.03721422099414346817969 0.01969205090920635517482
0.0409790004858947565225 0.01948153188141917360743 0.02795860868769128176892 0.03237491132398626764166 0.02811844327896399417521
0.007029647074522376963557 0.01643545941424228579164 0.03305040965890250481696 0.03192255603312152412165 0.05436367104702904268221
0.05624568970364016845531 0.04911931786929748383619 0.03073996032916849821537 0.02387473153929384889205 0.03899076920135880613971
0.03538745608143638310406 0.04197906409493278034883 0.04458684936174200225123 0.0305417501500012851523 0.04141770003069272787499
0.03485117763834539444945 0.03361756336321328197947 0.03971033798403880710204 0.03039668261565379309141 0.02006730206035181249269
0.0184834495712217564134 0.04904633872774962627394 0.02754660935222713949444 0.0327761092557272079584 0.02988702245147899574929
0.01666974380369587796502 0.04382993902915365697082 0.03210001352486226144922 0.01354473023854630212015 0.03521743779248476258203
0.035651742366578753618 0.04599381454980148997702 0.03476775663707991348428 0.03206825254617571424598 0.05750135094607854158166
0.03131149672602827338519 0.01532275568601355192344 0.03998186263263343864782 0.0404843535262073145331 0.0199080671449954095531
0.04156741921042447079904 0.03902463410955085698628 0.04732867428755863081768 0.04977138316382938298954 0.05066588631357329258753
0.04051049219204142654016 0.03815972489180148585763 0.008214050499694685453234 0.0198114167230495005767 0.0332928948074574238003
0.03806813155724466518626 0.03508886704991953653376 0.02920126995844911713118 0.02757890702402927135539 0.0255486335124576746658
0.02521276291018825430057 0.02090417748358848124002 0.03173682360488891407435 0.01914107915030726497774 0.0434116964662633678107
0.08171051328650243139595 0.02869181596958175761714 0.02412620990959487080052 0.01160059742780402899931 0.03902571639516660972902
0.02389723413862902823279 0.02914156269447522318305 0.04079916297990878598645 0.05426909462939794037695 0.04355093342124340821675
0.0406361283851663368516 0.01505212714987964536806 0.02355704058018575491884 0.04595098362390036966785 0.02884105731557275176247
0.04916055737062868108422 0.0321287300677218501388 0.04593204688815916841849 0.04575048037426725222598 0.04039480063036943874311
0.04820957266789343415025 0.0258039969074820053907 0.04154576413188745820371 0.02325736338313561316071 0.03952264175341848456702
0.02115716634064424700457 0.03815591426221992543688 0.03330951778648848921049 0.0324606971555270740204 0.04878063192305937684212
0.007856220926077312621816 0.03384300253533570335129 0.03704306511368601895207 0.02791846619108123705999 0.02994047417753055786993
0.0456291444750382899076 0.03385226257592488519066 0.04414150190964549053119 0.02990809252240688581592 0.02667439573249741693872
0.02477563301869779854858 0.06759407530376758399537 0.02845130248323887375839 0.0290657954246004157639 0.03095308226701629084054
0.03162041089953696038073 0.03032929831298537479145 0.02986695411607270811416 0.03775751658069360916503 0.04264515786030117355798
0.02721003811580469111675 0.06301914698314504958976 0.01678151389284097960708 0.04119046857068721367856 0.03716915130995562116523
0.05956854008308228726198 0.04699521813411671605776 0.04939598755624045878232 0.0282696028251327585723 0.03465946049267297490726
0.04959572951947112395832 0.035165078714770883761 0.01656269813900450305066 0.04516432383413346296486 0.04137421197388183730093
0.01772616480202550068301 0.0497262324339143232943 0.02179554877794913358979 0.04068119760831463704864 0.0466700245292359788829
0.03391125681405048053474 0.03117344212882392634478 0.04242015832995962854035 0.04290584641651280783936 0.02620472468310308319928
0.02677242932122591081989 0.02110559728920655131468 0.03180420363168067615645 0.018388407574403548006 0.04915930148072629457534
0.04288735825594247597081 0.03519124203191696664828 0.02893479706385251523648 0.02450594946156723491493 0.04279637925399496639622
0.03573641393520029380104 0.02762356349352648385298 0.03162482048982157012418 0.0420496704640767673955 0.0376335873667611800486
0.04864401535777947149786 0.02118646630363072574932 0.03654927004895566072795 0.01984459961886533146957 0.04784859125635437110402
0.03563999257472923176682 0.03202670117906698810106 0.02182246299379610177116 0.0322147785036019512761 0.0218810103958773892463
0.01974702434817735344219 0.05568915060200610445129 0.03237941131394882210426 0.02507439680229597844807 0.03843991097963731645715
0.01261736020617809823918 0.01671875264134714544895 0.06205601883668298429653 0.04037351417462842900763 0.03431672076363482398742
0.0332107991298331642338 0.05525878008777593275447 0.01993243903598385796672 0.02521823081756452075708 0.02791060295763747589604
0.02651275766360424585022 0.01448918784050414257369 0.03547288938379316441951 0.03346725010851786530353 0.06403273279181941057825
0.03685980235147202910273 0.02936635780517001664824 0.02416360062567701749714 0.04531164995734474759681 0.04046070996882186049382
0.04083088737523381944738 0.03076060583888809082942 0.0555944148389516112907 0.04587413030173639189035 0.04260903758521296380568
0.009734112397470190067295 0.03090272371738778459105 0.04378000287361320103097 0.04710641778697639142637 0.03212633379597543137329
0.02243936858883732732295 0.02273176021663778426096 0.02959642391274052916628 0.03917794439381962201541 0.05413462973263331867724
0.01799429203557376816258 0.05424921363012356889666 0.02712107362476884331315 0.02529824153722047552773 0.01510845534817390790894
0.03707648520187309393314 0.02627728019701937312025 0.04397398955437675782676 0.01770901707800315652563 0.02647357198116083096262
0.01062560496703634713156 0.04334764814841497726494 0.02675716957411354915419 0.03606561257985266971682 0.02310126157884849137925
0.01437082935314459158915 0.02169467691903710637735 0.01864949700485563424679 0.04317508519775313524658 0.01897554942979770911671
0.0237483993726941011726 0.01988499346999947695047 0.05891371835988971211728 0.04457954626983493678916 0.03684286026262798691144
0.02846319817814663491462 0.04704937345800802583895 0.01770024662303914392281 0.02997037918515565654842 0.02671188666991264684669
0.02529154257866798871657 0.03100687750089331506942 0.03667497040104452515896 0.04526755806154598299473 0.06375910117625167849997
0.0225981634872997501351 0.02455742423753460787483 0.03240275189773646202784 0.04809668312121304079021 0.02458005912666251513432
0.03589924373003916535652 0.03481670641899620166626 0.01574259338369067909302 0.02402664852196659261985 0.03327005217583926810487
0.01842165262129888056442 0.02973467473162642524254 0.03542367974305571376448 0.0329244029837381171899 0.03042935541813623911978
0.01366533584469754522561 0.04297725071976377098082 0.03504459435993676624799 0.0544990965697751128527 0.01480142130681601046749
0.01570181200401787532939 0.03825688386844586230673 0.04726997173163385856931 0.03650970830762723107199 0.03796760051282346837276
0.02485251202650727922472 0.03731736283298766471139 0.04257555998780652301017 0.02119014261147151786946 0.03227142425039549594734
0.04879451089973507738051 0.04154367172800121910115 0.01365444541380150984822 0.05441960208355820644011 0.01687708683911786147758
0.02989862752097045828226 0.04501567624575864706715 0.03350107070615727239415 0.02958518126383966745374 0.04076956088989040771775
0.02928751014032423063971 0.02225427581809836380389 0.03618090910650976349539 0.02025891795201961720352 0.01559237304396846567067
0.01377758931885391877059 0.01935083399005915749669 0.03548347234513539449896 0.03923447653695181364109 0.04066531992581710192036
0.02812174591215663155275 0.03902754324683007508545 0.02061730067337496502544 0.03043667089041359949397 0.0475202659396161894434
0.00506513485695994376129 0.02252473954413903786675 0.03308852285308708923717 0.02214419699644582656406 0.04087394003896312189017
0.02200270859245888679934 0.04156942501570768527808 0.03761319414870446797838 0.04764113430877370963801 0.04184136686590842618694
0.01515754323212617146743 0.03967115147837745742221 0.02660346502464032772406 0.02480352889845669275837 0.01970850871418331276552
0.03901423353832711438116 0.02291154044132857892091 0.04165824800491124690893 0.01349480273426943537085 0.02103672557413590119002
0.02905954949782143387216 0.02718789425292939682111 0.04438940201404547453157 0.02809722141227368602534 0.04475751294669676194626
0.04024706560675174460417 0.04068330477546475143491 0.0333111912558704120757 0.01977171483450494704481 0.03487380496588804446034
0.05772973807883111097006 0.03218888117617148963978 0.01049946800407099492536 0.03566050989598643083944 0.02763852063836724423651
0.02935381918176197327264 0.03211357060238611421665 0.02800961956586266524138 0.0423026101196411555283 0.02695679324444903365854
0.02153210824376262585989 0.0279796495131872310913 0.01195988122081307475364 0.0195992775875720448564 0.04891773679256672391347
0.03514674415908219939908 0.02578141654592970219428 0.0328834711109464994383 0.04099888790060624704781 0.03336099963458526856952
0.01494480213061603716962 0.0313020326255433328777 0.02031724763222822124908 0.02765615070045019177614 0.04282031207604802824918
0.0139281632920168398776 0.009449985631141185477011 0.04440804223705985959159 0.05484080494629181568023 0.03365369769367741736854
0.01589010872087422490684 0.01334310438977723278775 0.02996049519890956261414 0.05660408898106453201571 0.03306191507018418213049
0.02038625050491330720215 0.0212171143103359674531 0.05632654622607709271609 0.04685387408310441592629 0.02795801215738609457606
0.04094603485629598471629 0.03621779261272630584534 0.03768774987770173723334 0.02173179884957516030952 0.0470726693828170464351
0.0327562638495459274024 0.02412582133182923985193 0.03074656921599594472383 0.01479054676712850124876 0.02951666456657047257761
0.04659811599147144905997 0.02212931424360359972114 0.03442448776000422983046 0.02184780179940388686322 0.02054143863570789471651
0.03843606913914393574672 0.02877023645825002237664 0.03147037206962997185622 0.03400962494617266324015 0.01835373489580018405154
0.02989564223943908319314 0.02302463915521059736879 0.039448865127618047699 0.01595985043224671176554 0.01711800660920372030294
0.04460397545389149787098 0.04587105559908793289692 0.04272234569940303733349 0.01330872313148307936603 0.03265142714822642094896
0.0315132098836242297013 0.02597350450920630354767 0.0421273420408339871468 0.04264956368577702688905 0.03731127926731616500922
0.05029448314311413259503 0.03335169136208703671853 0.0341003633083006643667 0.007824916309182521068077 0.0296406808723650612436
0.03268801161144196248953 0.0256071086419621569974 0.032047271800504754935 0.02262665282125198018548 0.02869861707025190764031
0.03586245763420877613603 0.02539635000097626577054 0.02666553371411994541318 0.01546248097420819568593 0.004848096605556961001537
0.02527611508167036669104 0.02835700349582623985834 0.04282927087127326448712 0.01833325330658140683848 0.04141896977903860438408
0.04667490157180605170328 0.03719427317476464711632 0.03312650914331460860751 0.01754161062662181261307
