NaN NaN NaN NaN NaN
NaN NaN NaN NaN 2.554300935518936555013
2.332408781003686648603 2.013637516688874029569 2.105030363661836823042 2.167642065144875562765 1.841039149979170508331
2.03109231366304809896 2.106260200049559827562 2.152353942258530938858 2.166595010194243275947 2.198174215890078553315
2.038197087448106348262 1.968828913656456958137 2.686484308501816187231 1.991354474522678774662 2.16680465168137637022
2.583136008809665540298 2.412664014181147287275 2.210153092170458410948 2.233871409665223684016 2.484197547130039041008
2.092518813903747609828 2.546822560569390159202 2.160396407409882257866 1.860391650865371726553 2.063022865768465496927
2.263937450811535523343 2.291952201990969495426 2.088861407298838734903 2.132887497293348921801 2.287091768205059771901
2.14589346518010914977 1.998268105029577190734 2.207062177659408597208 2.310369488678818417071 2.277998956671650088168
2.133961056628582042549 1.921865905056850287735 1.974697938511748240842 1.858084391155538916962 1.845802576720448229253
2.428895706445085345138 2.205031962691791580511 1.954555755505664738081 2.847587601883039720718 2.385199354848690056485
2.027107183000474321943 2.727122914116338669999 2.252243009546066598858 2.485083989502403500893 2.350164244270200430975
2.252562112064945942791 2.330464248296983509334 2.20924650706321790139 2.167181991653702510803 2.33308118656214036335
2.338978441342471903397 NaN NaN NaN NaN
NaN NaN NaN NaN NaN
NaN 2.76611114924349443811 2.587886114044505969645 2.261777069883199597911 2.270778861427585226807
2.461379916977101789399 2.37553991880292603156 2.358432638453047403004 2.317180520221820305693 2.495710940802534860694
2.521434318651890382768 2.376729681187113030205 2.505291572580940595572 2.41582165752608579723 2.351765336675510020825
2.456941020279406640014 2.428041794228402494582 2.525464394033053672217 2.483644726832490157165 2.454397657566763868431
2.555700963575428641406 2.575145461702662785797 2.792240054505923829709 2.814530436463283713522 2.8744120494124101306
2.926172915265189633516 2.953412915494920909509 2.953718831720414161879 2.902134068446169390398 2.941888468156427460798
2.941654928127963142259 3.118468248920821750403 2.915483097595846118111 2.851771720439631785382 2.691509351531469640406
2.705868954880545018682 2.674212483414197816245 2.821070345694407954795 2.896812328029858996103 2.928113712876844410005
2.991616744494902668805 2.947544045908635723663 2.929014606295638589728 2.867408475773859155566 3.241572733363196512357
3.286115282949057192496 3.194830467359574655006 3.132934797923187186797 3.214687422052880272361 3.195507264212434250794
3.192023097335247250328 3.09231412803866678729 3.128594993342615815379 3.073442567903236000149 2.984429487264162350613
3.025344107016427308565 NaN NaN NaN NaN
NaN NaN NaN NaN NaN
NaN 2.222150503565523127492 1.9642473157071218548 2.120481617910511484837 2.057355651587391864865
1.927003896934228022175 2.224011184106850169684 2.051403381003833015228 1.891819064533000638306 2.414756508818882707601
2.531338245083377014311 2.069393484548640582688 1.904141226003432496583 2.240752371732893433176 1.998221428368628815875
2.186991345672718356496 2.372409218219242443837 2.161661149333805820305 2.561749732734818874036 2.07535641887019739471
2.237047580026723991864 2.098065080688229500083 1.695558387646624032286 1.962879134167222483498 2.34321186271189629835
2.179202024620324085191 2.110153831561523141147 2.324480779080569714523 2.208993680374497170504 2.370010590136411021689
2.519438423198706367145 2.341604109614371598269 2.41239732739345624779 2.22771821539564207626 2.435328865158147948478
2.264176580864603938181 2.071400428560876694206 2.18230854468617074815 2.406567979470524587526 2.188560455495113465929
1.938368690938247151934 2.330713749829258496504 2.276795487789772920451 2.670190185536273741462 2.305553355524917247266
2.49004908480176023744 2.208134673817191639955 2.191426157084918724394 2.598019252872514339714 2.153644586498991042589
2.152186450372928661068 2.245906220743726144917 2.430751071106916683107 2.396991245865923492175 2.287883009956152235986
1.936688939005121623538 2.44190378210401481951 2.360664401586834326707 NaN NaN
NaN NaN NaN NaN NaN
NaN NaN NaN 1.938556013383237353054 1.76424425844849430689
2.571040462993074537934 2.061523772181061975317 1.897672543252790999802 2.47203669919855961723 2.010583614929234208546
1.96234454982263994971 2.445623705368681122252 2.453653538018677693344 2.470075324129638261184 2.301888544540044545528
2.397901685128969173633 2.445729624443485406005 2.733264409869671229814 2.610738760058489926763 3.068609784955887320734
2.167580289712890184717 2.382844479840183993247 2.806144058518594164298 2.329949239444546904565 2.743879697804997963573
2.676819717755953842442 2.186733443635450413467 2.407996732056857602799 2.300061697834203222612 2.396451412338487685361
2.215663929317347236037 2.431269943766347640945 2.526535903514120384727 2.437734171386634063339 2.3377112730799809448
2.574650517457607978855 2.320841131887442898574 1.955580223949382911997 2.484952799951628321651 2.146096199083240119165
2.706536139660681961061 2.113968833659988000306 2.503151250315232889676 2.240964615202027054863 2.439878048452417402814
2.434624360559612732402 1.638606980875577656676 2.271694184291244145157 2.307817644658982647599 2.195785997864229788235
2.419290249620306365586 2.541595617734337952953 2.360915292819849575778 2.400840140427247693111 2.518835614301531133918
2.461745563282468296507 2.440031543342622732951 NaN NaN NaN
NaN NaN NaN NaN NaN
NaN NaN 1.858397568591013016004 1.540848326363274178874 1.503936448997918340353
1.765659054035088271206 1.54399188054034675055 1.556033372466988806693 1.571911788076681526505 1.525232714821178614528
1.666619864592087774113 1.704449444862416562785 1.685329272604225936405 1.894111026044003720514 2.187145769486932511683
2.242351032467996940767 2.300289477095463386291 2.20276072671480172005 2.162685158464673573775 1.925764983110187733573
2.271723164662950100734 2.053094277593803251847 2.404310391649622680177 2.359779758808641769718 2.122715855864038658751
1.998260998672664046083 1.789412308239526794296 2.265127503107989603848 2.449498062857299540696 1.824422413644453344617
2.204029043552280242579 2.243015343180978948823 2.496496232344040500095 1.959260006018749722401 2.081080824273506379996
2.192079233710797492307 2.188128232447378973546 2.370829765447419301694 2.287363335839631695023 2.547268674685089440146
2.203182330859679183277 2.329488930333782015225 2.081613752016943319489 2.283218760246322087681 2.300843980944050404247
1.87252367264165076044 2.062983144479476838029 1.929304049354186201271 1.925978273416351971292 1.793278432506358432974
2.036566310777868427095 2.0195099442061188455 2.02846986551667018972 2.366097939365237934339 2.380648952524910377804
2.119159468834877380061 2.503126547839473747814 2.443691957212196452787 2.243661601873343069968 NaN
NaN NaN NaN NaN NaN
NaN NaN NaN NaN 2.156108659698178886543
1.873795070514748140056 1.969972513245835665785 2.211633147496190776593 1.958205988076638703888 1.845217769209373193107
2.490022527394710749604 2.609616033013490099535 2.083383757875477471089 1.925782585745787756082 2.430068757498385689786
2.224850564806268859996 2.272763811386179000351 2.491610326664052799117 2.34622699522925115545 2.260555027087690849186
2.442032049891594169821 2.252793691944811715899 2.182221029899254371998 2.104692206808997489986 2.475348903484651863494
2.283591392266509867426 1.615818587447958698533 2.391511870340773615595 2.352952071021354285563 1.959125620311592097522
2.233854351360406109706 2.073323925035454706745 2.229325014425404205554 2.317152649452752566361 2.368619730990272564952
2.158983522844143188024 2.587217908359938256524 2.531566688319390578954 2.441665888507641657412 2.394884907134118723349
2.360054538563101100834 2.133651777584302244861 1.917623002686603461697 2.209925019229656673048 2.396703319498599604742
1.705228365953469271687 2.180157203312572011811 2.47370509605394861552 2.423510198596912967872 2.393713035579404291298
2.303810632155571358481 2.322680567115968042202 2.404017549998923364285 2.435071650057899717012 2.207875474154292305684
2.168815268867900325489 2.412003364725523457679 2.491909643482929315184 2.15218263648375618402 2.204968140335251014506
1.95043062782666365429 NaN NaN NaN NaN
NaN NaN NaN NaN NaN
NaN 2.397989173929771844485 1.972515713164634254539 2.063879888560260500441 2.038937019878526157868
2.117518651495822190611 2.212195856963236284543 2.040962407621271790248 2.373590217148380254741 2.239028876630967168637
2.108159271222769692855 2.204394041482999444526 2.098044420592080072652 2.109481531399699072438 2.276085780215630904877
2.566046809339457723809 1.940029363760051417387 1.978081957838951909778 2.412794095694186236045 2.530472973480077047981
2.082427593759027306675 2.342573379471076577829 2.313470973245650430528 1.975187866901392697017 1.957403439983637083444
2.044292232953620391811 1.971346991848951457627 2.415919193258735830909 2.133108196620066010496 1.91829605603884201237
2.31566298303825046645 1.816874164165562355322 2.356966678281894989055 1.891931498151985691081 1.955788723290851960357
2.017367953097118249417 2.27327047862420172919 2.128292193349817118531 2.284048809232753107779 2.267586866248858523676
2.340799491862717296442 2.458941744464222090016 2.354321410503838141182 2.33884345205471921858 2.210004759446660305144
2.313145153886961846723 2.242284922148003900588 2.44202305672258646041 2.33310566646726114115 2.459384274599855313426
2.298448391701310100643 2.178604922018253287064 2.069032072924303911066 2.142989775903923366229 2.366236925007023206291
2.266330162568455541816 2.005420240759384853391 2.372278964473066853458 NaN NaN
NaN NaN NaN NaN NaN
NaN NaN NaN 2.529775273281824166105 2.071739461191877129664
2.317557358188367722107 2.028555445622228337044 1.914689174036984686822 2.067829175984324141524 2.148629578194930278556
2.490430094227700230647 2.658555879349067563311 2.428863072483792073797 2.412935319305233416998 2.036139505042354524988
2.098348206367689705587 1.796025789441698217175 1.880217513537597362472 2.08638386671096665026 1.976368599964068328845
2.328195869834857045788 2.029430243491137098033 2.443078591280919642514 2.150373002693576118816 2.222213236230101696123
2.595700127500834675232 2.532475924807077838352 1.987364693622172495679 2.774338382778151590458 2.390775159760012869015
2.267904447286722913191 1.963240790855788509006 1.953059465025127394711 2.372205133999199411221 2.128421475004006691023
2.238784432269360635814 2.14827903764737149217 2.34369155280886509729 2.546127356400639474288 2.310908103422411041805
2.352960252056826018219 2.479414319677289757493 2.272323770748896798466 2.368684868032185697473 2.135298960310594296175
2.371344535220691440713 2.424152603944074169107 2.511764661045507551762 2.849530498926010846361 2.585082890517360620919
2.85641366576568911384 2.317642544165998685912 2.455090721000694031773 2.497920945115533530867 2.423978265201844006782
1.924817180920707526681 NaN NaN NaN NaN
NaN NaN NaN NaN NaN
NaN 2.622563689001937703438 2.321066482686620524589 2.008730301364586523505 2.065063128313320284235
2.383588829821287280453 1.815796912610148750034 1.5744559797592292405 2.280013600029167974981 2.17989954823717546617
2.440487015846807050679 2.476783711700152768032 1.906187714034044633493 2.224569929316853045265 1.966197386452072315421
2.166991384505566831109 2.203134961435396554918 1.963335365000683285785 2.165690632282597505309 2.247132220488705645067
2.194109390295702954887 2.137225467204530104937 2.12500460203645058499 2.114826685521799198852 2.409656659950426327299
2.291670373157319584578 2.402243417728579188974 2.534705142750004469576 2.456406081350212211589 2.219634477489492052626
2.147973828678295671324 2.215644313165881840177 2.227772021205048247339 2.329186201917033294251 2.574770631736722048544
2.15674148376954155637 1.974327564808643575844 2.28624971991814174288 2.147217116020902594187 2.182724886960453858364
2.187574852500850930426 1.982379234260227773845 2.38318424981370124982 2.744536409669727561322 2.336390289259749231121
2.1741344556576249758 2.365264179475827344135 1.915454438734113251641 1.840342763767253142504 2.299393076465542584685
2.195445520637619107873 2.147225074395314514675 2.365099305122246420297 2.249244276623761251699 2.800555891085102278026
2.982345629778420548206 2.213737404362354777021 2.465694040053612923202 NaN NaN
NaN NaN NaN NaN NaN
NaN NaN NaN 1.918929077437986130406 1.87483781305157060082
1.935057665482426525472 1.918417277651669028415 1.723364881970849138426 2.33786437719205064667 1.966361111388531313082
1.732450936894594839544 1.756288371255620095468 2.256783353104231171216 1.876402362386349054191 2.484488215211428929763
2.360334441475203437477 2.418463809714096690584 2.53026292492714510729 2.29183958242718777143 2.176746153558820839891
2.210254912752293243727 1.811541951790111459886 2.579392337558635173167 2.387985041905468008849 1.937020269760588941921
1.934872705195118225419 2.2892154494786995933 1.785936583175584901895 2.137649800096947050321 2.540131810618769581112
2.496620004747863941219 2.599320333554953954547 2.627351442252061630711 2.523519249310295808897 2.147883419075389710429
2.180274635955069317816 2.028397080268100616252 2.266809037455721043131 2.203905118443400201755 2.240810589698964960803
2.353583198242250151822 2.488872937061776813295 2.455512630346004421256 2.034840365838615827698 2.060495912126844686441
2.23943309371206744629 2.327703140539005399745 2.431677290075860753404 2.60993306349156783952 2.41232627947784106226
2.193305597135705387046 1.953715034524704741159 2.137076619436798274876 2.162031794473610268881 2.126179396744698912869
2.457449982146888256551 2.207955774553407746197 2.403103718917579012526 2.420372836453795084566 2.320691002539928327053
NaN NaN NaN NaN NaN
NaN NaN NaN NaN NaN
1.940241111492763126378 1.858725179524375326068 2.151953330489836613282 2.498622401304567031133 2.109176717478695728403
2.213327989869375400644 2.357971861586626083351 2.107315368582368009243 2.114746655051745971576 2.148835714806827557055
2.018789637668698677686 2.178096904765964403339 2.526866330400465265882 1.963466296334061000906 1.844663826327669786664
2.028697671146649561535 2.27604532726001629328 2.495556018567619105397 2.153014794860578895452 2.290333879674409267579
2.282544181812386163699 2.064355093904072901978 2.290775253380034737205 2.112325384465823407965 2.598752717800783873514
2.523631363449793774123 2.294220335823582423984 2.571765481296929056754 2.846696141870626028947 2.396984580631684735863
2.415780038093688908418 2.142276866359604348133 2.781549650727094924463 2.133646673907022339733 2.150676691716050026315
2.015148186136045627137 2.220460048780379391786 2.760154010368160992783 2.215412076643606287263 2.532879326072006165305
2.55874076337270262016 2.293935129636538228226 2.699758122059564335871 2.537948601338666954064 2.527395173748310686079
2.638633755547709736078 2.216347540554051587236 2.308077469542623383347 2.295477331824216093992 2.297894705308305862701
2.393917160217338579997 2.447859178541409441721 2.13225085461540020404 2.423969730802284949789 2.423531618503358853189
NaN NaN NaN NaN NaN
NaN NaN NaN NaN NaN
2.225525889559436532039 2.278091062074496075951 2.310350343122871130674 2.248275137691839731247 2.402228603035005516375
2.398745689059290420175 2.477937847982477403974 2.485051389433349022795 2.466120418527022906119 2.471167052548311371396
2.519490470267496728951 2.591212315760813567067 2.700585934823547695771 2.695467648626594492356 2.729830286278887019336
2.854811726218096978869 2.710006791918328605817 2.742380393387995773935 2.76589969381436162621 2.714696833608167381158
2.749181391852394629183 2.840485167926114939974 2.956921221583645120745 2.843570747033943746374 2.921566270658470187982
2.89955826621545931232 3.217278718423789651837 3.280421912646143578485 2.731288028447319327086 2.837887963849990757836
3.019097245011397756542 3.362579540585125759122 3.376508287669590657742 3.381609635048020923165 3.196191799756588736159
3.295627296895583757674 3.204918533943986069801 3.352255558186844730528 3.32999863316452682227 3.439360455637518576566
3.01760057221776056835 NaN NaN NaN NaN
NaN NaN NaN NaN NaN
NaN NaN NaN NaN NaN
NaN
