0.120193025869154632157 0.2490927058688706952072 0.4402832526427815640346 0.3974402061798460450426 0.2899881950865266788675
0.4116206467421961168185 0.1431767728868921507601 0.3335270429236123490568 0.3254687807332489191126 0.327658989455298421678
0.3794536735510837255347 0.140268585124818684351 0.3101917431967584626307 0.2315492928121619109483 0.3162588931895893851198
0.330792486252974637928 0.2552664143753032299777 0.3721056107887709685222 0.341708243503237307781 0.2774171059937578509569
-0.04512720033728605251166 0.1410993942414364432647 0.2038247937146378807594 0.3530408250181721885319 0.3366788285380308831662
0.3991467572266814145543 0.2219251150391182980659 0.3700323512862101482668 0.3203391512244564975909 0.2439410381189194565454
0.2810706437444945859916 0.275524294907880995531 0.3034645216623204078132 0.4057011102299112881298 0.3238978329249383447674
0.1921190665786080276067 0.3777296959620815020031 0.2609516455811485835525 0.363926613667431009258 0.3105322330148675979977
0.3648844843552042638279 0.3756851691999311682046 0.2138944865285055951798 0.1709656879554137531851 0.3296396712590639044294
0.3600943108786082702544 0.35685521875477227427 0.2942332516749324167193 0.2763838267662609982089 0.2400362550122832339117
0.309561396549214884466 0.3792853099882261269649 0.4365339717341791270222 0.4020331822143113909007 0.3183963662341657285815
0.4715090835286530057679 0.3783366492891950816357 0.4030895214446542085263 0.3876410358013193668825 0.281040144441253303409
0.345618221807284242697 0.3004526467443691672976 0.3387453483855559777105 0.3526477688815502498088 0.3905165560225977716691
0.3828860866326075362842 0.4009792924505700129068 0.3579836103706728889229 0.3688478281304916062133 0.3132320935816277907016
0.4050344279621519993917 0.3875092614424903714188 0.4133989329717200345016 0.3286879589420282354872 0.3693293357682123079222
0.3965108210873018457221 0.4052787895941840079495 0.3139465297667750620647 0.3786457108809266336458 0.406639082149492347984
0.3493994876474332822447 0.3918911779735568257088 0.343160326439685692268 0.4336205404571780719358 0.3694445448720193314607
0.3728303542960686445262 0.3560849067513657262296 0.3524188443388550640023 0.2895390312881370165066 0.1457287684491994916858
0.4368398214927743938851 0.3515731265987917519844 0.4046889778420725281016 0.3659655203222245134498 0.286049675147234783168
0.3216550175598650862518 0.3534448885547364360704 0.3233167522027403095741 0.3606966066082119004577 0.3865522695437352829195
0.3811222499002380748045 0.3570169484593410658135 0.424258027927113035016 0.3679834669175245376316 0.2787448727830169059594
0.3712666378723019078301 0.4146634658785134375236 0.3966377426199392264294 0.4251615328092337997568 0.4084991459257696355678
0.341405914521418940577 0.3810945908027754680525 0.4077660950649955040603 0.3036220633429539406123 0.3919530086205939012345
0.4159635862466651290426 0.3910906902749760050142 0.4045052087219674352703 0.389152691070169587384 0.3745167598075545556391
0.3808781092212894514581 0.4241148498191287807835 0.3858889863091920502391 0.4163410464756139295339 0.3544166333056129047918
0.4001950591023001324587 0.410315124402868602882 0.4111302536685869091215 0.4390465554617291044082 0.4066868408623222075349
0.3864199494251440158976 0.400711972008017836 0.4019541226382211118739 0.3720363334068226279783 0.3859341345786096999504
0.4073926322007184741558 0.4551336773975840355178 0.3941976125627786320393 0.3829502809809139929342 0.422404330056092069956
0.3954149641272888260346 0.4121386754990740697302 0.4042012872354326380453 0.4195946319929874657184 0.41487879919080844493
0.3921333115660417534265 0.3791508570822929025113 0.4236199332935902117647 0.3980870208163381773758 0.4410956044770615314121
0.3280909054892007237214 0.4187987733107092491736 0.4190196410286008421586 0.3938636841755724926628 0.4244719315261992753641
0.4253438014829253877025 0.3829614598712721695861 0.3854092785661925590901 0.3900281849737519124233 0.3884548902083984622813
0.3881918600261023422071 0.4101239658991394088083 0.449994322460495532745 0.4208117980942776559239 0.3757072192171593272292
0.4182080255241634736407 0.4371955179092057441892 0.4399364666917120469947 0.4158871793309741882183 0.4027884399722038155645
0.413244457417892285811 0.3782691932126837075501 0.368482427021098513098 0.3980782060330812499593 0.3874854962110207412529
0.3462152275506431009511 0.3992107090208395492326 0.4153684303746460471096 0.4500387741047617851109 0.3750350758664424133393
0.4056521849985544325712 0.4078555388323013564111 0.3857124132622630208189 0.3705383846033250550001 0.4075429604111324710658
0.4308560772674938088578 0.4167805967625439200752 0.4566724634960735995648 0.4271604394560664097469 0.3842361600960545464645
0.4622096690572667920804 0.4090387000342937673381 0.4230963348219028974384 0.3970206490458572656799 0.4245108986286634245033
0.4431112290620075611081 0.4243465420423254141902 0.4102817826691499969449 0.4104576503495456218928 0.4665756761978721578465
0.4478360964850814918137 0.4261819381340926637947 0.4495320675840411839275 0.4427593347667390100142 0.4315861811044745532939
0.4254101717052528042196 0.4426861762982231551788 0.4649168370022033758282 0.4535939887780019441621 0.4499294781104862805954
0.3956570133842035041916 0.4079752254057333882287 0.4432268447134321553982 0.3650647632936830366823 0.3880290390587852189519
0.4455037187753694283288 0.4539321444910813241336 0.4160611922632008186085 0.4269470991935632175895 0.435120816800588450235
0.4120420530975202333401 0.3911492492166359080663 0.412221591839779466504 0.4417213315438120457834 0.3586268326833674247034
0.4447735193180509805089 0.4303997131048596935798 0.4441523506779282426393 0.3872068261753140450132 0.4883129946685654809713
0.4544991835126109269716 0.4042136665622566571443 0.4167380196106463263739 0.4392347720206350447647 0.4174651824764294971715
0.4550498588899090646187 0.4398730377726839946284 0.4493241723896820860595 0.4288339891024398609076 0.4132226075097825690463
0.4272077011702827276096 0.4628141037790100553728 0.4463044781698376484158 0.4102420352337902698103 0.4430662376983173778022
0.4822981853078101011079 0.450237987499101099953 0.3879488239369978108684 0.3881384079199234338198 0.4046691498405978748565
0.4601138656549151884079 0.4460127012516301170386 0.4603674816596245444877 0.4611421752966101683668 0.4206993076132003461787
0.4246692313463176216004 0.4014133674614330793418 0.4555019506408232166095 0.4327528124216955540682 0.4342249476146518016861
0.4329448668890448770341 0.4575823427693838651997 0.3981313337254892559258 0.4274515763587298788906 0.4597940620608909623179
0.4313385634673665425254 0.4085763040851362881689 0.4586289744543727842085 0.4202799652022952137109 0.3953375176225444875833
0.4921727869016028211746 0.4682612245282323226725 0.4202920402625578422118 0.4279850808394032868343 0.4063315341931630908512
0.399930155187667835115 0.4104254630008976056921 0.4304036324461157914101 0.4167698913076685052204 0.4482009980680879968062
0.4370548203737983361528 0.4398580324222287618596 0.4137068073926509215177 0.478691697480584377189 0.429909237960910184384
0.4248794828706893844661 0.4361787861679671252091 0.4159626062765588994097 0.4490356958300559253594 0.4268799074064256737771
0.4441531758703077814587 0.4542597847364847063467 0.4170733484352355802116 0.4390228290813108502633 0.4399350334491676228765
0.4632519703300918556543 0.4384882913605532839263 0.4702203609670672079801 0.4054509609330045893927 0.4627410045828793117018
0.4386018727147912299458 0.4417709443740963637381 0.4526283011895778085609 0.4263124012858634515055 0.4064311313747114851047
0.3895630918546971188654 0.4279873509021827060472 0.3585259055085697199594 0.4632982656013301947517 0.4457984276302434101247
0.4386767005405621810965 0.4572210151482932749545 0.4159894012866904300374 0.4279580921055065045877 0.4418756035945458626735
0.4555790547578566496156 0.3812290223976918523974 0.4651866700010915955943 0.4548250320360122112007 0.4309240834551832932675
0.438677345130046469901 0.4700285635044489929157 0.4523934277580990426237 0.4654955942916241262708 0.4675771360589365266414
0.4497288507816953329055 0.4442361380393748948592 0.4312340124842805044736 0.4390766692161352513502 0.4602316885635568399771
0.4470134790028507110193 0.4452114471275447349363 0.4865663320295225413581 0.4562929435354408647108 0.4830457318605719807536
0.4259176672779562133897 0.4524392758980029238813 0.4763001167817086378697 0.4570979678756671993334 0.4885378461209929357167
0.466048228193148672549 0.4504817872338124362663 0.4685768359611874878112 0.4750997529002696784239 0.4212048247532991784858
0.426157479365081526268 0.4680857999630589350026 0.4156611992916919295915 0.4561777373784495215325 0.4656531504686933220505
0.4376098305357529749671 0.4081725592026197446671 0.4513767799927877466537 0.4748605118890202869686 0.4480202601935359130181
0.4444616568981589188603 0.4335671804805786289094 0.44095757833290388783 0.4419615709230809708075 0.4532098193563495192038
0.4340555528223370429508 0.4326854738867833560789 0.4217582332619566609644 0.4448748717577862832329 0.470004335315284849095
0.4724877247280653835837 0.4115172581223046632815 0.436371042782583151709 0.4494055638461272317308 0.4615391520001190239775
0.470779082182870955986 0.4582554433515395597709 0.4972456980095119050134 0.4450278874275519491732 0.4424322287725843683148
0.4675128242183932414378 0.4526764988532889222306 0.4395643491941413349977 0.4363076305736358073695 0.4868789710440917795076
0.4651931826349077203631 0.4206426360718696355612 0.4066661377447183256528 0.4687640379460397688227 0.4137005256648120243845
0.4612867704094690268768 0.4714226347019355722878 0.4515631117518715820225 0.4386462425433229617155 0.4788217070548307363609
0.4595513625159490245231 0.4695435577346923627928 0.4476402858055785194402 0.4669911478651490588376 0.448483191303095496405
0.4598686162324929216361 0.4337940778432236577089 0.4638834674215702724709 0.4727745094595722230579 0.4530521659437076187338
0.4720790861941744909203 0.4842361280065834439057 0.4635453316510656507354 0.4367021424071148016921 0.4750172135908618531452
0.430932050451539316871 0.4549724465105600690329 0.4696397949280185502019 0.4775800389725995409584 0.4563800947622018711058
0.4413286360814697717458 0.4942875426318335541076 0.4522436640441907518273 0.4563163710829494790211 0.4817823765081216125239
0.4290545841683879313422 0.4617830188235301780431 0.4714324619153238415947 0.465598760953291390674 0.4253942050032443744634
0.4351001785955905254433 0.4990828002760265280635 0.4719973372264771316331 0.4734591194384447088161 0.4938163292575700191733
0.4532477198641862159434 0.4629595004738042418602 0.4687419912196725824138 0.4619400815972928842079 0.4475240454167949688546
0.4212284004388043290312 0.4704274880967049266012 0.4734075425060710884395 0.4462955116548172895818 0.4680179580198752242737
0.4627703948548478884994 0.463447462046430058713 0.4978091113427747238518 0.472241843613957101855 0.480640018050163264629
0.484381856252850184763 0.4672578288272551949589 0.49020854670047470103 0.4749165144028540397336 0.4437682362721827034058
0.4461744299535642110932 0.4676882485251779297819 0.4724236101351368399826 0.4475996605579100617867 0.4366539828803493450415
0.4676668496563604615623 0.4824083028943413897771 0.458640733738021832977 0.4726153578184379422389 0.4699511404155340965616
0.4192704332487418028563 0.5031307387823379384528 0.4596104125486333846773 0.487320961932033336339 0.471750666260341011693
0.4441765757511534351565 0.4830234289134178182756 0.4488193489848010808707 0.4754380750287076629057 0.4297889649192655481258
0.4294845914203527792452 0.4804439553376368965409 0.4474439364002036900736 0.4847957150726280861619 0.4368968928634286985613
0.4511440005531478503187 0.4533775336332259153771 0.415628075571056410098 0.4365410020188941753183 0.4663154364309447519332
0.4653713957968760861483 0.47489712992971466754 0.4816497630660263040703 0.4859563613274791027408 0.4640091404020591503432
0.4900999788154032366094 0.4393448506338422099304 0.4478270063967704217589 0.4620460410750579782757 0.4498134411074299898736
0.4770026586119548994702 0.4324908394417327772707 0.4489429879985133431397 0.4797248829995045538155 0.4497603345022051501978
0.4895976046186805707983 0.4715674175827261338512 0.4589512267500933662134 0.4436218305993422372779 0.4817703283312458895082
0.4818984824520076704069 0.4467943506311583545809 0.4664509991998821436532 0.4602715128628805940636 0.4246532807510152718322
0.4768215543503970255124 0.4715931387562786181178 0.4797276016891277583554 0.4513299214098129841233 0.4843754544690979102484
0.4616932477670459555874 0.4627193176704366694985 0.4656098232092864552811 0.4289889716383114559584 0.4604939693852362903037
0.4732812306094346666008 0.4858091469409789309175 0.4571413100191243916726 0.4478229562100062288721 0.4576363758917945112614
0.4811792230509824852547 0.4546240091572339991899 0.5013222021410331796787 0.4506370230226945938767 0.504967127046462627149
0.4535025445627803852844 0.4613346172129362265935 0.4935297628308167317002 0.4774672460667726547889 0.4675673432975331889061
0.4632749561364367107963 0.4728951112642795218122 0.441960821737248654717 0.4518133075339313964314 0.4414329610723294883279
0.5053717140917683980916 0.472332973767804531473 0.4894009800699439804994 0.4787926141227087373231 0.4922718653148113743256
0.5094623965334009740857 0.4661670992944363378641 0.436824792642384884811 0.4700077225850895490389 0.4282452615982244026327
0.4758246337686540816669 0.4564232224227821599349 0.4595337138936259058219 0.4371599661412785553516 0.4504592529647266641035
0.4868342679828703278844 0.4443967204548424643207 0.4484168075093481475868 0.4412586757536031134563 0.4272310777854615437832
0.4524577588183880116901 0.4485018225783209966373 0.4594816325726726602419 0.4820135383189340649857 0.4481165216349309865507
0.4698633685862775299924 0.4498329027845271443908 0.4581726642637295454641 0.4605754293327865012131 0.4478655888500395754193
0.4750481756142065359327 0.4780038340557450915469 0.46466180959264702377 0.4458449040579601230228 0.4913587017285980240722
0.4896238501114141827841 0.4533236842184221182528 0.4948021572825478386903 0.4811079840542945573745 0.4682987794140289206091
0.4706066067752983084205 0.4265439881540209476896 0.4563851070746064442218 0.4797604922956346662488 0.4817630245396071209107
0.443368584017581612855 0.4700081225346308677615 0.5104548192062408062952 0.4640867476976812677769 0.4464185295482576143478
0.445682703675815972133 0.4564263499827805325992 0.4587955917371135394767 0.4791087445934606448006 0.4743032022278341752752
0.4608150503946558673718 0.4755038433649564910688 0.4587256536355748814948 0.4407925097700310934634 0.467765338586850043523
0.4787297900899318836565 0.4700335177382328200046 0.4460389789324700204887 0.4487460146836622087996 0.4209436536493306735274
0.4770992814016898897478 0.4248893156485771815944 0.4647515521333561716588 0.4059620803154233015242 0.449616081950482304741
0.4676315809310223614581 0.4489635864655863728423 0.4884780238185666978445 0.4851714581069974663308 0.4967994471579051940502
0.5262449253653559422261 0.5081292577628245821231 0.494456861563772998025 0.4677002745810343586896 0.4440185981224087918839
0.4568081963672100398455 0.4929339478342750213713 0.4845215204975809597521 0.4775365000778087343214 0.4711844999411740619877
0.4804995410185112225676 0.483624187477468270302 0.4765804657681183553741 0.4432631049639152442943 0.4743935847666777005927
0.4648119621677624935252 0.4551827631338194457555 0.4765525585187813661925 0.4761467880859010515238 0.456386666286950792859
0.4546086467900593008906 0.4842267202758526178918 0.4690856952766692122836 0.472971188182878199413 0.4650335227824184958223
0.46974598374329251671 0.4308057067304026377386 0.4823433810109019059809 0.4497461118949505620712 0.4915779629469885225745
0.4363476278310899902912 0.5006561765667434382721 0.4467540607087809312326 0.4850348186346167267402 0.4607236945429107888295
0.4614288738386764787691 0.4850098511260756972696 0.4944248743686446845302 0.4687241398794186331145 0.4827730362226413940441
0.4759715948717849198779 0.4574815251937516258351 0.4659117835633254101069 0.4601134350290165819786 0.4982354547220873008939
0.4623097229076248981805 0.4430291393501160635005 0.2322590288984806572437 0.2083391896879263349707 0.1555168173702106693135
0.128511278902476128172 -0.2108618080971658703682 0.01961376232597153435044 0.2903846835195550424302 0.1986624017864294933222
0.1364025322283318741867 0.3269740702153424716236 -0.03039793206794060703713 0.2662776317535878178866 0.3245490473359057270741
0.1514572310743912408881 0.2723857028194772711416 0.3726824252661039560408 0.350175997833757357558 0.3563083541405321907902
0.3447359759847319349291 0.2870168695644349510232 0.2767678173210191272524 0.3400672007927646456338 0.39282836766458228972
0.3445011935189979945804 0.3259382497532581357547 0.3152585810702929203231 0.3507293261804955153416 0.3819014388968889339715
0.2820758385121639455484 0.2822936530262022958304 0.2937042244767054666177 0.279561244179073298266 0.2978780777973846771722
0.2934232745413276610691 0.3897265398430235228133 0.3898453554627110961839 0.1482047634193328911056 0.2716194497288384468447
0.3289804915853332678566 0.3763204540773572026602 0.2740478156381783714224 0.4472746561979488721938 0.3269983366490760712253
0.4076354917171087777206 0.3719233425622637256858 0.2094865723242778920987 0.3125952414839288651116 0.3979608610918285993563
0.3151403913243331356142 0.2971806728918347517698 0.3741692984396112753309 0.297357263993011156078 0.3211872973128508945706
0.3698023095938474114064 0.3919002528020180675661 0.4243618847654543890791 0.2894965460145923485946 0.2822864441911203114977
0.3538320890588034228763 0.3236918385658732466581 0.3531707619689247179551 0.3437347971561416914987 0.385593675902101140629
0.3097101731919870148957 0.346446498514912271105 0.3460450848250963273856 0.4068482190393465924849 0.27005244937271249972
0.3486998247577830500887 0.4407301827372823721518 0.3261544608954942137125 0.3448763081575755284902 0.3770309480834586057796
0.350745266759443341531 0.3254571290224515522915 0.3853381723974536599009 0.4180915388469866322829 0.3921690540967422977658
0.3703023959994871106005 0.3949868088904752716495 0.3686645959365761893167 0.284672853699678762851 0.3529759823609280311452
0.2498214247730008719106 0.3582799914527546314424 0.4382164317913241347036 0.2949819960495365656072 0.353920342963182532614
0.3698101244388675157282 0.3695888325589971601381 0.2901380904959542372801 0.4073452816568869927494 0.3924966879886458426263
0.3799988611265815996454 0.3814507016430414565455 0.3759059977901459403959 0.3909300647465855371721 0.3848173126282423694988
0.4136971160375099709761 0.345239074300099590964 0.4315931197837253319172 0.3418859986851407462005 0.4137759057620215008555
0.4355644246733242908043 0.3496446119323425305581 0.327371352773446644413 0.3954350812327733777352 0.4420034970236356164364
0.3161872339376118334897 0.4293059709740200680095 0.3600875123690966961298 0.3732509077018305587714 0.385214617399194270142
0.4001580990992353314972 0.4164441358258170189366 0.4122735100967528931726 0.4190520020811925872017 0.4392142415658070730977
0.3863025850037447583851 0.4250995463608027713498 0.3240434620612686611452 0.3541866899475787922036 0.408702327377942931097
0.3687028284353348062119 0.4073106775400240908702 0.3659155406088602235926 0.3964338461062850149652 0.4245656476352956953946
0.4350525373324565236999 0.3824237627865121891269 0.4049071533727158778149 0.3869608036182936028347 0.4548441297845831621238
0.3891193084489469322662 0.4153808912521903540238 0.4114986739630261958212 0.3539465505265084743769 0.4325361586587921913782
0.380194566725821636588 0.3923755837448308914084 0.390906411351956584177 0.4234095542979686710439 0.438914199178160990833
0.4519115032687377464526 0.3520785827187408179029 0.405711954946339270478 0.3827907961150641691361 0.4522602218296327136748
0.3680132590158099459288 0.4466404686681594848885 0.4261259857839809761515 0.3966414472950355873948 0.3806085627503778545666
0.4144293769982603237167 0.4234677960579866784485 0.3863405363519927804283 0.4001970602129534815283 0.3971904262770729054921
0.401343135108514992293 0.3940186345958718305837 0.3253143665325273214961 0.4366676724464906289569 0.3736807374877245679912
0.4262905072362105918238 0.488593444749556127249 0.4545374590204478426614 0.454588789851469887715 0.4212584786914631007626
0.3688507551426118413751 0.4143197312258246611805 0.3892527521784652777548 0.4338896091404910171363 0.4196438978909901584835
0.4482252302174732361273 0.4133698427665104535578 0.4256371121455116979249 0.3481891519129439727109 0.417946229788098644331
0.4168623919567010505105 0.4372944632399777264986 0.4199005816226529796964 0.4059697782229194085168 0.4090427165704571543792
0.4117388743105012127721 0.3920364025468953683706 0.3555967397523697171025 0.4278910557668664793596 0.437641349407801694138
0.4521754878893407547658 0.4076065794035585443389 0.4241108631294575603832 0.422410461769290590528 0.4225635639562111411927
0.4052128538445516348077 0.4128462532202358814537 0.4012074631100508437243 0.4010918545891993258756 0.4291247879047248026119
0.4316113361351470723015 0.3859480776856988315515 0.4759824890710321332321 0.4301306141514870118314 0.4560239170302753386466
0.3966206061641017188713 0.4125348379833014278439 0.4025354119892922688528 0.4016241982709199409562 0.4357815687912580671082
0.4206563835407336471306 0.456399961045132362969 0.3983729707599157343623 0.4334128628462580179459 0.4399357080547549037064
0.4558283387234338124294 0.4375866653799949657078 0.4328210933740193055996 0.4386121332665562921882 0.4339828118017887703672
0.4824736121283463852194 0.4456834067753363548547 0.4137870227878761575369 0.3990230607959510678029 0.4476045854984872507387
0.4482757258603172201283 0.4324712618232082195213 0.4089322036482302413773 0.4451576333540172569769 0.4348247641212323877369
0.443825011213740128202 0.4422935495165161712272 0.4431978764302346163184 0.4602917309812555313187 0.4566665478058161697916
0.4382993307380896319536 0.4583678622932674251444 0.4016406281848477477503 0.4155499507732153818829 0.4402811069012244060694
0.4391837477183901383704 0.3947019054840662510841 0.4084818324724885929555 0.4537344562970955785808 0.4468955211374460723128
0.4028112500237632787048 0.4153160363133196475438 0.4132749096459473192589 0.4398352183303921858482 0.4213943620090508379583
0.4400848081976840298069 0.3950027336322906590382 0.4640670482823019971086 0.4548489732759131154438 0.4518805306935215204689
0.4327647047715975081594 0.4732541454161398597478 0.3459591142679147579564 0.4473357715921139621251 0.4180251361269797794051
0.4570405061667843771289 0.4367768568154225539146 0.4686280310012128080821 0.4770612102723450487218 0.4521379330733023005351
0.4406646324525285152163 0.4483592407021053105609 0.4553927410568898159759 0.4271296613081264070821 0.4097645305612917510096
0.505208567538130925989 0.4553526716914133576353 0.444375533396157373911 0.4118901282878337233306 0.4284662940687036791765
0.4008437738693650942423 0.4296407867918912160121 0.4711683091475441509388 0.4363996978054622277732 0.4480212184858963220258
0.4465853034903587981397 0.4915472990054054469589 0.4310573874102839320166 0.4619343361578464035588 0.45797019503576191779
0.429255657732879269961 0.4590290824462628926916 0.4596608871391708595056 0.4317452329482204254063 0.4558300105005456681617
0.3927994759301225435877 0.443010761327931656961 0.4855087320173734344309 0.4610033047637670522434 0.4384620856104678998655
0.4536076810443397389072 0.4144479524924084001825 0.4376864814453846896924 0.4373330914468316343857 0.4279042476784982174109
0.4749812671771365679696 0.3862505407826029024676 0.461313211244779530773 0.4135844701276786827826 0.47114355668384388931
0.4351249182458655218042 0.4489275130963146231977 0.4029181642057216850006 0.4615712213750074455199 0.43743253267006920737
0.4521774820816513162924 0.439359417833791843222 0.4245001227732574378138 0.4435702347969692205254 0.4391854380518928624433
0.4559057426914190358502 0.409456071624993311886 0.4289818500794957412126 0.4440062993715055417177 0.4808530588550709028439
0.4996443434459199028908 0.419960529775166235833 0.4676830092308055797368 0.4259643771569840975388 0.4576650814827410429508
0.4611689591073434013602 0.4588671142454902596164 0.4297054746323333285218 0.4518712039984250083968 0.4589187049477181923329
0.4881159472901471785278 0.4642056896662022924538 0.4639081327080976091537 0.399924668221941781443 0.4593926318345719073122
0.4234772743876831224696 0.3987055406181435057711 0.4542081463047590306203 0.4300582112909177023852 0.416254164699781936676
0.4733279532141571599446 0.4692681831149376203705 0.463732565421375142467 0.4230079218857249467867 0.4934694727770910227527
0.3648097129129844740092 0.469371494849816828232 0.4417064352482609757011 0.4721666667871303180171 0.4921926545553080845075
0.4417886024323381399803 0.4385240598534765332772 0.4661736646259817540283 0.4451424837606952622515 0.4346151132788069193502
0.4315984128489501747694 0.4419417074103207943025 0.462591357780787693077 0.4291623281897400388196 0.4274258147169113231101
0.4519910241845267462324 0.4666277222885530373553 0.4653956398293007667988 0.400125775572045871975 0.4519837883327355587681
0.4307112906743356117722 0.4554086140126256676552 0.4811859511082439699869 0.4521820551669705201547 0.4150841772482649627563
0.4433062412235097005109 0.4282406926890658382945 0.4368601684089726266969 0.4824238925845376613211 0.4421296702181234383744
0.4425223888123955839902 0.4447822257194015138637 0.4615092056829461220069 0.4728747474455594623777 0.4368894389201652961319
0.4604330084242707066267 0.4621076554575101469347 0.4820930833628244704947 0.4279476738545052172391 0.426448444539802906661
0.4376807911454664856699 0.4684400581214198666657 0.475555152400258362988 0.4458202984431547388766 0.4915016998075793508427
0.4507359727581387587314 0.4921205207092689271065 0.4627847564397385426993 0.4465258179075368705213 0.4740301181233552707539
0.4235007730686276561372 0.4619954191781393548766 0.47263055190370667491 0.4503362749070289883235 0.5033556771394952500387
0.4250168345631833433096 0.4631590838045648861332 0.4435081625529150861631 0.4615796921476274516927 0.484329849408165757918
0.4174534505511367510344 0.4891329280129849133019 0.4498035136917353793429 0.4557908778186057219273 0.468381996678908341103
0.4392740552812632870427 0.4431212916933071621628 0.4638078000086056640328 0.4369913309818842517274 0.4800272351217381161526
0.4403315032619620206233 0.4361667852432637992877 0.4343985849737424520534 0.5173220572151623342094 0.4544214881185884014059
0.4635200673752918332227 0.4455646687223224766683 0.4553776971309789201037 0.4375669853077300830435 0.4504052066791615072106
0.3821126818196499685953 0.4471593432206864004996 0.45228175486179067466 0.4397914779849578237325 0.4355253131530935628568
0.4723106858054331169683 0.4696462522180613330391 0.4805753548667516250603 0.4337475841488069305818 0.4404588353511703080478
0.4695371516848081405726 0.5089787663252833826988 0.4672897935025603355363 0.4390436328200445492698 0.4609864467482147620814
0.4583859626497359673891 0.4625039664760074997751 0.4658117252126058316364 0.4502867818796311705221 0.4669384278615822392311
0.4661527829610370154967 0.4554803767836004269043 0.4827799305719387978897 0.4457567570997792438803 0.4482713088359480124723
0.4501367171651737830729 0.4747103803097918461873 0.4681302412831002124349 0.4428037277326974385794 0.4579467278846945377246
0.4562804835235014788708 0.4760926972280898894496 0.4522084181870851260499 0.4250332719161943884068 0.4906502018188802494159
0.4729265206219193107273 0.4759986198674681090459 0.4998158659912386725388 0.4614183554271894527332 0.399343139610396413719
0.468356879168208062314 0.4953059295515803706067 0.4657551190755011560896 0.4855646285572416953613 0.4480487157428203470744
0.4512350548065093280847 0.430720230686846228263 0.4712811585862861640805 0.4610056460192586413882 0.43963148236285803927
0.4755482124006062960575 0.4860406266711647105261 0.4849667836684691257787 0.4741875703618511073145 0.4321131968025000436029
0.4614089450442138140573 0.4430998550908828992334 0.4890595385240515402536 0.4789106932431972385444 0.4501167516326373685409
0.4322004309934891486122 0.4362654831724613324617 0.4874319298594223526244 0.5019838061046326682657 0.4482440377150367361025
0.4110579124838209530424 0.4534345727867972186687 0.4795533535456191764901 0.4591876252880739417428 0.4718117006348174213848
0.4780814572478264690147 0.4334913895892424373635 0.478351611330680881462 0.4881848381288857452454 0.4987785633565607334994
0.4935269559264807148757 0.4632183573119381669869 0.4850941120873089040799 0.4727785969113548758536 0.4782564698879983033919
0.4625073750558938434629 0.478115769035634519124 0.476085921911863496625 0.4837866462438246695221 0.4849449800284351685953
0.4736966036774462596171 0.4183198564681576692159 0.449685494748635783413 0.4587095953405965764738 0.4880306187118904071021
0.5086127867850048778209 0.4864913382292805898999 0.4558890025779980259557 0.4461863329826539215084 0.4776609448510893418671
0.4374988184527197065954 0.4717105888078815256748 0.4942704675403680747436 0.4808438848647369479039 0.4599493364472070910942
0.4755093377282409994322 0.4683233064471768458681 0.4772667201797596847612 0.5064414312880001212136 0.4504884648735764107741
0.4415932644353252611857 0.4840838532018733042506 0.4650647955179328385533 0.4778940938180470943131 0.4716060879907420511081
0.4518924820634665495689 0.4639510087786561931544 0.4833648744897721671876 0.4616270879484231093315 0.461680940310281173744
0.4564802301745252144372 0.488977040044383082229 0.4967170548219244086141 0.4478072858128197553107 0.4635432586614331995634
0.4744104767026033342425 0.4589335548691118038533 0.4921821338524038913498 0.4581737949130609832693 0.4339767199965519073324
0.4746935594483787101971 0.4150867154166285044603 0.4682074804733721840044 0.47720698751983398056 0.4927370866514348413112
0.4421051897841958844282 0.4733400218760391853223 0.4527923704937877880106 0.4831282303015906887111 0.4470189697433838982299
0.4635179884790293636243 0.4672663218416726604865 0.4509767432549522947483 0.4740768869026610876638 0.4768135727215906949361
0.437134841217059588736 0.4459330321467063207308 0.4561029277777257084914 0.4772158311196217361783 0.4540000645366756293342
0.494168874100661181803 0.4570857326811694765212 0.4586082234579025862509 0.4574610502730100392021 0.4397859943909749325108
0.4598675313242742701547 0.485768228587361405868 0.4776037604211245124475 0.4640309999907322735524 0.4706287801823451077965
0.4508446617448982340903 0.4676545663867021640492 0.4614307092010448418939 0.4903767518173063888476 0.4861749798855817816801
0.4626956053863279239025 0.4468630524334555875754 0.451466118470261135176 0.4640345700275054219297 0.4482699476708960628635
0.4841299402185467726234 0.448195921588595280749 0.5165405456156839658632 0.4846729880420045377676 0.4956859334721974152949
0.448326864094353960688 0.4700408527131713642966 0.4752369255563357874905 0.4504017721789468353677 0.4330330623365576947492
0.4643046011576573151025 0.4909738274811701330691 0.435501049944073626019 0.4642477940510087441872 0.4791797443176374904361
0.4884321827510171298847 0.4962902985702957736613 0.4933493328916651599059 0.4656740441889397619235 0.5065877221583507949987
0.4390241597621132307872 0.4545264986687018726741 0.4447401684826641776738 0.4642092717200436702285 0.4647372689142693635844
0.4392431076330617911729 0.4911512565325822921025 0.5041000785379745607884 0.47039301088651758187 0.464656359907925753383
0.4733310557940391127829 0.4570189184295123663304 0.4400377814742889581723 0.4588836640785914355867 0.4709256380372205397222
0.4887997867756006531437 0.4484335936335217542847 0.4685877443812549447699 0.4335472143974875569583 0.4845971074938356104589
0.4528026132443453422027 0.4627009389098922231831 0.4714748668661641883837 0.4799696975209862825906 0.4642886497391103262089
0.4728669798317327588322 0.4682035961857146100229 0.4634511316313232875963 0.4472391108491108879797 0.4942451714335517332088
0.4706041708604339901534 0.4877751053020809579586 0.4958899974526729814706 0.4924979042807724471942 0.4588124656796218059363
0.4630381184222494006519 0.4929986521718161540662 0.4837426315196969861532 0.4587504807804427819917 0.4762764756124607257171
0.473295400762443918552 0.4761646819467999502962 0.4491088314786990109972 0.4481180346679340953386 0.121983440365109302439
-0.09495102134346222744199 0.1922356649475920331582 0.1184554217602220849148 0.3662444175266633128452 0.3304516177073830163202
0.2155398683996201103508 0.3470279549708409905229 0.3454941730275750688683 -0.01808805028368293266183 0.436044178488946110317
0.3526420681797107770095 0.2900964923216851065746 0.1613326210477105948637 0.2156922856383921838219 0.2929198506823133540955
0.3359739672583358371938 0.3753740727625268780443 0.3325809640432506597563 0.4187649555478746288273 0.2583321754224198740779
0.1872409495549350322285 0.2592394259308709592027 0.1632611344738083003492 0.2849234845808355509611 0.3325785019927031127551
0.3463536527857484226267 0.3063123299775872832029 0.3721395878703577242419 0.2935932193897916597791 0.230247868451249226851
0.3002420699019452965395 0.3680830145538014352979 0.3587518590291686182425 0.3143013187778744832457 0.3727220730036905349536
0.2855279772557923201326 0.2868631058410028855654 0.2685258181288045498114 0.3455013406171358325558 0.3748075710678178129598
0.2706798526085523737272 0.3760397850793563145899 0.3670220470274433433033 0.4079390025146508169662 0.3409280051285620283252
0.4177514625700234907058 0.4089581579881593764725 0.3470251507919847044903 0.303683378274459958579 0.1868126402508631933586
0.3366052130855061164105 0.3687639473629271136268 0.3587386171328952322312 0.3347681545341669728799 0.3464752811329143700192
0.391951883849091187173 0.2980629425643591123851 0.3810454762257226013489 0.3044620946861954502438 0.3704782852518123115182
0.3877310287301774516244 0.3708518269892829288814 0.2407159378411929950836 0.2775722369840997738599 0.3756896580240997041145
0.3276182874175003201245 0.4071989998249810338571 0.3195869193063691771073 0.3791488278026765024187 0.3149486631662707369905
0.373318118348669680806 0.299939156443395915641 0.4117706318178501745386 0.3666456037031012304972 0.3686297191709166365392
0.3764684365792154707719 0.3831228902314533502071 0.3106652748731516533454 0.4263352745936055399056 0.320601660138065847061
0.4052490186809827865666 0.4149458248512319924473 0.3553118117391179109354 0.3829395565255849231967 0.3907437546423179197674
0.3133631816671705316857 0.3789793377300251786544 0.4303702028018167036194 0.3496557937059130982682 0.4257298544485555447103
0.2805484896691022300708 0.3313404248851242739349 0.4031121493838173419633 0.335586467711022296001 0.3115407436710052047069
0.3694286284890053728702 0.3090319452718677251113 0.2960921909432502885373 0.3580480066730661325991 0.365884321562093106639
0.400962918495572862021 0.3733012214829272701344 0.3014905719936533667891 0.4157052726833224132186 0.3493970238707039266401
0.3364311182075980788397 0.4364528929238563614845 0.3656664122664747829106 0.4445299981684533441317 0.4128875055355048506733
0.3563156589980868149681 0.3080415446609959806423 0.3937198302527897264547 0.3863013510671783334871 0.4091049953476002531971
0.4245146231056127761327 0.3197472151772816628679 0.4078148818995807056709 0.3470439992020005193218 0.4094524676046484290559
0.3888887732113696649172 0.3608785713783432824719 0.418355849121492429088 0.3792736196331538689464 0.398419111911926193681
0.4490739852176892088487 0.3754129066878909015692 0.3240305050911898021582 0.4356468747329591550965 0.3686034530642083861807
0.4100900415386101727222 0.414763908657018787185 0.4015763562604921510513 0.4358807775668021022852 0.3960563171152645112194
0.3607532115468786160228 0.3817330444554344892616 0.4217865937913166662909 0.3757360414451650920675 0.3676902142243850812875
0.3632949579059301381534 0.3910194280646486775233 0.3940210817847212831921 0.3936080745803126612614 0.4596729330211110076121
0.408562754998965937947 0.4556205604658323804479 0.4028781894681527919744 0.3880093801370775308257 0.4136157190678828587949
0.4478586776887872322739 0.3883835905854121084424 0.410404074525995365974 0.3552733343397281307041 0.3340497597144923558332
0.3873151350538251436184 0.45071756134004375971 0.4195759612637997015838 0.4815818765892428965358 0.4607248061831786811737
0.3511793988921693698835 0.350166339068329834916 0.4137237600873041598604 0.4084955984906119552669 0.3882344203078265110207
0.4071509753935165787375 0.430281734741646271214 0.3875065238240673615167 0.4308845833727446006378 0.4087571394691740245264
0.4116190199384362480295 0.4167530813266683842322 0.4378881618557581845153 0.4220985170335672664876 0.3863045789651967099054
0.4467412475593086074177 0.4011138030232144768839 0.3663482506370098201742 0.4520156001653057864509 0.4374526292375662261946
0.3871196981731405140081 0.4409177865877959567875 0.4030328618418296815484 0.3753095790753723792754 0.4568753582117079381497
0.4521288943449823238829 0.4019769642738180159824 0.4720879035339426987861 0.3901038951487075245872 0.4444736852170152463515
0.4079038851457824632618 0.3948811611968180423915 0.4624510987754780200198 0.4201563125251815411509 0.4864894836628924079669
0.4283293103336821006089 0.4466209667749578837714 0.3904027166023835704323 0.4072394470567120561277 0.4368624773624796286953
0.4255715800253192515612 0.3606803863145477406782 0.3950897150284412573384 0.3829270450900364441971 0.35498706976037902594
0.4530241340184636977817 0.4288545631306127092763 0.4413626129365467165577 0.4134784938577028001738 0.4272893745691558331501
0.4238272915705743049131 0.3932460195986995921125 0.3938046332740270938366 0.4497195808897971880391 0.359380313728095757142
0.4740055344293637729081 0.4468166463543863931029 0.4331823073465368434398 0.364438062926908168393 0.4700206639952518861136
0.424836142389762527749 0.4618299153160819181529 0.436798882115345399324 0.4459282715591983969894 0.4360666017172326602847
0.4214838015879085464377 0.4313830973838581051005 0.4421798761858585224971 0.4354197664889417063172 0.4606274713073353344051
0.4370209839859461320444 0.4051834807175052066697 0.4483943588762617782351 0.4103737921666411048172 0.3823506662407538669868
0.4184806622982178980763 0.4036990368769292070183 0.4054886529247079818283 0.4217458935849511258986 0.4214018627009271100725
0.3927714813891888256947 0.3808480938090684220221 0.4195885639989369031433 0.3947355166384306501826 0.4277164860819457348207
0.4175287865804635512035 0.4411464765258199527409 0.4270538743896435951442 0.4875612894670642294415 0.4292786127704025234131
0.430503684177344192463 0.4068708069222586876101 0.3745846155681825107031 0.4703929566950391105706 0.4012273728797876581886
0.4123520886830153164837 0.3667388007898091384362 0.3644893680622509068989 0.4232057183723089699434 0.4394461402163936103449
0.4230965252066488102578 0.413355485263675437313 0.412938339190517811339 0.35309969954005299142 0.4494479321613719102757
0.4198460958521901265073 0.4244768622864192320066 0.4590995584891789382809 0.3943951823502921394393 0.4339252654682977938805
0.4164306865280213432179 0.3995241444138194486513 0.4139964467237711165382 0.4357472524400464175542 0.4061955080877082124857
0.4847195593760382781312 0.4320720609305001014278 0.4495394306263684192082 0.4814987085163438540469 0.4452772926229108252372
0.4661229642574189480086 0.4243514952580881294253 0.3891436891437042300268 0.4450337155921380016821 0.4286144245817243292329
0.4600215497639100203919 0.432038465512042169081 0.4259647524602954149486 0.4113545078371202423639 0.4305243204710102467025
0.3974108615318880377565 0.3992982859251207883311 0.4565273488444264726738 0.4119012146052976053312 0.4862049039812653683512
0.4449606023834682955176 0.46000368293545218501 0.4097743016660496673254 0.4152731013660079240069 0.4425835444996687462194
0.4417617025781722106537 0.4517629885171465797811 0.4533460544667491376458 0.4646455220764851845594 0.4319055200654259296655
0.4607473926032011890541 0.4590507798843556641621 0.4674551716309370275049 0.4641773605493684784484 0.4107797038365312847219
0.4485436683207265073925 0.4457739959246271865823 0.4327567777371396640085 0.4186723501048912332578 0.4963295504137686386947
0.4216219115368158854018 0.4030579240679164620964 0.4677750857877830403808 0.43036946259884512056 0.4583873700948021823187
0.4743257948604288620764 0.4478880617917581630216 0.4551502730588638523379 0.4815610682660439456626 0.4594091576104495366906
0.429001594982039047288 0.4319612170431475495214 0.4273116522075519618795 0.4331979714261566805078 0.4651944439139935050243
0.4388858713092471663941 0.4212686285014862752618 0.4198049402694551957005 0.4299498805489297414972 0.4590397103588023663967
0.4060424919213737604551 0.434968231811098282602 0.4672411344297937585424 0.4736302205653556973708 0.4860432601400827001825
0.4729649531949307594836 0.4741564249338572900605 0.4806659355932239585663 0.4396340818810021700003 0.4223864644234159304581
0.4405531991683616088729 0.4638319309435026682742 0.4364968724947600464681 0.4592971924306116227044 0.4665253697878246064157
0.4411083975324126549289 0.4777116734073556525431 0.4821801958245405250736 0.4621086992192876552465 0.4379107073606443578662
0.4431090656280677331225 0.4221426840109312461635 0.4714868836125729045783 0.4537464102480176508791 0.4303517355875552952149
0.4769334147227446418782 0.4458078186671434739452 0.4493273840373468996923 0.4497941876649148018608 0.4420285361335944407379
0.411678533622192366348 0.4247857854365446050871 0.4392253573618101758491 0.4791087578553283599092 0.4246999928636281396166
0.4098694213228554206196 0.4125390735920735352238 0.4764736496594117465264 0.4076922734644605750276 0.4684529513470113704088
0.4855399790863642595085 0.4510372766836624469633 0.4431538779251621984479 0.4367560586232557273689 0.3987137434010796233075
0.4720474453377183632341 0.4172267783443281974343 0.4674790069650485158093 0.4341852922924057667231 0.4691856433246756052924
0.4579299101445762354423 0.4670825245859656082992 0.4256631145648971936701 0.4475543948567818341999 0.4463247423962608539938
0.4573874462236967586293 0.4655029727102868442046 0.425580064244132472151 0.4667445716958631973803 0.460278804804047536603
0.4342895258642295308604 0.4496649979602631019837 0.4334880787683577652025 0.4367685543948399140568 0.4673477494309773994097
0.4636355567628798746149 0.4513482706631641860895 0.4674795566329322804577 0.448715435132848949884 0.4405282818604501771098
0.4279912683411840612635 0.4928209124781188776865 0.4984951338971356227248 0.4783686474478278660705 0.4633600362591696053549
0.4418371427630853887081 0.4268625842083026977747 0.4645806264696676901593 0.4683584922329180888489 0.4413941330806964713496
0.4497909465323699507167 0.4618589045771017698172 0.4666464668633722445712 0.4388005838999360364028 0.4521778207532562987581
0.490442211771243252727 0.4392139544213647384119 0.4192663950334680755816 0.4171773219137360211306 0.4487325648904243458048
0.4702348239811893759743 0.4671904945663621910867 0.4687203279906475561489 0.4455848849349706153333 0.4877797042996334653253
0.4821267985815527179483 0.4298724060743130404028 0.4479417275870178904995 0.434692572587613734747 0.465343434499959185402
0.467645008408179407855 0.4510066014171072446004 0.4572568838384867273561 0.4857291387500872192895 0.4704628474187203535095
0.5039115571023907724779 0.4446080658027459775461 0.4559934500833562331934 0.4317782465738857489157 0.443614747076366500167
0.4639816746155780990968 0.4603237351879910788099 0.4480534509793905884045 0.4389678304534149755334 0.4460503001179756954464
0.4550935875755457993286 0.4703259768653503813951 0.4340015333597697644308 0.4730957957238159927726 0.4678726645307368370297
0.4721584956139860400626 0.4814297319223098114982 0.4647324651958902874682 0.4725219215588402077444 0.4562460717036491697485
0.4680184958540865580723 0.4621168991269720693893 0.4345454305729080646259 0.5029441726619208186122 0.4426781581698397971536
0.4848365659366065671954 0.4470138308917686043031 0.4458953057885999271548 0.4719493749277839378387 0.4768981915265012028193
0.4629686280686817201335 0.4221885583615032078164 0.4375940725561095479001 0.4293757417068016501993 0.4852465202945770439413
0.4531040180543861595197 0.4808124735911275537958 0.4531902988919074837249 0.4700879750837956283505 0.45097407640143877261
0.476094294740293133561 0.4807475577371769226431 0.4571388113315174583917 0.4572196626461981772138 0.4679910555307994490803
0.4801164377860301368806 0.4984283313088088696041 0.4570197948526055764518 0.4711640479352113275446 0.4679321188695316213746
0.4236357353811343595673 0.4644247570613203035528 0.4766517044022557381133 0.4580954220072585569845 0.4521008639527614447751
0.4924161559837151314056 0.4217010792564903076673 0.4721053446914301732207 0.4682358523928188964724 0.4626894600083805708657
0.4855430568702420179861 0.4823034279217087161307 0.507399057250642937511 0.4794469220809434717445 0.4760428398621219803211
0.4542362260396451967281 0.4982241779069721543394 0.486384595467700686644 0.4684629011997590297689 0.4485382771863818396341
0.477557189323194242192 0.4455723955101016375835 0.4712191571633819742182 0.4940189207288741002344 0.456280387692594602278
0.4558272985230545915059 0.4456670763406852531219 0.416120794748561007026 0.4462665190768752010442 0.4714653614189696639869
0.4717536276672551487366 0.4658723296563969662465 0.4896298478777574292309 0.464330219874974803318 0.4485918266704080337171
0.4666466700700918623923 0.4236124933445944984456 0.4546913325666758765031 0.45603452518856946174 0.4394953308248493728527
0.4370421416791417379422 0.487793225305264643854 0.4847104366596384217303 0.4512185694010702463608 0.4599555474531886734013
0.4651210526355581409419 0.4796632926121595086322 0.4929404549263045609564 0.4533695603934325690787 0.4795948590725982452199
0.4524040303354860403928 0.4757090645773419668174 0.4717942631150919274852 0.4461757880138427223571 0.4351693070794532824941
0.4757409525490663981806 0.4644207838495238438448 0.4697923172001767788686 0.449067003072641524053 0.4979332000069258135078
0.4685097266256909587234 0.4704732803553043907208 0.4429220665785389976499 0.5063891219235052698622 0.4599264797807809945773
0.4607826900032892525338 0.4628020424161083390402 0.464101419767829648233 0.4888449056027268091462 0.4758131445429323314045
0.4765797446063592679444 0.4537194264327624737554 0.4722979019140307044289 0.4776061679112046376439 0.5057004159757655381568
0.4686336558498160331787 0.4553919829946758146555 0.4915431859741807296693 0.4442266604188374601314 0.4691718840990729000318
0.4490256641830038808472 0.4589959340823038247414 0.5004358110618576382933 0.4823829433838587310568 0.4370670383988420892862
0.4767609678957877017424 0.489195565684409916507 0.4895606241985700490815 0.4292156377480392248636 0.4535484418776565829212
0.4906126868385156103436 0.4602106901540406469486 0.4660310086224509484865 0.4863969153555238178477 0.4869390116497199216816
0.4603770567370191191259 0.4624671616363060788757 0.4627693899248659370471 0.4669783107232441943246 0.4524827825087005539473
0.4738693546992258087691 0.4781282145305961739368 0.5012773417401378273084 0.4709037927871276840719 0.4522196861615676022339
0.450637903365064540484 0.4665321306557095315526 0.4764209801213687978105 0.4525333571746019689641 0.4497871220990262708384
0.4794206546662327372843 0.4831477585943526054102 0.4792453669030448115684 0.5048158470149223253642 0.4662473261474857078035
0.4979918704770636139756 0.450544922263483860192 0.4846295874255330260461 0.4707888347477232060534 0.4710575392448846376858
0.4965854618283074284335 0.4642899688298495197714 0.4402627077279067102644 0.4524486833430376719889 0.4469494213630703094431
0.4662141042125054202216 0.4872931502043542084657 0.4677394392780614418292 0.4483271913063739955163 0.4608317343978195479437
0.4527020950229486695449 0.4884669321349617288064 0.4573211701684138374979 0.4536455351935226865123 0.4453966967336321913784
0.4700798089117543820947 0.4898060383710569620774 0.4519991309232187504108 0.4560317696636674300592 0.4709723763713319355517
0.4769934652090387916523 0.488339980683654972804 0.4412610143376425875239 0.4568584597825826043582 0.4756549179678065675247
0.4858729099691718178455 0.4708347032490248773584 0.4698352423169306901762 0.5057417360529453675966 0.4895694403754376478055
0.4988342860674215284433 0.4311858644430030529371 0.4714924545100526720454 0.4389871726159593201544 0.4496392967265928630738
0.4718900103605020435182 0.4703010309239694652916 0.4443111387588086769185 0.481374506494933573908 0.4912296993376926712571
0.4892321490026990127298 -0.04870673511809495148661 0.3753335576892315450515 0.3713664690686458991209 0.3536613153213504778805
0.08052618526327802450648 0.3176313122555436407879 0.3643219304601424402001 0.3656885507216248720752 0.077303968854412180578
0.2655307372237454277553 0.2268311871662661849403 0.3466562255554150873138 0.3050294023412007948792 0.3470673505840502492958
0.3214171555977268779358 0.3902133421986493377887 0.2343240745869204777474 0.3204509606594496129439 0.2509107757431205398824
0.3314085897868435659497 0.4065860565005204874112 0.255186755453806091154 0.4239854692233396837864 0.1954379026392968066173
0.1857454252742953837441 0.381993297364323691756 0.3680079317574048158868 0.4086234882593874351286 0.3066007952203727571217
0.3088609833666210446879 0.3286139782788810581593 0.4091716597913687136767 0.3098168002101144291593 0.3559498738785641935856
0.2631777326149881135464 0.2886325771544001050906 0.3993726016836553482925 0.3036413682848527750835 0.3738149601161744328692
0.3363293553051335815773 0.2225987095916710234444 0.394628686604129641502 0.3677398352526422553588 0.3890079406500966952009
0.378911646810425384313 0.3009329118409443393212 0.3196938219941428682702 0.3919678969634806664502 0.2336712978484226099773
0.377892961841968966219 0.3315613841930384886325 0.389519329896947985592 0.3940791527659448512111 0.2939491311333142231632
0.3099256551614250065896 0.3594278501960402327775 0.2570943431963123582129 0.3019204422057785164313 0.3779812395665585467164
0.3163374663727718250072 0.3880014150023853303217 0.4030119409662379914572 0.3263133215438025480637 0.2974343929946789977237
0.4066517303608720435015 0.3400375276283768566365 0.3557529253741315011794 0.385805570517057827562 0.3931595793577364328364
0.3563672034170525249053 0.3601872453671736140635 0.3645672011226995246069 0.3791725024244462782796 0.3457126024473337055909
0.3220058780575299484106 0.2612397527946214159655 0.3672734505519462122614 0.3825664604623651432469 0.3269996979491839317333
0.4152914370966757640069 0.2917194230307070257346 0.2663317600806562879256 0.3688169566665208121137 0.363602290035414832392
0.3251542045279062209673 0.3695221813423138490506 0.3503467363111006926957 0.3600687289278538538717 0.3638900653371568982841
0.4279707016971392441462 0.3481149405615096004141 0.37085712064353715256 0.3825817299032285845328 0.3382131167993165377084
0.3831101308429669671796 0.4261552855058253208576 0.3364121717234014319331 0.4049815652499336171566 0.3365259738097330921569
0.2476838788195441787288 0.3783191848710505400533 0.312977509970456035937 0.4220187012182797792192 0.396630373760714749487
0.3466508296124042876052 0.4281641855120494888354 0.3966739326053628778013 0.3896517206840508507071 0.3326575061015387135832
0.4196352540238597050859 0.4052285961658493862458 0.3811097625315933989931 0.394448169409221838233 0.3964846763898917103575
0.3014006400302093879873 0.4111145095902926094311 0.3412361125642861536811 0.3487095931973835938322 0.3877579063676998560872
0.3315249774906917079598 0.4129647165897386007494 0.4349440081666456903164 0.4224135623800850947163 0.369676145739549988356
0.3972517785964853054281 0.4075942534815044093754 0.4218905510849971229881 0.4384162199921942670855 0.3580459662199298453977
0.3722620844929975802984 0.3974633224971070299958 0.4170038318254565279375 0.404489822463373338568 0.3942128432618310363011
0.4134438837369585062476 0.3591036688328808068604 0.4415121725213583259162 0.3774572695656144838416 0.4200812866756197805351
0.4609138183924816889458 0.3626470291484811814264 0.4276913935257257159961 0.4015271625511342423742 0.4361246926440510707224
0.408528421015879217304 0.3431920575784945803832 0.4302470926710539878002 0.3643711216474281866518 0.401007720748210727546
0.4185852547267210344017 0.4034489571243078387397 0.3890151838860345656634 0.3931393330775009853362 0.3833176420805977646644
0.3854711709168591737829 0.4374815596355104418969 0.3593576143580263781985 0.4365940239008795353826 0.3330277080556930946464
0.3644127279052835066686 0.4194562904139234049694 0.3394343913350970076692 0.4169892274215763472434 0.466374815854766644474
0.38103665251499735378 0.4109686340110574875872 0.3978940193330028352037 0.4639412536262992325931 0.3900782630400257966485
0.4560808581869849054335 0.3534261095344619074687 0.4518507070023730087804 0.3700468704828804300533 0.4112132466600639801868
0.4404202264753259710162 0.4129431989824645654608 0.4384769712318443146692 0.3794371791543639793609 0.3686425149616630592142
0.3964089696659639505683 0.3420145087056821187055 0.4393712102751069492612 0.4273226866621971931082 0.3882496658290306434935
0.412209024577620430918 0.3799566234896714633784 0.3814826179630119717956 0.4088708213169539029685 0.4293407687450794263384
0.4083856312035455959908 0.3669761422902840242166 0.4412643724664733202445 0.4276836929311910728835 0.3869999832630147129642
0.4192389431487363316009 0.3960787500541972372403 0.4364247320825478948514 0.3978495685020412286903 0.4128568326542649269406
0.4088393220292220742174 0.3570107112081184475016 0.3723961139400751574335 0.4454407533947412622943 0.4931222397204931828796
0.4287600750236423285955 0.4243097725268259456932 0.4201933334459713176301 0.4563919032340379433599 0.454054192227357267253
0.437287992248154178121 0.4180791059181034885484 0.3600735832608570330393 0.4759812974449482703143 0.4092404997796053045533
0.4107868757634705048076 0.4172917226837860593669 0.4340865846837925201562 0.4215990256030143767951 0.4663366819077011671268
0.4433679091512582881585 0.4210768776234861121566 0.4564189266369481634555 0.4306213198677506515111 0.4106731915776126728979
0.4712004323227932944818 0.435394064634626765109 0.4196511662544221143989 0.4502625719391457059793 0.4543223596182794921106
0.4069744811567270748043 0.4616259577255901747073 0.4443764608119247228046 0.4281235107427635577793 0.438045462864979084916
0.4417600198347553797085 0.3960407755152681175126 0.4396793647479001476697 0.4545365135366215558754 0.4936334021026418938938
0.4128725963050886016426 0.4498406075027885364648 0.4361783835603147418958 0.4284012985576856613612 0.4249551932504586626571
0.3900920712588035743629 0.3985741796111734180919 0.4484172757972181844188 0.416328558685358340874 0.4422701272708241537757
0.4148870229504916795626 0.3963211524347432512805 0.4134214108055644376627 0.4575744412699058738525 0.42478571435020123781
0.4551521241882867663264 0.5125484406292123429338 0.4580844139855321239807 0.4007060819893354386423 0.394049202545282695187
0.4541409310451666181407 0.4194016062983584314239 0.3494462608680511395143 0.4267859734738115862207 0.3860664510716563246895
0.3851011863167738136227 0.4379650102496520647222 0.4480910545280553103353 0.42395225716129231186 0.4584843796623560563397
0.4544778352853424130409 0.4241659623190000560911 0.455750299142526182905 0.4665795464255352298366 0.4423032901666521521378
0.4447640098601804425904 0.4630199843079591537354 0.420856263460910151597 0.4460007779456376941773 0.3977725751829787048663
0.4486454334725520909366 0.3637230104499850069644 0.4253643269969432649802 0.4238247277993381634253 0.4551779610355275451639
0.448815605307005094371 0.4873077789846756435743 0.4485120890538638604994 0.4623722899684848397506 0.4667754523464338056726
0.4643352340821595425346 0.4692873386223884168977 0.4488536974298196202682 0.4675039676952417733169 0.4375636729371860100812
0.4394370447990725292442 0.4351927490501812378909 0.4521746207086841384815 0.4708928604927242189682 0.4631652864596492169547
0.4446012362503381498691 0.4772982108992238070577 0.4074800787208864849553 0.4415627832257787988013 0.4115716806899514246254
0.4017464346991676538146 0.4236717300261002017159 0.4461976371586621192833 0.4501660695667250022822 0.4555329257649810559272
0.3920653779662504057058 0.4212633454678125777271 0.4771297022712201463257 0.4484392070602458146844 0.4350961532657921515543
0.4711101327082135026281 0.4262209476043531952705 0.4367966938360729467483 0.4599992277073766677731 0.4994337881663599154614
0.4336623452271099465882 0.4392102601894667390781 0.456522562556110067522 0.437668384016170031181 0.4490310635566167607458
0.4223941432931748729551 0.453693038670827220038 0.44973781994113787297 0.4228225852687299002319 0.4184868911978146810426
0.4435667125037069946636 0.4397096241785206638397 0.4174125964764066054613 0.431569974217566376673 0.4363721054721731440473
0.4550264801840868678084 0.4558075118396099911777 0.4434249605561971785406 0.4464495828235519603311 0.4934447294481747459116
0.4718428206756404841293 0.4436096624181410374987 0.4734962301203579082554 0.4241894900306839577553 0.4435721885955424270698
0.3941116447536930356144 0.4707363993452184924848 0.4774615352870260620577 0.4401738615700898082927 0.487045118565252010967
0.4593083601262100135187 0.4221131360800392529065 0.4806735869772194025273 0.4440636025083019577941 0.4685483142466059236497
0.4565392619994159684182 0.4674205828598073098057 0.4383391257713158406517 0.4189014435195643204501 0.4408932882737039982146
0.4442933070612903323493 0.4600645264391879374344 0.4226266844738267858261 0.4777838639376391638436 0.4496022547979901529125
0.4527952885419849748949 0.4705027033442557571341 0.4759266920134866407643 0.4630758469739497673601 0.4571567954448622628227
0.4545632766213494324603 0.4327779010515449553687 0.439823859150121954098 0.4665570730330840243383 0.4598032604040472315354
0.4458075722055344636274 0.4200075619506726254393 0.4385191103776786003543 0.4597203872237631827602 0.4580007325084960445594
0.4677709103367378440375 0.4624654823264164882346 0.488539660882266135733 0.4920700990003598618294 0.4606020619064867260839
0.443802674230057481175 0.4705960110699664578071 0.4928613837727574553682 0.470027222555949364402 0.4782092489610894059382
0.4666924691103035982565 0.4646901305203713916647 0.4393618653608041824121 0.4527449947728135470904 0.4522042880775002937632
0.4500781571350531140574 0.4333864229050578553704 0.445470996642745808991 0.4381461254985078435098 0.4729338448975600184276
0.4385237506545555108417 0.5002916263807751784398 0.4522402457074337633891 0.4534783382353930192288 0.4490589171405698909467
0.4708434869129672906141 0.4620146313883963240521 0.4540609923705681838513 0.478443896492483922156 0.4670584086259538802999
0.4434232265452573429343 0.451003849564559189389 0.4365468600063432957903 0.4660421011377886557625 0.4188229710351317192085
0.4624863591958371933366 0.4691885695734591132933 0.4566315768687570497697 0.5004465600377755452044 0.4764530466479978132455
0.4641038767586672664223 0.4557812876288559467142 0.4830908527982485933805 0.4286494108257802859718 0.4561572412298238177186
0.4455097081694037175481 0.436550182753193904972 0.4840402711758949316767 0.4345078271487783361238 0.4797275978635824889018
0.4408975906288220003582 0.4953676670915453938981 0.4608063790034214735059 0.4984116044842830106631 0.4646651977370195862882
0.4218790283365519422354 0.446294330560409124864 0.4891414292266211827354 0.5124662549398727451333 0.4445522058276543675426
0.4852967220964339301048 0.4395276281494932546501 0.4729661670014964625075 0.4745890347467315306673 0.4656927654739138056073
0.4477714876655666809135 0.4262324292101033473834 0.4986041402027082680704 0.4667962048503919159081 0.4674308521823349882318
0.4120331752406668490707 0.4776524455386948475599 0.4442055868971314658289 0.5133440677389363715477 0.4261761141891646231805
0.4390190722438650494652 0.4717072931651828393562 0.4614623360087989900613 0.4310978668950739001176 0.4593008509454943877337
0.4622188879169347175413 0.4177827836606904932104 0.5085938266492487924708 0.4403452525194066491387 0.4667493712968697194832
0.4745894251003092700891 0.4617763003009482392081 0.4607037711354896036831 0.4458907339710433959112 0.4484165951978394404343
0.4347884856316291402045 0.4966513151154686167565 0.4873617598828587360593 0.4787009819550511191544 0.4403016126889776615805
0.4597230022215637035288 0.4607907911517968857495 0.4510018574896513809946 0.4962229547378701477456 0.4271802744741853286037
0.482479844461678575307 0.4673821093086766853553 0.453843991172243499399 0.4025682335197515726577 0.4676150652318210032554
0.4990980338415013095599 0.4915090786579548454149 0.4529207810296368985625 0.4556332038993745614519 0.4398226088780828324509
0.4162740708781990095488 0.4415056410844921397363 0.4487984758460653034184 0.4690298585633685957141 0.469709057286327169578
0.4717352185425702781885 0.4163213095081114700768 0.4383647742544993231029 0.4839427365350452148185 0.4740172075584431765627
0.4795040655063192991392 0.4690193599025098136757 0.4467133220199603904632 0.4882137860037847332251 0.4814498008684984231564
0.4815418332856898908645 0.4291680560988503922992 0.4523168033274448385228 0.4177726364161776229089 0.4626579751703445153588
0.4093898399249201736083 0.4739800663900250454752 0.4843184659592281726681 0.4517438754487670404814 0.4487849454440642760211
0.4996182119525259812676 0.443500242910188358092 0.4652863058295620968252 0.4376584769404411323634 0.4614603000348356243165
0.4160515702817203509412 0.4269752479588872495775 0.4703176570192577066187 0.4693490172561020634667 0.4279224621517667692672
0.4470612758072717296542 0.472120463698448455947 0.4475393505036743269088 0.4113419083193239900176 0.4545618419127885334596
0.4618665261176945202592 0.4475775227604789630043 0.4573370520603236566437 0.4360510936357408495745 0.4776153311528555378551
0.4677640617135156997364 0.4496400903963598261193 0.4708720588948333007906 0.4650881742961332498965 0.4863038864593918764179
0.4557183877344302413981 0.465500422290712090323 0.494424520436321013328 0.4485200382842386979121 0.4746062398558035244633
0.432838599820015268449 0.4456977197176598681772 0.4748766109920897204866 0.4366513359399591953647 0.4810882419695001188664
0.4928707693195494288219 0.4618664741769762382972 0.4623775014076364486826 0.4224626697882277737151 0.4757896100783474691021
0.4682375066157288268087 0.4348367221888941869246 0.4557565453924058984647 0.4599609247451205140678 0.485015308092394126227
0.4820859594421446625567 0.4993663653981253447434 0.4628680537382624526899 0.452427318886165719114 0.4376965487852265690449
0.4323682945854719905654 0.4676053625300345406579 0.4381188009745178302268 0.4642612087967331602201 0.4705445118852433217249
0.4693503078967984354364 0.455258867523551158385 0.4688161347020602387481 0.4708821797065764203083 0.4874985930678019663276
0.467847463405796193392 0.4881364897949660996979 0.4640873838502844739295 0.4766317062507228752288 0.4654170335302088012952
0.4822399738765513199645 0.4895403098134041286471 0.4791346338670926519043 0.4675939788866230184539 0.4648995327368156127434
0.4458372424440093517717 0.4646043857802322762929 0.5013817110034091140136 0.4344347971002962549569 0.4456399374159427106967
0.4218231124625678729601 0.4530650467486251886662 0.4107513501700703062447 0.4979207145886097030107 0.4523060578942564857741
0.470206590220438924721 0.4608877119064606064924 0.4556096516997323875309 0.4624764232762040849778 0.4862105779063316535193
0.4639384454013296688046 0.4622816285312415507391 0.4660269303901439785776 0.4804879746391985673171 0.5160566941822656295003
0.4784718933053984102344 0.4461711520433333522107 0.4694008086855080419397 0.4766178950214369769434 0.4758519314590855531222
0.4442390394283887156135 0.4728724071219496116747 0.4711703281128395426336 0.47223933403674073217 0.444963527223763422036
0.4560039662601404475417 0.4446663021615564481692 0.459567476499413596347 0.4907453803285135585099 0.4604013448925743934304
0.4768352762994654270301 0.4771947091675723395809 0.4602893280904576944756 0.4969215297303456457811 0.484220563267664771967
0.4515915893915936618619 0.4742847519099046005309 0.4547948888009451517966 0.4576690379564812838353 0.4881132442605231602784
0.4827355869574922464516 0.4479009005888337502377 0.4742393307389339285329 0.4692524462729604772804 0.4687728611465626915589
0.4613980192167486671373 0.4671979014796565077283 0.4806843858610757025396 0.4624133632589855213979 0.5113277409445702303969
0.4694750587416600673407 0.4970927718961020147503 0.4729445293871055167045 0.4940610941135302192073 0.476832753856175350915
0.4363890325723760454935 0.5036726582627284454219 0.4754913757223729331436 0.4479936362974687447114 0.4971665349329358885022
0.4550524844016873848851 0.4900725540074329367179 0.434502199679740519489 0.1196312496533834812684 0.2550205015008794595666
0.3715507168139367544235 0.2976918386425538853857 0.3560409554392396369593 0.3947446371509014673151 0.3124852167228325261483
0.3151836890210167330117 0.3685950472271607436525 0.3501664628060900952278 0.201861907037169524548 0.2173187969609825798134
0.3636554543722125276695 0.2986177993593326918109 0.2582209948990560333115 0.3132692041244532488165 0.1111074785314251078816
0.3722763810164689823878 0.3102452537255342979172 0.162924567739650610898 0.3797917657942740943255 0.2414419914282240897663
0.22932389504279590553 0.3181635837054500037802 0.3865644540398388562252 0.4150693885170002594975 0.2915931890947816018667
0.2495911668488408619027 0.3820855348607990475962 0.138743388087752161919 0.3481060729998977643085 0.3542515470941180466546
0.359118238104089049223 0.3486388100670274048376 0.376476335531379324717 0.3427584149216559850082 0.3605365402384164141836
0.3809970668355309730835 0.3928353689451808405941 0.2709248244273750327871 0.3385370774035145746694 0.4324167935109657912029
0.3460747463891204467323 0.3998546929979960862234 0.3643342752018678964987 0.3674387444548202208416 0.395704134838899046489
0.3714373196322991454998 0.2853559126709120374876 0.2876857673615408339529 0.3341197591377992881512 0.2468153869835048308534
0.363486256175900579457 0.3513391845274433378243 0.328124641085898338666 0.1966053922462487890677 0.4049046778984211614194
0.3323130366540360536298 0.2477411852019570925876 0.4070423001768986859261 0.3459224518427139738463 0.3454667313005942985704
0.2944996729104346622208 0.3318621828126551709381 0.3959118579267866810945 0.3553768133138323626063 0.2561424520620199651866
0.3676923173182441439977 0.2768258338721281686112 0.2794908948792155789498 0.3653749782322578965044 0.3979167189446237151706
0.3379463143833045801756 0.320281446662674607051 0.3659956525150273587421 0.2850192488324010953171 0.3500881233844861384341
0.40971467651021054035 0.4292588680735846540237 0.3688262824915082283006 0.4213435235778305587573 0.3042085218064373153268
0.3939964401177853958735 0.4066750783773604438487 0.4235624089891503185612 0.3147568032143688299129 0.3924864788955406136317
0.4166191628400879864991 0.3499513759690530689817 0.3388296021246990918918 0.3759798800457103129524 0.3809687102731019181512
0.3901950576005705495497 0.3175503030360362632933 0.4070457195008408968206 0.3679009810189997065066 0.3266647683843977856277
0.4033884143094621510528 0.3781237499307671945381 0.2897228082549320737904 0.3772885766317514710799 0.4143029361532193921569
0.3186320300757501944311 0.4260571273774671485768 0.4166930611799457007116 0.3942103163031689949669 0.4141377985216888601983
0.434803666281281309125 0.4114851976702679769993 0.38427953657308805413 0.407029627900725665679 0.4140561206455734000187
0.4238596889317874372161 0.3425943100559855625242 0.3110952614217393774609 0.4170770630696021830097 0.4184111492246801455863
0.3963469227724088495002 0.3800617617013645199719 0.450180405572359276789 0.3931462666544066619778 0.3736905592985903523662
0.3589255301882900983657 0.3338945513744824844515 0.3861555125725032455719 0.385747871093561955913 0.4324494110311694061721
0.4238322847320689645834 0.3892943473163497647427 0.3840909651612534614351 0.4036102303553589787377 0.4622083343568104685239
0.4410228630279668937675 0.4065618958107620195541 0.3747393289161849438962 0.4011154038397866661292 0.4109803682202699537385
0.414668612351554277673 0.4016350889535599821834 0.4068930128907187193654 0.4187654047798891610022 0.4623067463658175890728
0.3338928911272338595495 0.3796884253275943366113 0.3663992938406783750338 0.3803143754002710208439 0.3978341751668884596072
0.4527095251345473192472 0.3878722720338831919662 0.3732328392333175703932 0.397263661237307275087 0.4104272854105579515505
0.4240607688416006548771 0.4072163900735683572663 0.3728808755744968395085 0.3422893273734496921712 0.4017608867010059037206
0.380270806414219397773 0.4302536774560336563233 0.3930226881320298959466 0.3084861620060846409963 0.3914537650009558000797
0.4393473857656858827525 0.3815141248079457758635 0.4183702868481854464378 0.3816991675424520891191 0.4373550891780384475283
0.4068787119184639755609 0.3889766006575840484594 0.4485042083708526416963 0.4136792945449714320461 0.3894866866121817761126
0.3846195345498286677355 0.3986018539245965719431 0.3864675068211012032293 0.4059661338375158412539 0.404926443462436225218
0.4501529752721977195584 0.3689716492113667145603 0.4278707554241966137809 0.4110770610282685755266 0.3659269399675672551631
0.3620749967608399288999 0.4284242822174844644856 0.436009849287737338841 0.4373792935469271725424 0.4452098512006544828168
0.4275893319693935823445 0.4064599934987008222897 0.3741946125844319848142 0.4148321706513714013376 0.4141858282839872007486
0.4151473402760835762493 0.419095402880124701106 0.4049786260100547430341 0.4290951081040916270659 0.4276562472309000106918
0.4017117844387591563127 0.4345489125406511998762 0.3638832808377454597348 0.4495974228924925486517 0.4305244001063599501578
0.4400315914072508438615 0.3981168999656016782573 0.4055903062910681255993 0.3958734859672161654487 0.4514229377671211684842
0.4465776941903419339219 0.4172906191870738856764 0.4105694316161611068239 0.3628093721826194384406 0.4111838700724463890879
0.4057028361332745691747 0.4299698644790165835694 0.4193142561720588634699 0.4532446787051458425566 0.4205649887501836658998
0.4165611188097991801627 0.4087077838086771164328 0.4396112019825271777229 0.4345255681441025918943 0.4118507720569896668472
0.4222480434471111987449 0.4369952414625420944461 0.4266687725234864503321 0.3951832477836344503785 0.4070017075608406420528
0.3970026866085152872365 0.3642577674733935566564 0.425321763707905364793 0.4252932375990960411904 0.4265922258030003244578
0.4385897446436008983994 0.398368177960172875629 0.4428645462860841819364 0.4020161217636200046144 0.4255957992206940154745
0.409966267764994396483 0.3922688222815186587233 0.3697787898703799314148 0.437980109375374127012 0.4431960384462934054994
0.3961399953378879623678 0.4289366174578093660053 0.3825821438943702301749 0.4079502868240906243713 0.4147230740410361438109
0.393531516985746010473 0.4112693837325446799547 0.4058110565408103997953 0.3939235818774298736322 0.4360576400139235531128
0.4139088537201721096359 0.4434633706583692713821 0.4489214812795565001657 0.4489774983383006956572 0.4389001540858300520753
0.4013036299659775152371 0.4605713220202607427467 0.4038346121821342338265 0.4529019735373614463647 0.4256106796768230338124
0.4675088144139589174664 0.4565947967048256672662 0.4637472075499561863232 0.461040885893685248309 0.4622186807637857497433
0.4354854217924296611031 0.4460787222073362423558 0.4728991625752559380125 0.4104186386986330981053 0.4137197015939828026454
0.422824456424769401508 0.4908400386705674134369 0.41032048205014098885 0.4183949946290752563982 0.4493015940744791714145
0.4200638695026759905637 0.4452099359987718996123 0.4410969881313270279932 0.4453299319188811500325 0.444717951317402049316
0.4712176990170832135973 0.4420254877346381228165 0.4543240561992993864493 0.4701450009495207749133 0.4009845139547273396019
0.4610398453529468421053 0.4770893514541420521446 0.446079445952544950682 0.4592352634572487435349 0.465011820162181788163
0.3994263526214752446641 0.4585830275098262687195 0.4513201386155448191495 0.4530503974424104907115 0.4175129570901370268388
0.4382954664485914086924 0.4485404151473666445327 0.46103355036079246565 0.3709142835572669660849 0.4376697623942254478102
0.4615731810902050646916 0.4598424501550224530178 0.4340278358345657783168 0.4428000722856788029524 0.4169790240350634835664
0.4580260695449526742173 0.4425132501304920307206 0.4336843964394720973843 0.4771680986213370223581 0.4444921376373880961275
0.4618489847954675431296 0.4227063184194820855133 0.427476900560832595577 0.4417137841651169738455 0.4648173754643387112218
0.4811658305523023870798 0.4603765807079446825689 0.4847710990572916545105 0.4320627724757590826243 0.5015530997161853354882
0.4587864738239098016948 0.4678683743778906944932 0.4703895177044040698533 0.4486760288077257796679 0.4131654388118674026131
0.4441818679786541101961 0.4403797508668439997237 0.4296664351097322365192 0.4699673736988024264072 0.456368128281514184863
0.3909542583177433305863 0.4614251342617781137534 0.4571600217171461477683 0.4559496843118122089145 0.4633110721039034873847
0.4681465664411751936846 0.4685316080780677627793 0.4506825413709889538438 0.4370617173822938239525 0.4655339807448333755424
0.4716298903998876745902 0.4647079197850066956121 0.4865332253030399400906 0.4607852412366704175639 0.4579900371694873295603
0.4372338614437166204318 0.4820815917848924048172 0.4921987512644420692531 0.4413307127488913517155 0.4706888217256555706491
0.4780985925431047167677 0.4696359327861572841023 0.427720950137028599336 0.483259571883993155339 0.4430002272324514711599
0.4657033657033272100456 0.4216577492678252880864 0.4825452026953609419024 0.4618333697012693139783 0.3927086607313511334993
0.4575491072221117283547 0.4195794765035651963103 0.4732663220590736519178 0.4545025173614079538886 0.4849418490954547911187
0.4436464363045710679323 0.4545999180305629328025 0.4408083230095398707959 0.4280098899342066331997 0.4665663823380625796489
0.4256705379195402927373 0.39914023814508764465 0.4221452781810751675451 0.499791056667904631805 0.4474373251044937438436
0.4620674915663177118041 0.4617176034679342233602 0.4517315779607596892831 0.435975557643834388255 0.4960123760407932347327
0.4495134124289023036525 0.4738969949673187409545 0.4539638692529912034068 0.4774766562001548364513 0.458819453361208717812
0.4418133751755626281721 0.4836782274652047797225 0.4315126987970367422598 0.4034906627912089316368 0.4835456188413315703478
0.4398999628319987253988 0.4502204166844179233919 0.4046477807704050855264 0.4517527673574968649639 0.441450730949696890093
0.4490471337351236158497 0.4957651610200901060033 0.4676079558494093957322 0.4265538741588995597098 0.4708864903178856531341
0.4315683404457009708644 0.4733450699194069466458 0.4366027495776598210675 0.4565043613688497536884 0.4661414887946657148454
0.4339135287109507355119 0.4636350787366144698964 0.4446894058595551868507 0.42486629539615272666 0.4649796285891623082165
0.4536886647476252587552 0.4221103339908195972718 0.4876561030229609738917 0.5148159202457917027473 0.4274288886163708500732
0.4680480657216450901537 0.4635915403611181595522 0.5212829367493913013121 0.4477850280491981194153 0.4604091441993148348111
0.4369928255857498666792 0.4651293268927691459957 0.4615199257484691730546 0.4603073558514311769407 0.4638735238818978423581
0.4668063015609323906929 0.4436111296384886992783 0.4289271504992962502634 0.4865249384929170028968 0.4378838562606647277775
0.4910022671477808908769 0.4773549635312170913437 0.4742437418714484098636 0.3911772098356116611484 0.4887879134549476534133
0.4884238477722459559338 0.4922094733855247317145 0.4566733771103835270999 0.4736440490598708974446 0.4577916862925605623325
0.4476083385054133723102 0.4577159544374467259331 0.4857239050574749805733 0.479121617848314029775 0.4702964170772724328273
0.4963184066031935404162 0.4267031091066201820006 0.4572381456260114496182 0.4655750602107889268844 0.4072280250815642488327
0.4585759493218010129922 0.4460929092739271406565 0.4634377541071383888038 0.4617382794305739390772 0.4925052634902838399888
0.4764421367527441053547 0.4295999315377418414919 0.4656129251069058283541 0.4609315447183581770929 0.459057208444573539019
0.4604484191855565122786 0.476302184132267769634 0.4382335869151138818545 0.4597331033652644061149 0.4966340623375710139342
0.4817662131236524758471 0.4770763577353316908791 0.4298615912207490175057 0.439531135678802475919 0.4733936617302427762866
0.4498454447454821036878 0.4785783808544218920211 0.473289626230152693509 0.4415623414038751248789 0.4445836193827452098581
0.4527809038780393757762 0.4296503086147278605011 0.4531186115148900794836 0.455165110030842035016 0.4307972807188208408391
0.4132721922381566992399 0.4719834026644200708489 0.4322905025210034279937 0.4638143374701538257376 0.4593459410106575657728
0.4734745128284991722012 0.4575445668882019423229 0.4520390261733591152904 0.4885847531997760673228 0.4705147315112807593351
0.4700435640881576171424 0.4279252037927935292672 0.4557734383115593090885 0.5056293121439839888254 0.4312596617480933813837
0.4648062084599823839959 0.4580638631698323859354 0.4810932106184839240903 0.4971906020901133427259 0.4549785241281270598002
0.46041942353908976715 0.4639125609278220707665 0.4713973926891226184921 0.4465038613756798224763 0.4301200918868178235677
0.4802293321180827745387 0.4450651238548973820386 0.4540050435265034489696 0.4640973764994223427216 0.4534602726467816813383
0.4719280586603354366027 0.4637307239562192817672 0.4113751016815539451876 0.4659054239582012812981 0.4836969096103324039504
0.4680771444837045769383 0.4311087355437969725891 0.4878555510404883333031 0.4634481502848200595857 0.4505615774518971772267
0.4554827285765649103055 0.4690335495154280276431 0.4666045872008883210746 0.4835638880676192963293 0.4631847201267043079298
0.4791750283117737208016 0.4869847838625405156421 0.4676424031730287977915 0.5057222645166493668611 0.4743273834515827624969
0.4837063373265390597844 0.453856378749430078301 0.4842335985936352393821 0.456909847268184066138 0.4681942360894860155618
0.5050072070381076416723 0.4541030835160265732853 0.4652348195566204380746 0.5070665386311871136726 0.4511434781910872438004
0.5006700998845671213289 0.4574482819058542926172 0.4982121621029508284906 0.4579868808074556985055 0.4783664481690930725399
0.4831014327231845650878 0.4787613583047733989417 0.4781315952921342815607 0.459914784233162621252 0.4754640322398336893528
0.4347438807034611496505 0.4912474687146693996809 0.4698250156907444186061 0.4757342264221879335473 0.4414377522199644521272
0.4734070590197287375922 0.4448246879944176557231 0.4382550781053898836248 0.4995802031969950318668 0.4864750195852499126126
0.4793799773913405282144 0.4836243193853859700937 0.4523202452097817016785 0.4947578426143933727488 0.4649208137393170958696
0.4514346950619547160777 0.4732901010914007389196 0.4975390595675819871424 0.4759065426030990031414 0.4409449097987606647209
0.4748406624764515693293 0.4991705621555788119359 0.453713874689535057172 0.4629435330501690537552 0.4703139178986797674931
0.4843332290317865496121 0.4559552680300820171055 0.4601261694716573535935 0.4748842801459651763452 0.4547286617367045091775
0.4564916408447929896397 0.4467100695293839129896 0.4587199598355981566833 0.4534061334029272360979 0.4194198307771324629734
0.4283617808457362285957 0.4442778800730418087284 0.4722491585816371850726 0.4691259857335429162006 0.4455731350335118690076
0.4432781919449030882951 0.4924009868620365937275 0.4928885284967277069512 0.4629458145002522950762 0.4555020545991334546265
0.4679167598440736597354 0.4379248163230982093808 0.479284180732971631933 0.4458775023116339775164 0.4539171465556354756465
0.4281830289920043886021 0.4539066929663037597287 0.4855345721182168228225 0.4582088293431707537451 0.4986602457570745716708
0.4730463350143483403087 0.4489581609695885711098 0.455048571801314638563 0.4759763059889844938333 0.477088122571044603859
0.4905181473631345934194 0.46136251615397838588 0.4559027519126556682316 0.4827509429021751841127 0.4856261192308460872269
0.4818179471099607869 0.5067569458830422091111 0.474360469042612253876 0.4847895185489073943685 0.4440982477666702843422
0.4959955055373910237648 0.4788991480895782859584 0.4828201572070287550531 0.4480540892379175632598 0.4801847634005135811996
0.4666821730539993384745 0.4582431615203737540476 0.4545378580582330463322 0.4997113103316764282091 0.4544705530108271163137
0.4637084647041604390516 0.4656572998426500853419 0.4687635141550850481629 0.4520915290257764840298 0.4526175740127302837834
0.4558052456485033876454 0.437952537223563087565 0.4691211720066836843301 0.4717910092528741494711 0.4597165017286307664435
0.4571349067535101506898 0.4685956270793245614925 0.4733089827611544619934 0.4694765078677264336093 0.489851823701020483437
0.4565915675652111316296 0.438941214303902649263 0.4915146266818069542559 0.4602247421091337775678 0.4893150992421865796977
