0.1005870936132311627142 0.1755239194862305285305 0.1246886064024382567705 0.1288443663405645089881 0.2451415659332756014077
0.1590249707608299700734 0.08667628287605481929301 0.06600828948439133037063 0.1337961431032441972366 0.1533791441190948123818
0.1820615081306306559661 0.08969566868287330574372 0.02798499803555356407747 0.08511661693889847890571 0.04372217087856901385212
0.0406367194256345432013 0.09581205800783251791408 0.02296161853212978776195 0.03883077426422232303338 0.09281551012278273227185
0.1796609516211594148594 0.07511077917890703059545 0.09984835220678278666639 0.0888812575054980097411 0.07535604673537811548645
0.04305381838239732972262 0.05974463332044063768045 0.06446177286791118787868 0.0429859381601499154768 0.06848691843634630016524
0.04563333766923802908844 0.05713622293834808019142 0.03322049049646527002499 0.03995720690125562774009 0.05102548429333720464429
0.07980384888430119838532 0.1022422920682219127375 0.04762686933434864128278 0.04893813698723465527296 0.03960179672454672283877
0.06487387403658910478566 0.0695904722600440145408 0.06560815602597887263858 0.09952871070903812622532 0.02820474670965723504312
0.06477564146227146602008 0.046071557286540602838 0.04605002246392336795466 0.04258026712702435434554 0.04956744103718584842921
0.07124205202729053110211 0.05916167350586317569272 0.04243030345057678676124 0.03932450654695400504846 0.03231174567063767322228
0.1042320079551808109652 0.06654012232682891825331 0.04801935542930748507251 0.05838353845564109301236 0.04782910104109786703086
0.01832681391099037077064 0.04050877262049289162515 0.03618899341754140686067 0.04240544425493851521392 0.05319037708331952885032
0.01860478365057223817947 0.06158829213307356192919 0.05249305476931678815511 0.04508701394809148943477 0.0619951776762010728361
0.03560894579150732097705 0.02056383184522958193496 0.04356472331469427722306 0.03592207430691107122867 0.02394013084973340907413
0.06183165579477337137071 0.02783868516445745650012 0.03654498260791442382223 0.0466988864909095025002 0.02201820271360546699135
0.04924153855618583486287 0.06376758659860948252884 0.02955224982910619954679 0.0702789240154499256219 0.03594292959568354262068
0.0443949118687344268519 0.03823022139123304768971 0.02688599352365900890804 0.05031531498917266032045 0.1066762547600696164896
0.05983799391107464532569 0.04787361211912703751192 0.0284768858829985080372 0.03378668129236223061085 0.04812236834875447538673
0.04612101105880004464632 0.02573547494511724612054 0.0456475098795938449836 0.04416838221952588960928 0.05592791493165434613122
0.0256832086346571765445 0.04191513845488391287741 0.04509864461939096930143 0.05394352401402804225716 0.05743244728463896969783
0.03914457427808762379762 0.03210859397098797529679 0.02470208818602876929549 0.04762510843447671088358 0.02268734822851495996909
0.03237573371813586703416 0.02098783236934598575574 0.04481589786068451708445 0.04270438188275210017464 0.05175399228979237625792
0.003339245801595167213727 0.03474549842555350875895 0.04735243461338548703887 0.01043212403287280612418 0.05065650913523978698949
0.03596846779591193754566 0.03391248964674505039785 0.02826745555368272502794 0.03585403014897456386301 0.02010765607003311972178
0.01635639824679227180559 0.02020125045463655455436 0.02397604761143063215045 0.04950940279709165753319 0.02537451748057853451179
0.01507956958829756791141 0.02848821700549599919561 0.02340619588259625766247 0.01335139515786928909868 0.02455540269960689025996
0.02093345754482302950583 0.04594859103083962642566 0.02317985985062662526723 0.01971482101591723323786 0.03250585649310293312464
0.02269918318206309848506 0.03575263071009077142648 0.03807794131968847417546 0.02961758220092649759869 0.02705648185285967552427
0.0424205827852339248385 0.02075657475194078727121 0.03877855575177764635431 0.01438758584575334717459 0.03223694695218043415608
0.03827654353477966120423 0.02289773683701418205416 0.01932143968786120477588 0.01291743510388889196183 0.03082682724282145500516
0.04691431284017390929142 0.01710434224868294036948 0.03169293686199210063892 0.0379216294868149547681 0.04485374747247317106513
0.06372637303745579129277 0.04049534602431652946519 0.04280840381919127218824 0.0303982588051587669653 0.04518165656703061056065
0.02882668735552405478439 0.02352300271976284426478 0.02139852857615007902803 0.01676581237951010189269 0.0224076447589176448727
0.02564272214132630109407 0.03044159367620147271793 0.02483116123425604254704 0.02304950522104664070722 0.02315057359322887642339
0.03096593940345786569179 0.03902742657171260481919 0.02587455421133796895639 0.03773898398295857242735 0.03137892714885298639516
0.03627628633967749927081 0.02723288505193832698126 0.03169897158755386606943 0.02213712419058350491796 0.0227426214261604760225
0.04248963257820769640061 0.02790000056533020744709 0.02206721829566975559556 0.02524202555455674901186 0.01490687718489723707915
0.03606933537670919953655 0.01371908615477126884563 0.01298465631751439565422 0.02944428478942946389441 0.007599647852924517645035
0.03652495500909395953482 0.01332725240349490539171 0.02043248517540503794709 0.01791361930577985844826 0.0382546477659866587806
0.04508691947283983286754 0.0250130037045659218975 0.03937772375619245923684 0.04294953214725512335992 0.0196896826244340496237
0.02865449530927434776406 0.02224591254929077915881 0.0146908285946075849171 0.0176071379358116175684 0.02082877251637841806153
0.02487589536498255315955 0.02828828219946454350375 0.03284834965316468097241 0.03456161060652469113608 0.02394852608835867230352
0.03737822007625506148809 0.02046457664202571552492 0.0132217370885191112112 0.03013056482568147315115 0.03444841904937975124446
0.02390963793638326007063 0.02565448381692292043055 0.01987030452075590897243 0.01432108924687167626766 0.04188343923062322338158
0.02100229711683366737307 0.01414264979332859224759 0.02069568366098256673169 0.04002098323798138068685 0.03027357392915118461385
0.01517001365951716786162 0.02090997433298641405841 0.01984775743175474019275 0.01954065302827513728179 0.01977403880313602368979
0.02779012747672458122361 0.01149612342553844347715 0.02324901196007529702303 0.03918435328745872858747 0.02076325483072287425568
0.0157869484453092290277 0.02710584795718737685655 0.02994849771506383553921 0.01071201300707299089443 0.02442078947070150385379
0.0332126510986589448815 0.01694380700974516817947 0.02165656380423409965719 0.02249974139156198787992 0.03754768243411275158161
0.03352526858543764670673 0.01577498711906110198666 0.02561966823353715311251 0.0324870443038482170639 0.02106541437102598529618
0.06131539014028392076128 0.02389583825341734177328 0.03223519881380034618479 0.04159232562894846219059 0.01854991340551544534709
0.01887393796587318733904 0.04866257190522730452509 0.02822869614562922499501 0.0269749753145246511099 0.04993696485104217458462
0.01225236436586729128762 0.02171016862278614401038 0.01820162823827457462822 0.03080124306034449921388 0.03691388508173239213495
0.03121980148971640472988 0.02670490333206846159109 0.02441619137506394893178 0.03474286416522478354585 0.01651518509800573367152
0.033073801667282375083 0.028895834268185316418 0.01164977434211310336476 0.02288524816102565848097 0.02268666748180893366627
0.03449654545366101499049 0.01666765443388357539889 0.02489665676656363860197 0.03326715812411182304764 0.01114344666742140589621
0.02690015319468002860659 0.02222891134743148339181 0.02053367618462701230109 0.03380773990075778417941 0.02010607754665777457959
0.02140078448608787389795 0.02748374707995772381341 0.02899630184793719825387 0.01000051356714773929946 0.01733368838119196328473
0.02084284790445888047028 0.01293955063513793461716 0.01943382110123731409956 0.03138373725124347229931 0.03278700186373116609584
0.04064978026030204721897 0.01658594678089314947145 0.01115558329969053123765 0.01970421492306587141208 0.02702713389788918493806
0.02165956878354853912261 0.01982482931418300467485 0.04232319785533902867236 0.009759827335715644952563 0.02660845762787705098829
0.02586439625776189299433 0.01391155987650968470226 0.01683638609812455541603 0.01267623639221274710331 0.02407634812476754440635
0.02851817134829892283476 0.03123681458971065347252 0.03214491034998959162472 0.02160713222456820542527 0.02559930433008774167125
0.01508573892794720476551 0.02757593338691694331843 0.008578149762221227297987 0.007697176954173210079724 0.02261412238399958599122
0.01118504704220746152898 0.01632492407430966713244 0.01403790996677799565728 0.02694528206900524691658 0.01557590610334169678453
0.01305360007928537020849 0.02267386639748893151225 0.03657494641025829662517 0.01882231419444885256453 0.03187989079532852626508
0.01367789514812100398755 0.02212103256517902738487 0.0244228982590086254878 0.0134011338383597349011 0.01351653726321407761324
0.01950074412637180579222 0.0211998562368092315078 0.02552810170500351139022 0.04742363331191170455758 0.03695805743882666499767
0.02113475966632116093136 0.01455740026224155471424 0.02919785347673737457841 0.02299521320009615538149 0.01927444454048404809399
0.01928879488349873744246 0.02836166131930869041544 0.01983701244386069928449 0.01963079417907730855886 0.01339052913662903791792
0.01822340296923113250882 0.006070035900059896072367 0.01910515870622503040166 0.0181631397812601867725 0.01486683652942378391915
0.01671862872811438402443 0.03325370299895416548175 0.02026863916647544602845 0.01322188069759176916318 0.01064081035308883475821
0.01567267403829664118575 0.03467532040586347036326 0.0183928055491950105671 0.007511295021357572258835 0.01948447467611650815722
0.0185591930206411223625 0.02783115801521532026164 0.0337513531655567536327 0.0288017272098989689233 0.0169500104388703859426
0.0285185047706309133253 0.01929500894525891865894 0.01142225742247969175192 0.01146767845166673550905 0.01864439318050280930406
0.03254601266226532507719 0.03474014726747305659149 0.03391964526832991905225 0.01423192636989823248173 0.0206400145347318195177
0.006331202476989801139484 0.01783862379187699936933 0.0190283012644665988633 0.02503319285545879679944 0.02419402356845765100779
0.02555619305323159756727 0.0177281106471038861494 0.01373932427957856410028 0.01866585891775631236844 0.02458777397197835570819
0.01447752422766936108989 0.007146527772357720922902 0.02547453481672845576611 0.02973349507234298097491 0.01398828830937693355752
0.02826128671221886032305 0.0119327843623526011485 0.01924038036875045862284 0.0228057961151844415526 0.02111921037423823699353
0.01244104857744931201535 0.01417424816915415636265 0.02172456488924110612482 0.02156122960257790197036 0.01510934834711936437801
0.01636079370848789876769 0.02490567093231845635648 0.01966173419607262010111 0.02023680485014243621289 0.02011018564442818012949
0.03543863679383556924973 0.03328615187587086188259 0.0175649930067869053385 0.005362949137844068292491 0.03749361106820690153762
0.008531441210494740412518 0.02497069598407476720414 0.01674803743669050007381 0.03804560644374919281541 0.02789281810249377713262
0.008721366849072971147439 0.01602712401971635031162 0.0178538437855182488545 0.01369938734856811397844 0.01481406299025658963864
0.03012877689997506269748 0.02081011620930877173419 0.03035647970702155806766 0.01360528995203247326629 0.03445127018069097518671
0.03206494015417773318921 0.02076902689685674111009 0.02560005294085308802376 0.01812862621925854719751 0.01361531222890149418758
0.01668930924235129467648 0.02063361861672231498122 0.01903456920381986841595 0.007586498369482341103121 0.02024775422036181535268
0.02442824094925592076644 0.01900582887305215726292 0.0178022408808509863265 0.01445547565442965864957 0.02355583314860944937896
0.01158032354522296053512 0.02703865281491395905489 0.0238119282833304107827 0.01834179354487967816834 0.01490164448659774855399
0.02105746810636972138342 0.03041385038005228746982 0.02343444659015473524599 0.02134270461223534975925 0.005578547891259387145335
0.02976718190726085344622 0.02046381296150635159536 0.0255619490538334971641 0.01714569110617056302281 0.0330003917728420304023
0.01531629027565108679132 0.01313581737531297095878 0.01552356078609359174569 0.01806490390401006840282 0.01762737405121632405791
0.02236852174901458531475 0.01314634008222213823469 0.02499442856036156526689 0.02138706566615951668031 0.02114861343811815994065
0.01831867726891814318613 0.01403929056698482308319 0.02580664618645260588448 0.02427519624445602375307 0.01519381183551311853552
0.01840347036717580528342 0.02148078448307179713628 0.0313588370069388597261 0.01557659567580783367691 0.02666058749464175064992
0.0119671408619915313476 0.02660046875223990442416 0.02130482421802639553254 0.0255204129908893802281 0.01994133153827213483789
0.01986167617049932471174 0.01971397024342597809055 0.005192338240680715276409 0.02231761588954011416019 0.01827368528803498606838
0.03403404171762938051904 0.02877453361436831807962 0.02895663734959286195192 0.01412843973376971991318 0.02289705172210151906675
0.01355475955707510782311 0.0154280286280660712539 0.01042514982759911411347 0.02188865076589522826178 0.004851150928463629150023
0.02018462094749676541405 0.01937570710447171842827 0.03110263085469375243797 0.02276777571542981312702 0.02650714356206888833167
0.0123290033385348388878 0.01494717045290572601801 0.01710935372932667272727 0.02477051543731409108395 0.03645442783480607601421
0.01400798083986676094426 0.01432043872723080639442 0.02551759229803075845755 0.01751572436892416539944 0.03503921387263111281163
0.02465760737629656834669 0.01148442590583607751664 0.01479958695494466673626 0.02356431727120368926909 0.008912853165178676387304
0.01359637656125789288708 0.02173439492481346949071 0.02612334325508334359478 0.01710494643804926634401 0.01563582622615728237592
0.03142404221264834263128 0.01688218529691562150297 0.02217594706467952009321 0.01531532041535214883066 0.01639469294901018878163
0.02452167198329586322858 0.003452867079079559396032 0.02506096806351352374032 0.01737980469272374858813 0.02192848238548231881717
0.01671705973096633546238 0.01924623160537959273841 0.01990634748566084966104 0.01613022488334360168838 0.02472536486723686879885
0.0250852011485252282541 0.01461230031402163329068 0.02053173799154042397652 0.01615522023270200141498 0.0329273173339512809088
0.01761081195385981804091 0.01161812306686525568533 0.0280525587608059998046 0.02285788544089236221102 0.02101626442096946045801
0.01597358738950252834976 0.01569265691879945592846 0.009474672538647208389073 0.01432247965888215797403 0.02164735304765982859543
0.02026522324048668152741 0.00850627261576906990026 0.01255966349534885437289 0.02133334903749682306962 0.02405036631138070951641
0.02035673026769461990693 0.01514529663994907196511 0.01789428862999452654603 0.0105706482727297209484 0.01972506211999843980798
0.008651465625719986785036 0.01606588695742674349765 0.01379483910219527105501 0.01661177921069208890392 0.01339752439859713886716
0.02177217742408514913888 0.005286585872140467379232 0.01528690384962140894065 0.01488508960514100913641 0.02027437749739334493793
0.01744247877107291816445 0.01768074002350846288256 0.01209640019040054276234 0.01155194621761742278243 0.01765502509991580606941
0.0141818707552217974921 0.02970751718591236809064 0.01485010188544376094621 0.01811064728639835350044 0.02091745154705337145229
0.02625398656880857661822 0.02953705658842498832373 0.02631139211684368692246 0.02600465489427678314471 0.02648634161016908891706
0.01040860984448265316726 0.01283809665493958716842 0.01462594007544647245478 0.03245121052199437944319 0.01765035901103735593853
0.01288819778999418866339 0.01181843139302376534394 0.0246944547257508598137 0.02222206083498782375196 0.0103654175591502955428
0.03203925859920873919773 0.01912484914712964459427 0.02146501304637615792359 0.01888681353259918233034 0.01092893386510953440682
0.01317384094330738796008 0.01394062451323131897329 0.01181927124798612567524 0.01648874357407935711817 0.01614611679569487659447
0.02545922636093830154769 0.01124203718353659377238 0.01023278570589406660796 0.02331217346437597370823 0.01275309672285819539983
0.01717146563870829839571 0.006408328435568844475001 0.0116351547229926414323 0.01207199812519280622547 0.01386120684892815958789
0.01271205577595514377154 0.02072758700774490758789 0.01328154513483151104303 0.01550051610055242987118 0.01125373923554726617036
0.0184057606896703036814 0.02072979076611794826968 0.01114851761194097200247 0.01351151367423820276459 0.01336985964751763629466
0.01520894630930952860781 0.02273672848159370360466 0.01808567576313388838849 0.02664067767538976297392 0.01812130027161864762042
0.01580151521900326552772 0.01566058312985290496 0.02707100826717761740681 0.00501584924908467840593 0.02580717043541452121458
0.01976053580371986417852 0.01331056536026278477869 0.01121880779722761109496 0.02350267804354403203271 0.0166057154404257827085
0.01899348083128338596226 0.0264088066952641482843
