0.2204953563927316284587 0.2308880499743735936757 0.2567398912051176984583 0.2742387641109490514779 0.2855168602307202596613
0.2916243968204310088588 0.2978336181290958117884 0.3145673516199510300062 0.3221672633497701387917 0.3335556105827768846872
0.3361643455633070431965 0.3464417456301414066644 0.3510006213552596121552 0.3498526168222669818775 0.3533436073747302508252
0.3616234574905307641579 0.364150197983393097978 0.3738876839490236081431 0.3703255808242890134707 0.3826540663869058556124
0.3802788060661854152578 0.3812563475270174251364 0.3861955377527284127837 0.3905706509972076134751 0.3885688254527580598463
0.3964906316442325384664 0.401833673430425031281 0.4022239623064018387844 0.4031842399469282023361 0.3994050201211628570164
0.4039050634110131210441 0.411957001954828483381 0.4092298884942279779686 0.409313422361350653933 0.4092718715205833079906
0.4103711532800422001621 0.4134648224927245929727 0.4143621489112568889723 0.413447587522377812963 0.4160327786712569309024
0.4201849506227293695737 0.4146309501327013480321 0.4207091631974727574672 0.4176830954018772579239 0.4229988702688873281055
0.4244485767592892089262 0.4232985382021259845864 0.4236309792452417344322 0.4183299380354822405437 0.4239670141842442063762
0.4247440684974118640937 0.4276261734435611305827 0.4372569433880097444778 0.4395195662286265902985 0.4397174179536983418259
0.4429874870027772360004 0.4377472165110133928145 0.4420509665111241326407 0.4402349245563498825184 0.4439510386810837094806
0.4459375603576185009835 0.4456311662712683085985 0.4432116060853626415827 0.4464025913436293069303 0.4439931769369101499656
0.4499071524230112695264 0.4470924004929685557919 0.4497691761826296819038 0.4490394076746882512374 0.451845569153452752964
0.4508207008052120823294 0.4524740374013834776079 0.4503165052048985206312 0.4520672255342436107739 0.4527792332678577391647
0.4541157198824575802476 0.4539463429570508856692 0.4554212304402636135592 0.4538061067001823434275 0.4573675673864681101577
0.4558697716481575068492 0.4577348609935950052297 0.4604739910450278417287 0.4574202945182598845086 0.458352963460482099034
0.4578733592416537878655 0.4598984901619415088803 0.4618992502241338615754 0.461317525046993248683 0.4628517451712715891077
0.4631183032932922882807 0.4635722735132694616311 0.4650082436655538775661 0.4651733064878207368764 0.465933559107590045123
0.4666512519496615607473 0.4667957126580601356913 0.4653514749757331481206 0.4676395099719241610359 0.467848957668645371033
0.4681621427345142860688 0.468341764046522279763 0.468320969140769871597 0.4718170720847555954514 0.4683918492153014145885
0.4704925375718528313129 0.4713684091761948247168 0.4760212525163041163978 0.4752468130985754712903 0.4779805932358326958642
0.4796655706982717037867 0.4764159144116398847402 0.4804503668829919194039 0.4793939282041800309386 0.4782141732118538324237
0.4762354910213462688695 0.478069430449621468604 0.481208202402384044305 0.4823499860454094068096 0.4791351882172757425948
0.4820845464315114403675 0.4807493623602999699429 0.483049398181215006165 0.4833809357151680474729 0.4830772222197683429812
0.4829955912605826684469 0.4838298796721915429053 0.4808490264861690621778 0.4842995004620650467686 0.4845461037056441044868
0.4836916165087851715576 0.4856405545516251365257 0.4847441797715978939465 0.482514984301309513004 0.485330160212213923554
0.4864416289482297872659 0.4866757306049093734224 0.4885264291737518305148 0.4884383864843485079099 0.4889223428540169225087
0.4886838402194899622089 0.4878285513997117628371 0.4876763673128777787369 0.4894102439713294838697 0.4885076197091132166328
0.4886650166467310096863 0.4904180037077039977511 0.4901728695015121761713 0.491440653038954622378 0.4913837933189203477369
0.4919209478214863762169 0.4908482932475239923775 0.4916010022538153112492 0.4928586836246091618108 0.4934512787579690695772
0.4919414167278230443081 0.4934666909588906746897 0.4943993292158750940679 0.4931875429845317682087 0.4935623456037883660663
0.4925247306780455858188 0.4935282944074236288756 0.4950877469218139537155 0.4926811981371613802239 0.4970957731243408894706
0.4981644047643413175663 0.4978952983054578673716 0.4982434467441441694469 0.4982658937487335348848 0.4969706411031404313938
0.4981715792293513467293 0.4993883342306209005557 0.5003317192260048340557 0.499695530147861000092 0.5007607931251383259763
0.4997605724701693064027 0.5017012129064470915552 0.4988527140433134943187 0.5015558330909030138045 0.5002866000167647264618
0.5008725614167202078164 0.5003462008108388037186 0.5010579705150546292458 0.4993334903806896929446 0.5020697169223786726633
0.5016764721259271420095 0.5025642689431518705945 0.5020838640508009653729 0.5019068008466105457188 0.5027719832361146057309
0.5026577963971864404513 0.5025561783871590471051 0.5035861236697335430179 0.502541642285655232314 0.5029691592256109178294
0.5037309249641807040732 0.5030358978448106199721 0.5053190159165550365827 0.5047670972635368569215 0.5026474470479562750569
0.5055246369342019097104 0.5054633370648553558624 0.5043438514717329956838 0.5060787974809810574328 0.5059113281240337212097
0.5055222261023750718323 0.5065799131812516176154 0.5063274283886866067306 0.505319777045770357482 0.5064163063769223649402
0.5070802858110128319424 0.5065274884252389808736 0.5083901910167273330288 0.507070862416647782922 0.5063193604174739403945
0.5067343072104001366895 0.5070212741872434092372 0.5066527553791941862471 0.5081668616479684263965 0.5066139153314832554997
0.508232230236688176106 0.5075467130890748412853 0.5088790768310849088607 0.5092597889012938638942 0.5089753495453586129571
0.5087012883561224940721 0.5098070515768018395875 0.5101610205668967168435 0.5089610856116938419902 0.5102205619667693481389
0.5108657593175831568288 0.5104349260796506859705 0.509617759561224792364 0.5106284878115506797869 0.5128713442092763807878
0.5113971728085271450936 0.5111786913875820959063 0.5097038284087891391039 0.5108897954427396026489 0.5109650684426537692318
0.5108449658073345167608 0.5113858292649416936726 0.5126204935015052921443 0.5125502951285868524778 0.5110714080001328429859
0.511825849700843438228 0.5126710572051438319363 0.5121293984629703421874 0.5119975667918159611958 0.5129567438135120838183
0.5146076954015436077938 0.5120727560632604147273 0.5129450994640480931963 0.5128625759191455246722 0.5134101206750834034409
0.5122785744070356139801 0.5122664415021870309985 0.5134966828590723508796 0.5131110085433457923543 0.511822921864124147362
0.5135289867760561843824 0.5118698191014466880588 0.5136499307175530493197 0.5139507657915868277243 0.5144201065368688707835
0.5137882967461842032009 0.5132769772634510063725 0.5138824660250396192396 0.5144740482873492171123 0.513881152742485913798
0.5143588145638511299751 0.5148199153622192714153 0.5142428661286211344361 0.515098330091604883485 0.5149075018130750969192
0.5140697485242324837884 0.5150493324345832846234 0.5149108410277114522557 0.5164133899424889762031 0.5165422058721572673434
0.5155207692732651780787 0.5142416655192123542406 0.5157397001851977691445 0.5143233178690491680385 0.5163753680655345235095
0.5156391333064664905805 0.5153373129347150749524 0.5156238803270737358631 0.5159287947566160159596 0.5159883626720414007139
0.5157756580748320551777 0.5165912131885769253969 0.5150874666636844345646 0.516268864589600862125 0.5156415190512144697266
0.515301533971696312797 0.5166464721924436398481 0.5153773314412593009592 0.5166600712998128397402 0.5157753351805223207549
0.5162683790556522600568 0.5162482273195907467311 0.517226457451239185481 0.5163776408737632550583 0.5168645855261317922924
0.5175730956433907126168 0.5161653728951861586083 0.5172104559830569270318 0.5172004003171478681011 0.5171136696482729888658
0.517243757998224973349 0.5171721537383594524684 0.5178147086493097850379 0.5159707681712600857438 0.5164471019814491636879
0.5160069933544155773575 0.5165081860999926055555 0.5166072461389816794508 0.5169650345822195403045 0.5176513248863144900369
0.5171414989934760564338 0.5181971629146324698212 0.5171514545454864997254 0.5170394292575734018769 0.5180664721825223306695
0.5183606726528859898195 0.5177275860905862225891 0.5174402283629981891266 0.5171973136573151386131 0.5191650611341430687773
0.5169080968104153850362 0.5172436143362905136556 0.5187642817908353354284 0.5184857061022689617147 0.5177491064681886134835
0.5184898603459003885163 0.5177900184960579910154 0.5179629866088535372626 0.5183997401993462039727 0.5193302862674552544675
0.5175311021548846257545 0.5191174973232473011109 0.5196822301043794167796 0.5192570253628941978619 0.5177498482428437576175
0.5180601441383472227642 0.5180482190573414413848 0.5192864482096417599877 0.5185384522462376244434 0.518140268196962461289
0.5177551874120582819927 0.5181393171681827336528 0.5186600143886528346826 0.5192935739969427588747 0.5185277998596393711495
0.5176119972433903537734 0.5179957629237229577157 0.5188460454755648987302 0.5193981888114409528612 0.5183740992688739002148
0.5185805081379480929726 0.5173402481557394239076 0.5194579129566063713241 0.5192247721346652244989 0.5182442940737737036017
0.5188333409630182524452 0.518067222963389695245 0.5182398051797268978547 0.5176980372990427348157 0.5183610897478581058806
0.5201616528485518697877 0.5200810342140127495725 0.5185586364225092115277 0.518633444653334385599 0.5192486830373509443248
0.5183784152309187653884 0.5184785742923179174824 0.5194458177765778339463 0.5198449369315875090436 0.5187771523115409788574
0.519351636825721163504 0.5184439935453587500191 0.5187013615434229452106 0.519541030817586291235 0.5183252999568072061365
0.5190208613047062602419 0.5202201638732064647996 0.5186561335543483641786 0.518909989202432142541 0.5185956334439311143925
0.5194946655469081520096 0.5202590117097529720525 0.518878910705349749577 0.5190425441988349986033 0.5183295545121503478114
0.5195818555658975324008 0.5178547380985062398295 0.5197468587807607676154 0.5189533163082250544207 0.5193773422531630101773
0.5190906317276733350496 0.5187436696536135150026 0.5189191324736004418128 0.5181828623108533093955 0.5203464706630621661176
0.5196978367867202130981 0.5188251315241282357604 0.5192723636091347572119 0.5194216887572257190797 0.5186252233173335168814
0.5194965108070900283721 0.5196488464600854673137 0.5200052504286694077251 0.520136269926917527151 0.5191477721742516759917
0.5196319676948571997244 0.5181600651635384080507 0.5191171513462968789554 0.5178625467718790398308 0.5175417250574295691123
0.5186993740936786112528 0.5186434501943548713854 0.5173064741191587545543 0.5192090313539733381631 0.5184379207154904412036
0.5190136872026487324661 0.518913660669871767972 0.5190199219400410957093 0.518392490494710145299 0.5197569240943583634973
0.5194548367506478525613 0.5200252267622761381816 0.5182925065145943532841 0.518232767473722488738 0.5186990518028787855442
0.5179639462843794728286 0.5182443577574161741595 0.5183064381468946990594 0.5190008951696266636944 0.5198720841378043910908
0.5195331759677098704131 0.5186884239000431051636 0.5194396209419976928601 0.5193561263617231249512 0.5196077437137194277028
0.5185118737750205042403 0.5200424503619814897704 0.5180457502198408947791 0.5179789927084633704979 0.5197952172067785703291
0.5177331241698917008165 0.5193989483438612442256 0.5192178753898977205949 0.5182279126008587644137 0.5183122458836345591848
0.5177969229678232032654 0.5178949653449056444998 0.5179393986621206869003 0.5185478768911895297578 0.5186359679897882823951
0.5185200147084433330846 0.5176061410917226490724 0.5201487546371185155536 0.5189179114848779805769 0.517801671873422075798
0.5199305883017677487601 0.5182319358821377841551 0.5185220487932926669572 0.5184867893224495150051 0.5183251050947418336889
0.5196154626448586943965 0.5183159705857459664813 0.5180924431875592039987 0.518208624603333278813 0.5189628863756065024759
0.5178007895374837632474 0.5175802130544066015361 0.5188894725781881822613 0.5181510465170353629816 0.5188823535015776311496
0.5174223583656507585715 0.5181160069840040627298 0.5175671975041339356594 0.5170758817485661129609 0.5180148296828667175973
0.5181754828804540080611 0.5181968126544640451669 0.5174677069616108182615 0.5183434935094805018352 0.5173371326624216504086
0.5172356067517184241566 0.5182331702710930576572 0.5194735134147874244803 0.5178702531041469159234 0.5179775745989980695327
0.518135700758648565234 0.5187948857924847834155 0.5178213445874160214544 0.5175087365461877864092 0.5176915222833153862325
0.5171279234227619259201 0.5174568355986887135955 0.5169555583112654950639 0.5174046687908883113138 0.5182186507768710148625
0.5169920999534969308087 0.5170552603315656803318 0.517843899714913291632 0.5163635363969442115817 0.5189846966323288235401
0.5184644693679398841368 0.5177126912699338001644 0.5180498801193393898501 0.5176354653943643358005 0.5174873926644586452639
0.5172402902864458029697 0.517812892679367142712 0.5182044560689044176982 0.5172572261446104491256 0.516573964573574850867
0.5182062558922877482104 0.5173789130987975770637 0.5171404596065125591764 0.5177949675121285011414 0.5179264954993321179444
0.5173775783446461495885 0.5176369959777155083103 0.5175461257249203139708 0.5173760196670376121375 0.5169872399691745057382
0.5170030354262434846291 0.5170832559508247161517 0.5168233468632597027437 0.5174354837184446109788 0.5163098507878414178407
0.5169579614213213325513 0.5177901956862317467412 0.5177033172742042665959 0.5171410574139386762127 0.5176790363457036692196
0.5173351538724297871141 0.5176741459693996461056 0.515883499750832141828 0.5171413941403780745176 0.5163101448833081752454
0.5166248864863263179359 0.5167360208189482051466 0.5178603128319335668905 0.5161457565254012891387 0.5174217681744316399417
0.5165677009020925858351 0.5168168353693072258892 0.5171473541094148140829 0.5160578067409378189012 0.5172267486874797537411
0.5172855540735249446627 0.5162559578177502439544 0.5172978205449166866359 0.5161491151100559005016 0.5155569303060154595642
0.5169384349417114332681 0.5151152116997993468672 0.5158532632144823271148 0.5169414543925718863449 0.5174730509774904119169
0.5169064606980106058032 0.5153983889285934649749 0.516130140889145438976 0.5169418959293896609353 0.515730667092350936187
0.5163787165778074284006 0.5178595846191346163678 0.5162004491599789801626 0.5152816758796738838555 0.5160761291207099921152
0.5159759880836847223406 0.5162078741055059483145 0.5152911197581045987803 0.5176149656784857500114 0.5166109067507070884417
0.5157230760267985658629 0.5154396203571613988004 0.5169707311933927629255 0.5154607752883680893419 0.5159736552093884265346
0.5156207990113176320435 0.5161193292942831689629 0.5156137234533829660776 0.5162861862627124986957 0.5160243190490940712323
0.5173979772322567782794 0.5164169495212694860342 0.5158119910751173264885 0.5170007753757456248067 0.515313879474599279007
0.5167693682707688029865 0.5146819174814630803994 0.5151441146172511809098 0.5157175907256489333363 0.5159263511299111426567
0.5159814009038110604877 0.5153977529771549548343 0.5148747146540637587009 0.5152446191145154674729 0.515143597971599920271
0.5154755413340248448861 0.515564230009332269411 0.5157860396142081027548 0.5156592063049475482828 0.5155664839575054836374
0.515863426887125831044 0.5138092596067822537265 0.5156933193625014011374 0.5151717271524276497985 0.5155335259934648028946
0.5155843816129521695046 0.5154583036386783945204 0.515940291933503103472 0.5162369634408519036839 0.5149309250946489946443
0.515491133394719858174 0.5137227989804101779825 0.5142101372592786656668 0.5149976161928757623087 0.5151497342885721364425
0.515568854731269565761 0.5146169623565144402022 0.516084081766660207613 0.5149470666433787480187 0.5148984194840852124386
0.5147640926562360164098 0.5135620985599050891679 0.5139201005297395763449 0.5153033570949817621099 0.5155434961051776898699
0.5157472151516508951374 0.514124213854782352584 0.5148431790394537577171 0.5148059388872688879601 0.5152097307330799624836
0.5144003753453167959719 0.5148762916307636494651 0.5142827315133162713323 0.5141282955529717924037 0.5153026328459026084161
0.5148322305835399959051 0.5138042735241525882373 0.5139472088268691729596 0.5151748339549544475346 0.5141544521828581570944
0.5141470124010554254568 0.5140391781678290694657
