0.1792639392707195689081 0.182346961751652020256 0.1712101128130938121341 0.1640957891034793003637 0.1633178184928566478717
0.1577374996900998693761 0.1590357810488256529169 0.1459729183877695180005 0.1374691975355541995185 0.1348079906073549050216
0.131809108681870790214 0.1310728661396625693847 0.1264476701743587616633 0.1229274202912304658764 0.120371965619677001591
0.1185089011140647852205 0.1141804412862714029897 0.1101144746609502705903 0.1104007799362612812777 0.1029761678095987426085
0.1032988208472299385132 0.1017748025702072123266 0.09525442920268445412546 0.09407719792050985019305 0.09538842570274824739229
0.09018120002281589109305 0.08301172855501362524144 0.0827503392910575175101 0.08144026120479901098559 0.0858062386676609889502
0.08483074110735484840706 0.07342793598005024902076 0.07638447474833347239365 0.07424776806326960354454 0.07646315646920250064245
0.07427491128535940179134 0.07211754291516903059289 0.07622732491731171178273 0.07000147212922459838413 0.07022949696920841033965
0.06541304862734843850181 0.07188177971767042984119 0.06556799956286296637842 0.06970061062431541498707 0.06491188513080470290362
0.06290917071345593358789 0.06637314176518155361961 0.06450221999412751594516 0.06738492526164864548921 0.06200075589278983279051
0.06600595500095748913161 0.05959269838717180106658 0.05690353603912933627695 0.05071952214774008704801 0.05264900995682353368466
0.05139547695602282584293 0.05395335014150108576825 0.05161717605428010891 0.05018238138675011617007 0.05053240346776851493749
0.04807158131985726085 0.05005886667240930232303 0.05238125925547782585356 0.04692484146256675758835 0.05155926265513168654797
0.04875754583090707861004 0.05078619553540763414956 0.04636300654977942165003 0.04812058891913942315632 0.04537271942813338870826
0.04489267979875750935737 0.04729627985136422574364 0.04552104773638295659444 0.04420434517481079683687 0.04666130782922706110583
0.04532264020562667278247 0.04378944073189663943602 0.04424979034575357572656 0.04399587803945956276941 0.04435993149018298969954
0.04533627971139434637005 0.0430436177911266149021 0.04284916529653901018371 0.04440509556510881944424 0.04121421279473240495417
0.04362007019848155447983 0.04106291224046376697743 0.04148810954787621879669 0.04202782302148098253491 0.0402537060648135019969
0.04134559310591848918515 0.04091890700665306440653 0.04404094191788931328402 0.04104273671490581143484 0.0396006975778560657564
0.03863560183515247353769 0.03795426811270493500095 0.03886729995506225249224 0.03881592948080810762113 0.0396720677237322946751
0.03786975078117945509026 0.04009185944528605161086 0.03922182294506622313168 0.03696289897339159052914 0.03637638645960532962631
0.03898164632946442276218 0.03573703703849092500056 0.03548489000954097027929 0.03584268144048509407984 0.03414622646482114859401
0.0329644477568626914632 0.03529659702068216331483 0.03367968529617730577552 0.03416226708985191373724 0.03460736217281892845854
0.035291761950426922545 0.03641142043042435577638 0.03341896035082003030281 0.0330989596617913828247 0.0348277545587682216266
0.03350618633400018891999 0.03368103961552603581309 0.03247706427478634638728 0.03276859946341774409984 0.03299525204251368970532
0.03463691875354388965969 0.03264008746132317922983 0.03339726737121965355337 0.03343429891553579419439 0.03137991216207079714362
0.0318367752458340869115 0.03155215463184491558879 0.03272345080268446171345 0.03228637118989940296698 0.0309846391798518742966
0.02972540637465816495966 0.03131250259545420577822 0.03104391608701163873807 0.03191536165308523492756 0.02987450667749119020966
0.03158820832204241313423 0.03221729743335863954679 0.0310929277092585748532 0.03052373911671261985656 0.03113778922991156800082
0.03121205357516665737649 0.03100124669580911832001 0.03090279279806979265133 0.03129551956429020564965 0.03066456007603802699779
0.0293669089278923364783 0.02976804642898692176978 0.02893605458565204693877 0.02824837935362129945349 0.02979673699792443827827
0.02979921558610562973279 0.02835750901639237306351 0.03037911069697870822259 0.0299226593323309239536 0.02874718986681698215668
0.02967061251239851843442 0.0290548120835073080126 0.02830174279276211068979 0.02944560523826427259064 0.02782422726872500751139
0.0275165180692846962629 0.02940061560786275118851 0.02746767266774980190136 0.02787760290034325266761 0.02714381044006412141423
0.02799080894560479135236 0.02665578905314783947356 0.02700165711316555167132 0.02661957800858251801945 0.02555440747100916343282
0.02687249448674904409029 0.02651788092102612404144 0.02752751219854137482157 0.02681623415781167474314 0.02600366323453869032978
0.02828989947120382278389 0.02668327686775917931272 0.02560761979573488930639 0.02683300317175817475968 0.02617971953620326641676
0.0265936804229369681829 0.02558415330593375586199 0.02594155193774779974425 0.0263907849555860864188 0.02705149979262411880088
0.02697790763316264273097 0.02568110907971952322493 0.02517107197753751940406 0.02645385012951120135005 0.02519937924656926592215
0.02602740414534905968869 0.02565172946099230147365 0.02466786048076772402959 0.02489670649421663398138 0.02628762789277839725943
0.0245929020361896170932 0.025148683217175376442 0.02602324723041695916925 0.02616050633850993539786 0.02475878397015583015639
0.02533882874090503251052 0.02535971184322264107558 0.02489893238674502004559 0.02601998143666333848656 0.02491222832161074304813
0.02440254446344413200021 0.02469411262826985350993 0.02526739200726564604782 0.02474718422414655741304 0.02471054532825383773242
0.02496421654579947940755 0.02607689748175201840952 0.02580947824858501049583 0.02449913783921346330241 0.02459473339343854966788
0.02411929208595774490331 0.02410253151190982698338 0.02436952559733936499176 0.02416238972806058343812 0.02434426504960794310217
0.02405612659260997557298 0.02341873793961868344127 0.02392207734363863136373 0.02311578047214630365902 0.02509844592374042490657
0.02354074922757776189286 0.02415133222002887117275 0.0242495768964238016252 0.02455245201419667053222 0.02388684775068449644975
0.0239762524916313744805 0.02302754479262445266863 0.02375400571451420639324 0.02393239769310337786146 0.02354561525658970672081
0.02361996372387273335214 0.02227849531886341369336 0.02296536779193655841702 0.0230597946137965602309 0.0240546829422963875933
0.02343307951011622605741 0.02260364734046311704918 0.02289766751022120211401 0.02242966480408889462517 0.02274042974345431497585
0.02261661568477337305727 0.02296755602076303026671 0.02304234799662759763939 0.02187603189840652342935 0.02338098035715321237893
0.02255172151745997097261 0.02279541700294128100945 0.02303325636580519711338 0.02253992504564145474277 0.02390412295373285991862
0.02241608320716000773976 0.0236192847205162204105 0.02195135786773510025438 0.02275708291427092425097 0.02260436071729829757282
0.02255897114814590931342 0.022274009078785964727 0.02297447670408317779711 0.02294593399092132932071 0.02235427900097863504469
0.02270060249710345590124 0.02287191468797345958452 0.0230037625582231695931 0.02347310579263858776322 0.02268366069596955761356
0.02354752165286757778495 0.0217029591232526034017 0.02275204508500297539975 0.02142834138811801000801 0.02172316465390491599385
0.02302833739771114468509 0.02225289130350975586037 0.02196609050996650713827 0.0223300626890144821024 0.02130778480848861261565
0.02186482602482278658762 0.02145618845114008813035 0.02178744533089202808918 0.02237977084868452218314 0.02155340781510096948015
0.0230574033700094056798 0.02149135203555812070886 0.02142490616072109319012 0.02237766388998532751664 0.02123169651179345959746
0.02202065851761366571671 0.0222309718193747368753 0.02147431023263343327634 0.02098165903883732197333 0.02228323816888907668576
0.02136226504933058309432 0.0212670271339296737545 0.02091481078067596033332 0.0222915616596477302036 0.02225833536946137877766
0.02115707332559802963945 0.02164436750782399582205 0.02079159920870123426373 0.02111291116984859161931 0.02252204643146188053904
0.02140729073678089913746 0.02143955163421924423051 0.02108213843439531859358 0.02110873640819289215331 0.021616251717345488087
0.02288300241817533414723 0.02113287481211631457789 0.02188827416961786412331 0.02192065060409245993989 0.02130816887825842317894
0.02154491059311034947821 0.02160164591950800710984 0.02188473168233273646877 0.02039185721956885202766 0.02001898695635251010372
0.02127405490595271272958 0.02093362047389997135372 0.02208473470729595267148 0.02104385535809339888291 0.02226020929346698290496
0.02100958796874607265037 0.02091525331470634949116 0.02083370382679148799521 0.02116409527712606944427 0.02080920015715971571613
0.0216203960231005284931 0.02124679355155256049725 0.02113398897807321208386 0.02033760505518863656582 0.02090042542842551753779
0.02056899451961026470403 0.02077504492299203989192 0.0217662465691009880675 0.02057083686181868445453 0.02113898070255953651198
0.02133916965562312334503 0.02096975564157458130077 0.0209403269015864049174 0.02095889979250097762131 0.0209442525512141611288
0.02067806909901965042864 0.02066770656732486166618 0.02018239669253100304624 0.02161643454661545116213 0.02109746417641345656024
0.02083570590431556984745 0.02060475134001366753767 0.02085231263047315070081 0.02034102473975428829189 0.02079576140820891747008
0.02049761293500217823604 0.02110525587306621639327 0.02013971548224519417247 0.02030884071795009335193 0.02076110269931544585753
0.02011160444205399577822 0.0206348645136855204929 0.02054702257095274847698 0.01993520478212502597404 0.02108739737613259113136
0.02021450092611871626747 0.0206247456061971860819 0.02018691653626081966566 0.02102598174520100074436 0.0203126485458173175469
0.02090119443307248553454 0.0207929311685402379295 0.02041450679781480620489 0.02025455247403820657759 0.02185335597676553096025
0.02158580587834252675905 0.02055649462018091858106 0.0203401551959760187871 0.02082595305043044922599 0.02166914747663629611796
0.02016903560227594621734 0.02039638906449764074735 0.02058958496303354285262 0.02123562872943235077527 0.0203329111702323997446
0.01974607778799426435756 0.02046986550883979003035 0.01929593729681070360393 0.02036027731537038559795 0.02027369637408671376733
0.01934291568009530518091 0.02055990660503685327209 0.01929628388244433029319 0.02058155564450267829835 0.01931195705171406123979
0.02042878462526137237076 0.02088862697188644326762 0.01946364373399754252314 0.02008365116722101925695 0.01934890142140626226319
0.02047707827480125392094 0.02054450970962160699651 0.02013019983948748092839 0.02029756660707073695482 0.02009506694058556600102
0.01975865742730696303364 0.02008094935029070340904 0.01935425972306377764842 0.01989311176823060911545 0.01965813594934875951914
0.01927772088840397010645 0.02023359868817943205133 0.01997062772523367640831 0.01986362394612009585337 0.02029756369886516476075
0.01945617126185763753887 0.01930150658793895399046 0.01932458985017806302187 0.01958701888720272218936 0.01929420626542425673544
0.02059732234720584170828 0.02002247264082748778868 0.01935592527275688951027 0.0206487854907101801849 0.02023952741794735055159
0.01990855531519149235198 0.01982201679163300700459 0.0198131333238681268949 0.02031152571039042398215 0.02030029466864341144983
0.01981118988427014310227 0.01946208553380717604098 0.02002944535708954532094 0.01987533069834896207184 0.0201128214035237277979
0.01982958575260496819626 0.01948962548568321587195 0.01867891234390499713425 0.02017750311972592303089 0.02021779106335457737442
0.01973427982439559386085 0.01959516125237002748261 0.01959854486537572146321 0.01953538445443886786834 0.01972935702642723138078
0.01988581655409747683816 0.01948683669286760747341 0.01942298605039443487597 0.02034983222086046011912 0.01939710715121401030103
0.02003444492225849027367 0.02015789577952498828894 0.01997894019316933181263 0.01890784639247328896561 0.01993630169272139415759
0.01926087193404531563989 0.01981881423008055240209 0.01975699532534076416357 0.0193174780319740335699 0.01910171915130638026215
0.01912358684767928584947 0.01923201115538982972075 0.01877632025023785733442 0.01997880103425199102563 0.01953401441383295633614
0.01874797745573317242496 0.01973574468141075025085 0.02038789920572783506691 0.0192201311498142873857 0.01974934113944614919034
0.01967322255759287527588 0.01970520431465376878788 0.02008033410685737193968 0.01995808988254193713785 0.0198325277945664742163
0.01937631635547415118181 0.01927131059570630702837 0.01995199614085456374379 0.01966575117358040913906 0.01943099761500810540582
0.01998137323840276646791 0.01928089063557433813223 0.0187672537617548235156 0.01935195813890673577351 0.0202010204488793330968
0.01927801185220764587647 0.01796988943545556327575 0.01933450708461255038162 0.01906136682023226724958 0.01993981340344667257947
0.01971290155066596563871 0.01953580952222441768917 0.01939373123711119611956 0.01951575270254509233969 0.01929930758352201708439
0.01986236967214591309094 0.0191429825442964440807 0.01985723172134338035399 0.01945020158435896429072 0.01944342145114758696467
0.01955930660148368777085 0.01867008800829170547808 0.01945503880390313938831 0.01944413769634324024027 0.01982352839771825761539
0.02008657805755711955875 0.01874768198442218827826 0.01884620445781860081924 0.01899441571129927008865 0.01939960186791409718632
0.01926574641921530856026 0.01928779201026626505255 0.01921371824781505435742 0.01929793525651057189974 0.01877962910656519324171
0.02046464545881744589995 0.01856373127121751717694 0.01925356588548825936824 0.01811164331317373019092 0.01970887683962598349585
0.01854234426833019713787 0.01884821871299830267632 0.01925695139016891585526 0.01856653715117455999417 0.01957931295773888621947
0.01934351855774404937982 0.01944930620496445120016 0.01935998102297320846987 0.0192114755809667282771 0.0186978726272077795667
0.01907203311145282478845 0.01918272805071070952199 0.01892378236459700893701 0.01860539892168346087775 0.01861404853489521601939
0.01936443185698907831771 0.01906450212149443657061 0.0187891282794201489037 0.01909068305817433058857 0.01833542722100791819151
0.0199031188826538571468 0.01881062175281021306428 0.01881760464131861793069 0.0189658780696123109577 0.01878879352326161961129
0.01962737575575447881993 0.0194518085679153476808 0.01892287122346276995177 0.01954416847416002439575 0.01829846186208467992418
0.0190742262424868913584 0.01857146401294685472694 0.01845142377291194776823 0.01965714657411605711945 0.01929988378270238585932
0.01929346806245904946686 0.01855580313879753862061 0.01801250703694297003454 0.01842856493673812254275 0.01937289833885782672218
0.01891575824745881512223 0.01801355646265254822902 0.0187932599638461726721 0.01818955095631250365451 0.01835488966094044396837
0.01896406532118221494043 0.01894862584682109260537 0.0188317903773429912162 0.01846035381525404014957 0.01862551012716559192817
0.0187686204406913893783 0.01926652340517124098462 0.01915770829428910249081 0.0186053762905067504585 0.01907275439844219669383
0.01931631751947768954603 0.0191502841904533822881 0.01922963450320818237782 0.01845797731572870054029 0.01816142063230500106052
0.01892701886953306739114 0.01856231526047948804381 0.01895454558648277873512 0.01884178962565034171073 0.01836030124146981537536
0.01785292548101402240746 0.01743443360067238948052 0.01886638189504116769335 0.01852834066566190485137 0.0191680266088005007985
0.0186133345886069084818 0.01965286220484881857251 0.01898129582521143263185 0.01879555153959176425071 0.01885269465298837834877
0.01893720012490981985387 0.01910111587776934516381 0.01902952624677840473555 0.01881520405598899672861 0.01794360532420255505137
0.01898262494367937772144 0.01892961778452568674669 0.01920574690890560973222 0.01904581317984788482733 0.01819474538678286096305
0.01844326524514798906762 0.01840663198935692246305 0.01860482910499555025963 0.01811936101254341471845 0.01825799111034083835325
0.01848256529275289425374 0.01936225908747498530849 0.01847635995080628562581 0.01829474602912880415451 0.01854983039999145988386
0.01883965547383541910831 0.018835388014341068047 0.01895818783034646654029 0.01950763366834542753003 0.01945772492992631219622
0.01861273028301649312688 0.0189688196585470793265 0.01788332560857409589405 0.01934352789213744649999 0.01838044115792402538601
0.01819399618262131437807 0.01938837156918116547133 0.01868583844459776807656 0.01886036143438423601237 0.01834764373720998084649
0.0191362046088604936811 0.01895523491149365274966 0.01804491689650182875693 0.01870838421109127444608 0.01823177244919956321856
0.01904591816621674024712 0.01796177676453171098703 0.01847184303147209050167 0.01951893499010941973593 0.0178875717969461597856
0.01822136253788817980559 0.01803565644739167639354 0.01859484813451432738685 0.01816329936577821754784 0.01824856868308048774008
0.01894305961471782692729 0.01909851848014025924027
