0.05095915796068178904576 0.0606551243072613807672 0.07137513698833695963142 0.07608765334591681417375 0.08206801745910341505663
0.08697640903447888260924 0.09164519653438663038258 0.09385097575697896876701 0.1020832268160617728459 0.1041737936728693442179
0.1091383178802942666152 0.1158296357839720264193 0.1175312498667572536082 0.1184789284352105315223 0.1257632106044287434443
0.1213447658200474538193 0.1293467059316199263552 0.1271023423685190001375 0.1345420418312679444739 0.1405183447354149683939
0.1391881418614633880715 0.1400597515073146726028 0.1427218529063606911045 0.1411484397849134264646 0.1486675306110444572116
0.1539940692684119982747 0.1557865630750508711966 0.1521661636121617866557 0.1551268052748398518226 0.1541244599798500258814
0.1594181881033536474224 0.1602402554123052713653 0.1645364325786842496502 0.1650761620324777689817 0.1655210003879635793922
0.1675326905845656022542 0.168080318538462225586 0.1699851838138839998926 0.1743572138869668164407 0.175892922750928659692
0.1768415657637197324625 0.178395261897514978422 0.1782256185475647181082 0.179660325614120208737 0.1756313416635815749522
0.1794097974587451627126 0.181837500884040575988 0.1841069143246473194253 0.1846730677626057803842 0.1843078224307369838986
0.1884170217423882520702 0.1877563318359981581196 0.1996470989635837911536 0.2001305746293180476414 0.2002175357748498529809
0.1994496057330017446674 0.2012872876698051927136 0.2042754672854799613546 0.2019707984242163634203 0.206262334075933084776
0.2047788653188388763304 0.2082989416792525860789 0.2128157768711853581323 0.2084535537693310847107 0.2106517066545439964553
0.2093692464711690848223 0.2101770401305685931348 0.211056152717730094448 0.2128983942073176816034 0.2136224504484546815597
0.2130440469242980694453 0.2157163209809001003237 0.2167468241145673046866 0.2135902330971104767787 0.2170859725069542445208
0.21687533457251587099 0.2182706770732814605118 0.2207091822636753630782 0.219859104622338680235 0.2232373917698102783191
0.2248412572645515361547 0.2217648253557467086239 0.2233612432867397301628 0.2243646713823266580778 0.2260171613473525298321
0.228240933885134111847 0.2267653824085084923734 0.2312891384449026754844 0.2317085338823745566117 0.2307160988359333031461
0.2284231716404136469656 0.2333491846688745541272 0.2307652526336445297783 0.2333971629435200034752 0.2344277890149858434299
0.2341071989001299591404 0.2336741639266591286095 0.2323281209726128782034 0.2348151925348716806408 0.2343610309574228611762
0.2373875101058032233148 0.2359796675402687227141 0.2373118435560475358859 0.2392250318087072169515 0.24162122303062799622
0.2376975435022338489777 0.2399903360670236351915 0.2485495914553028651284 0.2464204347720860832638 0.2464966599763206700491
0.2497019074175161890139 0.2475539971629236724038 0.248302166313697475486 0.2490140541775679172698 0.2503397138289298329283
0.2507922906910671212444 0.2505463403523975896015 0.2521260951094981273002 0.2533518578416627531347 0.2505641751658391758184
0.2526987843525193566663 0.2531675369470563485841 0.2530032540024339526852 0.2555372276958982613593 0.2523865821395526731763
0.2576942381204959664487 0.2559683758688461874264 0.254991035470602867008 0.2577045678935799832843 0.2575336679812287865587
0.2591610888636557419318 0.2589574348424094063503 0.2590072045506019993155 0.2586527544895494967747 0.2587936856357969661602
0.2594629884751397108644 0.2598477470006626544041 0.2599886575448362990848 0.2593645198954324659901 0.2590139119641482468026
0.261829364727864721818 0.2605072598685868601187 0.2635635549524290022205 0.2615818787639809794854 0.2632561791796596550874
0.2662124243852613258987 0.2655392439108768543043 0.2653669616768061234602 0.2635930510238264634637 0.2630119990431961096711
0.2654002790840967462849 0.2661969312113652841312 0.2663602718792392742841 0.2653272076242974564231 0.267595406244700018128
0.2658912228398330745982 0.2685069748384226739901 0.269062105654010841338 0.2685095018919160803073 0.2705035115475583062938
0.2680778807300758792564 0.2702560916079163599868 0.270364692706562048663 0.2670882166440869398549 0.272148598067405433909
0.2730572545529261763164 0.2759089898888848479963 0.2745840978811781574187 0.2744012958332512908122 0.2742296839095614835458
0.2748042966893540217654 0.2746002800048831793411 0.2750128673097482767673 0.2750009441199610105144 0.2758635677281492948332
0.2733256985750499579169 0.2766183508158370218943 0.2764418218598594934043 0.2757146764596993815388 0.2781626510851400446711
0.276036926724441300518 0.2795272037968365430594 0.2758589784434224978504 0.2790178778691589367433 0.2796228418542011651127
0.2783211730716980691902 0.2776557866387380224538 0.2793467968174723203845 0.2803155577998187042432 0.2783787662727570944021
0.2792430079148307542347 0.2811087543766515040033 0.2822877509853625177527 0.2808589584597762645046 0.2805811758583446335891
0.2821281907851099224338 0.2809968766712828691645 0.2835439694407094757267 0.2830398871676721994639 0.2806503763982771681995
0.2824430332999083304024 0.2816219881344355635555 0.2844203749943574055514 0.2826535936423594241873 0.2858603729814297444989
0.2830722769664235638487 0.2856740201235367648813 0.2844389356445211070046 0.2836256824675276733139 0.2852427133943100101554
0.283734762629292924796 0.2834414383121789393627 0.2841523513265399869532 0.2850216230414560625306 0.2879951848140646641916
0.2849976789994259074312 0.2839455714424197196877 0.2850667186765519223179 0.2892868908455775156519 0.2897128611176464918486
0.2892888600767176132678 0.291337317867585543496 0.2900975477936436619508 0.2885676864446629075189 0.2909053500599649288993
0.2905113534517160811532 0.2913940626865431648973 0.2912205132162186127509 0.2892818214794379283461 0.2925674195492052320766
0.2899448568089738054177 0.2913946756647147751096 0.2915127610432640681282 0.2911373403030311224349 0.2900227387407278145659
0.2911892978891397754104 0.2918133828052262845887 0.2913764039620228007976 0.291976136135040365005 0.2931062521201506787527
0.2923291884212498303874 0.292535588750775343847 0.2923304486866169504822 0.2928567202584169693047 0.2900583284372225123526
0.2964209062115115145275 0.2919248292061630833949 0.2931114898711954519506 0.2933684988210782940143 0.2937543357602913629556
0.2943537038516924053688 0.2947150140535839679679 0.2943865033157416211118 0.2947339956658553417057 0.2948099248742127587164
0.2953152728852478925425 0.2951507962041121646557 0.2987125261096159056784 0.2963464626493945153207 0.2954092330706657443251
0.2969183823956080270356 0.2958687074461682775528 0.2957404776285843528427 0.2939859542977045214762 0.2972821314169367679092
0.296879615774100880099 0.2972648032925019889738 0.2984213001323646752283 0.2969837451715889864445 0.297584752540011099331
0.2974902902089848200085 0.2965614732999042324479 0.296606551815257024618 0.2957169276831995152754 0.2957800531146508316027
0.2994773154212653221151 0.2982368796490549867073 0.2979886556437840172684 0.2997333050883744243187 0.2990856217674001116258
0.2998265448354591189428 0.3009857702490028041886 0.2999621854253542441171 0.3022631888493738094859 0.3002531662182320038035
0.3022054057466620480277 0.3012943946202621403607 0.3012903034532252166677 0.3017353920778541587211 0.3025398166737998106868
0.3005960436579321881645 0.3008093336570989984047 0.2994027532382050327264 0.3039041438452771415335 0.3024162157204823841994
0.3018518704677913833123 0.302745703510121255686 0.3018619333542237326284 0.3021162844543691661237 0.305235720211833594373
0.302002720675294489272 0.3018143163277243745668 0.3020083889399481913429 0.301814877349921129035 0.3001086025063376960809
0.3017350381509285583981 0.3031683839823960946447 0.3019293317005730115099 0.3060671633935436730667 0.3017225770162876852254
0.3049873423815377404544 0.3027732933082880606435 0.3010488689353530977755 0.304644718517350032716 0.3069164465609285352699
0.305431014506787557039 0.3068908939943585378884 0.3048316424866828744378 0.3018335687207238660079 0.3053286254414496192489
0.3043308843143671671427 0.3047079504011754313986 0.3042569976432336065209 0.3038610058829479543263 0.3045592461243796789105
0.304793087705047038849 0.3045348770596940646271 0.3057036320440055243708 0.3058345343755070055991 0.3047292310339161369726
0.3057389802342405094038 0.3047527431212632142987 0.3059677914335383053235 0.3060086709426856899086 0.3065627458443497266316
0.3093110974439650107115 0.3063212874090684434414 0.306686986692116025921 0.3062844275991732367892 0.3075678926682321456809
0.3082249811673653527855 0.3082066922665189223629 0.3069569282309708713186 0.3067862104336856465814 0.3094488495984273890294
0.3093809804690174081188 0.3069749757205258444692 0.3074682543977186321982 0.3094740285501775822752 0.3072998851268586295582
0.3091724926769193193543 0.3073775565026644618349 0.3066685756335019163998 0.3087061706585478293441 0.3081499556125706362764
0.3087388438199059614853 0.3102556520229313719028 0.309205048926459724612 0.3095097209894954737308 0.3102023137464886004544
0.3076930749707229573175 0.3095130025315679933584 0.308953758609617268327 0.310468823433777074694 0.3109565806989399439075
0.3103869530033946944059 0.3088075964201086320848 0.3105894988828201142006 0.3120287726798171012987 0.3106652481971611812206
0.3109970059942425146815 0.3089697181433115336091 0.3102757280137587447832 0.311944157121436027591 0.3124381455830174125765
0.3106729304622077303399 0.3101971671860809798282 0.3121159333698445004224 0.3112498761904373689724 0.3127940713104172543169
0.3126834500211523870661 0.3121754441880695285505 0.3118019327734173340438 0.3124737218651780223944 0.3122900620826872808422
0.3133298383571044287699 0.3142751082154257580292 0.31228745986458184003 0.31229023846694664579 0.3142151499771763667468
0.3132540495182334905344 0.3146546343276954704749 0.3133381251313539506143 0.3146052635538464370413 0.3136962473075058932537
0.3122847823903956987479 0.313313679221864205271 0.3124625398722363778248 0.3151290900819898044283 0.3146065729743249828054
0.3150154725087108698034 0.3128476316585547256643 0.3141176102724883567596 0.316346012053071501402 0.3162482308559187438313
0.314673898825822528913 0.3139601336476566806333 0.3139095559236678711912 0.3147257514683159951296 0.3140075538716491365676
0.3155645502991842321627 0.312832088836266564158 0.3155675949151819370542 0.3159360694784080214603 0.3159741377106506932115
0.3166115030283273013012 0.3153189345856818870395 0.3154715749318914852495 0.317620174128743992803 0.3165431118838886725975
0.3166851885946166955677 0.3154500453613532373609 0.3163060099313062534243 0.3170427308812359679102 0.3135785156004802232133
0.315852718585410974228 0.3149437162501588782781 0.3174474555557167954056 0.316975077378723879562 0.3179486108830153479055
0.3167293939579799433304 0.3157232667837357453777 0.3174231649284313672155 0.3176181527448015406989 0.3173213576458054352436
0.3182313069118525850065 0.3160160638322315751481 0.318160226409363089406 0.3162392332955508145176 0.3177493066822366651891
0.3170656433228485338027 0.3170395108098634784355 0.3197688257129109867805 0.3191464026263846620601 0.3184586811305548104123
0.3184216549846399790802 0.32063485733348306983 0.3193788252101850133613 0.3190051384161772807246 0.3195538549962705920926
0.3194618060803152137517 0.3209383557575689049912 0.3194446772011750868003 0.3207240603720418747891 0.3207146361144029844681
0.3197019287198857862009 0.3200840376684472854407 0.319526892872750656327 0.3199912436936572235346 0.3168310570608570131412
0.3179704675474768205135 0.3198378251444877196086 0.3207136876974934214246 0.320695923022238760236 0.3204582602265711455125
0.3182667450969930422744 0.3198055776706418829036 0.3200520667966411658689 0.3225986451173618596577 0.3206915381973086121015
0.3209652958378426124142 0.321564278769837563754 0.3209025203899760758652 0.3209976158171579108114 0.3211796834793833599342
0.3201573229146745247498 0.3207226025970407179422 0.3221232931005740818264 0.3222498655368384867792 0.3225402620812986009824
0.3194548555607367168463 0.3217536908918322557938 0.3215958486900418189514 0.3223610976751172252364 0.3198069696840092346335
0.322091943573793892952 0.3229844841480744577211 0.3215201951391657986257 0.320604167988307320325 0.3225387740469164987722
0.3217545695893177515323 0.3211960869106154636832 0.3227225547993785581546 0.3210470678366134644754 0.3231599994428785982414
0.3236948838155730423516 0.3217154026211508366373 0.3231191561764941710955 0.3232727443417466872688 0.3256517169049656379443
0.3240704841248380763119 0.3242038848057516853274 0.3239431596905928412156 0.3228228676594466772798 0.3248531611550710684888
0.3257147931164881549115 0.325361008941880192058 0.3242424001166064329027 0.3259453706297424369076 0.3254420456079925028092
0.3263296992086502368302 0.3271160233579842313567 0.3252302477145559422844 0.325079965742021526065 0.3240357057866717349626
0.3243320067865853029154 0.3249862458992238134492 0.3267948929178068340207 0.3251561817617387717405 0.3265552201818807676048
0.3259752955114032513251 0.3268559443980570411448 0.3263764378789700271177 0.3258840268953331897883 0.3260865704256467600963
0.3268211980037598607396 0.3262666938915166903179 0.3257035739741356294985 0.3261201804686399974287 0.3282823358067011865202
0.326567541237791358899 0.3260062143909962517618 0.3271656698196852564031 0.3253101395941968565495 0.327083095668437462411
0.3257032947649391441125 0.3272683573738282558629 0.3275974649685149397982 0.3253661242037835243934 0.3275100278511045015506
0.3266867619022236768345 0.3278315094448901456659 0.3285517719056934016209 0.3285935010078706586256 0.3277639950108633404291
0.32481751837259797977 0.3272941103103731985691 0.3259479817714160398978 0.3271081934838910854069 0.3260641093106835808335
0.3291480685760271862605 0.327627753883343530994 0.327646516958123246166 0.3283559435746356003349 0.3284785499927188601177
0.3271126933682855786323 0.3289803956926485306589 0.3294488698262971193564 0.3290209055031104168343 0.3299303036326515226051
0.3299840758392206252481 0.3290653458564033462252 0.3300455140930105280006 0.3290548466651512238279 0.3303029641536657790013
0.3306671376940606976724 0.3293066554091327868825 0.3304532945872672433651 0.3308419274813884092268 0.3308071115762915015424
0.3306291521446203529599 0.3317663125376429933411 0.3293701157518341693375 0.3302290987794935239741 0.3311384916405300526954
0.3308501961606383212633 0.3303265887196449313024 0.3297444453176991974175 0.3300007987875744341899 0.3311104070427532963805
0.3300128886454192222999 0.3317390871700006127476 0.3305926286060259511324 0.3317844167662820642484 0.3307416830265993423765
0.3314637509525386604992 0.330248028401530779874 0.3318217237284141751807 0.3335668819954024644225 0.3315280474465110427396
0.3300019615284854879178 0.3324189598114494215153 0.3313236306763711058743 0.330295434442667845687 0.3324169543905941548445
0.3321390549408006487297 0.3316674724869095314261 0.3318233832356276002962 0.3313410926356876173848 0.3328973277132615260498
0.3325068810277000408426 0.3340488182438347553038 0.3347101255976679956561 0.3311532873762489948 0.3347445859496407938316
0.3319959699928709540018 0.3326010800178425541596 0.3332237652382684101049 0.3328261483185800950757 0.3320403013505267564298
0.3348649149889263987312 0.3349680178773694616545 0.3322673038354936325689 0.3353109744954930748762 0.334261556135580450988
0.3340460684775514166311 0.3360193507270777812934 0.334297181069015514332 0.3347457085956405675731 0.333902145549723416984
0.3348524473346016216979 0.3353038556162771799407 0.334465461048921774978 0.3343565950411494513972 0.3359235813574660833858
0.334884767096088720173 0.3335604146144316994871 0.3340972284520963841992 0.3347456151110301258988 0.3362750141738565234917
0.3357458175140564105021 0.3359457781260035136306 0.3370381383279812959053 0.3349870139740609431556 0.3344485614763221259516
0.3357424417943321581781 0.335058298422561295915 0.3354746329399363458101 0.3353210156525585072806 0.3351698465159041462336
0.336237680821703910361 0.3353683508587020911662 0.3365433163331105759219 0.3355120480812884276034 0.3353039402906866639498
0.3352982112816036419645 0.3351886804223520588408 0.3357572796411923965465 0.3373404580586362166983 0.3359455666971724041581
0.3379606996249039374547 0.3377432359278835782845
