0.1311471300394200789619 0.1290151776698462149362 0.1292925210055186624469 0.1279442491881345456139 0.1233295962845548515707
0.1191294555848600722481 0.1195242681516148347542 0.1208607105533208297965 0.1162862753079484806618 0.1120967168029352312164
0.1119381483554868356167 0.1057111437529606595698 0.1126451024611949125465 0.1037610765425158176889 0.1025194364659250817473
0.1060375022055103505503 0.1037145898820219375169 0.1052936767952928204251 0.1045863110386699434962 0.1003355797559657563989
0.1018672351408069914891 0.1011530250380675705069 0.09825416093256404692635 0.09237618476169925929575 0.09599618114461928863879
0.097910468233405462124 0.09717579616266058817331 0.09235788365639222008419 0.08731071840320650534473 0.09075944250173519078917
0.08554684769255162246626 0.08961480444407576850807 0.08366019442384120541334 0.08307229265187009159543 0.08466207815986920293128
0.08282571278652071933291 0.08041683341891013581115 0.08313631195147730412742 0.08056799998379185479003 0.07897708907959152813127
0.07832564174476581986273 0.07780641396251465613521 0.07923778661009339696619 0.07698280446540524402099 0.07605881220354034077946
0.07488220267011098940646 0.07614671776431050642664 0.07641899884864104819382 0.07385833380568825046186 0.07792587359150318637724
0.07343708483217531446385 0.07395179679845008402506 0.06927475347965707241915 0.06664645285733826474139 0.07135757035220066657466
0.06586188209945581517601 0.06361378206021908732204 0.06720375820863670746075 0.06486160424843401273165 0.06383783708953535973585
0.06428747046481335380985 0.06490377358078906755434 0.06586661808937974149636 0.0662880074046779538266 0.06501676493403972523222
0.06245345154808040755157 0.06456600168623528868128 0.06165907247832066312432 0.06257363184042961934406 0.06482453459434177334142
0.05949689475622171180857 0.05928743605756436191312 0.06414504585698711791597 0.06261019592084100804374 0.06010028821337163457139
0.06235516117879713604566 0.05765837017501663358532 0.06009370206170762396258 0.06105960965312683813577 0.0606684672146947517879
0.06115453464242912723359 0.06103749219921127816546 0.05845120370302762935477 0.05772949427701715846561 0.06094761956685626480557
0.05676805383386771680643 0.05702655367851731244011 0.05754857308523466524752 0.05687589669802627090345 0.05667153188174555572543
0.0540951635546014705791 0.05814865980988673244134 0.05870515427233013311392 0.05667639885788264969557 0.05522734008051789073024
0.05310653397549303100789 0.05643231742731028011129 0.05447557593083725974159 0.05788623950304475768158 0.05239357993258671186698
0.0554686231699724197064 0.05212990771536524930996 0.05519218089537777927056 0.0553549114213020762576 0.05493089629082698738261
0.05219237806918450295335 0.05482784621067664232452 0.05203205159618291136825 0.05216393436698767149817 0.05201499525140926977196
0.05154902271683316911099 0.04745436573157805343337 0.04973242299280034028897 0.04923313241877070450814 0.05044219019624803651558
0.05147357972781928941997 0.04911743087341775143573 0.04942141543464415726072 0.05195004700908600198117 0.05002177100087781130844
0.05014647668970601684935 0.05018530064315417787979 0.0483575055924886504366 0.04920741239244495052185 0.04860981412478070778915
0.04971662632054538871751 0.04780783905670529104759 0.04974970402547480852196 0.05324942336158013794778 0.04774811438128002960557
0.0474278276832292081111 0.04767054293780602358677 0.04556872632399332212483 0.04992958612578492910705 0.04625581633636750844563
0.04738909647033126559812 0.04617520727849360601125 0.04733415312833401389359 0.04613252575332157240373 0.04594041902252259806927
0.04461328203390697855202 0.04603226428993988789129 0.04681845436533569465576 0.04668004163318284494011 0.04769749704759191494263
0.04627520500187790042368 0.04590790898422857785333 0.0458475845650918242824 0.0467124637214518592665 0.04715716466678120805112
0.04536507305288162150703 0.04533488908732892508358 0.04488398748665690246584 0.04451426020019610962919 0.04374602924795166492
0.04397925700724222147775 0.04470571593960304124238 0.04606262332921489538462 0.04410317495639948931485 0.04497400217084894513686
0.04488873555769947593097 0.04463148197678543094291 0.04542715420084068173034 0.04467641334700988425821 0.04378050446953882929302
0.04203655971709591848695 0.04241755281035382296739 0.04051042879565761034577 0.0405129624193547796529 0.04112361404723384461501
0.04380946607574271595142 0.04242733337161420231753 0.04350910153665580454296 0.04153190934530670563873 0.04388605596681177667406
0.0415898379690872663228 0.04161524804771041946561 0.04125374206143460342755 0.04197982333310951164052 0.04158276357434183279072
0.04121187628565303739947 0.04079598456177414844692 0.04220936840750696278368 0.03963476452865041105289 0.03990429293772536356588
0.04208083237607674470526 0.04145758895988001235811 0.04090303412834694202216 0.04054077068614299339533 0.0422277634487036868105
0.03989863349808094733495 0.04113701055648381899044 0.04076666735674985136972 0.04141417863017838457695 0.03826298710835968064359
0.04047247405655180624295 0.0400032495287075684498 0.04041352241650952858976 0.03970998015563915323201 0.03945966236412816463552
0.04051677795519205427244 0.04011294605746614644337 0.03897852429231022514111 0.0384465754165889475602 0.04086447766485844235174
0.04058942544688218245774 0.0384396972986762244795 0.03903334757978900448894 0.03840436885275271688966 0.0380716414781868753292
0.03820948111383044160094 0.03903158861108651372929 0.03821683380248217659636 0.03877173152091812485809 0.03831246960093526165991
0.04110168469533354712597 0.03833260518986433135202 0.03919648149635395623092 0.03642748309177985810425 0.03638039046275878818371
0.03829704659307120451217 0.03565590381287366689156 0.03845415010690816232097 0.0379710287876717997313 0.03828577670679052941116
0.03759354209582730504957 0.03814394525468198932083 0.03685446605117526086559 0.03848754097115332506451 0.03725783109775119422702
0.03690145753154769336923 0.03671459776679944497779 0.03723660377867888532366 0.03524471289953554076213 0.03642412414825590971645
0.03808753787888661396233 0.03661932598676358174838 0.03702485986068462103793 0.03723420048796876463681 0.0373437225451498100437
0.03615568531585696548936 0.03688564341586514361282 0.035234532352634004293 0.03649186702815145760814 0.03510890076555496508437
0.03578352270377926913625 0.03713983700107645335997 0.03627785833661189424104 0.03671794270988830433122 0.0361312467914480933695
0.03540570444450470005693 0.03584345834291617627354 0.03581013242395975765264 0.03573960277170862981366 0.03545224942756055458437
0.03345558720385146539433 0.03468950191965030488417 0.03558352457828860282429 0.03552949146603748276085 0.03526381513482269858262
0.03592344331443606680887 0.03588026197250521881488 0.03562889265102912178529 0.03452675295051234327648 0.03631683910505106860356
0.03464009800103530489768 0.03442961783703984979255 0.03520448545734508605243 0.03357633184102074702659 0.03396594601514715122681
0.03508932874689386915978 0.03395850998739394915882 0.03391430703361319326516 0.03574371850272618084121 0.03546678121597274246923
0.03336048432848753159119 0.03557107099674534922418 0.03406003642663620739617 0.0342073795287984316893 0.03399707836487247947233
0.03411967276661920234204 0.03322159276781756764851 0.03276171034549627686383 0.033632517453770736926 0.03323243036104580466761
0.03413627342446130114029 0.03307376051581791681633 0.03304653895619406173134 0.03338959293028773145373 0.03164898099509366041771
0.03221775764060970381752 0.03440526079494325012442 0.03404832963580271126824 0.0333683689949815301401 0.03332366242890690694045
0.03214496670987721654855 0.03389089286794551292292 0.0311979272037675968432 0.03271865237688335870114 0.03238467436709271257689
0.03226035771431649823437 0.03339829891358027380566 0.03388937825474917092672 0.03309545603165776894716 0.0335409815520413406853
0.03265472874369028388752 0.0306439474024813446329 0.03307525826676347563415 0.03304307205504726507872 0.03169565264314839342363
0.03263621530064503978297 0.03194159748571374218828 0.03175197481413367939229 0.03339876982213309947189 0.03243209239681104499864
0.03273737850100880142357 0.0306913451180452073741 0.03160007033598540016062 0.03245439519567086539276 0.03260272986204445361258
0.03265169298438158618225 0.03233233620809748687375 0.0318944030168514039425 0.03094759839877892632076 0.03218252998718084539886
0.03060272554972979369703 0.03189069103195870530376 0.03171245678500896059138 0.03283404697903528901559 0.03113288450371577698039
0.03125631441208882865812 0.03102285061115579375968 0.03083997561563767142445 0.03107043139836212011784 0.03215838833455009204698
0.03255841996516744413226 0.02968250892314003644423 0.03107087449740153842215 0.03244082310496995691373 0.03026500669687998482105
0.03050773527083712119423 0.03073515257713765186365 0.03094002226208210012959 0.03090502679500045299377 0.03248158205646135138212
0.03075921954172330247124 0.03095921753041946597462 0.03006713963016905896697 0.03053937969588822395894 0.03054873263800478647156
0.03079585387334981758101 0.03013952996422174235303 0.02924065706446452722611 0.03080702856733768396635 0.03003238415821082515911
0.02942663744867907854585 0.03084807555690495528555 0.02937045939973360539343 0.03115936350729799769743 0.02903021114701577476414
0.02983341290671037704385 0.02911626048333329497275 0.02980482319779101038626 0.03013140413009180590409 0.03017023242146695677368
0.03000909940538504239171 0.02854214818693586244724 0.02979426977219062563917 0.03079675008099800465056 0.03006563421893381979344
0.02926480873883482644593 0.0294338128560016898394 0.03089647156383587209283 0.03095592110569838142919 0.03035925401714190119407
0.02968798831050332986958 0.02889312067820151708197 0.03018395081501956678238 0.03061278077748760123589 0.02941386707538337641488
0.03064963717230096557076 0.02920439317605301801639 0.02906656618451988749463 0.02935025410480773463973 0.02945956629155685804755
0.02937267827394870675639 0.0287963670015668783686 0.02969543725727808239356 0.02845222968265894922246 0.02847580478608580101252
0.02941925274129305462045 0.0280050287198495284624 0.02825817339407536016305 0.0277435078676121493757 0.02786294418772758060832
0.02966776228957901384575 0.02856103500375903325725 0.02840846895608409652945 0.02928579338732828496461 0.02941802254293077872882
0.02911694071280826121018 0.02947665153724751685438 0.02833589336634736652321 0.02948975143548217964229 0.02793692886817069828687
0.02817624107860393009584 0.02899860639275747553611 0.02854025513284077358866 0.02911302930782500367202 0.02885976474097404209651
0.02886911571213130606184 0.02852935657284299750258 0.02798122883428843035714 0.02857479787635431797699 0.02834702000042580230521
0.02989122952895798338013 0.02987978867224353948795 0.02975703532174495125062 0.0274345673831046382718 0.02754522804459931528687
0.02842608609006325864899 0.02775579839994985961726 0.02904267829816102597373 0.02817548850803310023228 0.02941489410909491758472
0.02797786603467755303654 0.02660142131488200598066 0.02727989571289812092969 0.02707645143350511166003 0.027981934356221434268
0.02894705683895565026531 0.02808044035432577523181 0.02747047604437610410222 0.02934981641569031282635 0.02770639072617861117798
0.02696115419243168276342 0.02882671012164221904794 0.02760972375316512322785 0.02896209728795071797203 0.02654779468506158687791
0.02817424915504182156289 0.02682486382893308624054 0.02650991266234091828236 0.02660200474131338421735 0.02800281807596359529011
0.02694762944967181786393 0.02702424136644435148646 0.02717007184372170411346 0.02614697770486676051127 0.02597879137648595113119
0.02687623482904097360624 0.02654020537210646096815 0.02701936780700097892605 0.02860581665638735684998 0.02759526815444607317218
0.02736119285184417798673 0.02732987231520072474167 0.02667692950190073825079 0.0269160110786326838006 0.02800464911471263473874
0.02681881568169444673977 0.02687999088210985682013 0.02731429290464403372707 0.02724379864660319769398 0.02700501921492330995034
0.02778305568545775400269 0.02737819040695133043783 0.02627154857646002081295 0.02620159863270450292805 0.02654875327793873932003
0.02746410877033943903625 0.02711741918079126414942 0.02710466610610183166297 0.02694695459896578534909 0.02657779494202391207258
0.02702173810922618019115 0.0276544237995016567444 0.02771362508552766001912 0.02706502845538771157008 0.02571263457488296225173
0.02652138262831119433494 0.02706296689052239967666 0.02637469994505551446062 0.02594218590983761799085 0.02643748859656428959464
0.02643658907428891868818 0.02764544179536354562288 0.02738196338786720931968 0.02565079473892364556042 0.02711737902326392946062
0.0263380206840098697596 0.02786300613690983682402 0.02701331293795282070813 0.02610482313256821951253 0.02630661882817258642731
0.02677730350916972951181 0.02642812040221359168313 0.02791385564153457329861 0.02620280417201535996807 0.02563694413619455741982
0.02630210072083508446306 0.02607447265479264156274 0.0262676768160048264289 0.02671004824122602192005 0.02578691128060992335258
0.02753210572457514757061 0.02635936214942033797848 0.02544085213308397083742 0.02607786773214315970137 0.0254420500409827249344
0.02678065528911334827744 0.02618642483816809377051 0.02723320393523515764445 0.02670232918444425881943 0.02520763371009685990809
0.02604609222369984322665 0.0269004041307415314721 0.02555163527774575310536 0.02657477489451405897047 0.0261201992269014804382
0.02527526307492140508759 0.02497755256810539267742 0.02603411127700675301022 0.02588685009817540821908 0.02498221741668524287228
0.02544118756957531798935 0.02611332601851428653061 0.02609196883892203264188 0.02659833737260956787463 0.02464646577738605071062
0.02595041686385298959627 0.02550503950977053499449 0.02574811870087159726417 0.0254436155847826313281 0.02610197977118721215928
0.02586521149907831593207 0.02621069313835946643088 0.02660022128956571196845 0.02608277629385477580648 0.02684521061267115815685
0.02475134853866731501904 0.0251162569615115439936 0.0264489096541186928524 0.02583810359891980032443 0.02536644111792305325559
0.02526318203116146784981 0.02564291332442736326414 0.02684037365402749258925 0.02619473210131222778996 0.02447998875042274244396
0.02553120897017494006498 0.02580264048493982262378 0.02562073242484469437485 0.02517100344105967571484 0.02572697572039831653834
0.02503957411360075227535 0.02539061911789523839911 0.02527085806425133709952 0.02528958209747138655143 0.02508933389092295879186
0.02508335294608045676346 0.02504696616659813496186 0.02594556053307019161114 0.0252532147308239980632 0.02454342361280887133135
0.02508225094793631662626 0.02520714070025282735332 0.02497552541174231574561 0.02563197590960816438233 0.02509186189730775590201
0.02584906665845015244498 0.02570151801008926234493 0.02564993067132940660069 0.02507846560444323621986 0.02582717773077242151558
0.02460670976251631489329 0.02458759741157132486244 0.02502471249169905057053 0.0241037450279111518936 0.02469106976326510688446
0.02489503287722587276942 0.02534019092531533332013 0.02531276171276351794059 0.02537194018558226391025 0.02494149477978732307171
0.02457038235331760953062 0.02503500672306601185224 0.02587242312678583733287 0.02519724567282959418191 0.02582442724900071290284
0.02412688942112117818084 0.02500785778872687339924 0.02408317589346483170165 0.025205747044644455368 0.02512738074777822946948
0.02393038462068218172329 0.02413398964645126903994 0.02422002583238458059411 0.02473234330230691599417 0.02457849386425854307237
0.0251111564575903327412 0.0252456619080323151072 0.02527031738070647723382 0.02401776329799634041029 0.02400784062586855394095
0.02466865364631607923651 0.02534904608092602637526 0.0246903589630812700384 0.02386695966394379239683 0.02411541172865300924899
0.02495683074721008823382 0.02546414291553877190522 0.02406466975104063626967 0.02435895510717565187742 0.02490398099193253181327
0.02529495792434638054558 0.02420236952440167968459 0.02445158344198662334068 0.02525993187229976302821 0.02518243585896941250102
0.0240399171975934564105 0.02348399442804536760288 0.02509025170023877066017 0.02479501530595255159861 0.02384383629621127792531
0.02401265479956033593867 0.02445893512199960248554 0.02357113993069189644691 0.02434705814072044005592 0.02367161352649138281179
0.02467665600249127275112 0.0237725522623340006223 0.02433689318849321936433 0.02504937014779205425863 0.02480143404431544087996
0.02430967668827174743562 0.0254986898787792001797 0.02502070706811509309686 0.02465328448743513839458 0.02342209322469180135529
0.02419670558939074692106 0.02411196112718620374049 0.02492202193899079043504 0.02457980039890973744665 0.02313032087036566777916
0.02397728169406384765572 0.02421821475754375174727 0.02454558279031519851809 0.0239336973358060429995 0.02365149580774337720324
0.02404977401221186639191 0.0226104529868281362015
