NaN NaN NaN NaN NaN
NaN NaN NaN NaN 4.830656192216282285301
4.886827888436403810601 4.998723064688817885326 4.9851641370730659375 4.969696223069129281669 4.987157253182449068163
4.99781945940716898491 4.983712073469222403332 5.003331733423358684831 5.010262156327629057273 5.015893202650805626774
4.975593752053094398491 4.912708197345677874068 4.90272377752995414113 4.890304605894858269721 4.913265670248291527855
4.943201131277862536706 4.950223678289706441547 5.028913438774943678311 5.05060864626635463992 4.972496167104541342496
4.980942509162346709672 5.066139298043414562756 5.029867887100143875045 4.994160893611037543849 5.009370104400515444354
4.975965145669448475019 5.004900303630773095165 4.988057790335497898582 4.979430245207257854645 4.975038404886158893703
5.013780239828751206232 4.977704299848245916849 4.999400443811238936576 4.977282597576963674157 5.008597930390036090387
5.005893346427425782963 5.007707703940903698481 5.012917553877443310739 5.0386830789633094696 4.998056740598634029027
5.011435334211770786794 5.040327918614969426869 5.028011124511986729146 5.028960435492609626351 4.954758703955696397259
4.964769316543372390527 4.979958323037274148248 4.937362075217722967579 5.036686538555189329713 4.950857464990302325702
4.972582701538832417043 4.957190422892399084276 4.793206711098611627619 4.884013458280938912992 4.869634436456262704951
4.920444171559951840322 NaN NaN NaN NaN
NaN NaN NaN NaN NaN
NaN 4.963893746522068717297 4.93655127336396315485 4.893968292495078031834 4.902571680448339463965
4.968037583806319545943 4.874986755523162962334 4.960739058047343164048 4.948462422645664382514 4.915460508389724481049
5.022633947835288381611 4.938070004233806820082 5.020497420978197844477 4.967768308116928821505 4.955482789313770730644
5.024073700219443772141 5.002111121580666619479 5.040627492281148924747 4.992013154102597383144 5.00214001379911810119
4.972820850173631512803 4.964831941667416259634 4.942985087996742521455 4.865416480750530681121 4.862802783369171599759
5.011381744504673996232 5.020512250077484139865 4.945201645582014471358 5.096798617541442588674 5.160325772644414499268
5.077280675219023819977 5.145240163735677718648 5.010690462848695680975 4.960203634236862946238 4.991221752336645778314
4.947098222412879664489 4.965509554062021990717 4.946683169309822325488 4.946238049689905658113 5.076543762585136398968
5.046377374001724369634 4.939391749789620256195 5.059996257180588763447 5.072668463586186504699 4.96995362077598823447
5.075242369270857700769 4.979942029053542995598 4.913942371530808372881 4.926168645748060015421 4.956177339286285565834
4.889743276190499976508 4.975645099335352483649 4.962111405504026961921 4.925041223496526399117 4.942437957183185126553
4.92422040136369254526 NaN NaN NaN NaN
NaN NaN NaN NaN NaN
NaN 4.922062497506805911485 4.926108792998834751131 4.904601242439783348459 4.805165749597546387406
4.759379457446311079138 4.825664623211364023803 4.81199258115994155105 4.866789724769843950014 4.941334384501172571902
4.927525012223504141673 4.880979441995240364349 4.99070738079452080882 4.90398706334295741982 4.858636019964706953544
5.057829115106896367138 4.968966550408591587029 4.971759570355712476442 4.91988199197762110515 4.927133559367867121637
5.014909704780349919417 4.90268716584913022416 4.929631605571753283357 4.966532934582110314636 5.017733610308109604148
4.962656205286302579793 4.958157141023431080384 4.966379935065081241419 4.963477133710459732185 4.959645227835698833019
4.970357606113496196087 4.86066584746922725202 4.865384348767689992599 4.961410237181206106527 4.883243374080472598564
4.905634919124337578467 4.915755293056158770071 4.848250777986291559785 4.889453180682274080482 4.866953230933762419852
4.934954696816837405038 4.94858169644146350663 4.918240565477767667346 4.933673356349951077959 4.977166039559856258734
4.972077103968057798511 4.901713715164610185582 4.951179440165395462259 4.871410437173815388689 4.918945587254196283311
5.039348850950342573185 4.903250595005984813213 4.843374638302061718775 4.924696450541755865515 5.002438470898358247041
5.07239681530478137006 5.086506812290657819631 5.100520395860550948441 NaN NaN
NaN NaN NaN NaN NaN
NaN NaN NaN 4.889029488539354595389 4.914995432784029283368
4.865044794144135487102 4.868575761192627915364 4.888400472664548246371 5.014834166907172097183 4.999085224122740811481
4.992598654592218743176 5.020133874845651433816 4.995264198404729683034 4.970509044137349619064 4.964464764354931780588
4.924131328915676064639 5.012439112304820199029 4.941082558214922926254 4.961031549615655400487 4.965377386466808928844
4.973380380855963345255 4.947000355735619692155 4.928257036771480414927 5.008688887313065052354 4.973454331818405904642
4.975182436934703744669 4.946930036912079664546 4.972896690524596152727 4.954600375673670953347 4.986172781356132510666
4.942842711284213486067 5.082125664070266779504 5.030058731866219545736 4.985138981765444121663 5.066613698783207553333
5.021416810159147203763 5.021960170953684965411 5.069906372762194024517 5.217324268452199653723 5.077304275447148462774
4.98997457313106362875 5.018287684000933168704 4.857807909830872183932 4.827199575144817345063 4.85514057805516685562
4.853389487941624835798 4.921262566800902682473 4.913466647988729896213 4.860778620544733641395 4.840219849476865121574
4.934852602796465426138 4.965869081484622249434 4.927917585164780511775 5.02702096212779814266 5.068665998920142357065
5.008626053989880588801 5.028226691449585672444 NaN NaN NaN
NaN NaN NaN NaN NaN
NaN NaN 4.908870659798220792425 4.853973341450473988345 4.755660111799370426411
4.819866068534784275812 4.742079168293151347768 4.843260717910453649893 4.863015201038441759351 4.936541816777764601909
4.907291585286167823199 4.892407090235618483121 4.940688561991698257714 4.937170517825728133232 4.892434468885119791537
4.883879673929331310944 4.875992055863678231731 4.860935707623349699702 4.893818114548449393908 5.006586002246091737788
4.973739246857862283946 5.015140071089216888822 4.957638110173160583827 4.946548195853605278671 4.937186969438424277712
4.924508688269736644827 4.903154878001902972073 4.86151570392911480667 5.036422459593436151692 4.952835210431320689395
4.943392266090553377467 4.938677428122778323427 4.940312480075480294772 5.003446473858448761973 5.000569912535379302199
5.086623310633211936249 5.060892970711303284759 5.108630982880103310606 5.083746485674252468812 5.003627745769226642381
5.071697446290393429535 4.989533642245604028176 4.874714183446191562155 4.881955717846197195797 5.019519007762919926563
5.029304076808692514078 4.958307984762986286853 4.930384648248530510273 4.992560529580991612875 4.901939784826220503078
4.903997871127953267489 4.937724047828890405754 4.931956976438494955062 4.945856902870094273794 4.911543815140865909541
4.96649059909732315532 5.00661384709106549451 5.039482392328719306818 5.024981947797809489487 NaN
NaN NaN NaN NaN NaN
NaN NaN NaN NaN 4.930889599497517039595
4.908029672038929369648 5.015555909540611700947 4.949800662486008029362 4.953791448227455873621 4.938285539310435900973
4.914907230549927064089 4.962488071372628262168 4.976511574071292187682 4.892604506006703601884 4.963743284652039733373
5.032590769895056936889 5.002246527237347528683 5.057846785180597493081 5.015768330928763951704 5.035984873653323923293
5.078806541022074405589 4.968969447975905673331 5.013687841310768611436 5.002073039160459977381 5.039470506164268392979
4.994179667041442449715 5.024151715815999175163 5.022232993315882687568 5.00048918991202828721 5.009095985076625900945
5.019963523649456860198 5.000728658094972800541 5.035464973317584025381 5.028733608567761415031 4.945314406594093270542
4.880541786934324832714 4.967643055614650471341 4.938336900700702969402 4.90872725137388599137 5.039051817397678156851
5.033631635075923149714 5.05798481649939901672 4.962143060850102926906 4.975841237968927188717 4.892985297558929858042
4.976446638495580998551 5.043770686880749920533 5.05934014013847388469 4.91307855271588334034 4.988332418866455064688
4.983401551419543551447 4.918602557064415847776 5.131838910800050612693 5.16469878784399938354 5.074959144040297687184
5.093858847375776655042 4.987721059626780473195 5.148146741424785233221 5.157357197238368051728 5.045393457768615697034
5.109470307652084208883 NaN NaN NaN NaN
NaN NaN NaN NaN NaN
NaN 4.79339880743873436586 4.819717946865115010269 4.840677191011018898337 5.026116959805686512652
4.837882194981693473324 4.868117907093585827738 4.855031926166732070271 4.913641069105168845965 4.98462012002909915509
4.997063441891965496211 4.958201847785561611204 4.941992538317690808469 5.00293342168361832023 5.040815423389338967297
4.989841607025732095337 4.985111614947470570769 4.9626696110227772607 4.974658373347032203071 4.965563242989313508247
4.964923847845060578265 4.981836852112850877461 4.933277701934177805754 4.815854294509857247419 4.825749405964457672269
4.875438364690894310627 4.982536441843713248545 4.957886954792658507074 4.933353347571631353219 4.983650563689187684702
4.987069604159178659586 4.967084142526910106596 4.961480714964207727746 4.969142372977289667801 4.990802752998181546218
4.986183767460413918116 5.017644697475044601731 5.018237381636449612188 5.01254812210547839868 4.914934408066597093523
4.930727535075866363456 4.945565644684427830668 5.081643542985752937113 4.984502791067380478296 4.984474491140247209842
5.016814786997526809387 5.012447017808240090631 5.015481582376616565 4.970521465281388273638 5.02216046848904706934
5.021797082735965922495 4.921876724501920818966 4.973953218312370694321 5.004704671616840627735 5.024915890581894473144
4.903539767781167846294 5.000616814133116427854 4.924912831868601514884 NaN NaN
NaN NaN NaN NaN NaN
NaN NaN NaN 5.020450751815221934748 5.036830350708822123806
4.998188372229422249404 5.002223608818887612415 4.985410190147844033959 4.983816747012371983772 4.989937808962092269383
5.044868730684377133855 5.014798298508861940093 5.00261234742786875529 5.03226371359664259586 5.000048307983559148227
5.114547510844431599253 5.01813600275497151415 4.974937534132974015222 4.983886981765180301807 5.000455759071540384753
4.934708672218726555059 4.927678633087027471049 4.902345715361060562998 4.973363731607416404756 4.92976751699301196652
4.990178969920210150235 4.919988500768296191268 4.960284533395626027641 5.011925021803745217142 5.012709499758945419501
4.971842382557565720447 5.004779860543588476673 4.998912114253427851907 4.972162655798058494838 4.991058723130183061301
4.955824500505256580141 4.935561090664217331891 4.962287534238529751462 4.986616669901842158197 4.981063053363395276563
5.034351046696052378593 5.0129916191585044416 4.979820416527686255392 5.008872395070226524183 4.990145368941487191705
5.030827185544300306219 4.980475547008772707613 5.138735899268103146653 4.928346248886989577898 5.210213636388697722168
5.135458063896288116723 4.90903659427541061433 5.039191824667800467807 4.931212035519174641252 5.126458050936645527429
4.96645460993328846655 NaN NaN NaN NaN
NaN NaN NaN NaN NaN
NaN 4.896248447525432645477 4.914556397856562064419 4.904454132679950006946 4.974884014872230864057
4.930539518983592550683 5.010290019521988824636 5.052278354569625484771 4.985567480821415209391 5.061228647106222666707
5.034632672820267274005 4.988813692439804547973 4.997227859470464217395 4.961901050757575148964 4.874145353076642095402
4.901005395006420961579 4.885486648837963130632 4.99567097874651988576 5.025798971858429275983 4.964905280528243203264
5.014124330527852890782 4.995708806491125919536 4.973066498714083571997 4.959934016094693198795 4.995496177431631323884
5.025334944805497805476 4.924013962078992889815 4.876123751860032662364 4.912045310123461128171 5.087514382505029075787
4.966493412315466038365 4.946272670982465591294 4.968183037880175234591 4.966775712649381446795 4.982792949198867837879
4.864597523770098241869 4.823338891459001409601 4.828471261264710712169 4.924543815157416126738 4.921520201132056016036
4.880343165498520541234 4.818101190336505190714 4.889473536485595239753 4.878941495759947066801 4.894627186683081276897
4.862979619312133294784 4.889690962747414104683 4.839308311505242876649 4.874406615619932381378 4.895938472426647258828
4.878471695504366323348 4.856385580633580723031 4.881557856142277884715 4.901258096270934672134 4.934296014211301262264
4.935573517192679560139 4.891373824553880034216 4.869234601430961539847 NaN NaN
NaN NaN NaN NaN NaN
NaN NaN NaN 4.979019587783833244998 4.96577339790951199916
4.920250273410503361049 4.90902169970651769404 4.884325420798401040656 4.918086360141689539205 4.98032977993623937607
4.946478062694388277976 4.901693019692652697472 4.949956957600281093335 4.925863059521747189251 4.844796219833789940878
4.885951371407326604412 4.955051700982354034863 4.908780745695699998521 5.018439661055150935454 4.91920008087052185175
4.983881787935255935906 4.893125126261764101798 4.824734439841030564367 4.905031919168028053946 4.901560868488261668574
4.929152940001467086972 4.974945904378690997305 4.991694735672158600437 4.881517029716277100704 4.984718221320551201359
5.01086530317597222961 5.00807388099236305834 5.029960763066656959097 5.075429743655848646711 4.979357729963765244463
4.952513538530632253298 4.983364346714723502885 4.939491597327131167106 4.943552593405288853035 4.940402630796382865697
4.922074835698298400644 4.993296604447463593601 4.940312839534357181037 4.968435360640858000636 4.970976948445086307515
4.999404219659003167919 5.055403427146057282471 4.969061678932991554802 4.958527487258703736472 4.981891805476674761621
4.917531067485742646284 4.93567481997487345069 5.016539779916097785417 5.037083488392818608759 4.966882864645829620542
4.946646551669547697827 4.935819933147831406473 4.980004403330359430413 5.076259439729161826449 4.907935646131747375875
NaN NaN NaN NaN NaN
NaN NaN NaN NaN NaN
4.862083868248557649849 4.946399333154610999941 4.937036202875925816613 4.9035176787380532204 5.078825371063826921159
4.953407725784111370615 4.822606781254750174526 4.996714678052540214992 4.97770711031655022083 4.990343305822398711769
4.91384906507997420988 4.885267246238949923054 4.875185109296102048404 4.944317812789650545824 5.002454689652919839205
5.000008841957585659088 4.961628176631746711678 4.913605786020531773772 4.978272176560037287629 4.990713419389024352313
5.006768554815751670617 5.005758639480220040241 4.996868295738790877181 5.042170032502716559009 4.978994469304264924858
5.030239688208926196467 4.992077065902094545891 4.884413575664736661963 4.95314208827811874869 4.986437539405301322404
4.938506421304563964725 4.894731063853524410945 4.950132374149568192934 4.955315368972989631402 4.995829136887494748009
4.884876207713007900679 4.902875601452169718186 4.927635210450353575595 4.940615546605053864937 4.920165797060881196501
4.903334247901560694061 4.876430870417845397924 4.945547513804099182266 4.905975674553923582266 4.889154270757948061998
4.864744045755876378223 5.054326019714416418083 4.98541411406528300887 4.935994775822169167157 4.968223324367656346112
4.979125498010049000186 4.90550413266276397195 5.060628441966961155174 4.971832455538099715397 5.101136235881912561752
NaN NaN NaN NaN NaN
NaN NaN NaN NaN NaN
5.024553171734462253539 4.99330847891910067915 5.008117869678251565801 5.016489189917370694616 5.034225722224876520272
4.996623743301934261751 5.066040695222987721991 4.962413781156966408048 4.963949376517084566274 5.047006400706416151536
5.040690783054532886354 4.925441324076532012555 4.948449489134866929874 4.948812388805897022337 4.959565058650386326633
5.001193989960471597556 4.971077529282782236919 4.916253676113691462035 5.009589595183758348185 5.0837222499773631057
4.936688835547022868866 5.156547296699867111158 5.117537501096440344384 4.919799324655066641299 5.168709470531139160698
5.150060924249386218321 5.142155283290531286866 5.075164145282848870977 5.164435395004667306296 4.992636070534852699154
5.028904211147541047922 5.086794699882184467299 5.012278573665406078419 5.048612978749870805473 5.030789052923160475927
5.056399009772979624699 5.057982556043499222653 5.020574731571074700298 5.010083226115809473811 4.934230799935660272126
4.952159475938517907423 NaN NaN NaN NaN
NaN NaN NaN NaN NaN
NaN NaN NaN NaN NaN
NaN
