0.09225768283846297324047 0.09276014331836739124082 0.09150045697752158535554 0.08812872945095862053932 0.08563078565232339067759
0.08550383750149850858868 0.08276191306697239236101 0.08402227676674736689399 0.08554499621911597351254 0.08376806027688210587456
0.08451988304376659155714 0.0812160460317895988025 0.07920749630069760793827 0.07677166528870976724974 0.07958244574620396138975
0.07686200466916505436021 0.07487197902978066921253 0.07572405525189566943833 0.07635358944979120376928 0.07192451186910399363317
0.0754745786214574415629 0.07152674739708082818357 0.07247649299692958402286 0.07087607707079393581928 0.07045235760660559232171
0.07053733208953046063261 0.06783381802003268790102 0.06956393376527598981784 0.0681208610813546500129 0.06618824466936008843465
0.06513569009696704159573 0.06506741616860881038953 0.06597248597764497624052 0.06539419179980032748034 0.0645615750947814565075
0.06420322320763063861371 0.0649976739387966434558 0.06282030000367799793537 0.06351124113750777899767 0.06306330050068761905457
0.05899082393739438906488 0.0615180429329629727131 0.06039407715715133101453 0.0607043433678565655387 0.05996968516102113566646
0.05896040613092979471022 0.05736955781780209845389 0.05849471034984196626816 0.05812279899812402422787 0.05888841555206839051273
0.05570951768486714222872 0.05553416093125011082643 0.05092883137769307899667 0.05341398916974417210302 0.0540684962342398295343
0.05402096265865111851534 0.05216326019623292176153 0.05269424085799014750853 0.05260048934282676030838 0.05112296167745604413835
0.05281023852473217677916 0.05139610654494117247815 0.05157636465903031597335 0.04801545087698173841506 0.0508814054062899021047
0.05203407191332686670959 0.04838143782086235661355 0.04894357722762201351463 0.05220697784772625194005 0.04890283687811568941184
0.04917524379404038248342 0.05112435177541747866048 0.04937056496654976256444 0.04947869387533036095173 0.04808117178983003364712
0.04870244338683114848632 0.04941969855928773913689 0.04885428050047620207597 0.04884932792992738304072 0.04792712143603508612166
0.04775422890379885099144 0.04647588875815968079142 0.0488672303847764027962 0.04813377554489770004942 0.04824168930817894496155
0.04789287111238981625716 0.04903365077369787466965 0.04821374147623947586938 0.04795610800800386569476 0.04592488619952626166532
0.04909066254256801847822 0.04448621286844275241057 0.04593844755562876552846 0.04421886196393112755665 0.0454737661112548582909
0.04702908266845640117282 0.04649471170956769039417 0.04711046724764490767345 0.04629364576961388783038 0.04435654650284561600904
0.04464876329790316844548 0.04466554447253787141214 0.04499355810846527442548 0.04649811709497423534154 0.04414093123142752428389
0.04477993821295781634584 0.04520745528578319627488 0.04321278799104297241307 0.0440250831408649789811 0.04355122442207092631206
0.04203040652570301516366 0.04560420512218468780397 0.04325991963146069707591 0.04388386972281591025258 0.04385304361536066647398
0.04338816469458324498465 0.04395083238960636323744 0.04205401912936095748519 0.04103690637494548237862 0.04306771624564450368089
0.0427903697344867647856 0.04218931314856977365935 0.04304639356557601187481 0.04443407027891606297931 0.04072587316702553500436
0.04180791611215916442346 0.04275117144136981323088 0.04133013544544987538654 0.04203209755273955988697 0.04218269274919216049735
0.04330534184367421102202 0.04091551101991947742009 0.04143032020165056394934 0.04205799441959033602156 0.04174860377584585502397
0.04175531028671339295322 0.04044572994205394150802 0.04050058381592735318177 0.04002405337215485248148 0.0409117830984684904827
0.04259313294745752098702 0.04102202028146938184161 0.04125237872173662112552 0.04120667876650461330934 0.04133132761739331112461
0.04223108918754776147653 0.04137499201357434236437 0.04071152221905379592348 0.04150504507402901638313 0.04104286616466767956268
0.03969780186952609479789 0.03979053786564375888579 0.04259450322980332798162 0.04074848180757362908766 0.04200694160478816996385
0.04100997979907453766524 0.04099022160297851463673 0.03943085125735799889579 0.03942150094500496138039 0.03903168179779237245697
0.04062466435021983013343 0.04126719572931885487987 0.03889755866798318834077 0.03952599442957858283387 0.040896536865318605658
0.03957907817927308613548 0.03861142769681369379953 0.03866636815122170139913 0.03825090994355691970119 0.038233109617762384147
0.03886055077848812183694 0.03884820519951149436766 0.03760685953055887403851 0.03908586772821933535971 0.03951619799084243184195
0.03782888273953172175723 0.03757247092749791544941 0.03827689727412930675854 0.03797851510652841544591 0.03907713290936200983827
0.03814768822789526420136 0.03805050562255335444561 0.03922217507378614187452 0.03875313441609898323925 0.04001782518711129166267
0.0387520538512922813057 0.03824752297911122866925 0.03871515707934979066973 0.03842882046940757773124 0.03836013762798769211049
0.03872995799008502326721 0.03813993849665324453735 0.03736398684789578317211 0.03812765910366396060471 0.03818277511635246451727
0.03884315091454413476635 0.03973028529494980476411 0.03795160827958746901922 0.03750979448218257766845 0.03774621108836821031796
0.03687130224388528859647 0.03829166592696909426907 0.03889256537991085671546 0.03908533717214978525645 0.03668423439875973662838
0.03752318317332583447188 0.03665510652024204368837 0.03612918917145024888526 0.03672359590305863952242 0.03715663291811539120646
0.03650761328490696039362 0.03707981261621078050705 0.03651343292369877563397 0.03918159699326548284226 0.03565402791092647794002
0.03684263986652939332211 0.03597744175785776848953 0.03744833778449321165516 0.03683847503001978773707 0.03760089997008057849381
0.03626813381710548844783 0.03593441608961540217893 0.03654463754136776099113 0.03628909618555384991589 0.03809528550590950135568
0.03594362076847034542793 0.03607144816934661907259 0.03454106633644662971427 0.03665231020566062786203 0.03662004221246955432134
0.03677499169596305100827 0.03590478076979014554482 0.03472190114707700281382 0.03724034844839388402882 0.03537730709352989583172
0.0363720113606311457044 0.0364752224941456495988 0.03544401868976093661345 0.03653499636239045111896 0.03501201134172035600578
0.03525361760113585041232 0.03603360063651142586316 0.03606379742624331308232 0.03596170850511617306244 0.03603708614541666077624
0.03538898814801422210152 0.03607976098900952943715 0.03596090646804650514667 0.0348868260210196817761 0.0354762817882104744549
0.03594028084301856273974 0.03388881864457437415039 0.03525146405889645340181 0.03586402498880491424016 0.03621232174146470778053
0.03444820565905488268799 0.03468753212452203860128 0.03628046021204332782784 0.03594038444279933075531 0.03554168943171386735314
0.03662583921356642874256 0.03638277197842763877045 0.03560016632840673489468 0.03475835872476236432238 0.03689738723485676274993
0.03464273874973841649272 0.03594724518545583391571 0.03588385232608054531411 0.03521613164254078220949 0.03527663911968090953986
0.03490526830419988374432 0.03425289286941587962865 0.03368426707368769867923 0.03361696320759591238847 0.03471306492551987088468
0.03569421309514213963565 0.03408315458924281171615 0.03438802004287411923089 0.03455028825014643673041 0.03483268175683921358265
0.03475395134342689623663 0.0362088997327034978202 0.03447847230514346911212 0.03496584669440030296306 0.0355060205207554657747
0.03384195591428350996521 0.03290336417933545365422 0.03532818552797357264383 0.03314264170178792684451 0.03491084576141408740702
0.03417237230775754808221 0.03500575866981798373034 0.03477577101472790338521 0.03288966469238125550634 0.03395085455432642063123
0.03324577505859479392702 0.03438476903678038681944 0.0346721094870955232059 0.03287785264411797331308 0.03500717811489584968543
0.03372925674944992485704 0.03477147688216425391872 0.03230312779195982503255 0.03461407406792033070175 0.03298427319645142602456
0.03400449998234270770903 0.03334940186099521336471 0.03483108799828084356509 0.03394664176763221435928 0.03319108649496216312258
0.03419454121108513044991 0.03365435204199761221044 0.03307191993987905476171 0.03380637089583042598218 0.03353450140515341210135
0.03332677657868694104382 0.03426374833164326505486 0.03503398231913042865093 0.03405950449471902702347 0.03447989937304113405858
0.03463688154597931861955 0.03211099290397590594326 0.03264894732650239911331 0.03511539392218614163976 0.03319384757977776601034
0.03288020710911242205921 0.03301833470238614565151 0.0336583386203715556606 0.0329723824441411766939 0.03423094931431831799973
0.0338551426347737799416 0.03315804383274632144429 0.03190482498060379784599 0.03323619116123577993394 0.03334393808741696607623
0.03246250342524312909598 0.03201159903080295909827 0.03441466697214423664519 0.0320955744750062096915 0.03298095283019740475705
0.0334502781670014265325 0.03343882919405751635855 0.03420464777210299039956 0.03262132689039183575108 0.03293391954042271252412
0.03312007771343229017846 0.03180867873832612241491 0.03306908135841028079094 0.03258026595198115771268 0.03314496337225426164652
0.03227629600429437334297 0.03279710247765554864685 0.03316027336880966042143 0.03299593589695145462448 0.03216042714179155603826
0.03309485645241432016928 0.03305885779882611341662 0.03178193559075026541905 0.03204076609239681072694 0.03219209823214706084338
0.03191285941965843475643 0.03188434192520592236342 0.03164444940050331611658 0.03261464298239899473053 0.0333971777290152024853
0.03289973284126075647738 0.03219327683194535966171 0.03234374827417946240971 0.03324522524764701725264 0.03162257430160110571737
0.03197248946188928353518 0.03113763607163369875885 0.03219748597988282556859 0.03271883511321862364474 0.03321097856323874941697
0.03287181622503144995395 0.03195151505693038379574 0.03257552743670419359567 0.03276082848427076810172 0.03196232291721697732489
0.03330804770753827831475 0.03146060928579503396252 0.03212734229267179969503 0.03223625485631255449537 0.03150432881542640506378
0.03161321180513992218364 0.03319820792035455686575 0.03061481840293581516144 0.03183843791200003520148 0.03117017421322163667208
0.03202446158089172073558 0.03033304752611438656618 0.03211528474787367359866 0.0321204067853483044015 0.03334993962445251952653
0.03153692616197127651656 0.03366484874562600260184 0.03068384449407142791633 0.03055199147855902283566 0.03352050207330467546107
0.0306171697036119738744 0.03162390690158357886563 0.03167643587806948796137 0.03046979804978530714799 0.03145937321921053742013
0.03181154553735778683921 0.0326309339146549567956 0.03087691121791259762919 0.0318882139514641421707 0.03146706175483741235732
0.03257816157252273192579 0.03168581498809484864321 0.03130044658059117496096 0.03184239182346874919016 0.03246040080243582648389
0.03147412980458730302757 0.03199157715830146242464 0.03204441261952000602475 0.03195697296692991129508 0.03088089216954075996724
0.03190681191737892302696 0.03267278120542793651282 0.03234575657893478534133 0.03101949298717934094816 0.03235788276032952603956
0.03096233030990750215161 0.030792690778711689914 0.03126433948323106837286 0.03223978450024871100776 0.03064074998380011266574
0.02940132853984859379048 0.03241922511078876995017 0.03157108265686957987439 0.03065936268833486383345 0.030717585718001941264
0.03147504492924977498314 0.03194014161705579363248 0.02993293144327535335036 0.03169996022709867244949 0.03058013635227497042934
0.03072401196690582869664 0.03091490232260600892755 0.03020560482227621981743 0.03100873052187353914877 0.02941145927038325488811
0.03180988225378367922902 0.0310800537286474998222 0.03241099693359617006649 0.02999806131663160235767 0.03035006856146893819415
0.02898021928967462607085 0.03146269518184252600435 0.02908651373256692512781 0.03092934225704508516275 0.03105976710355505543415
0.03162099205897513781727 0.03037815882453420018861 0.03066177344684889449766 0.02977739413755366507108 0.02975633933222784563433
0.03122392463419063415864 0.02988775255822359588898 0.03099318494727738154682 0.03002134073134433978058 0.03146561269122563619938
0.03066991153967038238881 0.03130780377743080933328 0.02924315625616339189841 0.02976073713869643866392 0.03061567232035387539635
0.0307688693041448003973 0.03018461872505314586013 0.03025877507522082773828 0.03033975799198759468189 0.02978991696550893630846
0.03057326120168476699113 0.03095737342933786717669 0.0310797949377380720859 0.03034448025817699026718 0.03048821076848587385832
0.02982329025651796541863 0.02927553284969394015169 0.0309986519614123962052 0.0304975712098028914343 0.0295380624567788685475
0.0296179745526426140001 0.02896642964000815598236 0.03077042925787255508996 0.03059318138356284175194 0.03069737504049641074744
0.03078185971564842068893 0.02952182705519011338136 0.02990274253114356961536 0.03006146318916081902617 0.02956678833050101554147
0.03161678450125469247434 0.02929038396669746482925 0.0300852772433621920567 0.03016625641781804992303 0.03020533883779748587917
0.03000216723890998873903 0.03089402655771603459223 0.02940511965519642181843 0.03032302171301048607233 0.03205067474306762254077
0.03093545367403329957035 0.03021193264113031587415 0.02928212259111812043599 0.03086228842173559597239 0.02974098485769864630424
0.02926687288355084293201 0.03010172757570300436369 0.02807505103602871143753 0.02999184861175606398032 0.03012719167340776466046
0.02897214363236412862368 0.03095879362053666206123 0.02933971451139560232546 0.03035218936678996462519 0.02980284525595669822828
0.02862204249506445155604 0.02932681125138911909511 0.02964991350857392599094 0.03031549846856738603118 0.03064194397780962628164
0.03070624531850910110542 0.02865888287667695683014 0.03000182032175307059174 0.02897346657361904095906 0.03040207628684593599289
0.02909389331855915389324 0.02934207664767592149691 0.03007640422373988181581 0.0305290812740590389307 0.03043054677660933168837
0.02906785364459626985756 0.02963666009778306159594 0.03011094733859506419882 0.02918737911156370212762 0.02990531696895448732221
0.02913973317491961104175 0.02912233512220144607263 0.02938159011419740410109 0.02914865549978670408726 0.02891645656736888114757
0.02940914396124140114952 0.0299855089524676092505 0.02896107886751107113321 0.02932979113644966495666 0.03001738147299747722085
0.02918412427776274561952 0.03073602746662957782564 0.02984163162330196947258 0.02952423948981607731978 0.02988356251153162848611
0.0302297948716945853731 0.03004310386301463353664 0.02998698428337315952108 0.02914307541201524576202 0.03013742416994973083444
0.02926665190774396449469 0.02995338295965973077206 0.02903757372086903862374 0.0284582162834322860423 0.02889865446751366945266
0.02882413730855044875501 0.02909142611873251002552 0.02978528936753412764693 0.02875697630592881359757 0.02967665878026098935649
0.02857109522036668791678 0.02938678389910266350316 0.0286043651584679224642 0.02827554857623307965619 0.0292425516696791232274
0.02910063276211087221479 0.02944599648800642552327 0.02785476804923438243211 0.02958611884561427457507 0.03025293530910025396885
0.03015046641182980713403 0.02842641388777450081604 0.0287877687207940373415 0.02953333304204724604758 0.02883684592190895526476
0.02912774393271527414995 0.02815543103576108666108 0.02920036639086142499222 0.02909710077305716763307 0.02867687493367268233846
0.02946347184429631144154 0.02886997419859476526893 0.0291509660728212112446 0.02938815964002257710708 0.02963220085763161246173
0.02908587896354999577375 0.02930002457125430517793 0.02916982449345182498712 0.02805436509980454087843 0.02966839249991996482758
0.03005677441312677375396 0.02996840207830617566764 0.0286445370135338765738 0.02886904130588611311348 0.02911887750405559374678
0.02845511697165899189788 0.02832382496743633334968 0.02967596831771783169596 0.02880516306259708891879 0.02907684849506336072222
0.02877689488416607793697 0.02871237657350887012564 0.0284114520751378440977 0.02892868919598469076848 0.02950167213650785325019
0.02910832639706557867232 0.02891153962842143293477 0.0292246926323282071869 0.03011202147453637470442 0.02832946879286910371598
0.02840116053257157185952 0.02856347988421311864804 0.02884142629997633183736 0.02892036267469200519487 0.02761184926685784218892
0.02817946826067741633581 0.0282097852231535557721 0.02848657759473289391439 0.02865559471456160384184 0.02768313832870638452333
0.02832408101427250773918 0.028758570841885173347 0.0280041445143371335591 0.02827665318059652960203 0.02869776278097116439803
0.02904050863280019725843 0.02886115217556138243249 0.02724819316595867776942 0.02860512866975449888796 0.02875945548930945380728
0.02834495908223734136899 0.02921462928176456197438 0.02840227958238776551081 0.02853195518040544179095 0.02812398540569018001722
0.02771817631150814975616 0.03045168782262746773326 0.02809446505961407658525 0.02755081169845255417705 0.02836917009542022291568
0.02785297842999165038314 0.02778091766331284087621
