0.1417881090471871108338 0.1440879645484138271705 0.1538681302245704374254 0.169447256132005175111 0.1901730845085927712468
0.1809820058701416545244 0.1996764589025923630761 0.1956814857492746306811 0.2009339865866658358939 0.1990993242732594092903
0.2023021261028532802317 0.2122068061341834399602 0.2136785711378252072823 0.2170822861887464760855 0.2176601315185261731333
0.2121222511122155540697 0.2145342955338688795131 0.2203409472260769164098 0.2179198345718116325287 0.2272519815062722103871
0.2265683777589369285455 0.2279687244972939674792 0.2252932690386762193402 0.2324832455635067463007 0.2330241719843671177603
0.2305545720400208609124 0.238397418264892246853 0.2346904438920191793283 0.2333249134980772687697 0.2408479970390962621174
0.2358970925339913815577 0.2310952104350150471124 0.2387019328701524834013 0.2418427993987793678254 0.2404623147978335595543
0.2416328204973850757309 0.2412350386813233160677 0.242653629991036873248 0.245322919720001253463 0.243662999360766907575
0.2413104872812026624462 0.2476705920194094412423 0.2450917344575210821134 0.2443396654428927339264 0.2491834108511741807668
0.2476106169702142756339 0.2456134684526036227048 0.2515796547269620320186 0.2504908270389615276841 0.2527501600777763424155
0.2490086725076251228383 0.2519592950987513679806 0.2529251149800414433244 0.2496408184085993631207 0.254610589837122702761
0.2514744953402829885647 0.254709658515807069179 0.2537776181884608406314 0.2534536212548479938711 0.2542814832940130109762
0.2559996143795369438756 0.2555963768108443501248 0.2575733448685558757418 0.256782480316222139205 0.2571270874954934004819
0.2583407301441261183506 0.2596970979496016629362 0.2550729048390114606093 0.2584721567286248911088 0.2589128268798290277708
0.2585452283411451834816 0.259209117696801716324 0.2578055812508628918955 0.2612172923312912620197 0.259302304810886674602
0.2564217434130762196531 0.2616867624319730301075 0.2595189725030586647136 0.2607448919531621389645 0.2584395037966888963865
0.2604258156047996597415 0.2619064765651746840014 0.2613696788480988075776 0.2624882607425980118876 0.2609420329993328291351
0.2579871236612453211379 0.2639640942547675783736 0.259244318025486197854 0.2649166702202840895097 0.2627277649427900430013
0.2630713628802195946932 0.262315945131644245869 0.2612628863374537591113 0.2586378370021316097649 0.2611248712939965854751
0.2652801556668561433483 0.2574856559270182199128 0.2623352238540460068528 0.2619010154480071461691 0.2620928085544836916299
0.2608838969596560253272 0.2677763851761584823485 0.2642394344292366414884 0.2638851954472542504782 0.261530632561608411546
0.2617105268375432558514 0.2639589337053121487209 0.2619507031554701437237 0.2608847436262913266347 0.2672859630476030479151
0.263656278531302856738 0.2628647228360840859551 0.2638234744972488554637 0.2665011550372257120856 0.2624408473706865141395
0.2639949442739662477386 0.2673437226592275672843 0.2634525632277488482735 0.2626218336193614777407 0.2667949877842591410726
0.2645279676378729516451 0.2659685755581568389339 0.26565188927330080082 0.2645474744723115279044 0.2636408208018977683551
0.2646274506224293165957 0.2653217394302518905569 0.2641549249585081748926 0.2655901126407933521278 0.2669662722646511388014
0.2656450204370741641213 0.2653922691550245627212 0.2637884251656871792413 0.2657208454914650186396 0.265328032793604451367
0.2664072264630385489248 0.2653075340186070718573 0.265776686955082885877 0.2676916683471428637375 0.2645039510361755774603
0.2670292296177148583247 0.2632640192853355487479 0.2657898561457990860291 0.2639483507075763291105 0.2655386619494363165117
0.2639257547674270232285 0.2664221978200497220612 0.2666773653738497285026 0.2676364776930165723101 0.2653811334311568792543
0.2653462662671061678132 0.2630443036234861864386 0.2655000477398343217139 0.2663497573268741036578 0.267445335670346673318
0.2647089600662145270071 0.2693168591294012315096 0.2681944762292256534408 0.2651514684520902553899 0.2672532336659073082252
0.2675811444140254180546 0.2668054947117929898148 0.2691349235649964088957 0.2651478390545114471877 0.2672309208851350592617
0.2664510413196143345793 0.2680384717848983688882 0.2675687646084006221514 0.2638526349793562930657 0.2678249056578450582045
0.2664386985105317573463 0.2665790666206011572115 0.2677387711218839894123 0.2669551855552629859858 0.2687946759895150083963
0.2662011467308265100229 0.2646006011844798666566 0.265372447709650072234 0.2662390790704265430833 0.2692852666422480556463
0.2661941442916648248307 0.264499723729541336148 0.2675437234140238818014 0.2660540080401064266802 0.2674065124662435288805
0.2673949407459331739645 0.2658384425135926210082 0.27050284342319769193 0.2672758666022250761962 0.2675998733755702851944
0.2684371139631352431998 0.2653554966984977281363 0.2656280819998742548371 0.2675908192860063650187 0.2667158991642439858083
0.2687687898984704726324 0.2673449106002447339669 0.2677538846322340959638 0.2667020187506630723995 0.2680586268968944696489
0.2658405306767519515887 0.2685918348923996279431 0.2662444827246278067356 0.2683700216849985720202 0.2658546654232807893159
0.2670677734462790220427 0.2685613468131688996721 0.2665110318146128864925 0.2662402775106589292164 0.2674777867394474428764
0.2688375419271776811669 0.2653434997941631068308 0.2682150798931490220944 0.2683188621952187213893 0.2661605910877985481378
0.2666495877525530966423 0.2665602450580618065779 0.2677436711394946544651 0.2683165895075414475457 0.2657199796266652147558
0.2660862965983019079452 0.2681642017074781225716 0.2657070900173657546084 0.2663970929315198632459 0.2687244895757290308325
0.2665276641033186844076 0.2663240266224796148897 0.2669389957940291879801 0.2655865829038984160526 0.268138752839804983541
0.2660541565766206262289 0.2661174444391374294128 0.2669451162386447529151 0.2674858109677842876728 0.2662719778428725980746
0.2667150782839898814913 0.2645879621957245020347 0.2674421343499718273229 0.2672846604060611364062 0.2655695870053086382612
0.2640242115243870979491 0.2672215666601776562494 0.2671717599288129241231 0.2654380456208816352337 0.2645578064228938930391
0.2665729038173164644476 0.266147459755313231522 0.267711759892988232501 0.2666060417685724992509 0.2672255988623796763015
0.2670965095062943772675 0.2690161589468397229652 0.2674830816183939030672 0.2670932371925284765091 0.2688111825860812764688
0.2675179199793602524693 0.2669451443057314077301 0.2659135643989072872451 0.2674947771046378153237 0.2670073309573405828665
0.2664516189662433087726 0.2682214890889808023289 0.26653283288913903748 0.2660391765514827366879 0.2642435953654400093704
0.2675255916030146452478 0.267304448288225249275 0.2665330014012604609164 0.2667400454695256217796 0.2657503515613361955161
0.2661858835693921565557 0.2657778387592452107313 0.2657861099485679945431 0.2652806608066224369757 0.2664650468255424509145
0.2667481496478810165662 0.265897737326403538205 0.2659424303536993550168 0.2668357412898699765336 0.2659975277840062601875
0.265994349087739001547 0.2665135017076152856852 0.2659586677639736995715 0.2671307106834839850684 0.2660434574954542719105
0.2680508434360340808134 0.2670524076101748467416 0.2663463371808484358993 0.2652591608546259194235 0.2642519085523291622053
0.267142546237616185234 0.2673314239915649537238 0.2660504991746271974407 0.2654967141633700067338 0.2650619649728978011183
0.2656915363445845890134 0.2646408531791077933804 0.265568076734960467622 0.2641197691655490786822 0.2625544364965594623662
0.2645191042622788146765 0.264312586656056613954 0.2665742267245573282608 0.2654123420073042916023 0.2649398650257397402896
0.2656463737891238685584 0.2655522912761864584574 0.2647255901875268935264 0.2659075898568838414171 0.266849553276997719653
0.2636876433792380569621 0.263757370708789296021 0.2635437678392210658629 0.2636461773132761643446 0.2652029725963946371614
0.265369495491553142319 0.2643050461445452525844 0.2638086419296703510895 0.2643781258261138078502 0.2643448224971376436798
0.2635248021837084397845 0.2625452450771230128446 0.2648001037138363877865 0.264571263503587450483 0.2629677121381508997366
0.2641227055588660777019 0.26370806982415467834 0.262946350063423595067 0.2644213658289129020851 0.2643933338404624300289
0.2631586388228761563823 0.2633348731821523736052 0.2625606752175685398853 0.2643107226914544471974 0.2636238136041799684506
0.2652267246535451317158 0.264376518335108556812 0.2627214403617031401872 0.2645616037419720734114 0.2629030977267440838396
0.2627067096795523415409 0.2625660333054246620144 0.2647901901356051190817 0.264069379405606818878 0.2627341813781562396279
0.2633447800386023995856 0.2633182271126959794749 0.2612910285713270774899 0.2629132607435760160541 0.2633559762480302546273
0.2621635243855958141701 0.2625590315080489900446 0.261433374451750411005 0.2635012635138376801969 0.2638247778092015494167
0.2623830317939346290501 0.2622150268403423689634 0.2620384815770770425836 0.2618365627388949401499 0.260977844743551290474
0.2619524237565514779291 0.2630342991269134511612 0.2624304809336059363112 0.2627659358803473566013 0.2630827346642077846361
0.2627058975125780571069 0.2613118488219595692001 0.2606882306008257432772 0.2593890721733719817443 0.2599451367989974448491
0.263289217868787894794 0.2637885021824589171224 0.2606377246632931021786 0.2629605298696502391209 0.2612285251997958357428
0.2620850426857439519068 0.2619257741089439650573 0.2612936583325469741546 0.2611091697566955693866 0.2601478844729540607084
0.2627896532513357974459 0.2613165749039179086566 0.2606032744581785465243 0.2619056826455838371537 0.2617714235008713474784
0.2604357795647998519151 0.2597546011688439682175 0.2608771359513368248706 0.2600155630375698967427 0.2588566219382645305913
0.2607891282514761543965 0.2620136281584182214033 0.2606905605359365329932 0.2597109683431211846205 0.2601271060506444299243
0.2590547497035859403347 0.260409350114940318921 0.2609374795502472643705 0.2587219404757554741536 0.2601367412728508021758
0.2616758784532463577577 0.258984503586979775136 0.2605607032611405582401 0.2591356335140916899995 0.2602622857109129772546
0.2601655205021190520043 0.259346280567215814461 0.2589577970538813334045 0.2581816952867880265998 0.2597151636278503539224
0.258594953399419902329 0.2579177104628123662344 0.2604267803012168536192 0.2586514164180788721836 0.2573725898350485152832
0.258028396438811036262 0.2589173587152244770948 0.2584943057776542540971 0.2579479100109411948694 0.2581797046051810262668
0.2574666420356885865317 0.2595381574619073372645 0.2588690625587865556945 0.2574275074734918011821 0.2581677322347210590259
0.2593113859858924841184 0.2572211460394409066055 0.2580425646458041621933 0.2572955408303770896694 0.2568084672925087241779
0.2577023293195741526773 0.2577215982094107071809 0.2566155322653927428611 0.257889956906503736711 0.2560312926866190608166
0.2574834478816799832046 0.2589543037384250956379 0.2558763279945804325344 0.2567094492560069163289 0.2591331899767688184966
0.2578029248739704959448 0.2566039337172116296948 0.2563107373055131810169 0.2571174692033639797017 0.2585517835928161090031
0.2578604922519296960282 0.2556756528589857468958 0.2565450650025239420771 0.2585202090596646073983 0.2561701841496487053185
0.2562660367420750984202 0.2585652772782930375328 0.2571957287219415744239 0.2577478739509776461958 0.2560057541162684691116
0.2559129291737984868149 0.256308448366491026249 0.2564437266428242212513 0.2555359494341645776316 0.2552418716221468986127
0.2547255839429456436562 0.256913004718145709937 0.2559153432099776082076 0.25653036965004971659 0.2565649969606031421954
0.2567635085985808807152 0.257023740725931204576 0.2548062654045593067309 0.2550765831928679117091 0.2535055975820575957513
0.2534626531023780882101 0.2556067540524465386831 0.2532677209290773445716 0.2539406094047758633003 0.2550890197626261013397
0.2558240435956219416269 0.2533833584330939525664 0.254396451526768485607 0.2564440957104135998534 0.2542920201635172627874
0.2526509762124306557318 0.2543804188098056640044 0.2535190344140472173962 0.2562452722289939588407 0.2534178893718458391859
0.2543493858584519595745 0.2533510257615731453562 0.2527617097817475566579 0.2536897454536144458359 0.2531047507248396777335
0.2537524348764880754992 0.2530255127787331970168 0.2518731212934406382686 0.2542346002895584100578 0.254255483757233446962
0.2530455669742956992252 0.2539293485586958665223 0.2548422888286774323774 0.2535262443702933632395 0.2519312258420199901465
0.2537360589000579036423 0.2533983486940700746715 0.2540514241103034032143 0.2530569036396303483905 0.2534630109092258498649
0.2518330744440231971915 0.2536685760437872305673 0.2506135766937399589338 0.2515578573637619608228 0.2524918381780178466833
0.2544953292452789561651 0.2529453258801535597833 0.2527755866849965005194 0.2534764028716463557522 0.2527514766765451836861
0.252131616346320253097 0.252766027778640545165 0.2520445676509411869759 0.252787085404148847978 0.2517662098527688741001
0.2520324940232230304105 0.2520606880893541124067 0.2515530599328021366112 0.2511397710368200031361 0.2511401333220330545082
0.2524431394884345536411 0.2531507558631413967731 0.2508364411693940199122 0.2532723142948166694666 0.2533617348482581355107
0.2508357275237698136294 0.2502760752231644736376 0.2513834926304170380718 0.2508502739838256445637 0.2507523155741913645222
0.2516333059673746541662 0.24911593270159082536 0.2506471975473792412892 0.2526983978816877973728 0.2511731253762762849924
0.2523987686650069339755 0.2503968028601371020869 0.2514540420847921620151 0.2498119664491722236033 0.2501636642432863988361
0.2501558463245506236383 0.2494967402443456216954 0.2503542435305816105107 0.2514275109560621390692 0.2505500969314592984993
0.249110279515625088198 0.2488220240160353424752 0.2505337682341889915527 0.2493965576621872404228 0.2498011081338686045772
0.2499002302575361045278 0.2497874448425230486936 0.251150247167098772394 0.2504199694569712586478 0.2495295147763612331193
0.2483459962039202273409 0.2498923438894232462726 0.2498885765324393715137 0.2496454543533883352335 0.2494607774564977509257
0.2491715615134720840373 0.2483716342578236313532 0.2481098222402628450389 0.2504752493414774128233 0.2498708767820189968756
0.2472966974819467700364 0.2478198878305210017814 0.2494427560964590506742 0.2493214538792593859551 0.2492813721147693062363
0.248388514098675683428 0.2484690278090483650519 0.2481813988164932038849 0.2498877867668214958208 0.2479983663387633763264
0.2497685694229539732358 0.2482951635630018250023 0.2474134994545358068319 0.2492074121034748013237 0.2489427501480748206042
0.2468936782035250077083 0.2484299024470019989774 0.2477016269886788413235 0.2475930799003276949755 0.2479997375491000966008
0.2472254824985720689234 0.2469272448065855940502 0.247466038685227346372 0.2487567403769403440172 0.2466879774274424175218
0.2467212240304806070146 0.2453614678409864746644 0.2490772918682106207289 0.2483587690376913292845 0.2461972262760885321597
0.2487672918727050763721 0.2482633375209409021256 0.2493390056139442034766 0.2467004215589294058297 0.2471170374774521727446
0.2480143867053316297788 0.2457688356804619278506 0.2462156068182741186501 0.2467098343499836976545 0.2465976070551119669894
0.2464299124098483229073 0.2460882999001351711943 0.24552513819484095281 0.2449028870883818709281 0.2485933249187563254257
0.2470464355791231192416 0.2468002344553554827655 0.2466447639629270327521 0.2460914907620596892013 0.2453262193444114280805
0.2454393050010016119611 0.2462941844787263356853 0.2458740263872096487585 0.2476535014434249892812 0.2453707436377475792355
0.2452484959423252564026 0.2455720154276403721649 0.2459648510616335159717 0.2454190452565589708467 0.2446656023485784536842
0.245481344127655626286 0.2454071585845589709152 0.2445956303048079094609 0.244964188658047837821 0.246285562735186758232
0.24479592077757053592 0.2460279377351054508338 0.2450796123778863078169 0.2441705794540222351774 0.244821046354767035691
0.2443844609564791714451 0.2438818046019881613518 0.2441757277027494232868 0.2445743337605855716177 0.2458794212218884667198
0.2448159829716298752089 0.2423060969950014409413 0.244108304914949447717 0.2446734841946489602549 0.2442768477546728433936
0.2436704739767347749346 0.245194547538050672264 0.243672898574162549723 0.2423491065337498584498 0.2433867629892254857982
0.2461807551996434695329 0.2431057896232782788992 0.2428973866066599651692 0.2444753807547231094777 0.2441971201760534115888
0.2430070281102167661924 0.2436952540379904441625 0.2433853268766791033695 0.2431439771811787498024 0.2432967448291633860702
0.2433810781125853306417 0.2428919717257934929311 0.2430650529487544397877 0.2437073785658707969493 0.2422787652915918688024
0.2427590134140466260337 0.2416414154025473270959 0.2427877804186682753063 0.2429446685466112587637 0.24213722985774449592
0.2422594267316086069641 0.2416103931697085871466 0.2431215579895229794705 0.2430263368643868215901 0.2421340375022612845246
0.2436366467287210957338 0.2420866127884509777513 0.2416166103955089405897 0.2441035880289415815891 0.2426082094772888386736
0.2411803013504265902345 0.2446279864937839776395 0.2422201688100113214919 0.2417577584997387118992
