NaN NaN NaN NaN NaN
NaN NaN NaN NaN 4.302223212076235370205
4.172039825833196324822 3.677529240965285328713 3.796521481223740668298 3.895950533281269834163 4.244005617167040611548
3.804517570498674228219 4.085833836343990554951 3.626991992372044837367 3.891502046845972895284 3.594943097348928251478
3.722779045623969551571 3.649866490789961392949 3.681486542760554758758 4.187877890752320197976 4.274123499984392893225
3.576163028313242620015 3.77990289228870324223 3.726019815978401705792 3.750536613100352134609 3.735975005363438405936
3.771325884200528832935 4.113717645121552912713 3.768833139579763624738 3.621086388127766397815 3.94815903535805290403
3.61273764209855974272 3.728431746216749331779 3.668683211173419778106 3.683910188513465744364 3.68465532302793485897
3.695966380676619866819 3.71018716943968085431 3.736895177499755416051 3.662371121875894974806 3.675942631083594758223
3.675238988085385294369 3.644280710337721718162 4.066507704125582378651 3.732105121792378188417 4.325028636685087413127
3.856969903069573213372 3.613475548198256337429 3.847092944086791810321 4.313615010658308435154 4.199486118683475766034
3.730593114457612102797 3.796435666506194461789 4.241247227239142603139 3.688070088456665285293 3.998006082218762635705
3.860340069622568037744 4.240981160155555151903 3.891937553889989853673 4.101202829219167789176 3.81436753739157685672
3.807911508188046134649 NaN NaN NaN NaN
NaN NaN NaN NaN NaN
NaN 3.484529269976679000109 3.452181038742394125762 4.069257633090458625702 3.974664762687912578087
4.555175729475332779828 5.00363877902464082581 5.095259172940323821877 4.578527916074685677472 4.553522468987538651675
4.95411309708107694405 4.986046191685690409656 4.396241248560901482278 5.11635130537199245282 4.266259194276448951655
4.356720634000370573347 4.813374754726910786928 5.076950080250613339672 5.032434520145395495661 3.792336972403555162003
4.391497948852219224136 4.325967948874673396631 4.91545615763040011359 4.856434069314598644951 4.438198997823625369108
4.731737054847716450467 4.716916709213867520134 4.241152584123391022786 4.456816901149221799017 4.302531085175072433913
4.214064792440336937318 3.877515893797243595742 4.319499402967457157843 4.32031720608674874029 3.971709263295881253697
4.012536074884907932869 4.092006510159472476573 3.980779261092834531155 4.080500126634126090153 3.779881319893405144938
3.741301826243403017003 3.810112990037379798736 4.064068869898964209142 3.803932227005549560062 3.549305980343408606359
3.692176377415779420232 3.910383141481713398235 3.885303559342604629023 3.695374857344946306625 3.766815634568051240905
3.749381634447149114209 3.84639396720183990297 3.906722384921768931321 3.698047643661317884778 4.079393981321184803335
4.261682538569924183491 NaN NaN NaN NaN
NaN NaN NaN NaN NaN
NaN 3.835062038763175973344 4.004106222674456816435 4.050662987467484654758 3.872263403048054719591
4.005694587710548759674 3.924381634171588473237 3.93183491234916360213 3.899999797456948247287 3.823096075346715583265
3.930953039288916261995 3.930317212137966809138 3.921777712525180259462 3.810079865260999731902 4.065316324249723223261
3.889409604454518110117 4.360294511028744324221 4.360571069958590229021 3.98972918859518843604 4.295276381611213167844
3.89629658486242247406 3.789487949102751773722 3.640895074609227233253 4.090146396181607357789 3.910813335247481870027
3.640240251780854752184 3.861552594544333860682 3.838071782599135062242 3.779420435254166488193 3.790893800752603404192
3.743620261675179694549 3.686897573669831285059 4.147315113430437349962 4.201094943360942579602 4.401622674335714968663
3.934551562314740902337 3.684583978400994386249 4.17118620057010947022 3.738266858114494439747 3.580066065597057090031
4.216715103371848627489 3.956417078738950987571 3.713377772541263777129 3.549626583287809999945 3.51467223183340271575
3.732969107770642391841 3.667300434899310790371 3.651458955528861682893 3.68884215428880857246 3.643437602255307439236
3.649196577093685167625 3.571160558333595691494 3.575776818442017557231 3.576436424418127479896 3.673079994374853995964
3.675865236119582935004 3.623267984235922778424 3.741417092163354940482 NaN NaN
NaN NaN NaN NaN NaN
NaN NaN NaN 4.680530417009975074905 4.226709328781469210412
4.404502468379289048528 4.641440680351084147048 4.232170282921330795034 4.56337890171662419192 4.018466923499857124114
3.842210768073216708984 3.973093984645449605608 3.987042766693000395151 3.704083476086422521689 3.866276515745561415116
3.961967179040286168856 3.96093036293457467778 3.804212146764323509984 4.010494898273208264072 3.962089276899385392738
3.871310076736517391538 3.786095299113778622768 3.849189046807214076296 4.031594035568076606069 4.119620820549688033907
3.720758352111461331191 3.886241271615725967337 4.374412857389258668661 3.646635469996356793132 4.47758107373241198701
3.988052263391214768973 3.857308383456075073781 4.020009139791074659342 3.734328498292053044594 3.963463132563362023575
3.812360708157055189105 3.576595572370148801156 3.939827563749313643626 3.542980850070863496626 3.686052165934244673196
4.088059751347459247484 4.268027350923401463945 3.639320816854078266545 3.684291766640883647455 3.567656366838407144826
3.429529352925770435689 4.119359615266833252178 3.913040639747481286292 4.26662575343783156967 4.181661370741479366586
3.747521473992997620428 3.844546585181273012921 3.669618326727198009962 3.884778291194750377002 3.848721911382111837696
3.775989308482248674181 3.881803916641444640589 NaN NaN NaN
NaN NaN NaN NaN NaN
NaN NaN 4.083193128388345805035 4.047772247432034120607 3.829999812543282367017
3.986921821208719407537 3.787188964390499457124 4.745644617335115000856 4.81747014345574342542 4.414654117341552108655
4.241141990865671118627 4.741797758112736183023 4.452175349664087455892 3.677540382932940943306 4.02485524726635190973
3.844382604559110738762 3.934255722071750227542 3.977918805273105817832 3.953456926040332941596 3.820711997978244678364
3.906749885090558205292 3.913923009314948853188 4.058726021605528089253 3.890092585329078644918 3.902481397376631022667
4.003705942531104788884 3.730406866200514759413 3.922917339510936685087 4.10687515266736724584 3.785896143697982996201
3.83647394401498598171 4.106918427806728999485 3.919921952728237179997 3.851593115563557212511 4.014903859316126144563
4.109997876618457723907 4.026342235818886727827 3.803285825280149357042 3.789477497138661998832 3.739824315892544159823
4.165072154782662572359 3.624731503034877011515 4.412801811091882520088 4.067315764047654269575 3.779136519458765164359
4.285067536041711200312 4.167716371933340546718 3.79513222170910102804 3.930789692511646116202 3.859302910655866281076
3.584286185746830000198 3.761785787667879077389 3.758552113206746092544 3.677659320472011383885 3.649347571504673926057
3.653047449721316564109 3.639325153376435029173 4.124558784096360675164 4.156292215337921369667 NaN
NaN NaN NaN NaN NaN
NaN NaN NaN NaN 4.204503800348699193989
3.874004616502942255352 3.562129093601047458151 4.162531187011157207678 3.747740661282581875469 3.665827801810459973808
3.579581018105538525731 3.653861748317082547288 3.716611351574579558132 3.777793069296413897007 3.634033916203321279426
3.640410511067496468485 3.66690126444186459409 3.687145260444139260869 4.075335553846171521286 4.393825150509858445957
3.926365500959227539113 4.294102574603789967966 4.139800250554893423782 3.542127745338776723116 3.7063993545786573236
3.61437441547246374185 3.856657140598978905643 3.686103504876228509346 3.587370400362467126598 4.359305126569695154615
4.112096568123169149089 4.164194715514428324354 4.449019961358788854966 4.015469065337679666072 3.968859850829088653512
3.897184432946691590161 4.213854427943689806568 4.05419635395898314556 3.752029825390018391573 4.225375605610259377443
3.669004727705356128098 3.930929123659201440688 3.897863040132856671249 3.72275363305598716579 3.848981356366078632192
3.634135910569840088868 3.711537691372118530353 3.572758138104822123182 3.780927135791259274811 4.121212145522322067848
3.384406966820207696145 3.946496208862113164173 3.741424417225396759079 3.681596898602147671653 4.299773811098413389686
4.277625563821941589993 4.216465585055284570615 4.379634260331979334069 4.277833300136598460028 3.886099901982625670627
4.063894190884716373091 NaN NaN NaN NaN
NaN NaN NaN NaN NaN
NaN 4.306644454764128049362 3.992460430079229904976 3.799014726058357549476 4.167389600502652946545
4.562605004920031070981 4.648667052103821362152 4.514052251739787635643 3.898356904378574405712 4.113411051671026719134
4.451463257896454805973 3.847351963170766886435 3.794076286062115332953 3.793602686066308127266 3.916684977148124247037
4.001567458110922181902 3.965652378510310605009 3.874353441091840544175 3.924844343319387363067 3.892130904416931436174
3.870744520851618908353 3.840966262109224871324 3.816755324143879413157 3.990264769777830622388 3.793645301961975135896
3.761575213853923571605 4.31763133297682610845 4.263704414185193414255 4.347126202474274947463 4.136079090749337439092
4.997958084135732725883 4.257007283100072925208 4.302369621023760970502 3.816383158285866272763 3.640881637115588542741
3.676256908379904153605 4.236779591400494204834 3.801462021773122312851 3.662184660875500874511 3.564888973961786167166
3.867102583524171244278 3.506408343759156220898 3.607952716964188955018 3.749480124171316930415 3.571693783879582362317
3.606113855769749854119 3.521933329478621921282 3.514732852398226192747 3.892380251906128130202 3.517771468684559366125
3.522036931226312006515 3.66660243121493323315 3.605021654737483594033 3.838312183377258435257 3.539241741684922448741
3.636755360844698969913 4.500101808853417040268 3.942055854422346072852 NaN NaN
NaN NaN NaN NaN NaN
NaN NaN NaN 3.886105476885832743505 4.081825536942665699769
3.954788089133542960951 4.038743208629581360469 4.019506823776475279431 3.906098370279411646777 4.009502116982455177663
4.174917397617358361117 4.19204855292765632413 4.119667796233114742677 3.94930044204924213247 3.994018367578235917392
3.947744500897123920424 4.141254110107636776661 4.085947568080293912374 3.918716908730641268477 3.93145537250606924573
4.065505093267683278668 3.700341240528452146918 3.810130843960117363878 3.844247694220516375907 4.033767777999513803877
3.995131087415829007625 3.883415110476752918345 4.045207975011493317652 4.39339349436960713291 3.928264367788334432419
3.755049009859485309448 3.996409287853062597407 3.831282976543465945696 3.73190745735757012369 3.761181686745388663695
4.13804670482480752014 4.023524032548586149005 3.917541879805438664874 3.837408349646957539392 3.729512972223220312884
3.892562369177038128498 3.933669693845701864632 4.126841082538944327496 4.000750688044004022004 3.928167190831556077057
4.075522010125346206166 4.111261290392807410399 4.023901656809989901831 4.167465568968283129436 4.162705861100488569093
4.094479976862860581832 3.559908443295265456641 3.856342160428328114108 3.774110125294835693666 3.976705073571769943896
3.867167287754151416834 NaN NaN NaN NaN
NaN NaN NaN NaN NaN
NaN 3.885925606511253960207 3.855241066598174892732 3.942320014928430094159 3.910222620099977675068
3.949789296205006294826 3.909308071852453547734 3.927201096817440895137 3.741024272678216355814 3.904608655966322228181
3.775206176642948996403 3.728692473116310246439 3.703436247470154984995 4.180701569553789020972 3.76772783464031224554
4.217352760064914996008 3.676400962793487714464 4.537067314408255391811 4.557628632122536771476 4.172179174093386677669
3.940235626305972793659 4.520159911485948533993 4.164519070556283786289 3.845592237213510067306 3.690851090863031203071
4.475698097269525277397 3.902340647951961116746 3.799293500322884487019 3.88319644154177812112 3.888933815229268287084
3.960601597344976187998 3.968637982166568711762 4.072325900637328466303 3.517874027648028256721 3.753754175766526479663
3.7405472980688556639 3.958386687724839259062 3.599660192098614874823 3.635698579998721591267 3.562386643868086011366
3.63537301072393947976 3.688869579230885875631 3.731540656095563956995 4.392066684379433816332 4.311765290216476920193
4.273422463688725692066 3.890595299434760345747 4.015437460128534752357 4.269672787319500173453 3.946591407526506500858
4.238465639530656581258 4.272446502736725548743 4.128982691570659113722 4.09574903720220895309 4.229804337109640322012
3.732180611224959587702 3.561945876974580205143 3.574605897468785986604 NaN NaN
NaN NaN NaN NaN NaN
NaN NaN NaN 4.130155512514393834067 4.042469002139809752805
4.097980971609046285664 4.093492645482237790588 4.115719878076446569537 4.150438399559850388698 4.12143790116283437186
4.123777123640175013009 3.970317661509119133711 3.858506996406660949361 3.823270610037585726104 3.84381789504705029259
3.848448351625081809146 3.937493480376085486228 3.90521072696677951086 3.900080801637882732535 3.814221465876434180586
3.676963577057945187221 3.767016843642781775969 3.868830802663665746621 3.854501307864495185385 3.974941352582831655127
3.90780043953522371325 3.917524905448424910048 3.906971799590110538958 3.936638559676571613721 4.053764654449969029315
3.815755998401870741077 4.037146346589580936381 4.009101135311778030257 4.237330606626494855504 3.729547607312716728245
4.253642355660002039031 4.342606269851338574028 4.548104701786243708739 4.026176639059521278341 4.018126244409658376355
3.999896235689947232572 4.312785419601603997819 4.150663611643295780596 4.127925549119478176863 3.871632276156343088758
3.840770332662097441556 3.939878729764158649118 3.713813487326777629249 3.697145124234703761346 3.553282824187484312262
3.729057361418152805044 4.751112689045766224183 4.538532051641987585811 4.058565994858344794238 4.69738895916422194432
4.178451408209688189288 3.895699675783213855595 4.410083528995476953583 3.883819688515150136965 3.874746894229094795747
NaN NaN NaN NaN NaN
NaN NaN NaN NaN NaN
3.493627054557523425871 3.500518381162462056011 3.476094972759514512006 3.481650453606402795259 3.499911382677175275546
3.51735692251717546597 3.583733021161165765989 3.564152950947264031356 3.617163306907021258496 3.569464429842187147557
3.690444464502576238374 3.82624145219611877522 3.746185501037305520811 3.755519146166552690858 3.752610887943669926159
3.60305676967129251409 3.704939067288994802851 3.670278742540262317817 3.689065280751124831227 3.62205749086550365945
3.600793424284120192169 3.586709867767030157637 3.571959358619563928983 3.800596458689433188027 3.624729889465043264352
3.850883023440930585934 4.028547463422148311452 3.908444142892160133584 3.775902479275207390685 3.787022194326779001017
3.776155125469914164427 3.792055712866830408103 3.948827700552228758824 3.809970555970053851524 4.075022538185830711654
3.929920283883201914676 3.892546580496602182109 4.212381907593699459369 3.886787326496486727478 3.786512844498246987968
3.797782461591404867818 3.876952467794239076682 3.930494883767703395705 3.944667554263397324377 3.954140331186546841735
3.905097837858611864448 4.044427352478439985362 4.690564520467959575001 3.883066519746857014894 3.883915931177981839539
4.368316102291960767445 3.881472268197973640724 3.91870228791485830655 3.838987695345684070247 3.946745616571746939627
NaN NaN NaN NaN NaN
NaN NaN NaN NaN NaN
4.322836321983702490002 4.320457670116625514822 3.761318743915340157002 3.915900394742662271597 3.852377366360664190381
3.800738041571131820007 4.301651606002780070526 5.007309437725978362721 4.07859545883743201955 3.844993129020697786302
4.426073855939750778532 4.452993718852574112077 4.45844516838353843724 4.204970935037190216121 4.158944138079374575057
4.33121378005886370488 3.957404175675995894323 3.929594079501976366942 4.350515942217269227399 4.273209000296064097313
4.392876142979586617798 4.385552785496261485321 4.1591126896708354721 4.068032587149139622795 3.829678187380137988072
3.683348531215113297321 3.984125609919481725285 3.885734141022882059957 3.806450496320198162437 3.856785239514032959107
3.923871812936251313175 4.096036887651342439653 3.797655394826032981825 4.290468611496262241189 3.902894249373562107763
4.137643321244317995422 4.499295848116164009411 3.880175906514072625697 3.769162915755244203098 3.942054085537069152423
4.318288297486038374018 NaN NaN NaN NaN
NaN NaN NaN NaN NaN
NaN NaN NaN NaN NaN
NaN
