0.1519434843458598305421 -0.001451602593967174894066 -0.08038178727236218457097 0.3235487751636133557653 0.1537473244541769368254
0.2801376202019864591897 -0.1048210304820809124493 0.3393212545829275561537 -0.1011129994010023513962 0.2200228961079371547971
0.2901380957811620642239 0.3401987509928015573912 0.257490071815002941058 0.182766200350469948388 0.1072552899294491740578
0.2674346531850095853855 0.1051955772021204577049 0.2968167762298246081798 0.1912905890803081598861 0.02994874153841878619553
0.3289368389926463076556 0.23728356754279744667 0.3322160520781547443647 0.3262017946232880771795 0.3759822423364115873134
0.2796165481193099711099 0.3470999504907571475698 0.3403594079389782312006 0.2880012274800277660702 0.3277319458510868921408
0.3743829632972132115398 0.293744979826014995794 0.2184119109286691839955 0.3032727466330066290467 0.2717069282800215757057
0.375766893049566841345 0.2816841525691751169092 0.4179543986040615277666 0.2770468495772381301023 0.3314748502861017409593
0.3841117213855686496338 0.3437357511681735089404 0.3158917209230479583582 0.3714841693456878424229 0.06737304178304676094413
0.3481404847368514965389 0.3330866854517940400804 0.2500016193178937196073 0.3452886178834601027532 0.4099886410657658797341
0.3396986458289658061815 0.4368653500940835043842 0.4322791859155281080085 0.1939039025754352163489 0.3874831540683986164098
0.4434118954130001899472 0.3857954808414701397545 0.3657767235993293897245 0.3709841081632281323266 0.4145827045930476906221
0.3663499701601000135831 0.3893523631975544518902 0.4025973756498066880027 0.3018659846185567929844 0.3896292972977906665655
0.3849742158445804696143 0.4220129716979389988829 0.4045502105675640724947 0.3430373989449062577251 0.3589666063829071718239
0.4078096041998424681196 0.3731053009522630747874 0.3917778583527278812859 0.4227597648211922076733 0.3670561139552190876856
0.4027609884582433741329 0.4487015741207798780188 0.429117372924571305326 0.3694978897918710925019 0.3902919250624607427902
0.3544753149023840976817 0.3978876571108280191247 0.3497504432905366167361 0.3694610395196860075373 0.4168528738235564023995
0.4407277022185486781147 0.4267802231389261069516 0.4060609133294778572143 0.345763550898433302816 0.3949001999752005387379
0.3741348381794563082714 0.4435405151408096102728 0.4079321970475103809051 0.4601381940372781254034 0.4222314106795451715826
0.449603784557016494805 0.4427578029739728249226 0.4233510583294078366556 0.4054721332886422890951 0.4838184109121120846098
0.3899164670715221658881 0.499419332671747706609 0.393660437704708376927 0.4418722875784474868333 0.4546678231815705073515
0.3562638449130488549343 0.393448433874923120257 0.4346330497440312190527 0.4342683247332752016767 0.4361824669460798720166
0.4003104072313625749757 0.3806324640927232216825 0.4417095070173679416392 0.4722545157985150732216 0.4109562192046759543373
0.3942097316571847587241 0.3903836544613471515319 0.4213639879105616770083 0.4758544731768902802393 0.4459345482752986034036
0.4314574510691300823773 0.4754581318066367634501 0.4826342175640830900463 0.4841901822085362683268 0.4311996863977101690502
0.3945168835111347860334 0.4799462256217792432977 0.4473748614701480996736 0.45199570720066784002 0.3604682494766875966441
0.4523505150148815490141 0.4485165711969582025276 0.4536919623514993338276 0.4441526786015457806123 0.4907622086844006248363
0.4425268119749389827966 0.4827260646109967634487 0.4187764966904348185039 0.4332385408065025922397 0.4941730600245089477518
0.4504831963345919398911 0.3941650828362732172927 0.415302831366568370175 0.4795352804246413858102 0.4306516077584468527029
0.4377974511040151894825 0.4373143997606313559956 0.4335683854438938666931 0.4634683745384127750988 0.4526975524274890472221
0.4718554736912259350845 0.4438496205418549500621 0.495897336735349858472 0.4366730778568103099602 0.4480672847413926795923
0.4877277792919774146441 0.4576461974859619696865 0.4993265949312143958672 0.4690115797311815160064 0.4885464990244137162279
0.4704823626051418683502 0.4825012115875045304314 0.4787699804082591881205 0.437238912778317945218 0.4300983472783910799286
0.4417275057236054736087 0.4618681001456147461326 0.4726754068682794129863 0.4412124660034767997807 0.4736352340559618068205
0.4811224494083338187878 0.4368099034035652916685 0.4427975909512030239235 0.4902368084910025958223 0.5204269328439454778135
0.5071710940513536325369 0.4589429289187737515121 0.5358635610043051000773 0.4491506068786216276933 0.4714049939803396371829
0.4531284444009143208554 0.4782053064010681198148 0.4874139375797139628332 0.4945785427968360514761 0.5147618316275329730658
0.4828460914557226035804 0.4616406185750914770161 0.4983820353776379219468 0.5696183336141095177041 0.4578092485309967485385
0.4604388910631702636067 0.4798728176299554837314 0.4639881265141398980489 0.4249974606833578083531 0.5023394283157840423115
0.432350935535569191881 0.4913904350226795947343 0.4620560665241458808694 0.4971994974720588822414 0.4593517429384758044009
0.4411187779748603765562 0.4794377989011098795125 0.4747576070575003637231 0.4510231294335610430224 0.4668495940459294613056
0.4999376854633399980266 0.5176073486579138016594 0.4445445720857709726026 0.4902398396050621776077 0.4971066179623404579502
0.4869203765666521577238 0.4785404246609776812704 0.503308472922584959619 0.4980378979143345596903 0.4477497974263975333287
0.5101950174284946015746 0.4790412326994195613139 0.4543101620960087183576 0.4667784776257269951927 0.5284864537432720776877
0.5118007259929057140013 0.5293951041625442055505 0.4901782158981838333212 0.4758207243406742392722 0.5112974295516968803454
0.527888465332586598322 0.4380240767100915255661 0.4795466536463580120575 0.4861174987710750183822 0.490429039205742878238
0.5021578601150279430598 0.5081486810954036759114 0.4793759782872413222066 0.4792500832944637800814 0.4911700656497456907168
0.5215522725855922248073 0.4654689209360289292583 0.4844055267214795179598 0.4560159819595115404667 0.4909979023310704349115
0.502758696438033392262 0.4958561029212291138002 0.479222499407608026889 0.5157677754552562054968 0.53839984472890367595
0.5226634823530657003587 0.5164952482776704600909 0.5147978627414383501204 0.4727181255651372593363 0.4783807595102372300921
0.4943063027784715401936 0.4859384710190917666672 0.505806954034832556566 0.4716824054345790107057 0.5395503100322134315547
0.499329318438865188412 0.5053690498757430482613 0.5244116869818724602226 0.482097315136858273199 0.5100349828173286192978
0.5111064326689053194386 0.5179983858077391589703 0.4992663874782858890455 0.4822934347476789396225 0.4678529215381480033109
0.5229603048043306445791 0.5339903029232773157275 0.5363048463347559469128 0.5308481377706238957259 0.4765964147096172220941
0.5308006633367324811346 0.504376160113850890987 0.4667446752102307194754 0.4891291500955145532537 0.500996155620530680963
0.516446555637601334432 0.4806075377864847397724 0.5099547708968595882695 0.5256861479132016734539 0.4772442928036903508904
0.5259039190373049343918 0.4915219087970496003592 0.465579450059527166772 0.5143477205424136222689 0.5042439834258232167485
0.4686114164515765567742 0.5225711843382000454383 0.4961095769187612858353 0.4850018890975918428587 0.5008549218936806379787
0.4879693336748858190077 0.5297289903173132419312 0.523599005170114262242 0.5356739404751802435811 0.5089669166874298822378
0.5115070041297644642952 0.5288237923067805601463 0.5532422450142855385735 0.4933372684447178135869 0.5092781640068212434258
0.4899811952294420569487 0.5114360215707127732543 0.523683224415289916287 0.5273344320416738506552 0.5325051061052139544927
0.487073071981982075318 0.5402633926673062747525 0.4449397972796885203373 0.4868352861663595709807 0.5329063294008331563845
0.511460608996505139423 0.5349872392395148557043 0.4928379500967832171909 0.4920496696009094006463 0.5050350808083118314684
0.5469822739796635913123 0.5491214666608107419776 0.5207719673634622070679 0.5122257048625346032011 0.5263097792615064607347
0.5075705658131325348492 0.5361046672962442860566 0.5289338062190960254583 0.5303782037928413961581 0.5539101926076428483725
0.5122481638808074055902 0.4970347437398935364072 0.52340034742922869615 0.5113500171319795839509 0.5107705491955653043235
0.502922301954804917834 0.5018759474383596153046 0.5019131553024078762348 0.5026174927136325409904 0.5070507955640339847747
0.4676983066954379375524 0.5382170714908778297314 0.4975482283008471617869 0.54539309406603764252 0.4897449531964171987042
0.52536562458125113384 0.5399704636343793939801 0.5405119718205753098772 0.5040178793357890096871 0.4938301953975501312755
0.4976097853193179321174 0.4814834806283184720499 0.5281177938233202473484 0.5194742986201724699313 0.5164724698911155043035
0.5443028179400049015868 0.5064031371162298622579 0.5134751055218730320107 0.5263184869485889594287 0.5194039142727424618329
0.5001229972293337322498 0.5043068010907858500502 0.5286235896778517240335 0.4837742476873184149788 0.5159757027642307702919
0.489888608831335226057 0.5360306420679218364356 0.5766773225204411268408 0.5156947683587588260323 0.5216425503295321064456
0.5233032266083031958104 0.534586270768151572419 0.5501213956781475511448 0.4819783850779823519694 0.5289979370886090936921
0.441419171949447464165 0.525365558953279410126 0.5101042428203512724139 0.5121820167828107228658 0.5208522226511623776091
0.5275865881498384979409 0.5306726272767888774595 0.5205430012305439779752 0.5243113945450788015989 0.4480620864530611147103
0.5321094549565240638955 0.4970943706154026808797 0.5104533626807170598738 0.553506672430865154233 0.5165182751149228757015
0.5354910126111745993782 0.4969567677711695385945 0.5166039780126557845463 0.5464877195979371826695 0.5687936844718459727943
0.5253971257628836655229 0.5207787655278971472583 0.5141440734186473182632 0.5272519028384409223165 0.5220088910641061952234
0.5217207317447781766973 0.5385837663176101797191 0.5476020386429107933424 0.5298841722581468793862 0.5408346722585268828709
0.5394004889517586276426 0.5038348606411245933501 0.4973860688224496229282 0.5496120464613365452777 0.5004321395918771564482
0.5213659596542683516418 0.4739978169323296186555 0.5014353514270981637679 0.5222381189682593349843 0.5387790181457772220597
0.5541414859980784424209 0.5516454899323519622811 0.5246101355470281779603 0.5360005060165080603696 0.5303487635631198848785
0.5061085779908658377479 0.5183841085287375083368 0.5705939844932851334747 0.4842677162236814769614 0.5127173456206433055371
0.5193286014373890147056 0.5216370693056825436074 0.5694501544322664310371 0.5415013652115907571982 0.534457693617987894541
0.520731891514111366881 0.5263260166436799503131 0.5482131771697645872266 0.5411711322114994837662 0.5226572849197747006045
0.547822291906290836927 0.5730968610558008213829 0.5108798372988024860675 0.5086428881804190282878 0.5197612642724359632851
0.5351782371406480498521 0.5418138296293395494985 0.5102951971804525754806 0.5610341291105247485405 0.5244775584522110012387
0.4780192099238126934857 0.5422360077138811407238 0.5362111269169729244055 0.5464503528545550103956 0.5525780927437244915978
0.5352548672344905611453 0.5389768135875111498834 0.5061149070166172103669 0.553761809564143892004 0.5081727649431421189874
0.567556027718611577626 0.5558975083877997214188 0.5119666920827685707707 0.5130080204659395182176 0.5260650343172039722361
0.5103051174574064763334 0.5632558484708287682707 0.5585942721542407340962 0.5672703865746978602047 0.5302956415097093145761
0.5326127352875639209273 0.563903831784016484896 0.5046275478747412890357 0.5148994651396890942507 0.5158909683754455688387
0.53607618051630590017 0.5059738203859385219374 0.5338967568684572784221 0.5227010971393316607347 0.5277970194309128393328
0.5323327989325398190701 0.5481462842883538799654 0.5163727208558361869706 0.5170707952613747826476 0.5575401193521142273468
0.5111162770172626990117 0.5375918838532953714093 0.5609661800086751526351 0.541959924086829136769 0.534557684442640734801
0.5213215784753528758699 0.5253642739068578038086 0.5572632612465923118705 0.5314798357948785634264 0.5256094044950483379353
0.519348769114830632887 0.5109889922097581305138 0.5298051084791871589985 0.5115800954277642809132 0.5542888506132865877873
0.5404050420476381733081 0.5336087121806032396165 0.5109472568484179078041 0.5095078095834082443361 0.5332250967764661231385
0.5835004539819580449134 0.5463931273209999828211 0.5583003200116439801448 0.558199138042797526893 0.5339536732031113785979
0.5678699008765465405801 0.4964074352556421820815 0.5360670522588218966931 0.556188803501179718225 0.5629089325582062874886
0.5479672221013619504149 0.5418745210201370010594 0.5300945993099306363661 0.5216766458555684993215 0.5388022368572199516379
0.5179601675442918606862 0.5324674433934335482377 0.5138872214722375320051 0.5208076511878071412909 0.5364286594870238955579
0.5505778734149249231677 0.5534482903263044928366 0.537614490815685686087 0.5046036039324229838243 0.5162287735231294583116
0.5353739894055407066986 0.5920338080088834997738 0.5298666981838140443983 0.5532559200144524513831 0.5489661548675534019637
0.5315440400751728633466 0.5344613548608587727529 0.5162595005250696367227 0.541017771206957487351 0.5108219679819673286758
0.5416313284106971659426 0.5253659886236677900584 0.5461879515907593907187 0.5571124107271676617614 0.5215716262446893347615
0.5343293621091885770014 0.5369910568001847739339 0.5370591454993023372566 0.5548698943585685938729 0.5221327043194879946597
0.5388713073977502432399 0.5559016128180498395039 0.5719651120225084373061 0.5307252249050339321101 0.5564476402404306965011
0.5636679797756868337544 0.5264084192440714460304 0.5232478754002933829526 0.5045270963148860143832 0.5142632216580981241449
0.5425035143157239669875 0.5577807534069357808804 0.5510030271181340921771 0.5356990613863517047832 0.5644595961351716040255
0.5741790112943276902513 0.5536081604734520711375 0.5524218510406375681754 0.5496807214592025481181 0.5719027515273478190494
0.5558360885411607332784 0.547629579451631820497 0.5493512511923114294277 0.5372093240711001138621 0.5395782615892871225682
0.5577435306557568805985 0.538742583956516196686 0.5013768961335690610426 0.5597246612066858473256 0.5225220221682881360792
0.5474678654689922874255 0.5432654046577363171622 0.5536923338140775641136 0.5766151067195451895842 0.5153210440289092142407
0.5478305367463301989162 0.5470991160073053194424 0.5472301558825568568167 0.5343030007363838151946 0.5176602491631513425219
0.5634422408618269262348 0.5527717268908961534279 0.5486044744367778447369 0.5338540060262755293508 0.5491113397295243059304
0.4986914110752988515962 0.5390166228338694187627 0.5557874200543596598934 0.5468585968529855456666 0.54177536435601814091
0.558684325432918238441 0.536437433917152151075 0.5171558050358229241539 0.5628824843817971101956 0.5461150144722229926586
0.5668663616919590308996 0.5376990584258457550604 0.5364613503816142436875 0.5443325884156563487792 0.55075535853914980855
0.5835258129004996519029 0.5167460192597483903398 0.5611848536214164573366 0.5541089878650239386459 0.5631469283913620449411
0.5589766148028383341284 0.5383016751765909990723 0.545329918714430816884 0.5541118374742884933326 0.5329817875154205797372
0.5656767836788215708665 0.5637114036633492641926 0.5527723684516988589266 0.5323951132348365700153 0.5428800430183561287478
0.1621397352402113023473 -0.07201989349807645657275 0.1693781894779966823439 0.004555648078868243348871 0.2095109989951113027562
0.2108438255216073253795 0.2442730358868354656465 0.1616679566134467671557 0.36986318034575232927 0.0589360183780210170057
0.2986265880215888124383 0.2574541719594715671882 0.3401751579209404963144 0.1594341450420494465945 0.2329877801128363845606
0.1965075193278926768414 0.2507488572840785856499 0.3244769139372655764042 0.2154938507616333820405 0.1018117768298332781463
0.2912041789122299939585 0.3525927269583742917902 0.2747195187209188205202 0.2172010013972749398192 0.2411482001086144300039
0.3675397440364050472006 0.2726680062933944381776 0.3235432274649344130957 0.2211351800539601841766 0.2731783798329958656836
-0.02920550333431447265209 0.3743173408681946812138 0.402017665562587778183 0.3055236776537506027118 0.1454378545263099176132
0.3255820963225610209513 0.2870141715332095722069 0.2443643085626972244473 0.2379293840223614120433 0.2707757891031222774458
0.2857135269420584822164 0.3555263332031034506642 0.3077351280123019061641 0.3151680094409032850677 0.3870967141255995391802
0.4292418946106322241718 0.2876873620172218370961 0.4026126038837420928473 0.4273549968598814308152 0.37970221090247108231
0.4218219649167789242483 0.4576594346742729468858 0.3863139856329594334916 0.4355349261638826741105 0.3238808871022335611478
0.3919353732313424765188 0.2697936697777539305498 0.3859292921404766096849 0.3364176154595411305515 0.2964870975355816118402
0.3476153451085670087473 0.4087111321469494851222 0.3404052024792381669904 0.4026248648227973570002 0.457560813543802125114
0.4432134911049938619243 0.3217659383930806527019 0.3257953001455131669672 0.4190594049358808415029 0.40609332477338316858
0.4219104206517250155173 0.4309051155783718556336 0.4105279238201434699462 0.3255030765374629098119 0.3994531926549336198207
0.4411676785433033542994 0.4128833586822133194794 0.4173447907348660779192 0.3561198521138808636977 0.3955030006139004794541
0.4397326717939651907763 0.3797933945045485204517 0.3729716254641505246425 0.3226387888304272921758 0.4185831486581971794259
0.3793521417495521186325 0.4457090359445473604083 0.4176658897554559324306 0.3749330755577581220095 0.2931829632163172605352
0.4118041188289151000035 0.3765769191909228430504 0.4631467346480924729413 0.4348842006943210436454 0.4069482769260893695318
0.4601068878582672549982 0.437186788495798728249 0.4195656834301422777322 0.4139035567969998608007 0.4381262777701975252853
0.4898416903858003323968 0.4062127846753785798128 0.3905733104443787073734 0.4507762684963892430012 0.4393591935430808392837
0.4345034710407775779828 0.4804118957713974791268 0.4166234729486804067022 0.445725846094842614864 0.475565895987808351375
0.4353909498566547187082 0.414762084194850222385 0.4136456121139422958954 0.4277821355234243672072 0.4164527609941959251927
0.4353579292918974830151 0.422664331288129691 0.4551950660708701801305 0.4513984230777860484629 0.4114036305572766893945
0.4367210331994209604467 0.4958492578486763391332 0.4643928037603630154528 0.4542818701122747215848 0.4325006388723985351064
0.3835624522807636327393 0.4707552546106481550225 0.4733068813807496666435 0.4774486742596756316814 0.4354080607841599448449
0.4603171883725621360561 0.3846262716186854557776 0.4265414165352654496388 0.4760540647542886860677 0.4214663668689046516214
0.4760353439071183800912 0.4704546248074182313026 0.4706004727873567827778 0.5126322061552265330064 0.5032894443770105086244
0.4904319521504922341215 0.4392312859647492517823 0.5062690447501344559456 0.4646327359565836090383 0.4842122637207497137801
0.4476042470714403642695 0.398701436303199874267 0.4371045357148913290679 0.4716934263202896548961 0.3623549423452194773176
0.4911071067481865282112 0.4645513921006854674012 0.4831089429233118015539 0.4389224296799763003207 0.4106824948280695108949
0.4949078529142577620448 0.4538276861554267349597 0.4599638124788892890038 0.4402576649429613686593 0.4364326278421055693713
0.4276030710003912438388 0.4659612233592476671085 0.459380358626007845313 0.469681086372873313195 0.4618465993448189754744
0.5212089956604277762864 0.4876044475253338283949 0.3951851864472945008444 0.4885123389139899297007 0.4746176155661885887049
0.4392280288299537094332 0.4391026872505072176089 0.450070220706986878767 0.5153602007255940753438 0.4708604269826139332444
0.4994353837081674796217 0.4858552528347167553946 0.4707299911022482241663 0.4702211639447817503878 0.4511597811779236022467
0.4854509101755661304445 0.4922079898458256996818 0.4904400318402896696846 0.5009809433783851684296 0.4782551625516324733667
0.4678263405218703874233 0.495188673029862524988 0.4621022303987605273079 0.4686159474075698438966 0.4536919357958325571545
0.480785755196479314133 0.4778042813723132886672 0.4629693231325678892674 0.4951414606359640924182 0.4915147033737714554746
0.4957041183079599622197 0.4900901634735986278635 0.5176210622596641997006 0.4938048843188328484999 0.4829184817430836607066
0.5379355322601968580898 0.4741281936686035924922 0.4600921055679387250414 0.4925229388704554511769 0.5105052291117581075852
0.4737159616847012588714 0.4967592164168861956774 0.4714131306543010158094 0.5037487510632797649279 0.4966062470917215199151
0.5151694927706550464208 0.511970847811663021254 0.5131126182086602760535 0.5114878666926111483448 0.5364697357939056665543
0.5113139381956951501351 0.4801897475887142441309 0.4465537347166725345993 0.475940302623049371622 0.4674405803503029477319
0.4434315601961668629194 0.5239653535091024494363 0.4548705902651886678889 0.455586948461092711149 0.4846982452267724061912
0.4642287277171158743627 0.4275398049766822028417 0.4625278539867034854893 0.4685839235249806278283 0.486556205062308178011
0.4955203033974963644503 0.4694751599333630842636 0.5015840779727009923761 0.4799251677907001023549 0.4879022956268563304683
0.5012555508247991120641 0.5230974521330338244951 0.5207665115672582833994 0.5031193354644160065092 0.5125123419506030231219
0.5036108855258764060991 0.5489976343413215387201 0.5207119517083369508725 0.4997490664444036445602 0.4708552598317331527866
0.5035368157736365146704 0.4932935065995155965446 0.4773603641402302533159 0.4675088017425080844092 0.5135567696234364376551
0.4610585859133929931275 0.4912132971105188650185 0.5180998405183719901501 0.4587800919885362538331 0.4890395555632623958431
0.4701746004017753333137 0.4771200108472022360928 0.5132613449160832175266 0.5330004706479437581734 0.5033202227517977744853
0.5033898788095986231994 0.4446688784901599023058 0.463517864034000026674 0.5088615141326408020106 0.525440055987480114652
0.5034401911856888345298 0.4913562752546030698575 0.4861399801028792322377 0.4906027392739032433333 0.4722600855443478962137
0.4646509520113422664345 0.4909214974601856518177 0.4935035025510005057825 0.4798328341919841921737 0.52059478062479525029
0.5321621649171295320713 0.471947177836075926205 0.5121763123269124085013 0.4861082800915961232846 0.5162254794772557220384
0.525710736084930019274 0.5024918680837212603407 0.5577238736049564549191 0.5236309737425726140714 0.5063966558109761484374
0.5015644400155152560217 0.4728007799775665320752 0.522243512376768359573 0.5088597671421449808449 0.5014291362315718147968
0.5081619371470903478993 0.5073451286697000517378 0.4690781730089013112917 0.493297308449373139716 0.4840858952380485136224
0.4669133504082981778183 0.5452083361059983923624 0.5319284332422222760783 0.4704641447230896167397 0.5160977091038243536048
0.4929790392843283464153 0.5161212680952387277244 0.5470169571910046268925 0.4689348315230744135285 0.5295932919764925195238
0.5232776944373590533033 0.5305024147954784385917 0.5051057666375147192639 0.5413774702917951708869 0.5169009955158269109532
0.5322908047990432267582 0.5264909463761331398501 0.5407504074066339372351 0.5214745773745619317197 0.5007844526410551999618
0.5107901392855703770479 0.5219606524690516557996 0.5258559688815231947245 0.4886221921568238979461 0.5305650960663487181179
0.4957054419869765249373 0.5366196407149108615897 0.5423470212083500996414 0.5300111719217688310835 0.4970719636045343725606
0.4904050649824307495095 0.5298834117400184062774 0.5223554003580660465289 0.4923363397843710242974 0.4797323189906317342235
0.5244995487924688504222 0.5090697931574412749001 0.535026490429524659298 0.5216906227930500072887 0.5139724598663408805521
0.4945656810061165309378 0.5129850900603069030481 0.5073695259808971291804 0.5214120037327543144556 0.5025564721799749001718
0.5185887088617746609742 0.5202347507329742049009 0.5020520603304956530621 0.4880361451445304754593 0.4980555303510973419456
0.5275086925547611826914 0.5335064595661350717037 0.5283858613965848327609 0.5331215508284978810138 0.5398559207390620784395
0.5115987935883595794095 0.4932848293412193108054 0.5218514176925580505539 0.5368800493655726535636 0.5047660649644832853156
0.5031625398590400255472 0.5463433927532811429373 0.5258334896544456515954 0.4706757947655658691488 0.5135298400728011136707
0.5241475383055770320695 0.535724312117964340807 0.5453995852009766442947 0.5320327379275685553139 0.5235903911799050236553
0.5003492801241952170344 0.5227656023823376019166 0.5655049878402745866524 0.549851124310971273168 0.5471977830805696552119
0.485946810880276358624 0.5391920802923431121911 0.5588002856296259146518 0.5252622551241993287263 0.523693286617197939492
0.5411484257576938405876 0.494711834701789698876 0.5225427998604623702761 0.5124131929694432097122 0.5253789811615837690439
0.5712775816550875740418 0.4675669692859477089009 0.4613129872731308034339 0.5211943634214489806666 0.5439533209903317789724
0.521970331882682936353 0.495291226883726787289 0.5172692028470713410115 0.5501720527322938592008 0.4957969812421886279807
0.5403665505276714631222 0.5340303334313911687303 0.5398252934216485332541 0.5230853080325235104908 0.5249744844231601925699
0.5316994745033170044479 0.538006147643723342533 0.4867685903602670949297 0.5420636709790023211042 0.525581632875410154071
0.5517956692833477783111 0.5539697814586400648196 0.5523764179515666672415 0.4989693046475921489602 0.5111561030646841752301
0.5143959169997781577521 0.5818629447203779170295 0.5158323107948651342625 0.4908307445083923137297 0.5232449246258898956086
0.5294435934968856338756 0.5203245798566772384319 0.5089636677573398104713 0.5383120781139550947714 0.5109395338115707563276
0.5675098633776167744713 0.5224964302528676274306 0.5150265693110627207574 0.5211295895628921259757 0.5521857442443737218341
0.5284947851319079514809 0.5595627209074290897561 0.537504894197612936857 0.5484828248442081832792 0.5410621885736665026556
0.5522980072640931714645 0.5483759946917883265627 0.5019506495117179722953 0.4745065681646338240363 0.5237665804908752109625
0.5404457400510507270042 0.4888541476169949162589 0.5434073150174747457442 0.513677998665969193226 0.5524311414291545041522
0.5396002560981526530171 0.5588718746423403382906 0.5380387418572764035574 0.5430862440513114508533 0.5206262653828488407015
0.5198806092355140462402 0.5358365407432404969867 0.5342415898130096207908 0.5550145814813463029935 0.5531316087088828936658
0.5317102498635716267827 0.5311232904827832834727 0.5093549696009715965772 0.5697728566378873482634 0.5276472192274742623042
0.5386120037103323543448 0.5608390662958796513138 0.5454573525528019217745 0.5186117101312712751593 0.5240352589404747574164
0.5226685531348754798486 0.5612826471287791774145 0.5511776058882794648852 0.5330851257823219224719 0.5279931869508029951277
0.5259353596351934445607 0.5519365805779564704281 0.5353661628101831215787 0.5543306280737770874723 0.5423494916854602054812
0.5759221393578156655835 0.5629881966622216626916 0.5265630049605751761277 0.5205198144262113135738 0.5543895801653083710292
0.5533872228124904202318 0.5001422085112632309745 0.4793778452993995853326 0.5487736631092925421171 0.5367144876768522587795
0.5410210943662767668627 0.5398538778126171777672 0.5324345973643046514567 0.5296256796583437287396 0.5514483800382372624682
0.514537135914386212221 0.5429636599245937222946 0.5244218919419992852582 0.5035521318998775752718 0.5574629524255286794343
0.5211589161578003004394 0.4935243042766180865399 0.5355267284355923473882 0.5085681764451812636452 0.4965119333299050641273
0.5778244519816878588259 0.5256376147600503312418 0.5367637664099533800766 0.5319260586921323863407 0.5570954753869211684147
0.5166082771960786024223 0.5526076047257559853421 0.5423040553084015336083 0.5791423421631647361352 0.5304044371933487322934
0.5379567220859533538402 0.5286136197748284581976 0.5233199702925923624264 0.5396168556377599623275 0.534705419290524952558
0.5556866709916874480513 0.551321021176954695342 0.5496436108779769735833 0.5338395125050966472102 0.5378853596698635053386
0.520214848601743717893 0.5234087987622076942884 0.5642401804285588351462 0.5492690677535690957356 0.5456803499425405545864
0.5440524014489402926387 0.5769673504842528499736 0.5544299826635344929926 0.5535550750591786695054 0.5258914441038268217099
0.5539063804304871219131 0.5542945352795767277598 0.5528516734281756495051 0.5266678903642111331251 0.5488679040928761132534
0.5211683570733619541571 0.5474346507258980309985 0.5311166474054103137092 0.5412347472315663932108 0.5512132081544103279214
0.5188365022715356600358 0.5400980378542524773522 0.5214042719898783762034 0.5544888880826980281924 0.5278551610210450162342
0.526884024974240583461 0.5633350938657195605686 0.5489342387254035893207 0.5465844662346647231388 0.5105217086982541951912
0.5228391744252929296266 0.5670010307788342363011 0.5323312286440218255024 0.540040350601706631295 0.54775968086159021464
0.5363537466558910837833 0.5326301719842116977333 0.5469748633440888463397 0.5428051049851255749346 0.5612610771518509178435
0.5538540895571258948493 0.5354567251008433004245 0.5046278532847017217478 0.5334081226309196344104 0.5342847655156721664582
0.5745333505439931265357 0.5513811136970716564321 0.5607256183399403903778 0.5851605635583406739286 0.5373005217678568090633
0.5334032282471085073539 0.5585975785445987940037 0.5529638541998872502958 0.4967621486319862000869 0.5599699731221834397843
0.5140874559087788009393 0.5463697103606497407213 0.5263894463867569983861 0.5312746015927748421959 0.5507040756999627140189
0.5482329021472147623228 0.547588442796176910754 0.5273700496188946651444 0.5412956839290021804345 0.5509762881729797223684
0.5490919699253951069551 0.5692162574131500729635 0.5461882555877378697673 0.5544933902794911828593 0.5933474965453495730827
0.5352099023848984060692 0.5857890816618436247154 0.5337327079186241496345 0.530383692313149746056 0.498751914443310295777
0.5555347058448127928187 0.547431077784233166561 0.5343482616887699210295 0.5569472507757432522268 0.5123389648816456531932
0.5252801975498226916272 0.5214889197760345096455 0.5709505391067465351895 0.5500158339213394587119 0.5283392313788123351159
0.5571481840794839657249 0.5598470028328268455198 0.5149487249414594902674 0.5580542190695363391484 0.5290097300357889942291
0.5508557596430437852675 0.574619902157067707904 0.5577105484940709789754 0.5437837349750839210927 0.5373687423906925442196
0.5703615592674379231042 0.5364400628203085386048 0.5375328891057781222074 0.5531197849613750383568 0.548957675261453892368
0.5738743670280547215512 0.5953988611864453606159 0.5400414629715540870691 0.5312010429316099680008 0.5231463038545377530752
-0.01629323711489396794838 0.2479149374344738754328 0.0519105470749682065823 0.1069781961475127357586 0.208931086268143884066
-0.02919637681501046494459 0.02219586709759089476757 0.3501124112433081636553 0.2288197952889811093158 -0.1099867393550522653989
0.3347089727028277339471 0.06094516288340770526766 0.2236406956455460892652 0.262346389902085030954 0.1296742375968122085172
0.08973713109752977368228 0.3259836478194498288197 0.3174056444474694926861 0.09100352084491862558746 0.2844001359086095748196
0.3334191112244694887856 0.2448482264234931871094 -0.1061147531941565858027 0.06058684929179548178668 0.2251441689383901212373
0.283303597907740789541 0.2632022491073282011165 0.3127840126965480971322 0.2953998919897744546148 0.296155531651181080921
0.4039638221864773615088 0.224105643680345995028 0.3475732634612806459806 0.2087663001297717646487 0.3647838450719775860165
-0.04032608537727570829912 0.1153448952210457262302 0.3482262477788953813906 0.2280258253443559479656 0.305132141132188505761
0.3906901971787016258908 0.266743315661306490405 0.352978293754680760852 0.3631574065278284080271 0.2674725079469907340624
0.3790964579382606336466 0.3972665471493453392959 0.2533957491683884732936 0.3838250631568884130296 0.412272680990948214852
0.3382029825597102079549 0.4032792991939996851691 0.3573863869582688534976 0.2993116026527043449512 0.4165763346459276927902
0.2769555909476737465269 0.3366139739520775386872 0.3054997412582494131783 0.3683431292733107542681 0.3710880895250897038018
0.3163422333200380243134 0.3205412020447117038557 0.3653047586925570189287 0.3304901450891793990294 0.396087488806070142644
0.4478556856137365649317 0.19756969970500520839 0.3761391002516486503637 0.36006644409658422612 0.3767268508903400259236
0.3985535309127399838935 0.3944287954389124606358 0.4251061047457693753415 0.4253077671685376315303 0.3803115570964243907781
0.424516976796165568242 0.428999962449933547326 0.4071169787512592952439 0.3619620309048254824802 0.4150392495120888702864
0.3850366736637614306638 0.4646522215343149020406 0.3830761416437961086601 0.4241797713709689054973 0.343981241018057770642
0.3274453199731943708883 0.3606679061624915028084 0.3287650426132340819585 0.4212793191839713791147 0.4240395970228925115464
0.4139300109594798993129 0.3907940783910677784441 0.417988435694437943102 0.4498541928331150629994 0.3580577827860997874865
0.4674519849495142320706 0.4064218251178692287162 0.4124168848874426585027 0.4037749642220656021152 0.4800146851847366114008
0.4331314859376054204887 0.4710214018829846360781 0.4651032476053341135902 0.3319533027064692221053 0.3848456024420102150607
0.4051975407780383786616 0.3300211019933446676689 0.4416613022625374695984 0.4111907757598912693808 0.4235906581235814316599
0.4439857097578655542591 0.426157508850536603795 0.3542168157329846911452 0.4681045852902213089131 0.4185988434588857609597
0.4024183665210518956457 0.4393140889321315301075 0.4486214509999024713238 0.4691542225000017163339 0.3964851639082061507402
0.4376486740701940325593 0.4444832496643553731985 0.4150231480529266159252 0.4986573341225253863662 0.4808827562130918997774
0.381231017183217613109 0.4720155688815053096619 0.4613267773853470532508 0.4255918982980635423274 0.4551717655308686882876
0.4357721574562612443238 0.3589607787534643823513 0.5030229666129754084736 0.4690449513443908369226 0.4929758333406443204794
0.4451534143648803731885 0.4878131653176562276819 0.4603032482577407158431 0.4447318001977308421502 0.4216151525424275403608
0.4724086392029647751833 0.478441653727697424614 0.4489611874040048133949 0.4573088143344865019735 0.4620651052160528182711
0.4664257230911331708612 0.4949671973541363012572 0.4684511915133283688206 0.4531950977405909131157 0.4498899568503185175672
0.4072929488926805285942 0.3753880191431550050751 0.4330209452696451855047 0.4459328260820773492945 0.462566462896596808374
0.5137172970426059359639 0.4820259344602589868245 0.4689508866317068647156 0.4732714453660951114955 0.4891524623476097843877
0.4473248345583130669567 0.4535794653435908929673 0.4946198105400400057974 0.4938468345351956778622 0.4474021132556132984703
0.4743327673128330812524 0.4726142131733855333842 0.4504430982638556457687 0.5173646602897497004392 0.4679901223886280270392
0.4586704116244060824847 0.4986120503909199919157 0.4243266983301395844919 0.47031011829029356619 0.5105551392213267813958
0.4087421002435547845444 0.4809173014553995706422 0.4802505840278384341424 0.4469100034553794009717 0.4936126081301108747823
0.5089825070788090988216 0.4785822536039743835268 0.46113646666951929598 0.4882783125903437659865 0.4875585451971106154545
0.4904839793368023781461 0.4957451967080032106949 0.4881906474922050875875 0.4727230540671859548851 0.4517917262231538888528
0.5046350410767325156414 0.4686269280241364132422 0.5008530184897108661346 0.46992053502305780599 0.4808919133525069722346
0.4753180715043061610459 0.519689505513736604847 0.4532397143800016570125 0.4354687427811306799086 0.4906602871396421594596
0.4781639471790137263518 0.5232085410462522512276 0.5270962467944013685184 0.5121123090654432497004 0.4937108258487601375464
0.4676405729487625451135 0.5299187333036114999629 0.4504683676456214813655 0.435031140278806183197 0.5097327187226403655274
0.5279944340625357668273 0.4721320643288238194657 0.4812247537611583081407 0.5286165152971384895153 0.4822890741469586517454
0.4624305927799533533218 0.4473651963092242778153 0.4895945226771872271776 0.5140844737096390559827 0.5138703639873914985614
0.5065969439771913496173 0.4884380481555540276517 0.5020320131992467294069 0.5074053211540839880556 0.4844583881281051551682
0.5416136822035338971304 0.4579100558821294075784 0.5076982518449663084326 0.5471161153882918570801 0.4700901077139781336633
0.4904329487640483598021 0.492334824406291671206 0.5066733981766431416105 0.4834055723924211567244 0.4867550188168210389961
0.4950257207085848043526 0.5185025268090730499182 0.5208365059259624230137 0.464612719631570525447 0.4960991507094300034808
0.4567044996235754550362 0.5420278206405360066356 0.4767497655780368326361 0.5137490094661882888971 0.4816049184133835980859
0.5276282109938810194194 0.4838714167297024637548 0.5139534132828814660954 0.5025668165150020127996 0.5190808923456995405132
0.4654206813962608602075 0.4782157088975039216372 0.4860710699754212660295 0.507079916396702690129 0.4847039514811933846872
0.5240345095346159443039 0.4798897419681372733535 0.5061870362916320864599 0.496301229803758625625 0.518349035590222606551
0.513056769805376289284 0.4829130916034113929491 0.4997808893789093542814 0.4281006862044740013395 0.5042664673466812352842
0.5211080656990246806615 0.5088450040538644580934 0.4776153084068200938006 0.5193907971582213400907 0.4682588445607943072879
0.5172380137375517383802 0.5039317616925746978751 0.5282783619071793612676 0.5162975046734732398335 0.5545343227357371063135
0.5179238798769445484282 0.5042985423216148621606 0.5107816432028851050262 0.506156595089838234891 0.4870679757157115874477
0.4944622507863434268671 0.4790187177672453611166 0.4830848156281890570796 0.4949576899530804263705 0.5150069713448564012737
0.4817597298302171426876 0.520254790059234362154 0.5353828342540483120615 0.53935978078004509495 0.4943340344936082986216
0.5191628215443438998378 0.5152926092411714842356 0.5143624909775329490103 0.5044033554653374329391 0.5272223513292109142725
0.4943780248824857781464 0.5078924914551951053099 0.5151087544304219223434 0.5045630339520843499201 0.5132473424067945932947
0.4961180138276019002674 0.5438342948536923904257 0.5049861863555541452442 0.5211160552484850327915 0.5108039939557196262854
0.5485422755840783093362 0.5091589412314861951003 0.5373999048643401943437 0.5197429737497116786216 0.5067466992112882318011
0.5168785409944259834347 0.5109690099164481136285 0.5514770656567496986966 0.5323604938941077779901 0.4552361275260884965199
0.4980887118035523530857 0.5098957540930569853899 0.4741724568733980960111 0.4863740278244762516024 0.4835589565533160993915
0.516021538368859444823 0.5372796228396613527067 0.5323431581527287015376 0.5035126837990072656837 0.5500117295753309543116
0.4751240988207626747553 0.5378074180835693551828 0.4983441072309985897526 0.5127515162726181685571 0.4891518055471983372762
0.5260773955691464554008 0.5070374156249701780297 0.5214877179251964367523 0.5300270859945819257319 0.5107127660850246941848
0.5057228372147818395987 0.5096257324279591660598 0.4837885735100879158743 0.5114309754296452181777 0.5245666838308327140084
0.4799199668690039000118 0.5264147649405771511866 0.464639627728957227415 0.5040399320440828168088 0.5259902137320934256692
0.5166779632846515424305 0.4592021260675199778589 0.5507197854777892143119 0.4682281043226357852838 0.517308188527465739881
0.5303391749688218803627 0.5169442395096944808941 0.5263411795636223633466 0.5743331733496223057145 0.5618111637617545506274
0.5402940236383517724761 0.5380293417140045164615 0.4984651243923628460841 0.5140638347784995954015 0.5049943722171225113371
0.5437472474945889144848 0.5082309966691309632836 0.533923883016792166778 0.5111861192432528566698 0.5399948726474409488318
0.5226964082795696464601 0.5416649902892081147598 0.5496874458200978752487 0.5444403279398688511037 0.5343773003131110366226
0.5651122109818935701497 0.5222389039603241300824 0.5349942264453643181454 0.5485665234521257538347 0.5510264618848953466212
0.5117028485644972146673 0.547730829640131200442 0.4976774249280006001683 0.4975805546949012558855 0.5535553996382316377378
0.5293785750398565248531 0.5480578431736001787655 0.5461465430814254062852 0.5262433781633579776837 0.5498206014919594375456
0.5391161273285710597847 0.4781914995801132550746 0.551894153196804237993 0.4974177245848773187831 0.4862175552125307942397
0.5371230106182063313014 0.4997390746919856963082 0.4864538797214201237828 0.4961748963372818455042 0.5208562511051232357673
0.4761547237534881071852 0.518621271807375827656 0.548828481834379711124 0.5461898375501427205236 0.5207217818189261437922
0.5423682003591168143686 0.5559650427249444026856 0.5256926890712437794306 0.5249113661019628729321 0.5380533336060667748413
0.5434768135295784396988 0.5353392121637593481509 0.5145373474550385406445 0.5286066264364783773289 0.5338406835226615632095
0.5410775711362090234502 0.5288226565665496980984 0.5459600872677368155195 0.5459772872494251805264 0.5225243818169948983865
0.5010114973789171477492 0.5519928536270138907938 0.5193772133039284977229 0.5510100196539217121128 0.5098943498727478429444
0.5263957810059366471123 0.5524558422948375735473 0.5484993671825348915405 0.5287795709310427749728 0.5274514720921477106685
0.5582407233236027499501 0.5570157557526654867885 0.549252068617362976255 0.5341359424224488838817 0.53297934692158943637
0.5439197373916363487112 0.5532418225552386825683 0.5345729116034453332063 0.5315076693515627948017 0.5411996996348861221904
0.5496589705782066737072 0.5172621228212403998725 0.5235999188854637553803 0.5108234360838784793302 0.4957956078762127960502
0.5149351283964866965448 0.5234338384209225036869 0.5179239395756348729449 0.523180792598486266165 0.5177833061688673632617
0.5207099744271964647524 0.5481424540589016070058 0.5345075267474138636103 0.5643692127813605408093 0.5529797103237077404714
0.5341091165201685697639 0.5177429005526638094992 0.5100960040357719327275 0.5456175194874799405653 0.5405746154944098824657
0.4886153031668977186897 0.5425120023964760118673 0.5132071714649665272745 0.571656830356100598145 0.5482580387937910915142
0.4849891639698142853376 0.5238839156516126305263 0.5598403885622372788688 0.5476696298743655155761 0.5564975047888245374139
0.5481403448617755413963 0.5256256736485731551056 0.525530868500834857926 0.5021487209261674689031 0.5716559205475675309316
0.5683512359493845256253 0.5122396857374873491153 0.5745337257181384327254 0.5341314517181761090114 0.5376582868180137531056
0.5752012813448943440164 0.5615595961025121596322 0.5640804162953457767671 0.553135714704076408843 0.5417719308322095361774
0.5685815118847867832841 0.5329756673589840509919 0.5320473641219868321528 0.5539867053842278954434 0.5492573867700843992523
0.5379839569139489574567 0.5246874109214513248745 0.5557392707311361590428 0.5277671685474123464132 0.5538630627373126724677
0.494688023228869511172 0.5360126360870305362027 0.5634997660538175745515 0.5507069771846534456117 0.5703798407411676540946
0.5221951115620147021446 0.5432371117188479203719 0.561984873539513540841 0.5530077136496076573025 0.5487043195437905085399
0.5547886567378433886333 0.5503784125463055953986 0.5438512397072836623835 0.5259538447942003758229 0.5088216496983747338945
0.562557264234334608588 0.5615666839274704447149 0.5476046040650349722156 0.5483933835213280483245 0.54490862614523549734
0.5305384324425532760472 0.5271741435330579150786 0.5226942385738996277311 0.5464026614321009223119 0.5405563080234073725094
0.5484868982223539690679 0.5478919669938587810876 0.537103022641673866211 0.5432343714488320207678 0.5504496097602481485822
0.5265045294182888468981 0.5440727171047984311869 0.524519630444557849458 0.5550316592637871693228 0.4988855880613259907719
0.555800901889824339186 0.5520325159580607987664 0.5271239378701534361582 0.5693785330031003732998 0.5367278463538612820471
0.5520040230358257415944 0.5604706095328852999415 0.5587848889194576562645 0.5836167206919375960439 0.5371035286380582141064
0.5713403664434172357645 0.5430475133363863449176 0.5611698667082307689924 0.5135390406548736574877 0.5836558878230105884555
0.5355376252369377088058 0.5563054790026389362367 0.5470469280540580792049 0.534047124524243077559 0.5204276009454041895808
0.5430724808820197591075 0.5524036808765152573031 0.5618858162028997904613 0.5388140303036130784875 0.5752762290864256167211
0.561104534728552040157 0.525393563552681075457 0.5048038658317457461067 0.533332153537536157728 0.5309436002950721489313
0.5400366649228517390569 0.5831960277486293309224 0.5535534744340024904119 0.540692567086833775214 0.5832528853038354554883
0.5289699641830719611946 0.5692460267666182849311 0.5390213889499300137231 0.5578945266275742165263 0.5351177799841624338484
0.5424622443139021088498 0.5385390474891761369847 0.5328765591413423541312 0.5455942818403730631971 0.554810941619381048362
0.5736600093684806056515 0.5810810251798212977548 0.5352747570013055566918 0.5598997251969294319807 0.5347896513315599786864
0.5109135172974589300665 0.5473636346858350432143 0.5229691541454676295686 0.554775599061474333773 0.5389951394781005156176
0.5193272559387337450332 0.52767659030089086869 0.5449567452459441740942 0.550735586219366912708 0.5605363116096158115909
0.535928727594465414974 0.5220665343084127663076 0.5454492971195568085108 0.5700867233899939989783 0.5287259158599364461395
0.5286736754461379694803 0.532121078465513486222 0.5735660330845510079811 0.5417697242031711546417 0.5434620961590137522279
0.5489918796591326533019 0.5498736311249696750991 0.5625916157144551510427 0.5025331426390970968043 0.5445033716553053793064
0.5440979825244807166484 0.5666153757585025152466 0.5479830549395792171907 0.5566044606283376827705 0.5604362630156125568703
0.550999129053752034757 0.5675603581151866805499 0.5298875543919616681876 0.5318691724050298441639 0.5687919128361947906924
0.538353008169502045277 0.5492390383509884177471 0.5475346947428187949214 0.5305193234017429038119 0.5408326862713491722801
0.1185862430303636638751 0.1565866457176559312092 -0.1539454542718043106309 -0.007450866104484923750639 0.3416788640698955048514
-0.06626831896447500647174 0.2889430884160644197323 0.1205815720339115798554 0.2756802774990353976925 0.2790041701933702045224
0.09122857785778967776302 0.3133726089738835263176 0.1040170041118095717314 0.2464319224238117334025 -0.1788595639332749287487
0.335649974089398450694 0.008009520558429657557942 0.3256745180098370440192 0.09213389387273028530156 0.2599973927968288189838
0.3760545258877548979726 0.08111433690804301099853 0.2732073708073974871446 0.3356762261811785941212 0.2507255557141324087134
0.2565468852449039882657 0.1293813684715859890773 0.1469990442456655943548 -0.06170688136853470784349 0.3362303377738368737049
0.3494952912000804379211 0.3785293735346079158077 0.2640320428824827203584 0.2508930363814951269852 0.2660687312832639150884
0.2041867862653816423357 0.285193134625351119027 0.2860991067485693095662 0.358697575034702231811 0.323538428602163974368
0.2752886207876954482998 0.3058681748389591170678 0.3253961593217011838419 0.1263423344938069958765 0.4021344082566135069712
0.4093019779748894304561 0.3451506500578237490728 0.3047955597018208173665 0.3812712179743837359602 0.4071138967798494934236
0.3317439805032935118412 0.4512530499003678530201 0.2787583010439749764409 0.3334048112173940703329 0.3536074121111675849782
0.4736091784183275033016 0.3976544729408824085937 0.3169821590431460278658 0.2271957903356827401797 0.4450246606895888468181
0.3716004137796086737033 0.4282001440688364413134 0.4644164582882395198027 0.4075998063382149649847 0.3561794184975469179655
0.436986476907830101446 0.4012950173649681429033 0.3465033761478379381593 0.3551654815089831940256 0.2383168836651729793896
0.4182723850253945996336 0.4278776595518158365472 0.3860962082451344645762 0.4246667603688765724179 0.400629469169890173319
0.4370976525269986145972 0.4419063189584002127042 0.4578548855450172982984 0.4635991418614996972813 0.3997859757921173873285
0.4516289871335009142861 0.3685707332763596966174 0.4008679391258194724124 0.3378511035997824873967 0.4259612619920044584987
0.4044317298067203192424 0.4572115302795151658977 0.4046120252890431090442 0.4367724500337077375711 0.4319718708189813627385
0.2959104312171049744329 0.3592280467309593161573 0.3591773240734798533502 0.3738684527808379676195 0.3660067307748808285162
0.4285386072971358317751 0.453522243937099556188 0.3328721445065816464393 0.4380624025138166177662 0.4355304165449790376741
0.4410467487721281276691 0.4345037083152714085799 0.4741090896865570170071 0.3610241903042601396834 0.3868719045132347211791
0.4374992790089336502923 0.4543505217524050343592 0.4435265581667776624286 0.4659545538723525170965 0.4105356230385716065356
0.4668725910862689953973 0.4784028090084986306607 0.4186253556243086371147 0.4127964561767338835807 0.4116789139033045774596
0.4509760364376851904389 0.4230429941810963101467 0.4180788571484592708316 0.4011728271397700384959 0.4154103287113150022591
0.4719330270978572827723 0.4096840129043867739789 0.404453732010693511878 0.4625958678073742724735 0.5073887729644368516091
0.4875009892891198348686 0.4443842734403907202001 0.4888777083343656126857 0.4357521811146797818814 0.4437227657693688098739
0.3359067054006606434235 0.4351696970534017494536 0.452832959266949108823 0.4485711513031497288395 0.3608802448312621868887
0.4952214138118791186827 0.4547098275149112356353 0.4166154494737889790734 0.4742755511606752683029 0.4918452807560988460089
0.4801835905264671966464 0.4794319406225967528101 0.427514472547230073296 0.4581403558934484809839 0.4161223957037210596788
0.4119420883862617843718 0.4498353521457714720988 0.4598305360331366165028 0.4811839987710324062498 0.4184744362780296045301
0.4656491905829392985439 0.4313608102538281641181 0.4145592906763120866209 0.4840520972292272072757 0.442681325205685649582
0.4089808697837198359082 0.4853025074401419725056 0.5149586674475032932463 0.4349584758248808413761 0.3800548795285910719244
0.4737595407338695552291 0.4777365432456435190289 0.4729840998478354041623 0.4895054759109078723611 0.3882474520714461752036
0.4712695724992340129411 0.4894464063735718406534 0.4295773870526808368986 0.45903443640579655316 0.5008211279851600972179
0.5220873547691819993588 0.3962058339615871505046 0.399900590115454868112 0.5078408687435439494706 0.4577878916581784030093
0.4880623614733224924223 0.4388025949167138062279 0.4659890023573260986467 0.4785977604455174394538 0.5000502361522665140114
0.5047393830907870304614 0.4940777689452640619727 0.4585663400999152039539 0.4304893238636781638284 0.4263047477041270183484
0.5090707658380505540308 0.4928740655650000190846 0.4574797089271573913294 0.4058398519257770953317 0.458288247044609187153
0.3988043084022821482826 0.4732736118738982145082 0.4732045921257548304339 0.4702818435440237476719 0.4647525855487888435391
0.4517224820439022514584 0.4624144307343029947077 0.5338123674382337924271 0.4742422835590160978825 0.485501221174406194514
0.4852269423584147367556 0.4835974532348435439566 0.5250518025446521130917 0.5014504580862719773648 0.4761075174119649977555
0.456165581127771280201 0.508380697151317506588 0.4925834216466363213449 0.4606364078333739509041 0.4874428345366622616908
0.4872570043236705839007 0.4737029905830305032133 0.4997991592365129687181 0.4605747856811541751654 0.4532792549614901300714
0.4452582666663624788583 0.4635714025801204729582 0.4930897625149548990642 0.4697778906029854706361 0.4897773885910878255423
0.4714243763017710309171 0.5407134658117671577315 0.5019809595728168538642 0.5505994862552336943651 0.5267662390421435913979
0.4903736578908009513533 0.4819669020268140813279 0.5318630776020555339656 0.4881835588021753435939 0.4842811878289810523235
0.4865095412543576913755 0.5030154085816959108612 0.5072880819306485600251 0.5230492636003795103861 0.4708945810080900074013
0.4622189594869670625776 0.5171689994593452466276 0.5420252959914868551294 0.4473594389223272682621 0.4866807111945812835962
0.5342484226633337218715 0.4968698896715731394558 0.4856637915677068373377 0.4805592753980932885227 0.4312375986967274532624
0.5047794934536943278758 0.4751263559946325987227 0.4848351620636366932082 0.4983858816432888971804 0.4873701526650563997656
0.480780792973174719851 0.47488627067672750659 0.4734283592543779839446 0.5079834979594900490341 0.493521061768979585338
0.4902481000084420448282 0.5165121395668341719443 0.4775379660398314518588 0.5336704111926093840879 0.4880074748500856651745
0.5026175700364226006656 0.5542422151410131281324 0.4838668545690253952607 0.5113550173555210243137 0.4980897731995954091921
0.5412945975392869923937 0.5000458503144091793047 0.5282125451722285980338 0.4838699516936558753244 0.4901665923782664302522
0.4928626309228266166862 0.4989412105793326057679 0.5270803805194085311925 0.5210245928714417606997 0.5146905099452226961532
0.4623830763310296521063 0.5219508368079991411648 0.5139171819472478919266 0.440373406621840046693 0.50266886573340774369
0.5032680260759597734577 0.4982169355700177271196 0.5315224855607313392269 0.5017170722779020763937 0.4970569423913012707672
0.4934292391951923262283 0.5020082330162297656884 0.531272007548530655896 0.5178467056055671147163 0.4796656234536488816467
0.5354985836541666932575 0.5397983182330106100011 0.511406264241794583647 0.4958397806103868044048 0.5340669256959758026682
0.5381527714036679066467 0.5235747292791200768747 0.4867268840126334761287 0.4947135299460410640116 0.538130982003106494993
0.5022587892917771412726 0.5157075463014233474013 0.5437094052961570778137 0.5228710848375273112509 0.5190977174569810781435
0.5149361356241122233968 0.4739007112937975718658 0.4912541738477449460021 0.4808594795363619889272 0.496262592510951228153
0.508266518588087468089 0.5241124467315153578895 0.518913029219129184888 0.468830096844210342244 0.5393504913559573621384
0.5050611443757595520054 0.4847640998659140665339 0.5051937485801450966605 0.5210680076844427244254 0.4741440857846446754742
0.5309120176790728118377 0.4881754863428821034077 0.5472628324638247887535 0.4913216056328857384017 0.5220626621744172135564
0.5098975858837803132317 0.5539819739892962724426 0.5134533232264101298981 0.5076477958510763333067 0.5456460582444373486055
0.5519339232363874581111 0.4861506229747836749233 0.4873263378232054465755 0.5045101106992163630949 0.5206265525162478979837
0.5243464523044653047279 0.5327979359359228395121 0.5551876076565390727424 0.5508650742569431990603 0.539162003592915217709
0.5086049440140220090356 0.5352225850163158105133 0.5335856697739006504477 0.5254583452061694082147 0.5267430043217634638708
0.4874183057333088542329 0.5168574317661465133966 0.5267330980214557367702 0.5115425674802724920198 0.4930174425790989078955
0.536458389470384933162 0.5218737066482727060546 0.5117334961789168357171 0.4983336589999319832245 0.5364282179456623111946
0.5522204787205664544558 0.5115984591792243074693 0.5281665411105310736772 0.5208464317698390244615 0.5323396440362547776814
0.5150980776360867263719 0.5161440390787357390678 0.528050798754393535539 0.5186359680911675207327 0.5492407263073559864353
0.4991107177409307982252 0.4941237343591780573071 0.4897647815603158316655 0.544791539197922114468 0.5007529765685551081944
0.5613035061955979898585 0.4898277888665925616785 0.4918181189179657852861 0.5095270251723221788254 0.5078522298119164668506
0.5495450633785703420386 0.5145798282393597711248 0.5401868632230457656362 0.5085391878121181541417 0.5029789335635452829365
0.5528786226730941777419 0.5613565219415733720254 0.5046688027339059079424 0.5375178648525625879628 0.527803457977973344839
0.5209319070854252498037 0.4926235040201287773698 0.5111802506989830963136 0.5259926243365710130107 0.5264470954848462502795
0.5402739932775371123341 0.4969631032650582147525 0.4921085580683660642975 0.5277704194586116948074 0.5505152055075442918408
0.5189822019740681913191 0.4781752529452498734486 0.504405875822368510164 0.5272664581247572535005 0.5158633356841636485868
0.5694243339326189312644 0.5136670497589319595022 0.5204567598238626358054 0.5460141967268741236552 0.5341123507735084929848
0.4952131160146900357155 0.5617816218079609846825 0.5009743144192740915699 0.5363750551765366081369 0.5189597077504674027537
0.5106135069244192026261 0.544495599001852514931 0.5608173125728266317225 0.5278387050481267994684 0.5041470722725219788529
0.5467118575568353788796 0.5345142471444810361447 0.4890670410383683996969 0.5395350217911356605072 0.5219819781841700256919
0.5425435685902303406536 0.559629934304784248944 0.5468067279394496216227 0.5423731211120814688087 0.524840842388109685146
0.5361453872512053075994 0.5357960952443905355835 0.5344981780678182969879 0.5394130450326154457841 0.5514925968074144702058
0.5559224359629589828913 0.5096628918967746058044 0.5254243044413748897625 0.5124515896297164863071 0.5143770925306936359078
0.5439974376012391976687 0.5246510331402718385618 0.5602847148354586082064 0.528674490943037755919 0.52227357909903859845
0.5517920037763512919327 0.5335623926848155340608 0.5521167373190178917497 0.531454845771517248032 0.5472802518953493455811
0.5396710905025343674168 0.5237501227488995381165 0.5246507767465611316027 0.5326286868331469026572 0.5288694852123907441666
0.5059236264629529689074 0.5310496965692274029536 0.530331923696539808688 0.5571476964004435927791 0.5303865913390122255322
0.5509499232314980510239 0.5412636627496536512183 0.5267991121874022741878 0.5392659582429299991446 0.5399908397505092105817
0.5314996708870626251908 0.5433594210848764483046 0.5261395373744406356309 0.5468926012642680856146 0.5422629167071646438814
0.5525501581032360443047 0.5253718682102567205661 0.5648290445283685734523 0.5075521130707963957107 0.5451057901395738314321
0.5553515207934096586939 0.5443753374887455587228 0.5023945454201953486617 0.5466012833943032500628 0.5676093410863178867487
0.5594515613713342272462 0.5338500113766397880966 0.5663413470414088157767 0.564687758396192340804 0.5633450064921409206065
0.4918847399418104782143 0.5601097192410654512784 0.5398131182656723536795 0.5484241874514316217315 0.5438757985952433759991
0.5183866716879409475283 0.534410676196084288847 0.5675611933798361263825 0.503238458014173439814 0.5329158623575555031593
0.5162995949178718069206 0.5600908909505617483404 0.5474477636346135600576 0.5410922108722782120083 0.5445667373510529873926
0.5267458468992481934734 0.5261951788948788788502 0.5331484488568009050269 0.5769659343355542091558 0.5684412219026987456161
0.5554590691606650088019 0.4998071923063198696013 0.514862127917103840069 0.5357983348125772149473 0.5647259486914926185364
0.5321540673593269099584 0.5156260712440192683914 0.5253109325291225317756 0.5392207643118966942097 0.5548590882409133451247
0.5691114980635313402857 0.511323434423532119375 0.5555942716985192708634 0.5671254267954598526913 0.5374282312161187125099
0.5363732135117201815788 0.5342071650196131837873 0.5143166397851544058284 0.5452222696612505359326 0.5251560627251478097222
0.5502272893867079517349 0.5570958567237036529463 0.5588251217861782693674 0.5512558605442452464018 0.5599229771897620278054
0.5658496198546797417706 0.5622224955114309974391 0.5305275883527540425888 0.5511761970170676594449 0.5468796363196092302772
0.565023215762634145598 0.5337548155991659326602 0.517980675326849882012 0.5083450206933517456775 0.5340138127546785185018
0.5389737109913929069549 0.5372452856047551517094 0.5393049017230786557064 0.5552409127458549642498 0.5513761805784636038652
0.5303281175312820616696 0.5374084424801113257786 0.5667288400416382598834 0.5528610308699373199204 0.5603054266700950858393
0.5306498502347193335638 0.544806988001888869988 0.5509200151249340482451 0.5574776066092744786218 0.5171464494170628922731
0.5548828981420228512178 0.5722636345499872989606 0.5239289094225313414555 0.5514765513222692483453 0.5399909874716531943406
0.549596660395310743219 0.5619298206153324759526 0.5478180023090082340076 0.4883189799596607816312 0.5637158368778848460678
0.5502517258751425943686 0.5110791632566386022418 0.5898470557725922214232 0.5561467306026097734417 0.5313445142622907901853
0.5273505198624460765799 0.5410027826927370497856 0.4936972013563105110556 0.5268357986144779347981 0.4987398312331770000583
0.5424112584743276954669 0.5690741605125485547134 0.5160149866876061475196 0.5480063054262415134232 0.57180726406415316454
0.512890812771722992558 0.5494628074727041511238 0.5357286068066261508491 0.5516099328015385827584 0.5263893819127748452402
0.5817480309356590773007 0.5367945657156021344036 0.5433070982586093444766 0.5213317961209110729115 0.5530250042194116977257
0.5873714598361676753058 0.5285495579448477032614 0.5402943213425182023002 0.545828021937218021975 0.581885765425074530377
0.5602094036359253070856 0.5502801776848457171454 0.57553332155571790274 0.5810175347976871407241 0.5592194546309766645109
0.5321689446206082640956 0.5420640354901609114791 0.5240626487187672877255 0.5257594520854056430181 0.5508485535611843397774
0.538132856040439255807 0.5457207941917975313473 0.523489728447470659134 0.5325522629595869084085 0.5843678536746587104389
0.5621404183820559730123 0.5621713685802054438767 0.5757114525199445997927 0.557234564682870581187 0.5656232284680891009288
0.5651322540992265164306 0.552849636771127861401 0.5185165183084059492558 0.574490355892936621629 0.5674044335902285185469
0.18264638272667749197 0.3238272459022742966184 0.1781075494287299720853 -0.05538517656277403694576 -0.02782066661193077772296
0.1561799698381628465071 -0.07286052574825688243898 -0.004258894170011900438821 0.2404705358415525628946 0.3093904433016206878548
0.3330971430685578660302 0.07547456630968780999513 0.1575086360916032324209 0.2655925779171482425944 0.2560006289679453428398
0.3077880790748171446758 0.07851163905871309800499 0.3064676042124429011793 0.3451413292289471357321 0.3778830411965023450271
0.1580193910381298694201 0.3250711672333800317247 0.3000914936038003855145 0.2544890030020459104065 0.3186442740782623461726
0.1458558965395843343149 0.3569617416791867059445 0.3799391716473580760116 0.3638035602525365175275 0.2776816373493718459464
0.4164320634548367427996 0.1058786507483917282979 0.2048935934886636778263 0.3326786569458939912813 0.3627655060644240925249
0.3157736243439893675244 0.4044436850137598793431 0.3943385206472093118535 0.3803522898592119338979 0.2257436311674545781347
0.3767853716306746036935 0.3451895136294133581423 0.3011319960765336256614 0.3360684979854709486524 0.3619291338630674648158
0.3986947609260476643733 0.3670970180542983962724 0.4004704050115581726033 0.3093486492401981702294 0.2992273992523716841241
0.2500257387806147924003 0.407925006041693516412 0.31199649960653907943 0.4492606685676283073683 0.3875201703764720173595
0.3716540929249042002347 0.3843935363864525722732 0.4235265914559022681907 0.2840085883101839403508 0.4127790181172917849395
0.3764023233574425031378 0.4165720562195841525366 0.29945584540601122292 0.4305604570553016041679 0.4244549631679803147755
0.3376942236256040286158 0.3582177964185030427657 0.3371706852629873796268 0.4020146197269548471454 0.298634755223118608658
0.3984336994161016831661 0.3724662659831960431767 0.4087198634206753444786 0.4076865461137285095994 0.4288818305806053610141
0.3526638587068902097599 0.394203620835993029381 0.3440897593373931084848 0.3860640606971011412618 0.4727481618087590597987
0.4155695072340648277276 0.4004431354007378374149 0.486932801011611071651 0.3620280354478102036175 0.4155548992784850459437
0.4056799024001773723569 0.3994194670458035001381 0.3683647925970674474883 0.379352778657932043771 0.4533615334831543886018
0.3533272486135742296298 0.3764581420035483794173 0.3680704953950785229821 0.4695106978369299466358 0.3472014944622327514701
0.3514723555979742397604 0.4113397301908566783268 0.4393855897774214813722 0.4020785275358198518347 0.3422422114579287133473
0.4091375435387593628711 0.4275950616695234351994 0.4447820991851438310327 0.3679461072396223442205 0.4624415075043057932191
0.4086538018896346269315 0.4230647898564299791424 0.4057743637576975426207 0.4315129630343754185695 0.4320738357642173732565
0.4511196234734672350086 0.449369430555167870267 0.4387818724008958337635 0.4435706983280515158796 0.4415472930356616476644
0.4527054409269606893851 0.4182519772596859919389 0.4507352122815441175518 0.4613796173774749043162 0.4825560182028788558384
0.4395471881158682370128 0.4192565688546207591791 0.4466660393798571604407 0.4216259809166801875158 0.420451182387582389488
0.4760761984759962484048 0.4262135902605064252668 0.4831157070213289994598 0.4976922409459345053584 0.4137602539517436506245
0.4482600943626863232438 0.4687543721714979017001 0.4242014257302383350989 0.4341592887990775029294 0.4474622258436949384652
0.4290474863281650841351 0.4597001724286658430607 0.4599429106721088511556 0.4437564618056178966654 0.460477600152066957051
0.3334504592509428544389 0.4900664758028078771268 0.5141753257293453227561 0.3999453924640192226114 0.4930438959518095853873
0.4808656802664658669322 0.4660495813722873581497 0.4961491594030295604334 0.4581121595088293307896 0.482464758952719063867
0.4457584782360502484444 0.4498689398000308425907 0.4242376060730307929525 0.5380924106975230047922 0.4621056776090979312244
0.4908095373387152404732 0.3665991428347915026542 0.4537866452144457274365 0.4939330973432399796152 0.4540424558395575460601
0.5016374785106770817222 0.4896571554578703633354 0.4548643459569344238425 0.4674406054513541297624 0.5134219705387021992493
0.4701341052302707157473 0.4964372560573367954007 0.4781411244319651587809 0.4665498489071361887248 0.4851765170977779262351
0.4814023967476413479183 0.4422930487888255268736 0.454741454404872236239 0.4287670084537680281755 0.4588694096941543509871
0.4495672729640441400711 0.4850404078810153785106 0.4876792340338163000979 0.4927789041510066692098 0.4930635435583268777471
0.3947595080936918687797 0.4858337780319595400336 0.515029625038253446867 0.5292382981657385299101 0.4579413471925242729021
0.4836799310468697932208 0.4748145487596514557893 0.4357349693937918599929 0.4731412733123364633414 0.4914925305784091924544
0.4834799221725287754481 0.4518332426491750708486 0.3248987480524346826982 0.4686803747878990344944 0.4938973679489027657219
0.4695296352529900740791 0.4574525046322929222598 0.3884962101081652074974 0.4763722829867223507172 0.5047294467364948911126
0.426308408632081525802 0.4742084469974144900206 0.4878755913795437271219 0.4495433986608399767881 0.4465975317204944339267
0.5067409064183276967697 0.5035734542701856275571 0.5065146309118604417421 0.4919997113624637874452 0.5327590198285072631279
0.4664417813916616473158 0.4911137579280206999499 0.4943460069512899957012 0.4698988586448854531952 0.4930952726257364915341
0.5000475056242742466495 0.5295002982264754853858 0.5190115213624215684263 0.5079749934992431326108 0.4978672497902059679298
0.5076728802257551853572 0.5032907845442861072272 0.4834796448208694696902 0.4873834372723883645584 0.4587021557943608551788
0.4907673773023879526534 0.4764127965472802483937 0.4847155380723867090786 0.5014934480851958031877 0.4974249882670017108843
0.4887403286687200254512 0.4577272034192216842996 0.4945268965264897342848 0.4896656598712778585281 0.5371125289334045538325
0.4658548649218666737326 0.5007709250587385474418 0.4522077757306935397175 0.4893123935457658890691 0.4750688110310579137519
0.5069343900314565720677 0.5277325717282116412932 0.4702648454293139046456 0.4977587628020673227169 0.4919120727398644254968
0.472915094349936060425 0.5099703400332677993845 0.4602495169064286240079 0.5283434179300912081345 0.5393714910827844821739
0.4904923775325327750529 0.5029594163120698624425 0.4391905884910098367691 0.5130318734257180990355 0.5098828663523857773754
0.529140132146286301662 0.5133243714317402561775 0.5280566858220859804973 0.4694105437979867456733 0.5162640719412104894914
0.4978880833734031230442 0.4950143851388860705143 0.4922389099396906053663 0.4837492366597113679916 0.4792562344652609440665
0.4923565480563937279967 0.5018892277427817738555 0.4743100487264573783541 0.4966425314985178363081 0.4671720332972257305748
0.4792524685626028402297 0.5015708973598067554889 0.4681850469781645429634 0.4657187705651248954553 0.5054248754315633362921
0.5093036707675870911061 0.5334780483383635418804 0.4809277475091049414146 0.5479007869808111275134 0.5416381587179025514089
0.5217070660327907116738 0.4742268056506402373884 0.4855886566922330560558 0.4714540793254556327874 0.5133933586669998661023
0.4930781854765828864373 0.5363319143392958343597 0.5365515936600152580027 0.5025885638790094089856 0.4971344970365930704403
0.5010879898591177328271 0.5116936296393657102044 0.5079640321952054726751 0.5172685602191317011389 0.521399617764057521363
0.4795920220749947948669 0.5210251068953363207115 0.5050868531766381508419 0.4892333295393530012696 0.4570636065176340578908
0.5213106445035763369944 0.5053275621794448557722 0.5330648862576515822909 0.5252908969833338659328 0.4924767789456054867259
0.490657721941989810599 0.5503846902950965125356 0.5335782093157311889442 0.4873814911038673036714 0.5284442694708152421512
0.5223790643465855421113 0.4608174612279500870216 0.5136889478234458739081 0.5160281314935302177105 0.4761566170669702113827
0.50094676735013976554 0.5235977659622063073996 0.5375994857136179305712 0.5273536454994567357346 0.4346721528414539958973
0.4948878866377775520569 0.5497372508801853241422 0.5079149801666272834311 0.5059040945534130084837 0.5252873131822614061193
0.5275007288014230688589 0.5154576042032174010288 0.4888975162001000240863 0.5206877015077389092568 0.5094057300054722903226
0.4873615164231810958917 0.5111317558424841589471 0.4967765643259027807943 0.5249643320612963348637 0.5258159859998102758638
0.4921200414265662903546 0.5138265762179006213017 0.4939495672003514914472 0.5045724784885952107771 0.5201182724131646617494
0.5377938607946050053599 0.5198513534593668383721 0.5218743452148517647515 0.5127859125383454896863 0.5403575726771631115852
0.5433938772433424269082 0.5033548563150658239351 0.5189433455994586497084 0.4855622927423137724645 0.5040735305876328231633
0.4912073694587374417253 0.5106221282280889450789 0.5041487481801840697671 0.4667155399129198634078 0.4935691176685339520702
0.5244567677546682071821 0.4888032945325150313565 0.5215908520210005283602 0.4895985981705922029938 0.5110671909889101804936
0.5152230128597145020208 0.5202860766604598952156 0.509981912451627383831 0.5091212057296419235541 0.4951374110514010218331
0.5378988819000319887564 0.5342125448757157890611 0.5407816847059144782506 0.4880762959402693001998 0.5231171150556996884973
0.5203588946879402765688 0.4989314060494294267301 0.5479807446743142351764 0.506535410628744409145 0.5485479688829395517047
0.5253187976815605342296 0.5283621876150319529586 0.5214333126736768742049 0.5436588948106384489023 0.5243477666109767065805
0.5414409666552287836438 0.5561694498071207970469 0.5420155976772098593841 0.5537708702434934737724 0.5822689576801085564739
0.5505446129450319858734 0.4184300158972505401245 0.5600217736239030408285 0.4940161768564015898342 0.5467224135011438113096
0.5411370648576496744653 0.5159174043140291043841 0.4946478671586648778735 0.5517404811267265785091 0.5502239358782344824661
0.4797238029605340736694 0.5534640751530267577252 0.5477437066700426848698 0.5591755165231531155001 0.5120633525454554302314
0.5701274667960072317641 0.5032153295890491317977 0.5611605944866787654135 0.5309040004680136703996 0.4942956701644236616744
0.5479197684892770370269 0.5348647058490959560473 0.5282898440023011676914 0.539420538014121819792 0.4980985467650222431324
0.5317760792633979827215 0.5405955586640827092992 0.5283329767066397009145 0.5422387381631667002679 0.4935111842651846991714
0.4898010557619268401375 0.5194837101214176966479 0.5141850815745385716582 0.5185181842230343063349 0.5471976407984718848709
0.5211730069238869056392 0.5175085984944519656992 0.5142884873464409478672 0.5369367336518134914414 0.5210374890074983555976
0.5433115088204913956105 0.5244976137829185924844 0.5185261048460860777709 0.515876938607700674666 0.5088585572775116139255
0.5362242287383386374344 0.5376583902390623670442 0.5239612130179814863951 0.539145047265132570935 0.5131613594957322721513
0.5182059534233551811866 0.5314950820171259193714 0.515928686438958949978 0.5500360849954367692405 0.5460496309212774512787
0.5336923573856302560614 0.5634530548709874020474 0.5523641751368857377713 0.5352694356107822182267 0.534967697897658744921
0.5473419976106825846074 0.5409995222734127473529 0.5433098048493808507331 0.4825861791033363989989 0.5669920423868319847571
0.5438320260108673309674 0.5659923873092782553584 0.5592443412352797738052 0.5338698812313887875902 0.5295877390128498340971
0.5115648561620673717698 0.5192038680855821652926 0.5247373131724181183344 0.5333237484560834351655 0.5326872693975148731482
0.5406509770631445777056 0.562096760772906489656 0.5699717430203978807413 0.5144623693531396035894 0.5442554173717887300299
0.5391260275284732728096 0.5378581762775441754698 0.5424713860350792726805 0.5274691055239092429829 0.513538211272744793412
0.5540786184937905867187 0.5273636458712144259309 0.5397760445637487247694 0.5559008531604230363143 0.5105070437264113136777
0.531896424796067468499 0.5424733580797640453142 0.5558238862665577650901 0.5208659369605758149291 0.5553379454522920921633
0.5245470045805828984697 0.5247771442068833724903 0.5630903372546164353807 0.5601779109911653176113 0.5264021057376523371474
0.5494365016278600633015 0.5436964681902460849727 0.5408481128921301950285 0.5510973363768915112004 0.4968408167814652998118
0.5633483196606703380382 0.5665483235017108043508 0.5276593271819001174094 0.569176355157874569457 0.5378751874032162705319
0.5713392726180339664666 0.5658852981742523713393 0.5381995733445851248788 0.5255211403828439209462 0.5209954094406532565387
0.5573698752353040131169 0.5145766893458596502597 0.539054354018168035978 0.5493808781492643955602 0.5321960950615345353754
0.5571774784933291035927 0.5229797339386140775375 0.5407762372275902729157 0.5268733143852376565874 0.5328949788210703975011
0.5413541391055838314372 0.5451291757761498324442 0.5311930503032009642794 0.5259839344021253193517 0.5383423240460811776131
0.562073571644815639381 0.5369447480492838264965 0.5643267646648895130568 0.5404607356978207155507 0.5332726786328234602763
0.5643531048016110496235 0.5382103136849841762412 0.5440531543594980812273 0.5751972635940525435672 0.5376100657610345390225
0.5511014440823175375428 0.546608861530054279676 0.5265348685458403066306 0.5356989497649422560244 0.5435204800257177337741
0.5324600790831739427489 0.5296094983487200646977 0.5525556853730004824854 0.5676123849397793907912 0.5204890416460160595946
0.5450210237833760240633 0.5496551190484247895185 0.544714661047829729057 0.5203403856135803140504 0.5375887844243243396392
0.5259432070217198162965 0.5478646916198572913714 0.5706167034733677922986 0.5462754677412138271109 0.5518765648693294556537
0.5530507646205140570572 0.5695562642758786875419 0.5544450651240916405627 0.5210052492045140759558 0.5343510621912033187186
0.5343513459376183494243 0.5468909361784947131824 0.5319309885368909140979 0.5471903715369803578028 0.529402578347926477953
0.5547166708506188204097 0.5755040540104984225778 0.5692872560970502204825 0.5591392506212936597265 0.5352719119271196479559
0.5464064341808021474378 0.532440579588039697434 0.547979589279428802584 0.5468353241390265795374 0.5471314520868781894336
0.5493620362642752663618 0.5739169409099240670713 0.5676051045479343359901 0.5605998680322948901633 0.5374065662359568396056
0.5387434198696944287477 0.5500878823027347541696 0.5694741264809793923618 0.493996422334856133407 0.5658035600763282602088
0.558189021329860035614 0.5366135170755498284834 0.5602078028833887834992 0.5462256753761635108546 0.5681790502218783123212
0.5534453606698586103363 0.5674362603570310970014 0.5496040705289469974204 0.522793071492349659124 0.5465423592955149789674
0.5490528251748719723579 0.5226479967859033459732 0.5362539577705325299917 0.5372307305298796853421 0.5435988938468305775586
0.5515577645423711539152 0.5584938281864115783293 0.5455778512354068077173 0.5599270663907658374114 0.5343612560090783558664
0.5744976179514749148325 0.553851211408558419258 0.5314949150302565872295 0.5701030128934269081142 0.5430031961823237329767
0.5624566014561364069024 0.5485435639422979736679 0.5603862308446944107132 0.5520485838254015620308 0.5427842908835356361408
0.5430595877310964159079 0.5440357035035637833786 0.5652864700335429315459 0.5323355071338693456084 0.5505143213551415559692
0.5756885944073872884985 0.5267428154049448307816 0.540748484332745915637 0.5077035561621174863944 0.5584232138153155666771
