0.1198045216456436606878 0.1309714665924721077594 0.03301380888750567177414 0.0744493153445470734475 0.1772095214350793701552
0.1103393439564542277687 0.07554608703403059566384 0.1934848600607164403886 0.2027441579148638040042 0.1514733577251793639196
0.2695598754863852142272 0.2094890522238504471098 0.2165663131169804633824 0.2233142471271128692845 0.1094116745347536306943
0.2394234713549295290314 0.1536898483845583196494 0.3141682913673679022892 0.1870126367577075177095 0.2108082176540385654917
0.2975268092110461282118 0.2481820050132176047608 0.2148239364032229758994 0.2388309748991165881726 0.2823288882351621675859
0.2665725343695888316375 0.2738626632084504852749 0.3007249727986968657056 0.2213265956815528290313 0.3021955664916944894749
0.3030137273608586312434 0.2753151977315110854327 0.2873856952647367846154 0.2802268835487836118325 0.2821525730451994173897
0.2361966629208446244448 0.2747360077925082855188 0.3381965164682865232493 0.2964103847675739200618 0.2913329680582061875782
0.3425178875849397841513 0.3234126177001911961462 0.3206266596176530758733 0.3024440835587394738049 0.2972011611950636233992
0.3928951152373362787351 0.3460576525460966612613 0.3222551874166806329391 0.369417709022962392762 0.3816609657982812930932
0.3362986625178726596275 0.4313964279808835122765 0.3533468718314540790715 0.3422831822354089337246 0.3738135916608398834349
0.3915132261870496455103 0.3548502267797273290739 0.3595429014994207528311 0.3173898463083893450865 0.3879923140921199276043
0.3556620571451512557992 0.3926753795355272247392 0.3744359281031705011245 0.3746282515848100014288 0.4047823962626380112084
0.410144818619348983102 0.340172284715899220231 0.3580317344751102193179 0.3758686698426618733038 0.3357476841869844186306
0.408995928041160750066 0.3997566275009118430539 0.4044455917168900960235 0.401184783001959588411 0.3952664326914145376257
0.4116414310063202242063 0.4253389670094639973819 0.4111047574586214059522 0.3874485950738356665468 0.4146736625578653079316
0.4092886309455353033293 0.4022694283653577840276 0.3987197901071827810249 0.3632317477537349570405 0.4041866849540601824842
0.3915273592296385496425 0.4179576325142567161386 0.3850937327168557078316 0.391620234866360494852 0.3994912329033092346364
0.3698213295597060912279 0.3893195402914615965706 0.4032630373717198124517 0.4376511476364964292607 0.3800891391257695817174
0.4314347240519816328863 0.430245678143119425485 0.4055182721861991801404 0.4126583168714688665268 0.4359464003739907944635
0.4326147871411630818628 0.4477504578429811754603 0.4336456369252243980839 0.3907144312650376871687 0.4256372062368404263211
0.4084235875260865955561 0.4162593486497000450086 0.4284437493759448711828 0.437730492698947426522 0.4355896959720517158665
0.4395358562811237934653 0.4298648593403552875536 0.4133958325778998577071 0.4449016782233892186582 0.4198468061193447731227
0.427133500966956014544 0.4187314092244781571495 0.4387989148822675211647 0.4517919126543846197741 0.4303579379309950825316
0.4434614747104941301359 0.448946244215735201788 0.4426339881535846787486 0.4642702470334781894579 0.4544846073670439912107
0.4245775081480464008266 0.4586629825629659484854 0.4708003871183878974449 0.4576961403638042380493 0.4217062191025657269527
0.4265213321214103570078 0.4192055381588015161576 0.4520581460993855493768 0.4543964269604904848698 0.4427093759137813444582
0.4575968940773963988811 0.4710807709359296491236 0.4452477155762860072663 0.4617269120251506486774 0.4742801075704225488572
0.4453915674930917778518 0.4562672877908249269296 0.462444572359456629318 0.451912515814635817879 0.4572190536701560281685
0.4489270379838632973879 0.4493735933872052834559 0.4590207616216559483036 0.46553061137583101603 0.4331763293707551198963
0.4563326396302165299801 0.4330037563679108858494 0.450164824335529956123 0.4687345683091228565331 0.445220649056168538138
0.4792286672742552267046 0.4490802936753162111216 0.4793973213407519140539 0.462286452641671785635 0.4496457849164555153898
0.4641614574816785854239 0.4738871197987714056765 0.4721237190758153512427 0.4715425830097297876797 0.448203296497794334563
0.4757345892852742341717 0.4815940846550485487931 0.4452044406128151110558 0.4745347501040298454633 0.4804481234187432669991
0.4765021282759033804943 0.4426047047590810357143 0.4343673109017313072044 0.482503000940840420796 0.48369996008004378929
0.470595642488088494737 0.4699116972013238635597 0.4881024745051068536306 0.4675316877750613775433 0.4818582325997934900919
0.469412150567953712077 0.4857814193656183610059 0.4825172802455383047615 0.4887130841589963359262 0.4729643268545854484231
0.4867814216398631543825 0.4840526205275217375146 0.4683779183179105354284 0.4779876920653957639296 0.4626147376346003148306
0.4656287835822385812179 0.470282176309895716404 0.4451827616629216444188 0.4658043349348605088878 0.4866791997079508158563
0.4649250485289455059323 0.484207407875322126678 0.4710450841420421586037 0.4754175382235521496455 0.4846322359464205198343
0.4737507216809134225066 0.4869160867696447625441 0.4949746706688072372948 0.4813304468233143285083 0.4787541396277814054194
0.4808401415285805668987 0.5112478899599829373912 0.4731048245888380687774 0.4763311700285971506119 0.5047294876283743292333
0.4967566178230350404377 0.4854920170625031672351 0.498358202216041323851 0.4937231848460247873867 0.482576626990897705749
0.4858490641389559550056 0.4799335754807907972186 0.480511940673448989525 0.4869112276121287941066 0.4994884072924520856951
0.4881852973387580396647 0.5171605512366508339284 0.4865082847512611219365 0.4953591834966946105823 0.4931844915486157665541
0.5029743820892850214577 0.4563707272285995042438 0.4932702750304940320092 0.4982989089143437522189 0.4857563056156024017262
0.4926721964399300990323 0.4861402554871951942062 0.4978896865787447723051 0.4910591493898484594105 0.4947668980069835353852
0.4891814737055619755068 0.5050017648792439750594 0.5040483231873761349462 0.4720839739047182348486 0.4922717834433485428747
0.500851378856455142774 0.5222968038605743101854 0.4865225707382004882717 0.5015167779132017056298 0.4828019388821224722186
0.5063046193848427245499 0.4957513735269578059039 0.4902392638269230662473 0.493904608679205492372 0.5075520130454428402444
0.4784117481187665776865 0.4866426328031823733689 0.4845193624548027044874 0.4917115570410052205474 0.5033395490396068705508
0.5025853321059969847084 0.4984430627379313749614 0.5098909440103009949041 0.5028959941158313018406 0.5071951575901290087955
0.505611746938741224433 0.4989673912362419527788 0.4877341810799822319211 0.4828719778200052381578 0.4949810905074331635056
0.5162319414569449538277 0.5072253320577871926744 0.5005165457486282498678 0.5042708314789844381565 0.4748907940980502950801
0.4969609457142111774708 0.4999483054411500981828 0.4967583934331967210341 0.4944005704795077504876 0.5192481288715697917979
0.507643869506058442731 0.5024564286181076866455 0.5055515311766020092321 0.5012450433394574078605 0.5049689544895935577884
0.5142103996034658175418 0.4890952471737348150604 0.5046998563091273926062 0.5012215071682848410717 0.5072195823279913584614
0.4876886021938168225276 0.5107933803461053301476 0.5243119049516247187626 0.5107313413008717217778 0.4946836426218205184924
0.5103761331759208985659 0.520771735220112219622 0.5052819931187096935687 0.509296589043881864356 0.5151483413429445157306
0.4981086345798422243547 0.5253048912084861132854 0.5184186339752402394865 0.49046226132105719131 0.5067635608076361819485
0.5005295364273452118908 0.5184853386001023745067 0.5304921319031314919101 0.513109460126818905934 0.5168953776880025330343
0.5128973799139042721862 0.520842030056632987467 0.502455570389003902676 0.5032393401696191315153 0.5162521772219429427864
0.5182551075449294275543 0.5114754206983123108188 0.5235334800405483379748 0.5061485938414639340621 0.4953125538796765980898
0.512373807358937116696 0.5178679478102079514201 0.5127187254824292494959 0.5071287156055468425819 0.4898500141014540121276
0.5090194900971637403941 0.5295833336147768299895 0.5317603596421254241733 0.5122255519399832035532 0.5296687722288373478818
0.5030351284738407979802 0.5268330303511989942677 0.509290138888960686181 0.5089546741095567483626 0.5069412923966609696436
0.5185589371951977444297 0.5030531070076077471143 0.5085060531612474177265 0.516761928852355389985 0.5156357120062915466718
0.4968906637294736028387 0.5214904812265934719306 0.5075687005297445653085 0.5267347251947951392026 0.5152296770426609828775
0.5140546210241313529465 0.5283387835567227019951 0.5125327349737560655996 0.5068676428537834954824 0.5169953032959334615626
0.5145217248270763654716 0.4988808708686371939933 0.5305799768637217139755 0.5035857627987785356538 0.5141455104648749996343
0.5227813090852617694537 0.5098256081687010388137 0.5155099894274308702791 0.520516181715327208579 0.523195695722635356617
0.5240513614403919939733 0.517816257853962125246 0.5205359193712383314434 0.4957917814343630324991 0.5155813500158639151039
0.5176208970254604357919 0.5232832133188425327575 0.5388067003888461492522 0.5173341598700779142561 0.525921190303127006338
0.5166717029306061581551 0.5254706285349182159905 0.5391720591209501201035 0.5218275344934028003863 0.5268886224213089608526
0.5148281189390311318732 0.5151111476243936948549 0.5287395236975243051347 0.5204146462320404786794 0.5303944339696223808645
0.5310603447064320414839 0.5232114614946202779677 0.5204766803831458732432 0.517300644966436018457 0.5108646334854797244063
0.5454170401959582692442 0.5260490309647289919326 0.5129194586892777962817 0.5384466298223455904548 0.544072922651059220911
0.5336107983705771218297 0.476298602830477757486 0.5313938716758834779341 0.5228172596216161815974 0.524795545982511102423
0.5368595490087896271447 0.5134857362460722995934 0.5054359343577493612898 0.5252046015587169547345 0.5337157535956337239824
0.5056561869872371328682 0.5253701027733972406253 0.5270697386659937144771 0.5409159310870405024119 0.5230129550364964741149
0.5546232318645698544657 0.5261304128345379860221 0.5314145060311602497549 0.530082182881155827836 0.5156099194401120300313
0.5244743149375183932648 0.5375692602947047538109 0.5122138336197153973828 0.5234942166207576796921 0.5225845761619636320461
0.5334104473637980570189 0.5371767768043028690172 0.5337368359703141829087 0.5380734629182363226718 0.5122941871458784879323
0.522228570413232340286 0.5293742699349035518708 0.5216499779442366202531 0.5228921062909330785828 0.5287954117440814005846
0.5275871486178701497138 0.5421588330614370843108 0.5433099262196610101938 0.5396147231501473573445 0.5297699371358820519262
0.5421455036347008205055 0.5384022952230885783464 0.5304880356425499821071 0.5210207252877796513246 0.5279508732834330420047
0.5448668868100551287981 0.5325028226727742675095 0.5276491162758157882351 0.521085038618560036916 0.5281861114725805439463
0.5373281709683203066774 0.5348187884500635869145 0.5296294518395220363161 0.5387308770368378629811 0.5218445283463177819527
0.5196638617435589413418 0.5397043668867693710922 0.5385715137523041651235 0.5382740016633373869581 0.5411481914828966122144
0.5349376359276951653499 0.5365984406303017095752 0.523587596992188930578 0.5406237489839750276488 0.5369322444187093479329
0.5380065600845865825264 0.5463043118229697903132 0.5314192627206324459621 0.5336509655433046006578 0.5301298478207900899406
0.5168207506305489973286 0.5455036057662639992216 0.5349030949734614459601 0.5489204098824267408219 0.5358449952804654747851
0.5231375813685558151533 0.5490361019742736603533 0.5391890759284000411711 0.5356509387410478550962 0.540251259785736737129
0.5503629700735213070573 0.531563547036906891563 0.5386582121786630539262 0.5160781702172831941766 0.5424973043112214510231
0.5527002793963230464769 0.5264534323794128889418 0.5224909763714636889986 0.5404956093287139884396 0.5420058557319419323406
0.5437373277791670567183 0.543065745444965664035 0.5559292853952584323451 0.542055002761203441608 0.5492921894515041536522
0.5241743941593838274073 0.5372380929276768801728 0.5433271945661733992594 0.5395241543043162169013 0.5405215296047114481581
0.5292629631004761581181 0.5214615703588315609451 0.5458960827835763751636 0.5204502469622845906017 0.5268841051639050476751
0.5385130863673475154485 0.5443796354959913319504 0.5372635760257404857754 0.5404818822980693715508 0.5486284675317648629189
0.544077792451466701884 0.546863664166946983336 0.5467874542121889946955 0.5585672537147936544955 0.5404998122567205021127
0.5546888448192625054034 0.5179566698457911400055 0.5314309488387939373055 0.5413877433789963111721 0.540671609060026647775
0.551108540636008004121 0.5386736062614391196135 0.5386859968019310773713 0.5340007241158255535396 0.5418700579468604949795
0.5358358171515408274743 0.5279005991776761774759 0.5375217924952832015961 0.5419177483142124662763 0.5396871745430343869643
0.5483127916485509567579 0.5498919041746626046319 0.5415581801141875484262 0.5374152111599009851162 0.5301997137490351841294
0.5460730586885271797826 0.5571414461603892975816 0.5420232556404447343823 0.5522817187561497309645 0.5388505379945104367678
0.5450928725950713316095 0.5485519757172605537221 0.5263125085398455693664 0.5477012396447268338662 0.5378326277671131583347
0.5419910297127733533884 0.5378597899917383351465 0.5393826946399891131279 0.5542350850269869289022 0.5282066340608974064352
0.5433096976603231098579 0.5460548137310941019251 0.5462365627407690382711 0.5381149399215084949688 0.5410550531687081665666
0.5307038863225965741321 0.5528962513398982814294 0.557737762447118923248 0.5407898397284269798035 0.5473633827173699506474
0.5453589644337661912488 0.5451611048765131473104 0.5474947270392614973034 0.532925817483482666681 0.5404596079009281739403
0.5493392765362086205272 0.547557122557788433781 0.523258928838800763117 0.5402212520828114650229 0.5398163055530991183417
0.5586124716014204683034 0.5651238353089967914045 0.556761240444127780691 0.5445984165370663099282 0.5582887814808089599339
0.5429734882054572109311 0.5437985855215053954126 0.5558326278788299212863 0.5389696108144593766909 0.5426283962089604173684
0.5382011574010318044614 0.5477142130818006826587 0.5243890415131826632233 0.544805842257321315536 0.5328366873913531476248
0.5501030910657419559229 0.5582193830898035669108 0.5403652507205726207573 0.5439626487213149452771 0.5477395615347860902133
0.5357831716141534528219 0.549951066530908860841 0.5424647950611554136913 0.5482815196510102406791 0.5489142634642508733478
0.5506345581581953974037 0.5540936449852528200566 0.5440410192777804798681 0.5318196304344106062345 0.5415933858594754735094
0.5453158259051233969217 0.5319423579314532801732 0.542426651595147468754 0.5513902646971641230422 0.5416649808739010252268
0.5448810733214350943143 0.5397642876059914884834 0.5565567100036490355564 0.5591225287389521847459 0.5422994105300208422804
0.5559345976005317657709 0.5486669878564722768743 0.5339118509573105297861 0.5401564830206244671729 0.5436240419947504509679
0.5558138025129200077146 0.55044913106188286811 0.5501508832694463890789 0.5478196060506868025897 0.5576208156711722763177
0.557107461847436091773 0.5497018336391711335054 0.550749656953131605519 0.5457341733314866605298 0.5533737850872599839391
0.5637450014765984507292 0.5575883510753711913566 0.5399227057614447433664 0.5352618783246486655614 0.5465373361099574722743
