0.07952730172729591262559 0.1660320947223365428691 0.1481695412877777062732 0.1512931167490000061715 0.13387275721044883392
0.1514054592687015532437 0.1812526753139590551811 0.1510217209907636359834 0.1786622761708982209949 0.1752323420468510639658
0.1016756827883753822039 0.1324789048507183375492 0.09104820646377270731975 0.04891370941494831148244 0.1734033620031361355718
0.09869861336761481807045 0.1307017788160824145471 0.01234419971108024691175 0.1049450927862573823557 0.1417213077297499179696
0.08358191338490894572999 0.1058950398615416954584 0.1810036006603707725571 0.1112392250360010881316 0.06335311713998102722822
0.07955732602827218780117 0.0911853514194433251161 0.08964308680384579230971 0.1660873497258250341968 0.02867875603765675240897
0.1875355709368221046596 0.114154948622586960294 0.0849569815266004724208 0.04972252432752950063177 0.08997928623689992189139
0.1668019485511046118287 0.1031236997726276694021 0.0726850453087070635938 0.06963720164632471176791 0.04348430261465691115674
0.05694600202559844254191 0.03687062157923623462175 0.02023628854877975585813 0.1009417735510699382084 0.1387323542992813796282
0.03089210781213709219872 0.04074667239411952635031 0.07556780661017742373176 0.04442778362664374924851 0.04792315620571712536657
0.06081361704622753605598 0.02477610059501047026775 0.06042922855867408071795 0.1049784062127073203108 0.03572444576421480305628
0.07574832079636062420747 0.05298537106389203388268 0.04889042517908064738874 0.061400150785418244892 0.05751755294496777720648
0.02454190018935283046364 0.04273343952153588892751 0.06275556605369278506679 0.05532148164035254056525 0.03821007226799148781549
0.04774612331933261039074 0.08864792414593723746119 0.03201218296043156080755 0.03280729715976370836072 0.06715104241139982499398
0.01089550904204121539731 0.02848009649812848279038 0.01564682318721266618411 0.04292084308235741274551 0.02342944985360077489456
0.03620364098159066512661 0.02212602206337888413601 0.04199964035415768709436 0.04402869978835540626383 0.03375058420591701968672
0.03984862557196872795418 0.03726567555302746220791 0.05265889878361192794065 0.03888084359259259131791 0.03389599714310246453275
0.04195901179830999888631 0.0387770012760221896575 0.03651818241727113056871 0.03691263689181630003322 0.06301219939842740702662
0.04863540975033028845864 0.03230857594878951827289 0.04185319801138633749593 0.03789954045007150329472 0.03264458758251696096631
0.04704205214635932136291 0.02044224569864332846647 0.0417952866635570505216 0.01491144963578603863108 0.05705072972265243236301
0.03781736014550556718161 0.03714264436843855987647 0.0393857034211446896399 0.05262444244574188134678 0.03725697855934918811815
0.03262152389557267800901 0.05824554450725100140929 0.01653875935116379952694 0.02009679179871099244381 0.02440539232410343303825
0.02478456188114255484556 0.03674924442362734189338 0.03526925542876977598405 0.02555458937336902228155 0.01254736112155477138763
0.02731686424402201759931 0.01775900757266731314066 0.01761454410555947369676 0.02972720705143010525018 0.03426854236500609385274
0.0161962165452439153801 0.03655711566317938754356 0.03282458033545308795365 0.02958200562758277890607 0.03768112734250660122992
0.05262193892457476401825 0.02255180499857914813711 0.01675741398169012380537 0.02972610511601597380049 0.037435407291833831811
0.05142584155264829509635 0.04581002807588378106241 0.03173240842713499765271 0.01755023161757834210261 0.05478515581109728166398
0.02716890300571651872819 0.01426099362225651846769 0.02552406811666682942552 0.03229618985435380590365 0.03357794360691218615855
0.06427631694364192849189 0.03974165942126542394597 0.0453346239400061329361 0.03038630063145314474937 0.03328025468355090554784
0.0265508230945418963187 0.03560256371945840631055 0.02547671032257597945048 0.01111822794452551992073 0.0456113672907950476465
0.03183443190596520200319 0.03434964683258196621596 0.03677861098294823993804 0.04324858154104074120516 0.02117437746927882530334
0.04054752444491215024325 0.04820922293551839488135 0.02647867670045394791756 0.0244923116751303397709 0.04503014398027883197217
0.02809144304517178364344 0.01425601037061534348549 0.01590020732529319122395 0.02245650428302643081269 0.04572403503063516422289
0.02862547060283601382813 0.0140343837785544683916 0.03395973075659824980121 0.02934351369980644011481 0.01297140214858951562382
0.03094633048178424550301 0.03652266061923351014862 0.02248068873568511566452 0.03470460408074895614083 0.02967707999296933032984
0.04105677050086588286693 0.02056871593374780607388 0.02799000504716249448922 0.01955908471945446217011 0.02028754820311273049382
0.04719439690470084852736 0.007405377121219991823353 0.02331623111071213713674 0.03611575914470988718508 0.03313163820682436117027
0.01495764826126381834281 0.01521664957476319066099 0.02508240727638423941959 0.05860998015132432709118 0.01637446289441159621991
0.04050410636172432216062 0.01118720421216629415384 0.0689613078544722563068 0.02535315918346162794572 0.01444814780820641297865
0.02404136477523841769477 0.02517906196358168230409 0.05770875978644036258247 0.02454968056574765092326 0.01645471587607513427876
0.04355022079993586814339 0.02067059913226424600063 0.03005141199055591516576 0.02918287037281874427008 0.02456931212355641797052
0.02161817687924021819112 0.01290428731943706053276 0.02658284191086014713878 0.02802987711536560067049 0.01756139623304320968034
0.02460090818344674162832 0.01657201381470040438271 0.01176782791432627421624 0.02836441461618230408526 0.03565962645074426812242
0.0301613106195980813784 0.03076581677540138684557 0.02984378312053474757715 0.02236798823666797525478 0.02330087242958030213646
0.02983399299235485468973 0.02102428367145133675242 0.01939055554842084722056 0.03613791317670753122648 0.02642444429137600497848
0.03131581871073441103448 0.02359576181607359393611 0.02694526250214354656798 0.02969432667233982275912 0.01007767535602330580269
0.006255830517591026013191 0.02175167356460215237202 0.01154553706022274847665 0.01835283390509537260193 0.02493636979621033714083
0.02499457457019672174114 0.02365645695695720376883 0.03562609008627932311031 0.0233736750754450911538 0.01372182632407445077027
0.02789518436671373224911 0.02488691209844186291722 0.01989198121815844919058 0.01422306940144016720873 0.03865604367542110897382
0.02148927107136763478556 0.01735693794803110784342 0.02376941815877452179873 0.02463104202612098614367 0.02469676529061230058071
0.01478251417638336978611 0.01114505873767466549717 0.03066319438487295767626 0.02470408228339985093336 0.02237304301601315478787
0.02438487783430877756108 0.01867359390452168199648 0.02007884378039903258695 0.02937131083335827938519 0.01222600812001952211294
0.006308262616089258846552 0.0407405823240988146372 0.01499828134292295091223 0.03349529153224188593452 0.02239888032031518705356
0.01891327229681357205426 0.01620827669735599996237 0.02943553821760572578037 0.01997604924024602712773 0.009310502204876423132385
0.02706754521854957615257 0.005490995529727839968848 0.03016945904933978489515 0.0237221771511246445896 0.02116552445526190609493
0.02662520913195349017699 0.02623906742574898254272 0.01384688730411221674332 0.04102659840400028901097 0.02532652862357172296459
0.01444750033403455202752 0.01215699732504254941545 0.03838571990247981874367 0.02000039012712429009611 0.007272715953237327522751
0.01278311327245148197596 0.02450034772981985256579 0.01673669649134781195476 0.02001267274038936311298 0.008877727536252997056487
0.01803871076825366154273 0.01355497939790856372355 0.02105578894743475107387 0.01746656377597662068712 0.01965870403126664112126
0.02789703094629258223192 0.01353727689534720349251 0.02543745889229323889347 0.01251604650503489700453 0.02995617443187843786934
0.01247581469411193806629 0.01482139073661645559121 0.01696540384991896896483 0.02480690390083693450118 0.01614871410756190533986
0.02521885856189680016892 0.03034494646812490453724 0.03751760968758541259227 0.02621216042822503006215 0.01513577279584757580289
0.009511044533229685848941 0.02959920336360606293868 0.02311788000614645871567 0.0255489951990293465145 0.03176821921175547458471
0.01992718121498374475586 0.02337618504700449822975 0.02448945793429721518031 0.01872551352705741772864 0.03974255382310255824141
0.01506134886819883271503 0.02383306775920276954217 0.01524250018363961477197 0.01731110130356990073341 0.02313592661646292694688
0.02042720626146844742355 0.02170337161825282648597 0.01518885953026813742661 0.01043664909176909676158 0.02537513367387492918548
0.02461448354215151068658 0.01005509156488122550488 0.01937449847905901162415 0.01242686563570078416008 0.007570486479154556712368
0.02068928288856783717642 0.01303348319522926179737 0.02792393723965194696213 0.02051895327800450086198 0.01932560209655701313758
0.02183415817402489800259 0.009001338362505066983954 0.0304832892855486300987 0.01370567890072947776769 0.02010633571060584448564
0.02251400067002993360399 0.02923686310247361475056 0.01190271022736351033688 0.02628273469226283937106 0.01749487425218827427176
0.02138528421799468920428 0.01097470621101209221904 0.008732251265444069404653 0.04057180323645487307616 0.02691661680033580195115
0.02272882024421593247232 0.02390232555518597562516 0.01264845765219275476599 0.02106651881239009552194 0.01021844357329150000668
0.01940603971616055439808 0.01228614811578310726803 0.02473888576646368284151 0.009023324295208820164382 0.02069571056871832501201
0.01662586084187042331783 0.01878642015003002124773 0.02901531679083370340866 0.03373094402321138302048 0.01710473445837387002078
0.05230211388393359722704 0.02022919578080772246009 0.02749299512306328102662 0.01728422086692253320517 0.01870388694040876070845
0.01469012599863625187502 0.01981244689983758730523 0.01511196339311911274184 0.01756018382101376396065 0.03943763069414032984561
0.01713604510886360468569 0.04152339779965039112675 0.03423451214217499566361 0.01507530994080016721604 0.02507957979186074132238
0.01241825946786404358257 0.03319012789124955314923 0.02273024422148503184693 0.02642582577339277344342 0.03445478723745215576812
0.006589977045540309705252 0.01535537254280390680183 0.02186766707720034716433 0.01976197712000796191667 0.0152771797806183287638
0.02577173826394979841425 0.02913950234647657080989 0.02941200619388772974361 0.01294750624200295165134 0.01118561617536241795112
0.01457194850026865759474 0.02665831808740686328929 0.02566601575963780093592 0.02019076867610072878456 0.01968848336137985280403
0.02166932154538186300341 0.04062568482696937016696 0.01139553282721653473808 0.01945623705201322134473 0.01582799158773005171463
0.01602083278018909262563 0.01253380183996744348662 0.02005597357500690791632 0.006872487051863800620877 0.01459140480083152315027
0.03320914366625470764971 0.01417684021389715998129 0.029840925058247029511 0.02540514148639649860684 0.01967185118165953178204
0.009155360102430717961219 0.02087426610577170979499 0.0199900710468398183639 0.007320921332130396301519 0.007990884007356719581638
0.01464610166169379168455 0.01407039927105052136425 0.02024735176183658710847 0.02786732225907321419678 0.01572851874793752130488
0.007518290290770925955732 0.03365795306192700259151 0.01220674920758225458217 0.01340711502839426680356 0.01763933942146254235661
0.01195796310599850711953 0.01620299615015161412424 0.02005206318175159832529 0.01952029817709530906678 0.01783980342560761295223
0.02732078478095829182637 0.01489818285044526915972 0.01435577040997387809895 0.0125542123962603634213 0.01496632438878377040214
0.00986428899181430486609 0.009398762752512146087525 0.01594681219908159960919 0.03542035678895018996348 0.02312704074445622731693
0.02209059952108858443376 0.02085285546732802697267 0.02124599451660374657691 0.01835519737816554072807 0.006385916014728972543713
0.02271905799923569849175 0.0179075631852902011909 0.01914329083019190164139 0.01897950847098646767752 0.008271776255800901075932
0.0219633298074172478298 0.01631640399115370787531 0.02623668066553866418111 0.01936061618173239712304 0.0148479535032874539191
0.01575893573837793687487 0.0209497034495146998434 0.01613029298471541084226 0.01072459765529879850698 0.0226560299329907760546
0.01293432924757463575727 0.02053602986419578516064 0.03642548215310038861592 0.01526721474176732235017 0.02199958464169431832103
0.02474184396722815468261 0.01081182736364067094315 0.01371343998299145473807 0.01759614607696085436528 0.01131748556219851209459
0.02790953249564592439369 0.01475063134704349132598 0.0164452845661893880258 0.02276867966739117010722 0.0141094625490508357446
0.01383191891907052661903 0.01976513217847343170663 0.01547732478339416614666 0.01942221857746245089471 0.02889781271342496335452
0.0338372100540285727921 0.01785761101950414028727 0.01985633025631406908817 0.02214098652510352802092 0.01511792788978651852494
0.03094816986075459366856 0.01445142713086592679839 0.01268249446814133374328 0.02170792087277986434635 0.01852853593932004411249
0.01074122085699182223284 0.02219198783393081311766 0.01198110164404727999432 0.01178499407335810780784 0.02342519733487760658086
0.01181105938975234199984 0.01918190855483967519057 0.01068508799633184624955 0.01045354399267840739274 0.008423021972352586622668
0.02079265861677498730686 0.01238129958609461914176 0.02155799758078877359502 0.01876903050279703222269 0.003681131366834467563004
0.009423699185450285994992 0.01705408542070733363127 0.01911540201119368495575 0.01898146980715884404867 0.01283246055345923716806
0.01508456221958033582897 0.02094494778733085871281 0.01464442394538666841752 0.01725365197623223226242 0.02369312672713553766246
0.0182863383779713339905 0.0100320358827401794749 0.005971128028779764188028 0.0133465315057046864794 0.01600028314253792299793
0.01773303538230623990768 0.01375928880247536886805 0.01855771040256752602016 0.02809125349208309654903 0.007358433124649195640476
0.01701394251578245905843 0.0109587135545704487255 0.009550786872737143315404 0.01978427358375036554383 0.02838887200023495691048
0.006609288194064319790777 0.01100895828842831693228 0.01738469135558903463923 0.008987883289304235412409 0.01578038688881229847927
0.01320098318008460641648 0.01700287920895826587753 0.01462295556601646284722 0.02051614628248850033532 0.02698132027503781504851
0.0107343174703606828585 0.01839171779117695568195 0.01957737731170878375808 0.008508510553059678294119 0.01436219719063174665719
0.01530779420155487825783 0.01383860518576864560847 0.00839224242604979207838 0.03558505336359694265491 0.02126195499141432521117
0.01137863029716228505106 0.02280802417486556613047 0.01969458923589000737264 0.02499821894734690838624 0.01133629647567476611547
0.01749166491330423484074 0.0149842227349542139736 0.02921992285478194548154 0.01564177889857914019456 0.02286910101555294019815
0.01372567702114639055788 0.01614961717404543237175 0.0212876814629383258326 0.03098491996104460466377 0.02310140255066668590889
0.02217456324148579793754 0.0118754434385967416743 0.01393595525560499190365 0.008536161680228367132361 0.03133694676555967562059
0.02427989246915984722364 0.02335322504656159314784 0.006312906212667565922225 0.01178439031640167791726 0.02452508907153787276467
0.03220644612893283631472 0.01101560029769007610645 0.008595869424105557002336 0.01257382825291532280065 0.02573372461977437367087
0.01671032436583275854192 0.01470421117619374884455 0.02514745427500797783638 0.01481745215395974257788 0.0118332102874294155942
0.01642079152186349047526 0.008905326392585330430585 0.01796856537222668581677 0.02672711032165420511064 0.008913276996124158343959
0.01793419075944808691037 0.02240235335672478844682 0.01580487295212953252621 0.009797885830324102110489 0.01860200021125137104239
0.01047795279832710625689 0.0142509596785947417058 0.01919436122038076578122 0.01253748403227235644342 0.01441596034107160695381
0.01496381497976753509327 0.02505364222462031636995 0.01305734546437633744609 0.02421536251073802895051 0.01710094338472995662004
