0.04175516263711023801086 0.225336427349708462442 0.2635560325533786163454 0.2608803364581944728151 0.3059795261330162663427
0.2784462441407988264608 0.260411502467527256055 0.1355259972551137170882 0.1983403903990774153066 0.04791050338607331926521
0.3129529377770905451683 0.299401590687235541477 0.1931448710187752826339 0.3368390796391679820054 0.3284557993384663032721
0.2799747295930797852392 0.2577574723582714000258 0.2320096846672443924309 0.1745188956641730293473 0.3081323290802475689532
0.3371870203270015964314 0.267382596884443657359 0.2879641388142983315923 0.2170474419362854179294 0.1522944432102566469922
0.2796654258711414042793 0.02039019735909571029442 0.2214732576584406698039 0.2739794363995494697051 0.343663772070721573737
0.2807653791604876603039 0.2819217009858433486968 0.3193269295532218943201 0.2940766546839110873179 0.297071375526495373709
0.1045727597680659454182 0.02627883384696565877148 0.198947515357411147674 0.3168928480769623301505 0.2763749359007366956931
0.259397044684436306472 0.3408088767844529853868 0.1698646190033732961133 -0.03340102653942297883383 0.2687782921348644826764
0.2930409196670722415945 0.2846296262199655147107 0.2363438120871331205031 0.2741542998818718435139 0.2967995746757070563149
0.02830538245173773101437 0.2565504072197532514643 0.3549173053172814396028 0.2100912420027254423616 0.2731769990466041964083
0.2149368389383434496676 0.2577442560128364590355 0.1978509291715846996063 0.3456306827540217008199 0.2719714402242111583874
0.2800160633343019012109 0.2960423018816908946604 0.2518375658945387063348 0.2454310605186011129408 0.1340963459086824405286
0.2673139827016330349885 0.2968480162035047054125 0.3135666983944513375171 0.3055276746622311856427 0.292797061824026150223
0.308474249670854072658 0.305947961604093932042 0.2788345078764438711438 0.222034347187052644168 0.3354879607078785630492
0.1076754513826866516135 0.329160385398876487173 0.3523414230173342320818 0.3637344791731066395712 0.3279406493812727640957
0.2398283465227467881054 0.2949156749415868805642 0.2939119521629026121623 0.2637559720570025190156 0.4096626542286141980931
0.2261888030509636438037 0.2772671549590456918644 0.2472085391754167138512 0.3322640549966538459081 0.347113220342096295834
0.2570333501183912905397 0.3131361099076047649348 0.313239183727907710697 0.3146881472881506991435 0.2828639965959472979407
0.2980444752772298810939 0.2860991527714198956467 0.2892247875505216114789 0.3366633073215842819614 0.3377520709977339108399
0.3394014782909516303455 0.309083534172519658334 0.3713184243567027587041 0.3635731735333079250871 0.3294405874634021569314
0.3026521037097543720407 0.3631499105476921340774 0.3434533899945523272024 0.2876955101782557311374 0.3525046742421793499744
0.3816406312295929081913 0.3168998632323261621657 0.2724679739034966408084 0.3343869618612508309852 0.3273310622576432460384
0.309565783154802043331 0.3689500891941456250933 0.3468129145619807673917 0.3257148962670860514734 0.3722077822901556642954
0.3117299271964720230876 0.3729468701680053177583 0.3491312437240796096027 0.329843441010163107574 0.3445728221301889715456
0.3521074528932039426898 0.3752387804834432238899 0.3430100171531348385301 0.3458628221406028768747 0.370381017205605789222
0.2501066861528997153918 0.3014923680865117527894 0.3212250492479846730731 0.3678728120622867803213 0.3383383102305446143987
0.3825045800303449872182 0.3636778573977029194175 0.2853213745931744704798 0.3373884164370846150405 0.3780231402951821917391
0.2846064957404317308232 0.2643575415361202884945 0.3860232177286441745956 0.3438943475333250954229 0.4044973325408501296785
0.2370342483270996836175 0.3431391237081210521254 0.3883790550852126433057 0.3426917824591114158927 0.3466588804909854770742
0.1727495494200802783613 0.3165885237813095276493 0.3353744408232257612212 0.3854441569224626440437 0.3019532912336843066825
0.3440609334480003722589 0.3162889752286273670201 0.3680407463885240204604 0.3170380246477634278435 0.3221651841562570561806
0.3391642458577550089949 0.3520924696999645497897 0.3411581179543567987622 0.3837599696218408906745 0.3630959579403966186462
0.3685548816251951187439 0.3446814680425875354608 0.3309398459458638419584 0.3229757412057241428016 0.3680408251740254210738
0.3657166811254594640523 0.2901101974802782201834 0.2511835544521846541599 0.3170127314597048218126 0.3556370556101630109325
0.3329912847269480002943 0.3799562739273016909181 0.3521459147250058374645 0.366331205835710160823 0.3650251035332879312456
0.3606039988884824909476 0.3973969179691834718859 0.3283756305794406915588 0.370468080934201582366 0.3311947106586727307409
0.3826092461519914889045 0.381049837037672367579 0.3706197567266578118961 0.2768122071455829669162 0.404429170575309082647
0.3800147187765484657618 0.3386605449141335544283 0.3456342808159657553624 0.3342738412332194597454 0.3535064131662075115337
0.3329736068183234976026 0.3852340550763551640934 0.3614108105336791276763 0.3002221988905099947509 0.3136665816824084629388
0.3364206750229176701161 0.3365477225696093532825 0.3984626304594083290311 0.3770107415840462938839 0.289884212920709205541
0.360963873600294360422 0.3224731935780501546063 0.3629317064207193688219 0.3511166043214380971804 0.3858253457718252565911
0.3164307233009390762923 0.3607551449718279235057 0.3694572278283330124538 0.316590171446835044744 0.3458222619332660952018
0.3876465985242314449266 0.3633085303304747215591 0.3963306279686832911402 0.3196824201844167823161 0.2762857406338440346971
0.3482526993781436264186 0.3301713847763024789472 0.3903247229177149169033 0.3653621238959284811543 0.3149797262728721847225
0.3533779912218403818081 0.352224517478768595069 0.3642620943335094230164 0.3436996881745984500078 0.388598094439181751536
0.3700850757210697450361 0.335251487806717929363 0.3149524699255330517644 0.3872157622687291134156 0.3762593093591743431681
0.3569504516508236746652 0.3636862165205536623347 0.3979630887416769069453 0.3535248102952843751723 0.3520995135162929834394
0.3883279379687347154793 0.3445730510089056175538 0.3845969780154071537837 0.3941481026225440720268 0.350444109080128851641
0.3957496814931913409197 0.3555817469424491505947 0.3301260720213228805342 0.3933322126007811614379 0.4259771979954620202413
0.3365179384083617497581 0.349974524709614154272 0.3183842435888672439681 0.3811119926656810763532 0.3640391007150487467925
0.3286916281079839130541 0.3768264239745561794415 0.3642573999183817967662 0.3585718052690988200126 0.3914135467353022646009
0.3988205773519825081408 0.3337813610102905448329 0.3532227127787084253185 0.3644353610788011454957 0.3816800941931472457291
0.3758632659281174737131 0.354593432187769952435 0.3617081377836575128981 0.3538703630843168523867 0.3544050521164635036975
0.3493121550335928082731 0.3769540943313099967682 0.3014981081332071544132 0.4068166639614974600114 0.3794406733948776366816
0.349903549092160037759 0.383124976368987624209 0.3917663773279596584054 0.395314584971482363418 0.3991977444708260658324
0.3529033664825440008705 0.333909362334631421021 0.3785857121330838404027 0.3821656289671182538115 0.3505256384239125999613
0.3167379345004331936408 0.3665480096266183762665 0.3308847446764139887954 0.3384223805700581344524 0.2830773319560250245175
0.401137517357780526428 0.3563443833366332635926 0.3759914254574551195631 0.3718300573594564562008 0.3654255294491841055127
0.4073799982984635525973 0.3784537417491782851364 0.389038913985459311462 0.3166261451079587785351 0.3297915547220069409917
0.3339270792250876307428 0.3217698616874311579039 0.3160050589310735014159 0.3882035289951830114852 0.3895682026872144265717
0.3470586080264626560599 0.3478572365349623662922 0.3673502233079806167382 0.3966169514428596332145 0.3774519596817034194913
0.4063942874873276434045 0.3729053485637867648705 0.3558909218129029383704 0.3998974612162355390943 0.3976107414866690836774
0.2645454190223048285269 0.3831232517985683760919 0.3967552521607256021952 0.3301341241708905527297 0.4175098645737037594827
0.3831972889979693985829 0.3728099751951037821307 0.4109618398335453393067 0.3597397147130857453234 0.3884182651292759635986
0.3383590913665243116171 0.3690929941269015523986 0.3865030166900090269344 0.3401186310477472551916 0.3594459076451166912314
0.3616338324237964862995 0.4135996143903539201681 0.3434282864797222889486 0.3141138770726643603126 0.341777273425459271472
0.380602565286284000301 0.3767293262903680939324 0.4041464691587484114876 0.3914956654214019060589 0.3764136683349488810002
0.3773055769424472072338 0.3001964551574903827813 0.3784941176528900386167 0.3966614307493823154971 0.3861405524692571589185
0.356811051672795032097 0.3842347844527910227796 0.3803553309464685061592 0.4004953024401706751512 0.3725575673547276145392
0.3723519015338861426478 0.3812426711536731627206 0.3770116263424380109726 0.3374388316529685627465 0.3934292464439266279186
0.4122295004979344978935 0.3919810158904585839501 0.3457087188980759728807 0.3588823863773178413084 0.3594567628092116273741
0.36745054157239653847 0.3867578041095129370852 0.3641255356435201817611 0.3739184062672364361468 0.4314667311141743288871
0.4061567430674908885102 0.3353896500366864152909 0.3945102094645640544712 0.3679754981211426079213 0.3937622508388062270157
0.3575785419874899506709 0.3942740104074818341395 0.3827934956011836420409 0.3733526053417402512657 0.3562171741498927901581
0.3435554655279815516877 0.3861166921686816078108 0.3151072079565666039791 0.3902777083571601912659 0.3970796486841247641131
0.3991340237308648175585 0.3582936834252459235017 0.3957102937362928507525 0.3673156684417435702272 0.3851767395603556409789
0.3645207512853884668225 0.3575094828926966283866 0.348953600138610375847 0.3434692402884086948056 0.3562457414282065859545
0.3966613386684691988648 0.3816498842572025318454 0.3829640800901624730912 0.3491287121999677167672 0.3698440289134545255756
0.336569093691411747038 0.3670390298252252381239 0.3294812805438445679762 0.3109767931037785704262 0.3844282297519590607671
0.3119780036357687746928 0.3759346635058420926789 0.3651775790744772876018 0.3536211336442423580628 0.3652137231965607577777
0.385965231864557223318 0.3740809785060990599881 0.3452662833221981641962 0.3051434096629419556734 0.3611503344138225490845
0.3285114419743409008845 0.345469045934345797555 0.3557393774080352955025 0.3500704386926278277592 0.3566324880115158135752
0.3598173006748004443267 0.376631376650085558655 0.375457821399642677207 0.3681331532771865977516 0.4088691799690498118736
0.3973138616873911899141 0.3697443615312679399132 0.3762752025913235764953 0.3609862454399951348094 0.3940781890036133550126
0.3286182145670511478563 0.3586975213296114683992 0.3804118909206810617007 0.3315860286082179531064 0.3523383455389272334024
0.3529786171174156828023 0.3440167756344353344744 0.3828563301690953712964 0.3690023387133372079205 0.3143293017112880338715
0.332665324508883808452 0.3939653343900760829044 0.3657690995115695509199 0.3884151444285868226558 0.3883274371329761831539
0.3418154249514107068109 0.4050237974191480128106 0.3353132581690562163956 0.3476523942750793794154 0.371724426018489706447
0.4174291242044839700398 0.3762674641543097830976 0.3433117808761935729756 0.3739896394231788101514 0.3206198295439528500594
0.3816911525046881581424 0.3563194800508407977802 0.3865601306983521556759 0.3304516457483873681511 0.3781840843855131528706
0.3857972880477838484303 0.3606074916572767907752 0.3837590690990450581488 0.3448672178383329622875 0.4012817906106775911468
0.3638213151984850957099 0.3374101693289388581576 0.378570740012064810287 0.3105976895659137704264 0.3639096415339730383742
0.3632191628110095771298 0.3689162313044704877285 0.3954463198231609188937 0.3369865603763982364605 0.3377859326255420180374
0.3534622458040110326571 0.3468911978935357298681 0.3736655276219783550218 0.3304039227388372301775 0.3906842878132738006158
0.3531789529445357733728 0.3588361774271431881012 0.3939120832661920923456 0.3311797973563394559271 0.3410199777798532116968
0.3355810864483296240834 0.3459761674981580714672 0.3579811269265734674505 0.3294078938163554903795 0.3392587715694681538281
0.3611843120805278695151 0.3736874602739429507281 0.3672852932926558011673 0.3242850111081889141751 0.3463271895103761099932
0.3830953502361214568772 0.3561863297922631121928 0.3253814693158624260505 0.3506293420081411094102 0.3495091689448278637897
0.369086143418885570533 0.3965841024644128354204 0.3874923227503869749277 0.4051979553417541235483 0.4011485710189458542274
0.3910929486507084273939 0.3763934375891789807511 0.3241815733338485605586 0.3443243323113006626457 0.3862263341745971745311
0.3937065525200457716259 0.3659669710447726598268 0.3158764277001229192621 0.3937654828195476519603 0.3650988955489828935441
0.362736925121798003957 0.3256678669614744836558 0.4040513417651846461709 0.3273773124088925623454 0.4223523738021078277605
0.3529161967633668850475 0.3885349396157582457789 0.4021096147553994692991 0.3933291919779149381498 0.3880378977159799069874
0.3742191358294665315398 0.3394228138652540804898 0.3453664550184631365504 0.397429102654629273772 0.3342192964882603756216
0.3380475502924637498658 0.4021110486369533498774 0.3543516008131543659765 0.352389426786285431259 0.3583243416136061565425
0.3816452107209583055614 0.3944699672321015926357 0.3839319283341768862527 0.374607487610971234826 0.4064514092360130836923
0.3578199606353733019937 0.406922721217123084525 0.3353137467411039795984 0.3114778378366110378472 0.3630810954741178209204
0.3695663875771313389151 0.3721877794205153966445 0.3744592526056164105697 0.3527893764532394338396 0.3833546079890199909102
0.3822650859961419511635 0.375258623976816363399 0.3727200843092758897335 0.3289310823894465718453 0.3694207005271898380805
0.3924866354075385310729 0.3396908848109811418503 0.3452481569727663401892 0.3669736746280567452061 0.3228252117726640446627
0.3488869114813213934134 0.3601222473544787305855 0.3146110956314762674424 0.3659956901168247012102 0.3462519867097992309901
0.3596940625366225607884 0.384706105430140221646 0.4047835128396964909925 0.3897141768046332721553 0.3736973827899011668663
0.3730331513813315291728 0.355024881835751426884 0.3500910093813833778853 0.3686615261423039080491 0.4035219609313757116453
0.3788317327688958680021 0.3799969705876893866225 0.3412537440286603218631 0.4101764837765773386025 0.4173917892743409518985
0.3964964980814085215854 0.3049598577077774486099 0.3790552925681971441207 0.3755484317037772190595 0.3464699156833324633631
0.3582415948987164866502 0.3686462227037776151484 0.3418208517149385894385 0.3421635897741774900993 0.374079836303843893397
0.3826760710442336232973 0.3692323532428197219168 0.3533632566489062210024 0.3659366733874911958857 0.391896426148830523406
0.3841147965617250914505 0.3645029700994000809722 0.3892117851182459453696 0.3720256964046221859199 0.3979176306401958629344
0.3897441524220202624385 0.3708337714650771221869 0.354860413960500997721 0.3222317604140064739582 0.3734070549107545988754
0.370681341537207165171 0.3782955734837934458348 0.3769957087374139481639 0.3792411505867340215659 0.3727694296360101189336
0.3427455826033221630844 0.3519902138790733103768 0.3752357990940024534687 0.3340433907774439381555 0.3539344882390767499381
0.398274830459566131502 0.3609919743547454484833 0.35338122336088301223 0.3823753843726148127224 0.3193621757102346747637
0.4001626592133024629128 0.3907170980301458707018 0.3144436644929431978746 0.3653526679959615552917 0.3921235476019390708835
0.3693672109214414245315 0.3673332388658663294478 0.3715885250215012480801 0.3582718544057717502405 0.3529335701489791921048
0.3690426357021280301396 0.362082203757454867965 0.348154016549316935869 0.4047657845664164866228 0.3904009405252540365616
0.38358945127902305261 0.3372471652502220806902 0.3602800110552991652568 0.3735582804180112015402 0.338590869764868573899
0.3528238794287991697551 0.3787742624167119154244 0.380447390965428400289 0.3586021099243288379199 0.3507863359020211846406
0.3836082025628250735672 0.3786248491564444540458 0.3521584848337194206813 0.3766540476620993671553 0.3529382283504646222738
0.3394118747691202142569 0.3452676343059786767675 0.3797512029965622315508 0.3716129101928589140158 0.3747393710493258089933
0.3557817759464773077482 0.3911576424610492819234 0.3263200403155511186704 0.3434734589128792259238 0.4048113080596633106545
0.3772817046227560644489 0.3483272885620937731055 0.3868308126539740654515 0.3562010180269496451011 0.3565565928032877751619
0.3832230571767227811364 0.3714102836408837982063 0.3848767321774130834022 0.3960101249976601400782 0.2529634965976723659509
0.3217499871903670705109 0.2009373183609449720066 0.2276451250605143195038 0.216291940067945109849 0.2294220496045616675129
0.2119274830465969761129 0.2874625516015587023411 0.1171314868194399533285 -0.2539673992255459533673 0.2830549742506775490192
0.1857645953178501396774 0.1628829907013258360138 -0.1273486792356083308064 0.2971275524744310114755 0.04160950298172760852822
0.3081458849983571002262 0.2055019307796389638199 0.1118041551702124020151 0.2400885228445784891349 0.2337191144694384103975
0.2241469919293707091512 0.2072378871509348574609 0.2915340943986014510259 0.182942353266227930586 0.201504578872108819354
0.2970363398077414118781 0.2887717868793970854568 0.2995361231199541451886 0.2273644224353993381627 0.3043141689434998298225
0.3183636153934740753435 0.1983405666545655643418 0.3377500329847860083277 0.2944791765785050308146 0.2318809795615717206374
0.1670004251283979113119 0.1916719639931030449986 0.2941516185271086381015 0.2218204835631280291697 0.2009244465620010633433
0.2790407845454100366211 0.2450467637137143384063 0.2233668646484503195193 0.2890328204469548856181 0.1540057211488315147552
0.2554768060228912451848 0.2892400276206455456141 0.2481098405118746241804 0.2774417819915385718943 0.305783927392849042004
0.2765468331743142216261 0.2956794640467175216969 0.2488890382404931878035 0.3251791338978682888161 0.3113796095561412458075
0.2711676415610002055523 0.2235953760501870057897 0.2829503970265456191946 0.2654016102701449164591 0.3155984291693018084501
0.2505702588729611934859 0.2040564165978998867335 0.2775569362180542731799 0.2944387724388429772304 0.3079735869976316098295
0.2178454456879344025566 0.3526378632357250464402 0.3039360284016008328933 0.3936254311737092947965 0.3489669700164607646364
0.3140472109645381371124 0.3192938522633902986847 0.3530137042895107879481 0.356568630485444404421 0.3177612416235170433865
0.2574757835196644917275 0.2967192104474613567611 0.3311955837338151908966 0.2869050168184351656819 0.2933893439618618370623
0.3153876456798089256139 0.2807206787589287544371 0.328458523339866748092 0.3706745810448163758188 0.3272599184287480755806
0.3764239453672649782234 0.3602301105219818944114 0.2567927789883487910139 0.3303117351098905363216 0.3271933904767347911502
0.3641108154278930864045 0.3765589276186701583882 0.1473416100047315879795 0.3654283539699874072681 0.3010956580061256993019
0.2819298402667433367519 0.2650093566421922175458 0.3162115325170569701818 0.3657368981383858907996 0.3698170580044727873137
0.3188695430480630865766 0.2304812822673252270533 0.3022889250866097055059 0.3683266740563417851462 0.4011501430280590141386
0.3796587814725384535386 0.3599982558995614700947 0.3444356404483414624274 0.170730975561241477001 0.321983189283113979684
0.3966338278633837477472 0.3545562403523330186061 0.296262678234692655721 0.3145299343341387277029 0.2670486328497908568025
0.2804605603770714550294 0.304079787611460594654 0.3435869041737488749355 0.3478787993536281986096 0.3153828455770351646414
0.3160179552758462517836 0.3591440937319834714181 0.3133461600603344443527 0.3198518165947635272239 0.3609487437226435724291
0.3665821033268232276292 0.2703209155943906982777 0.3129014555106995887357 0.3060455607248268594667 0.2817578975993010326206
0.2951112407847696350593 0.3079607541787252045218 0.2504312129502682116033 0.3371874071131635286491 0.2445358723438723624888
0.3083306683413505333569 0.3831001802196898342601 0.3652347312730632178379 0.3521101115367979983439 0.3259698224876266259287
0.3610361553296161374327 0.3757094649300704580774 0.39609436211549348128 0.2747019540567941509046 0.2561189569282761313573
0.3409601388905895702486 0.3279415932943253730869 0.3405967295132834027349 0.2670361908254528793272 0.3219405548863747967836
0.3515604553768065798636 0.3170412143889365097493 0.3043734540411943134686 0.3576947265754480409505 0.3205531772422750558249
0.3651194855310179732122 0.2773010650318741832088 0.2655961801800664212614 0.3465676205535802578694 0.3416170846994138754482
0.3904191371995783810256 0.3468148104024450506522 0.3415173224710338351073 0.3575864464793651054109 0.3923099221178680817701
0.3365122259003657245735 0.3341180247214184384497 0.3286675462389089807935 0.3009627756639677298445 0.3770771038698154664637
0.3384196324109252640433 0.3995888191730839755778 0.3512236044752120034396 0.3061031612217353092831 0.4038656512019148658865
0.3117555167503196500434 0.3982476570797636727939 0.4036507952688666578389 0.3042454300236653863543 0.3618220765127581062259
0.2499428262427327573914 0.4085646775293496624215 0.3855255371592935520475 0.3863196471175481816474 0.3846598861286011916683
0.3553986391245123610538 0.3317823358657189247722 0.2877998022274303457912 0.265182565997294505955 0.3529428721174342475919
0.3916115220568848198646 0.3868185611915396227012 0.3100224233968393305894 0.2369647747595948761301 0.359441703839588622138
0.3636636173244613967626 0.3905221261102592711367 0.3754348036049566794681 0.31501037160013234395 0.3702769889348572207588
0.3853431729451061160674 0.354195430461329618943 0.3993378233916298203354 0.3705237271392431419592 0.3243022538141482891128
0.3938179916754420140101 0.2976545132918611558104 0.3218662076274404482135 0.3645748984787747226655 0.3417081404470924677064
0.3385111668208447555095 0.3562189971779388675266 0.3602841539345567611896 0.3932649861360363874319 0.3661810093335652882551
0.3871470561069589311209 0.3724124262857255729386 0.3770260020151499635865 0.3738787656010679749663 0.2861178682143074580857
0.3722970082674079139728 0.3556830933148884543726 0.3772868822820145129349 0.375998442095658635953 0.3396781414473383220454
0.3562159211079902187969 0.3432171321514793649321 0.3976151001764722248133 0.3660007585171639599153 0.3708536770666593929136
0.3395906109549461371344 0.3307546363543628631376 0.3204611467285938819494 0.3344189447623123201403 0.3409378700918102578221
0.4017686154907119666646 0.3885334843848462504923 0.3693687296670754571792 0.3868373353975482764611 0.3796514598512502614014
0.3585062123934746880494 0.3869745017455187285904 0.3964337412138100869008 0.3681951991158847192764 0.3855691651828745958319
0.3365669163076272507595 0.3301897764612022334596 0.3936016541566380033679 0.3802108598436097497419 0.2866032631635251348712
0.3503577988227800643628 0.2936321565010375223004 0.3869495231249545641461 0.4005286606378562486164 0.3438743399598587213717
0.3743393356237345037663 0.3959658893514168553907 0.3574460572727787832648 0.3319856288829480250868 0.4182220665668620052102
0.360680478146809646578 0.3869066672699983944206 0.3895792539792825581735 0.3758440233228605986682 0.3801325863589151143884
0.377091464333228487682 0.4032819859521662997359 0.41021229650500024011 0.3185408466052699338888 0.3919414095828052668757
0.3450049800888982387548 0.3434605631157134908449 0.3622402323265909718231 0.3624421736251810521878 0.4336098362708714626379
0.3846355311621136863209 0.370650949533037232797 0.4160137301828370492984 0.3440601284236450840837 0.3131324570518619898607
0.3807044632464697819785 0.3815454118645692505041 0.3448226411149322712113 0.3786110531013556212976 0.3891907309451426155711
0.3587214241391825098049 0.3958526715099311976687 0.3633300604059753746711 0.3550960585797846014167 0.3943788389462173360478
0.3177913583798707142236 0.4026866114402051777255 0.35098310240563118656 0.3854519246851585978497 0.3948251066496277772444
0.3846882092772894723431 0.4011646810345824709643 0.3963931516294760259989 0.3377434092627593087421 0.3987926982847510015695
0.3897775087262361770613 0.3885477889782511518035 0.3345387821777114356614 0.3604461591613981052973 0.3905232948731973685597
0.3541660435587754007791 0.3636338598915991315863 0.3645881684973988901 0.3496999318662744049568 0.3225622936998745471371
0.3424997640380175178976 0.3593426283904250784218 0.3390683206519615744412 0.3572256810540740401549 0.3671727433646196914196
0.3614224822988245100497 0.3549169003946599509902 0.3440048578953407987235 0.3694630027333271060641 0.3179968221183013810105
0.3453040199962161826974 0.3765931783132913657219 0.3558183531757190820599 0.314390403298882459282 0.3803541365510377803005
0.3260227011749700087861 0.3614552505362427226032 0.3074001700710225493118 0.3913182202826952504893 0.3558565569728732169708
0.3991400707217073740019 0.342333464223296302098 0.3740226486515065840166 0.3548141651270683150088 0.3598534818111251976092
0.3925006887111897047049 0.3829176225719449488949 0.3756989912550199872676 0.381050769733999650235 0.395782930172414115777
0.3373698974275877726647 0.3633328561563105574272 0.3699942535173958990669 0.3956755027265388413582 0.357402764297768738011
0.3436150397971355352489 0.3732298817551406577842 0.3958543158085822688541 0.3768052545168727451852 0.3593163174048976116204
0.3679708649899156025498 0.3318068127062864802745 0.4138487805936355012904 0.3305411708463898423638 0.3389088953451985797294
0.366059972235229624804 0.376300813599857786329 0.4049495636494285788487 0.3556747011114060885717 0.3068583286068765625387
0.3279492798629899397156 0.4219799138760755852218 0.361123640814450863612 0.4108898263422532948219 0.2980012244034861979003
0.3872625708859950832696 0.3483204369595474525489 0.3770882498247214997811 0.4007250897369781239554 0.3445888346014088221558
0.3736331620523196117567 0.391145053558997202181 0.3566507132035696137073 0.3955229119637116430575 0.3656348581223954341546
0.332034606756616390566 0.3877561309848852055815 0.3679422861101822594954 0.3987888906804776811832 0.3331421114818570727856
0.3545766702278608240029 0.3664287568321010213346 0.3302123522223854856783 0.3837580141291306312645 0.3916550104952354893761
0.3708171174214960896798 0.3727105980231838477934 0.4006820873321773057718 0.3576495521284528411599 0.3343981983367929622375
0.3799309379043627199479 0.3665536706718357518042 0.3472210741908393072386 0.3611839956145540542209 0.3781751215921299591471
0.3512666180956244832423 0.3687325227685394057886 0.3819832724205708407439 0.3267945799205114743025 0.3728868858128832619592
0.3756926215659164292049 0.3535176321609715399674 0.3658222413963486685518 0.3482213321905090475106 0.3674663073768565380028
0.297684176216239937407 0.3911756130977584455799 0.382221432951180550841 0.3560169098792785868923 0.3461318776771300509409
0.40269463001448302375 0.3762774896181675376994 0.402339162497854119227 0.3643735475113172306294 0.3483742954781315903645
0.3568461739970847923509 0.3617915450820638478824 0.3342735378564762327436 0.3304801595793802615475 0.303193286555845376018
0.3607802256496308035416 0.4049175427786565473198 0.3726373940676616092205 0.3366314607840265038519 0.4161123392221587891093
0.3679672853756115191715 0.3230864231862050628408 0.3527318942783456701129 0.3847619731375298557374 0.3491715023961071140413
0.3419161146970376985443 0.4172781299661044718263 0.3581310828110574884242 0.4104188524808836668889 0.3462375829062347976084
0.3729489575025344283432 0.3195626043143388606005 0.3759819494592982480619 0.3939157861039769836786 0.3883636184577616834446
0.3379322218866486760014 0.3792439958084029560936 0.351008151177147675881 0.3585684042434434948277 0.3895660121694183852803
0.3558200188869373725709 0.3713818962989796634844 0.3545170275748805721605 0.3589117519444905424209 0.3487129271208257996761
0.3775522289017953503354 0.3194929783318695148964 0.3784704013808940503694 0.4001886628239560428355 0.3904320714790054380749
0.3560181251509280109246 0.3420515795807108627713 0.397836537438480075668 0.3438024911421244111942 0.3581242774169630105341
0.3452518119935666929265 0.3796129956591232645913 0.3366493120460267718386 0.3647144751324672418136 0.3732955318688140344818
0.3312867812268700529188 0.3482131648204381257905 0.3694156483365768073313 0.3680193217932917204571 0.3331705981636088886866
0.3832858715756078393788 0.4164268967249786790319 0.3533144003731911730881 0.3883718888331945118253 0.3971166899620824919381
0.3618210789316271824845 0.3755950437656578877466 0.366333552248203242474 0.3676523341936512867534 0.4125747559839740286058
0.4205217712294332388367 0.3828026782633684454993 0.346865432947834340105 0.3780342121243194242197 0.3848181603337310630053
0.3702995698478524499997 0.3207747720089913490149 0.3674631408019927159003 0.3255245005985366590906 0.3174803425551924185299
0.3000888508473870119886 0.4046862445570304500642 0.3443682901857075262519 0.3677559721369847989259 0.3274699914090093977315
0.367022746882663231105 0.4001769819775002345885 0.356000402843958785315 0.2752147766181760601967 0.3431837555662588523653
0.3871351699325463746604 0.4279786241149943770701 0.389138680881033038883 0.3908498338917049674812 0.3518428826321290392443
0.3548501785589823764866 0.3956386930482202468617 0.3808375313076398649415 0.3622898656935110150989 0.3716576312988024155537
0.4072089341626167757759 0.314162129369445042304 0.3522299637101638514203 0.3487450147480739004457 0.4008922958036210126842
0.3376863761074987424493 0.3371155371589208971095 0.3969856595750613226237 0.3784501600718748193231 0.3548765664631501892679
0.3836237926432659595122 0.4088655752153500522184 0.3833314655637776735553 0.3560227580272132819061 0.3299226381905864813326
0.3450489440098967741655 0.3409845344997284866118 0.353657358592000814479 0.3771178269270845095917 0.3399109300546925283015
0.3908468978513442992906 0.3490194013054073174374 0.3818448704937745796784 0.3997538836886915802893 0.3719165201588910396602
0.3584088038070348813946 0.3325486177232793161274 0.3082807358349112791807 0.3397430388005044932243 0.3302719671145328272921
0.3483269079002671020362 0.3773660089156237185115 0.3490162436881831808932 0.3715973607639446729678 0.3463974184431160008302
0.3495973115216435278541 0.3539601228972381052884 0.4057983313316719242714 0.3889166862665374146957 0.3635753675305223309167
0.3876194546779708760553 0.3333161137563662168581 0.3604606679379003253416 0.3858954935625775184427 0.3271589712045097630977
0.3492481585133543342536 0.3770375679222365827847 0.3627730335045860621257 0.3418110081946664768893 0.3838036190390842206099
0.3751836840246595694559 0.341254776749040866779 0.3630279918565709196265 0.3603787112059247954576 0.3794530902567381236423
0.3349517801547922668526 0.3500014296033026606203 0.3389372566954088616953 0.3956083001283949851512 0.3454837324929275199636
0.3934003272382373683769 0.3841203512766824812452 0.3586795118521543535017 0.3477512663792087233006 0.3510827795977040644004
0.400850753897134925996 0.3344858456165873961119 0.3992185223523816439695 0.3733521072676767027509 0.3800057263072544322391
0.3575598801283176864096 0.3521717658614900714475 0.3842552440462193574788 0.3716687270946466559174 0.3837213404324176790894
0.391763336869525413686 0.3770120407610293988832 0.3922302721273354109144 0.3263083267114696983668 0.3863260714756142077952
0.3323560966038295316771 0.3953200319689326169836 0.350919494685588695404 0.3769535017989467662325 0.3246616577629007904804
0.3412358899444873916451 0.3870165926897459196532 0.3629828178718148556925 0.3611634139677536992075 0.3868171844245291701725
0.3567936266506802067688 0.3598053421214134628414 0.3881716584561307192835 0.3707119668707847259803 0.3781768967957099270016
0.4161225419134289560397 0.350237397912069536865 0.3738483843185442245804 0.3568419346475134035224 0.3243759082802327720074
0.4007800107753464735616 0.3692615810041029456023 0.3369944055112642500305 0.3617828175656196409982 0.3771561699943438150662
0.3635373428369349513289 0.3695720255103485119008 0.3637832350567718475709 0.3793779812720957655969 0.3490662683479539007969
0.3850169138745099806087 0.3837168120083910838325 0.4119792648802481083159 0.3599140063592310978535 0.3824386207935215331588
0.3922493167657331025744 0.3541173479669924017976 0.3800685908835932935723 0.36964150222543007418 0.3672549534626405320914
0.3605498859593227467535 0.3586876146268173637388 0.3511716221026959794393 0.3578168428902152586879 0.4070362734928919534738
0.3134781329744043554264 0.382038756146898472732 0.3532119855697634092095 0.3919462389034681915057 0.3954988542072359058999
0.3630618002862641136019 0.3266872743836908288273 0.3809958145135599605346 0.3966632277037094311822 0.3475810630467058848225
0.3625102219254484059441 0.4174056222653267922418 0.3556098749715300155749 0.3295301034582943655593 0.3596006596802233112875
0.3923147989074597941084 0.3651991434699867755675 0.3709554227565130535282 0.3816988821867959846834 0.3980032709491911901978
0.361834594722726610172 0.3634226941327868276588 0.3665460520804643684833 0.3506707594576069508818 0.3317676858502088266256
0.3308789273734941138727 0.3577911732538590627861 0.3594073013476365985319 0.04692656760368743573686 0.3153855046791542715567
0.002356508573457240674626 0.2877244951475840806232 0.1459948470867778735904 0.1836539427133283275406 0.2309122079931049953405
0.1510457570678235827977 0.2252992347898924996308 0.2068446631606175589724 0.1313209762207695752156 0.2197040433504277578969
0.1058241982296558164611 0.03560362294420939960338 0.005062645443551332113952 0.1423892222134821861079 0.2396135884915568947662
0.2362825185388876259029 -0.03922855689977894355636 0.2385707318616400451905 0.2054200952367174759505 0.147190849539968054982
0.2597911959147032878725 0.3028701548613221827821 0.2638137146079745365412 0.2319760599671368273 0.2603367418228339502662
0.329580764170622209086 0.3120551019573059026158 0.3651534489114178216873 0.3226385842746414822635 0.319201994049106319018
0.2478058552702322725469 0.1719742473918875746985 0.2916840751318801605585 0.2029909381154234582212 0.2001173402597274386672
0.3284205503302156103906 0.2964175768463512827822 0.2712740951808376710375 0.3097122372371079457309 0.1110115133716960550414
0.217814352683789763665 0.3590502749769408086244 0.3621132181224089863214 0.2608875944033811067335 0.3077165329826018758119
0.3007934441910877776394 0.2840290986843691523056 0.2617639652296101515638 0.2001573129106105908281 0.3124858300354529938581
0.3032895846168892628469 0.08025786995820002878155 0.3212328219898696324286 0.280507918519591448181 0.2991491679983752094429
0.3034252647800457225458 0.3380769221637054955387 0.3039257600567994987983 0.240219491411108321266 0.1622245186153759843872
0.1725413848665402483107 0.2528626416324192272 0.3521831727829511926586 0.3124548458493929259383 0.2667342117522708555555
0.297890580577693131481 0.3352927748027409449172 0.3167963787141976350625 0.2776936233719024538225 0.3312495847693569528403
0.2991004377016268644951 0.3503642421665559836264 0.2535441248371714806353 0.3100680528038113337175 0.2360072861156176649011
0.2764099259504784189545 0.1935498264290121672726 0.3949477431376232638982 0.291433209218931010831 0.3509323541682740632552
0.3498329189759249446823 0.3019563590116854379097 0.3338029560407958507007 0.3191737503187082602985 0.3424237420196836745312
0.3252451089151813246048 0.2801312266786463167634 0.2882252953459291111571 0.3123388537457692515353 0.3052900076734310075288
0.2024333123660382871556 0.3382259549315551616644 0.3298256245921781792951 0.2831780675110767697689 0.3511359856106826549116
0.3148891615520289510854 0.3384647772491835016062 0.1442050620181724585045 0.2755340188896434061583 0.2793425836985450882999
0.3269175534350591827426 0.2786428896721193648744 0.3092704513140177580155 0.3165701174477104085092 0.2668183610059033927797
0.2876589421598801377122 0.3994010745075007862148 0.2791482787753066796554 0.3797080417709349786648 0.2829100654714561957626
0.3299352662727658702657 0.3568730942816342177615 0.2927064656071825532457 0.3600847430278912852941 0.3125256338888009466359
0.3795227611648182564075 0.3138662037336647503416 0.3174657669805117099493 0.2820359811937117044955 0.3432131171320849660766
0.3450155689604610387278 0.3454528954958157038746 0.2823483608433521308001 0.2784144672553851562746 0.3726762474370822753045
0.296296867883855563619 0.3355510284863147396628 0.3335682731808615186786 0.3451980806747677044122 0.3699415354653754484104
0.3566588781212922110164 0.2413610776382288658493 0.3630846693499297228591 0.3180018902150602011503 0.2788224006839596924578
0.2362439347516304966046 0.3408637792380932451941 0.2946827973824011626114 0.2752063437550544833243 0.3481672319245516233899
0.3805032333753026740908 0.357358288907744736651 0.3868297120628683694044 0.3670098114341203143773 0.3131529484426235354633
0.3674467403323354308675 0.3312096225874768817832 0.3544952411099914768577 0.3523783551114262890813 0.354344754734326916612
0.315671466715646109602 0.3645731399857584653645 0.2811584281692711129175 0.3502113439838827058104 0.3861244321687299363433
0.3481663501076133759859 0.2937348729718778361786 0.3424690185512173634663 0.3217660209640388346841 0.3474914013846885363357
0.3808352728092926908765 0.3789717459672800603521 0.3263677669258501778948 0.3745838750889949331224 0.3490642983089140560793
0.4030473803523149656236 0.3206825210127105529878 0.3250268189112898720161 0.2971273679179526339134 0.309152046127620927507
0.3640626296275722983964 0.3543893846803911618082 0.3111764689422770735483 0.3647430817409713643684 0.3663495015177591351829
0.3416167453621875571557 0.375021802362165090905 0.3597252721763313232373 0.3639443543580131446014 0.3457959384491713916709
0.3547542777598334251543 0.3325003514372922297504 0.3027521549331407824113 0.3568494190734824988986 0.3171456161853336563894
0.3591908469695415107026 0.3527602813983750640325 0.3144575725907852725705 0.3490780242912270847633 0.372480755042211397754
0.3574650870572840810624 0.3639854463481965729521 0.3406337258233037013078 0.3160966478433598347841 0.3425991042234390882015
0.4003686432023286223547 0.3367344476629921534716 0.3466404353389710979449 0.3444791011025395977008 0.3988109474479802352143
0.3696565664125525674244 0.4078670641283444475711 0.3340306982207748576208 0.2918332867897669991031 0.3263922100546953752875
0.297975095464149963842 0.393784328574365682929 0.3636578056996809804602 0.4161264426245588898823 0.356995165700553507282
0.328258555253757300374 0.3907793001307151015133 0.3663805760918094067691 0.3732369662907669138896 0.3500495329484021311828
0.3034214959117788601439 0.3827650077870683453796 0.3912193976402054684804 0.3864114775180782501707 0.3481528111231648181523
0.3669576602752644411964 0.3603850276559864562742 0.3997525229060788776181 0.3139232003372014467857 0.3138616540920191599895
0.382543300709832001516 0.3848909904074374055405 0.4109172116163252730381 0.4067219219310619360286 0.385172577928365122979
0.3820139578435343685747 0.3222292853209057783559 0.3290423915840227642171 0.3886625309235894332183 0.372650930439594574306
0.3579250939174791201758 0.3706170669684131224741 0.355266146433389107262 0.3752018032528083857358 0.3297851590399917265373
0.3924492023307523669295 0.3044206144001807556876 0.3828066042520374967495 0.3634892722229651762511 0.3610646978301044196513
0.3380319703467308256606 0.3835766496573317918539 0.3531902552556941965456 0.2965703194737542847115 0.3400292676698662419632
0.3391120039465289059955 0.3460667175946601226144 0.3855614685989674494948 0.3582391177481751842748 0.3341129076623294835713
0.37653319548277636164 0.3271933121089271034876 0.3672282705898737842354 0.3377005295112891491982 0.3878117140484943492496
0.3943827823422643708007 0.3557779213138381191328 0.3292840978826230280418 0.4029064708728349875066 0.4116044795214264251371
0.3672350935657386350464 0.4064797449060405520882 0.3682618970005406833224 0.3616383825392145978661 0.3398282154923470410601
0.3844932547192141947257 0.3468040102656357870359 0.3878060647116796655354 0.3330996161352851592241 0.3746140319106758820311
0.3451594617897363881376 0.3238214928431739081383 0.3480500145729714667198 0.3373461942112102041058 0.3676123683810796904936
0.3745301507216896585994 0.3399747487220133868036 0.347187626762104961653 0.3914324630397341131527 0.3677819549529672826793
0.3840546818100618042813 0.3517538706506943557706 0.3503444736383067303898 0.374476573434916581995 0.3670187291662903583678
0.3407218869994384502498 0.3716122140564520059947 0.3694860466120726272266 0.3882551269455512543693 0.3513505482075683916676
0.3669502260717683039815 0.2810940014069659986795 0.3762768144611575160674 0.3612262124233536764173 0.4013695240021683541265
0.3931879769300499760654 0.3670501059930191267711 0.3646374522874831769492 0.4265271225409701383313 0.3467056558263612031645
0.3705327968091824963892 0.3842768811566790732037 0.3187020830707756324784 0.3361510289948123064718 0.3690853866100410329842
0.3617865457521653449469 0.3789055402962382412824 0.3524600400636056507508 0.3405558406852075004068 0.4007933654544784118912
0.3575028007806331231677 0.3340761988613603628018 0.356901115041545646811 0.3781985757964167471634 0.3469552142218451651345
0.3663439190632262754121 0.3489164167279087958029 0.3405357818876085240767 0.3614279924181601488797 0.3877037652944959056356
0.3688549621839827263869 0.3882239422731916800302 0.3471166193099909369479 0.3183140735466567505796 0.3697161197158461698464
0.4100772482164458110354 0.3698530533911642548262 0.3342121969782912427327 0.3775131839259020516408 0.329845852747952750228
0.3402855494653772572278 0.323873314006550117039 0.3607423296493335596047 0.3636701454976374869865 0.39075222985703256251
0.3700750499360334067056 0.3610889510284860937084 0.4068361303543719942333 0.4043516707624933426146 0.3201639197535555148022
0.3231387032979833873192 0.373356335843685716025 0.3616545327972632839497 0.3708198129932519515606 0.3362483565456770850943
0.3729974441386745276361 0.37990256996234450515 0.3570731245972844636327 0.364422476948905116334 0.4128020659283737070488
0.379801913857643225203 0.3759037519928312143236 0.3861919035457381244036 0.3977094491869038184184 0.3925022972356295158924
0.3385477588439932405961 0.363961175999699071415 0.3848871989187304665236 0.3426086688567426263852 0.3516600269228878361538
0.344008033617026476314 0.3631101335911723348993 0.3662347481904251744744 0.3540173832658389252437 0.3395460855957524448634
0.3370172514749882330953 0.3817664811563675208994 0.4193961525573097759434 0.3782035979497679334393 0.3285447597027594257568
0.3385506347606722643562 0.3430674623968294478793 0.3830075980598767193541 0.3738855784242708923948 0.3517059413861249872468
0.4042660459166632636041 0.3619529794735137362416 0.3557740118933438444593 0.3875186629911421265504 0.3428607568481304990193
0.4158614375220339165473 0.3763380960723359258679 0.3980615112829176682752 0.4021881092513923672271 0.3173553932217180184594
0.3249203020792725826738 0.3461194733493270780933 0.3575025531927728539294 0.3637709431232229451147 0.3852026375184477990921
0.3844312088766863033662 0.3759325911561658406512 0.3874539149166237317345 0.3902155577987805323836 0.3779023151412378433989
0.3966152898524877290498 0.3007612460828356648612 0.3340070720580033403202 0.3156509664131333381398 0.3519745389363288512463
0.3715292402074668598466 0.3793476651243555819448 0.3667877461192980970139 0.3969472285654875309824 0.3257417531976650182379
0.4116372723563833657678 0.377523666947143510253 0.3833403474170467006843 0.4328310880411810335211 0.3388327557831922742793
0.3605018120473665876879 0.3705221297293735394085 0.3908881543014430803851 0.4067462103544482454609 0.3339598091054640227604
0.3865275786239307231895 0.3361262363055866342343 0.3545211205232762785577 0.3964581636593364488697 0.342035404582556656905
0.3667680119174073771759 0.3893375369877039582356 0.3502705351334026162569 0.3674698725990552250487 0.3635006747463773169038
0.3964846291465090599715 0.3855104160058162032776 0.3826603229454630383799 0.3616550878674966718052 0.3577964024647644070143
0.3692409190321956358183 0.3840869489241850454064 0.3821911447366975189688 0.3779717119985965267936 0.3542504260171992491735
0.353446753526760526487 0.3541968507669311927444 0.3785807888549381772236 0.3661907482690731074904 0.3704509258401831872654
0.3495926679867663589008 0.3520626435332237513798 0.3519631190364476136523 0.3616729078713024625458 0.3857800480709969725979
0.4027904024410043359872 0.3849878653399409489388 0.3627908117003640353637 0.4176747116411488880416 0.3396942402453785869731
0.391198199689145653668 0.3624154293595002740425 0.379408434476200429053 0.3626664528646015850377 0.331807513204804449547
0.3838379971076507080063 0.3827561291909066243377 0.3458148719553061911647 0.3912924461477128024178 0.3285555921819227620517
0.3900489801795821720454 0.356073694612988267405 0.3257482376224817288701 0.3624066593394542068474 0.3528384502541277445431
0.3869143561429279065678 0.3058087391802322141388 0.3603724900267224473538 0.364154697338946009566 0.3605989378682438184498
0.3935490961995496972392 0.3924655882650223137631 0.3206389432811987960648 0.3490270424180613173526 0.3509027986926143150015
0.390257160962737492671 0.3642868483415232505607 0.3582137042525926906578 0.3958767918459444867807 0.3572120281519058915265
0.38879349672891327927 0.4042844489800638818622 0.3808446781657925939157 0.3489650146147507681071 0.3714070180805601473217
0.3419571195550952791287 0.3836599235635712035197 0.3453188295999524703994 0.3948344524213968642634 0.377992107456136372523
0.3926570844968022555577 0.3709245205745239637452 0.3459227896698248150287 0.4201009507301490808473 0.3642064402920608956471
0.3556388101437340520938 0.358351574051369026197 0.3630820696005273573448 0.3557060561199474335581 0.3613779014543969658746
0.3825441024870218642562 0.3318053840436552270887 0.3034709313043310041635 0.369522450298354288023 0.4031820936714292646919
0.3761453919669420775662 0.3358022802354252989154 0.3475621319676558407252 0.3731193742014399239437 0.4048970439457768022429
0.3514059605468342617485 0.3571821822409321223191 0.3622386668935422826543 0.3308278460330570380776 0.3816646096369490925859
0.3326653873548951478867 0.3772476820671515906902 0.3659943930533183231724 0.3676954291771709626424 0.3762658412735135349259
0.3227852473931443477717 0.3809225086337829635497 0.3404938446152339648343 0.3731387143402496442413 0.4009590462732144922064
0.378491917695072954686 0.3584744101853286624149 0.3667982310364684694903 0.3533023403034317166949 0.3670286465223840388639
0.3893524930536805817027 0.3489120927348480227792 0.3499040503558669690243 0.3763889409986664325025 0.3683698344607639896253
0.3612991762436689735516 0.3794808853891640798572 0.3833318730531117823901 0.3769090589207474972788 0.3429257909598474873825
0.3214663645867907315612 0.4078219303936596595861 0.3419338307915480434929 0.3396062977766651225231 0.3493362384551506605312
0.3816132170936209488943 0.3420970824332495996423 0.3414105542406148940948 0.388643565462951923184 0.3515623157595226810912
0.3898334534625808589503 0.3515221421372127230676 0.3700106674548650498302 0.3597116047986911868684 0.359262801837055389953
0.3960364738748197166451 0.3933708599284325702072 0.3755125947092108340541 0.3408188804901661761448 0.3790299313186871188464
0.3954115902955250838602 0.3858486426043145067766 0.3583717339271992319283 0.349196122189806668068 0.3649601930801180116326
0.3558315568648883764347 0.3627861316681579850751 0.3625924345505001644696 0.3978307572563756777662 0.3502560896895401953977
0.370453780243930552718 0.3942176727651329759539 0.3655346134761934262514 0.327624702149859947653 0.3376171679380721157848
0.3625840210802262486567 0.3968344912224881504414 0.3472078233435357819125 0.3796113940173568845893 0.3634117191228266041669
0.3422152927674315670004 0.3662597390232977812019 0.3696861597579727543028 0.3589159270045136906901 0.3484437167840089832893
0.4091793212214538955074 0.3906332528747569754479 0.3718738230538365385769 0.3735053593933828630647 0.3664014749546589677642
0.3484674989315486026697 0.3549519612475853791445 0.3624954002856113355335 0.3854958172165477980897 0.3556830685266387792609
0.3810514039760837801118 0.3792091917178475601879 0.3940833668493438080027 0.3764471740398833699004 0.3519288607413539882174
0.3755039368664804810827 0.3500649760409472177614 0.3473310892988497045053 0.34972773311106092331 0.3769450848455639380141
0.374686992553958597707 0.3630418956653773676635 0.3571707312298236236536 0.3565865621530967533026 0.3703103133306684946469
0.3548467455478510057532 0.3706846082307486134333 0.3791818720811288012662 0.3950776295310332031363 0.3404344868692870673677
0.3605386284413790165537 0.3848156941932377450577 0.3384514944626001997641 0.3723266534773019831306 0.3572889186063458732967
0.3638014741935071127976 0.3853416763776263964658 0.3440777955784134478634 0.3869914870314221100323 0.3724889288621587857264
0.3323065743408452621388 0.3461926744854222359749 0.3854479315326947985731 0.3545727551723891757263 0.3593077917183644109933
0.3698084729877326171099 0.3912598137326082636811 0.3794914815395465379488 0.3738250567404278745798 0.3859261882870360649278
0.3734744267520763161272 0.3216979019445841414537 0.3811484185412221115108 0.3750771253026005669362 0.3517270873733275293738
0.4147573992314205204579 0.3365722892364247376129 0.3776658608253395943422 0.3356825745945860028918 0.3551955976974533468749
0.3638320625041582823123 0.366420518765490310642 0.3703881302724432722506 0.3523183526622034600351 0.3682009800821509637458
0.3968134317521869181 0.3644087813090906013969 0.3874423415794858716055 0.3575344809567028159236 0.390908613243821201344
0.3397150204450766763919 0.3551306879749334677321 0.3015541829240146465274 -0.005354971609752626031387 -0.1766514579912553117857
0.2891293921663355415141 0.3265285033726007535293 0.2553570130078217648162 0.3085022957084239680903 0.1750394623609013433629
0.2849719431232076161109 -0.01748831304016655596723 -0.1206098207250926868106 0.2906420336185507324878 0.1407326180391879344445
0.2312536636149436219956 0.1443886287199220574973 0.3109397187759953551378 0.2585361765937903566481 0.2954263809368274373846
0.2621343059490973681491 0.3409112421565980155513 0.2108691597716485510716 0.2905619804460780053468 0.3134164122933476570587
0.1563325917117391328226 0.317829145011840341617 0.1838035811700107768907 0.234404782446925530337 0.3100356387614167097411
0.3526416748586849725378 0.2231580034119791944303 0.2361871036978670512774 0.3342927124916558190293 0.2217232323019491246896
0.2287214904269466164699 0.2610663143830770915876 0.1594958303512775954491 0.3155875248851320868937 0.2389990671874237526673
0.2273783078552685799067 0.3229606740796865382848 0.3401653272235340419449 0.2667758414116052634313 0.2430880725664029962108
0.3169227609384114852098 0.2227160177123801987342 0.1386951753331381598233 0.2896127181362977420775 0.2358907012291698579443
0.177413395927908834615 0.2763196223762239278621 0.1468505173373726435671 0.3359620313589778417551 0.3507863374295147051996
0.3685930328753073137449 0.3278537187312393630378 0.2969141066848680621248 0.2758123545771643536639 0.3560018638996779172246
0.2982384688531242167286 0.3119396339903116599501 0.3093268519679548411716 0.2455873484472849699323 0.2293393016624037661355
0.2554395462089643631387 0.2744455077182535451819 0.3463177293238056675406 0.2881255649770915749919 0.2908544678852416076609
0.2236934894771392678958 0.3280159267309895598785 0.1569705711927420754837 0.1430921510623206494017 0.2875469774419905921725
0.1685491554193963570363 0.389817811694943894274 0.2614564871893583219986 0.2607604079533458185658 0.3442803937693373339535
0.2679314761213731355127 0.3653407223013266369449 0.3226187212736504883459 0.3414688366984294787265 0.3451130875828198329991
0.3286107124693631864609 0.2808610707081634072502 0.2368337761374272876225 0.321116889186524812061 0.2978710433752525532647
0.3432613596324349258815 0.2355628444821568356904 0.4147447184253436613943 0.2942401268495313249041 0.3043133638460449041929
0.2862700581857438031363 0.3681908565141366329598 0.28866733963358459647 0.3410230474903307440471 0.3439249377671420582203
0.2600156908545547262968 0.3411653727383404666185 0.3185580618068383773611 0.2474151181813175615076 0.3177461309097429631443
0.3235516200025648214655 0.3469488495440899988864 0.3149761655210617239398 0.2573023676709149665243 0.3966242385351024801743
0.3431184587136847374822 0.3755405183043873940107 0.303328167082275723665 0.3832331153198193507414 0.2742972517515313013448
0.3336299367166862261946 0.3138592137256615011154 0.2697353643395562494689 0.1959223099229316367165 0.3228500957908680968345
0.3805936430222564004211 0.2531303126045684748213 0.320119378366650220169 0.3230100994075164044794 0.3722335729598081344172
0.3428696766957164965284 0.3498856001625091360907 0.3966366661223877376763 0.3732370294657494924628 0.3828450851812596478219
0.3637563918042792665553 0.356602978879944465529 0.3429744566890748913579 0.3609417694725645664455 0.3606761228981570366336
0.3909388482059377167843 0.3626326275331174242567 0.3543511004589005031207 0.3747843592775278453999 0.3474864269187069032441
0.3494973105475198682512 0.3154713950669744138011 0.3589431491545000407761 0.3116035193873358255523 0.3806127414913611506364
0.3026163843883136195245 0.3407782426297003564031 0.3302360860160841737887 0.3947207515251204834605 0.3311961243510143648727
0.3254877929834106842222 0.3561572487571834644271 0.3172060590708561389484 0.2831270470109227277433 0.3751135251659045710682
0.3126205810811704677299 0.317359507443908228641 0.3270994977814387638659 0.3879436861416210580167 0.3157728031765513199147
0.2573599715865541592841 0.3720101989751412596696 0.3773391877616453227162 0.3278916227197836152918 0.3438216049004130803191
0.3066923568009303768811 0.3723237886125640994095 0.4077670028237811994387 0.3935332448433970231605 0.3260958889621786149782
0.3041290292597890743131 0.3841918563618344495403 0.3863601327426383624797 0.3976258641447265596014 0.3877073941830708192491
0.3284403577380560768084 0.348986876585772043402 0.3684564313838296634174 0.2948459006062041365404 0.3621358568591415694193
0.3860391066984100172377 0.3946827797536220372443 0.3631728923180951862371 0.4178928816833470949454 0.3387899554444270822096
0.2714165104624723934279 0.4018282765193356698141 0.4228654325648042444641 0.3426969714130044253331 0.3332623155286874028214
0.3916064384382855201316 0.3294074030764934102322 0.3189757144574776881463 0.4084913494875904715897 0.3231167408392203732603
0.3670352752991253297843 0.3526356590832103177213 0.2673173430731760613632 0.2985673149825393557499 0.4046288506301101151053
0.3166491192953224120821 0.318327021492605277686 0.3887255861674744905621 0.3986971292761924412495 0.3733709174511960493525
0.3326777212403371764005 0.3553241700530563873528 0.2893312609418269842898 0.3584531255742516298035 0.3301000822187628025439
0.3481065884492936524097 0.3788043664772459684364 0.3575420151334045559821 0.3571177120009093597375 0.3932318119759599106544
0.3384119497793476316616 0.3439538012902872976539 0.3570127816655654373612 0.3857247900316684852129 0.3494869528775223499473
0.3574720191792783996476 0.3589679598220796852281 0.3931948196735666756219 0.3824872660190161699489 0.319774425141947871154
0.3691762257647535072635 0.3777719166630557068309 0.2980525638235337893001 0.3383402164464177075409 0.3701285878762641257111
0.4015415722216236771303 0.2979262075638957063539 0.3583389412690262676442 0.3043735049496653077838 0.3434821032785817518374
0.3811504361392271111875 0.3579562623103241247868 0.3769735765678814409796 0.3278158418731207390806 0.3874650270680672359269
0.3707247916127357489913 0.3271306450039661029017 0.3744403898122042884111 0.3581617315557300007534 0.3052876925341983516127
0.3100262611546306112942 0.3702719163791307055433 0.3866414578773381127696 0.363346306817069308881 0.4210355179047914342405
0.3713459174372282234344 0.3401648729441029694875 0.3149072517544219684815 0.3937748919856451923494 0.3601386359692220207052
0.3251660440468185919727 0.3225238035116526069679 0.365680576778019683637 0.3549569952510551740232 0.3750839565787099094685
0.3525175505037992929047 0.3805758107508238063943 0.2927139027368094170711 0.3443347376892779143631 0.3812721788812860057583
0.2833290770332014263388 0.3595820996996269558466 0.3254518547703027508966 0.3999679694158427833983 0.3867935049426057814159
0.3820535860441008346733 0.3406583908112186254158 0.320632608488835679772 0.3814085878420776509756 0.3517149021235725370182
0.3869800199396382645034 0.3563813104527494002305 0.3985390930009841126136 0.3335563423973118002408 0.3367699944006245504902
0.3724822537872670702441 0.4059889774459763955861 0.3209929372168032202239 0.3729064738187372607392 0.3576046286183397482361
0.3817183830244644804353 0.3746604102310312489621 0.3503555795813673157113 0.3495416244536269090304 0.3744018070626743965867
0.3535090432189047504608 0.413505848327852532087 0.3445542900467832292399 0.3214840803008168212962 0.3366786183159714007651
0.3738194890764595101906 0.3299314896592682733178 0.3153079264726928454543 0.3562154462908538321564 0.3359484518525870933026
0.3656161589234275810512 0.368248086081427172811 0.4051149767371540755256 0.3578959549583275445706 0.3742976825556471043299
0.3248138259545722550392 0.3374965758728665221611 0.4449805921159792898578 0.3937234359877471723266 0.3576207499024692815226
0.3710621701012091211425 0.3410711680994244487941 0.3512038930272138870237 0.3958087055141927823598 0.3628564586799145619267
0.3614928553499875407695 0.3556734042254460770316 0.3529037601298403714623 0.3930081747558787919061 0.3696504006695985888875
0.3520649552885725119822 0.3705753492380034486153 0.2796505984347295581394 0.38363256797079309246 0.3823965397642942187773
0.3427578192983486982115 0.3414354313300783094753 0.3659133326744526404362 0.3467285392278669498012 0.3504068439554833269689
0.3919862025774637492859 0.3937284526626441127917 0.3680551430729223638671 0.3979516380850341428221 0.3930705792443325852226
0.3323046248674319524952 0.3565755493310882595637 0.3596376963652945235594 0.4126557336144236476372 0.3608576598179333294603
0.3651471318153545753127 0.3381040073594336337059 0.3403715690564435569776 0.2805900593884756433205 0.3722335711395436397275
0.3793641128946654283993 0.3509170500109212720297 0.3568721613622565791424 0.3379448361012136747838 0.3335957652715321741788
0.3902154803692031159734 0.3565083848168550395563 0.3541670673860943252542 0.3528826857862983334968 0.3717992402524355477489
0.3902183514434786615332 0.3495801053478683195763 0.3782319763766969211716 0.3939971004616951155697 0.346941310822327708685
0.3589974943942087493021 0.3685363228293758175447 0.3199338977740731060351 0.3811177483962705503373 0.2887101020973639742273
0.3840331892906818644917 0.3541347283985845639798 0.3797829422696983869834 0.4284625117663278248692 0.4238701910983397325161
0.4257425897696344718746 0.3632769633550232968311 0.3503324309003513770122 0.3732840790210652515135 0.324686297502742138299
0.3626934162623723922891 0.3260329893069153217589 0.3644405060155072595407 0.349320805735918671342 0.3379170195602912984967
0.3696503877886894717797 0.3838297385440313513882 0.3222254901645399405297 0.3170357306626199189736 0.3681418583349551632011
0.2992333870560484609946 0.3706413616386537990266 0.4079222127583317925037 0.3861207038753447506885 0.2932735722270931599809
0.3923701712668809515883 0.3234446524885811191652 0.3921794967797346820326 0.392781198090915717458 0.3612128603857300279678
0.3979093510735784433585 0.3447451712999539119586 0.3616410447753320434039 0.3641867006093140179956 0.369824242295124228086
0.3409225558289503132947 0.3912552910499390024235 0.3656325866923439416034 0.4295214839822993346807 0.3710188748904528766026
0.3606435431074984654387 0.3697317740000748975682 0.3454743367673536180718 0.3843551431014530783692 0.3876756513501484757711
0.3421212573387736877173 0.3741213722287543008704 0.3776815941084529226757 0.4077979654374194184996 0.3629327036789540827932
0.3743232585426038427912 0.3471777032521948247457 0.3153458656968871065551 0.3508034094574210559614 0.3789900929743901247804
0.3660638313004038191245 0.3486231174638646512776 0.3734168094655067049459 0.379917780819782058277 0.3125074271025760075382
0.3713254417054420719602 0.3512595575122020030712 0.3483619577927314359123 0.3567187208323390756881 0.3856164446791577327112
0.3411839093330584216091 0.391983604308940136729 0.37748371102203615024 0.3627303669263592378336 0.4120988849523516406315
0.3732694572571056412791 0.3502627990001142554988 0.3813689726292546211539 0.3772033011983847994308 0.4099216147970831114478
0.4097790406828755727098 0.3862404404685846892598 0.3616381733888426319723 0.3689360542476994853089 0.3616478042773418888345
0.3256270632476281345902 0.3292933605460926504982 0.3825581626966235715415 0.3859203985871774711391 0.3424948893270641225861
0.3232487512424332964933 0.3629426123890038269337 0.3714525443310067176483 0.3636377557026087004033 0.3745985291204271261378
0.3374342941423912889398 0.3550344506597186144958 0.3890469857853684487736 0.3964252367373697905073 0.3613491670688450674298
0.3790416232754986181064 0.2860751899151915411679 0.3393938425838224914877 0.3377499893462443947278 0.3403377344446050223326
0.3470313308718650513462 0.354234731005327929676 0.3940777187045339524651 0.3921853341414328619763 0.377450412425268444494
0.3780092898355454367199 0.3821706411634198663485 0.3420542537061573851176 0.3679688429707759778076 0.36164154730867698051
0.2998085086941950638817 0.3571428393615388996452 0.391045490577841381441 0.3851924827912000526275 0.3515756690382814131368
0.3616448116325181039166 0.3474123919151797523774 0.4040077388986985651442 0.3331340807931632008732 0.3940122895883877429668
0.3096522704556480820592 0.3880880024560915964038 0.388649436003668691253 0.3925034823599008459993 0.412869552147227480976
0.3525558205230979735845 0.3803226981555579144789 0.34842865674156647815 0.3536636059354427708001 0.3961445220024779056978
0.3462042086462742140895 0.3987992264139086362462 0.3680045041704405606175 0.3871905309485406676551 0.3759964823030962355332
0.3629511582803312541579 0.3651440931845040260839 0.3386125769938968521622 0.2955407997062122760212 0.3638922119727768800246
0.3921270420997359784643 0.3759889777812038258453 0.4072554246080582474043 0.3798349699174503046883 0.3498811535493225877147
0.3981749427673320629317 0.3499615443008281534532 0.3835045596156260172549 0.3767563744156260385765 0.3903918904465641936952
0.3895327971840957248517 0.3520050017473907999488 0.3714500424673450873492 0.3997581183685720018772 0.3663745381363965325505
0.3519435260910986906779 0.3936571709518206785283 0.3748952928759142766424 0.3289165000620073442406 0.3580887363365162223694
0.3895613651366899299333 0.3816872406306557330424 0.373277068107035481237 0.341246668293328836441 0.3774683183453240165051
0.3483078444155071062838 0.3389156561904131392815 0.4081115889739628799227 0.398917767964521163826 0.342875884021327459461
0.341613875873383709969 0.3943361849927890516732 0.3434906870917914245567 0.3875504932883981901171 0.3780822494892013829748
0.3426149433450802472834 0.3519826840099894993408 0.3790279781861647934171 0.3560131113929831392362 0.353495145835147406288
0.3508738568235390542505 0.3943159164651875436824 0.3837166825172395046017 0.348662800542285877814 0.373216961445898387506
0.3614220430997375221871 0.3592169059623416260685 0.3708270677052969421794 0.3206221760581000612689 0.3682444218850579042979
0.3200798358254556830182 0.3658159394684156184852 0.3285208687329400634169 0.3629433117992049151468 0.3767557055129021614803
0.3485379395089079901382 0.3486960928415751559406 0.3309823295396027154069 0.3558997122635679799529 0.3794761803795486665436
0.3636452469919022045808 0.3975194107550522049088 0.34841106998736526279 0.377722708939316753618 0.3823087891329057796952
0.338335969038931649866 0.391916452399267478679 0.3567044922866549616636 0.380226633876813213675 0.3792454067248776650167
0.3914037990504772301925 0.3740104090941114844959 0.380392424243643445525 0.3610188638984658804354 0.3965525875567983415948
0.4009297564860613283244 0.3361862574372698753145 0.3555007618728876495062 0.3716687308425314917315 0.3771770811260196087922
0.3591416804997341061245 0.3715880794509987539165 0.3912456813187725757075 0.3611665723523673210416 0.3896512387703675028838
0.3706756436325733261583 0.3446313392707552325511 0.3808877506005367008513 0.389793112263014662755 0.3912128025739822767548
0.3917677593218141240961 0.3717424694542501018013 0.3840467609690298433911 0.3475781824796507213371 0.3650536906828432126559
0.3693365152758945058054 0.377128510153842910757 0.3356681216195099293209 0.3772356313955314566222 0.364393334525810241864
0.3711238322467568795382 0.3182881172844856942916 0.3374429636612808480756 0.3717714763437134362078 0.3446374435958331483576
0.384193039070019393133 0.3775039987978713873495 0.3641017416522139837909 0.3676774564581548609965 0.3588315250473888551319
0.3573210954664745586662 0.3682065688236469958028 0.3614469071948466782906 0.3287946838427143747552 0.3962510931030637784112
0.4030451566496569548725 0.3441015051413853775841 0.3710800579137778498762 0.3825483268575300410674 0.3579779796725519602774
0.3846473110563939368234 0.3442115817854606296677 0.3641242710652932146331 0.3714823514354303468643 0.3502952224032720995872
0.4042372755331622435904 0.3773733161102000854825 0.3851540109459059002539 0.3795026510556507304273 0.352050918532655243709
0.3546302628368536158376 0.4064084238118511605009 0.3744546681608582061607 0.3606852029906642553847 0.3234274207204743678545
0.3620573041952836468305 0.3616797342538606852003 0.3458106368087099369291 0.3769629643773836358278 0.3698264661135284847582
0.3410440616866015628439 0.3761644425775281241897 0.3628634431952357797257 0.3817385891775352813049 0.3701662669296991725609
0.3596380547349584677619 0.3539849670583712359928 0.4133395610294207100921 0.3715223622618527010708 0.3650841298870190487769
0.3784514901385895857544 0.3898767289232034638502 0.3852443372065117999092 0.366774770780224079747 0.3891086469035771600034
0.3283772743321689557838 0.3798515703909971508168 0.3362881774077489671626 0.4001143214100488787466 0.3787710563487684534145
0.3350154911977698546366 -0.04593170224875794266373 0.09149737998716245268582 0.3117371132345788664608 0.05962559838847104193293
0.2881761526442521148539 0.0120571313019437412889 0.2466233456376710764246 -0.00504500513557232417583 0.1888399146273956885622
0.2586170336625638332961 0.09374895806719024671239 -0.09743626493514292996601 0.2238509877332942876738 0.2640128352674469547345
0.259022264614918118486 0.3154643261908853246744 0.2628022200936450669673 0.3413668946775985091335 0.3012130121588020292833
0.1779746392949340949574 0.3108526903883668257578 0.3004976302158798295849 0.2724811358437809749589 0.307283179325194000242
0.2908246514411658711907 0.1848076380531027407272 0.1769104317424409211768 0.3237287455002423319783 0.2137958283828388372783
0.2585216645723553696712 0.2747968398259461597632 0.1995210938563332647711 0.349897082498171196896 0.2343635922841117713578
0.3692320264546281594065 0.3183646242279117855034 0.06300994110293869909789 0.2053273063069732951025 0.207527332346028686727
0.2626956359236440330385 0.2605517407848718658414 0.2764566794547545502958 0.3081999848803286812249 0.2392671293026791823344
0.1633174575691187790927 0.2636863358973843829425 0.2417353322583526975542 0.3025417127552075813313 0.3190470794533056264619
0.276443871491135417795 0.3028569958423165120465 0.2868886395671640943128 0.2399204923503027997445 0.3566085652271509531808
0.3069439980061287043256 0.3194653187270400929165 0.2445531460862507555643 0.2614108029511420516755 0.2251583297701753583198
0.2646759329942889316101 0.3340942073436701242883 0.2682861909924516008452 0.3232847207201887673733 0.2437046435317319903469
0.317905806384434497236 0.3359958767728742912162 0.2871874029149683593687 0.2980894543180401257132 0.3270835401536356101815
0.223137334447607221799 0.2797791662312898441911 0.2435989112827606495326 0.3570741357248600200691 0.3456739401657284438407
0.3226609098809252174078 0.348305796188455585316 0.3675280055104235832353 0.3183958919206480442377 0.331550433847989656222
0.2419213207578962687716 0.3659305880041189840135 0.3178364317923842441438 0.3639821542106496110591 0.3017561288693274001993
0.3321527879653373704905 0.384320235304742630067 0.2453665052875136642907 0.4031874274937670699082 0.3256472653369409941959
0.2595474169267539821249 0.3242392907891962772204 0.283797114759315016741 0.3866167594589566269825 0.3670791468490334774621
0.3222839507789083124401 0.3692534105024850576982 0.3442461811012460515258 0.3696531341271696580186 0.377132070656220230731
0.2804764547303366106767 0.2656692157617417948678 0.2140107317394377706155 0.2437775361426683939925 0.3451172608969943489399
0.3334554258496932321876 0.2951924555772376113083 0.2955290753438569728573 0.3443541493224934191275 0.2984944115274850151565
0.2800063924578647389652 0.3781832153735042445497 0.2987405425998198582604 0.2823155255460351176211 0.3476127470333238989042
0.3772507029633919706235 0.3463065632043412223062 0.3020606242021262599629 0.3431132714056516763712 0.3815938600602582497778
0.3334525921679656335073 0.296113952603682728526 0.3618326796850768189984 0.3362033673956518198267 0.2094976306555022538269
0.3411393043013132841956 0.283036858175953143224 0.193134660314877137921 0.3445691870598626693756 0.3417883964722461254127
0.308640819551832479295 0.3493340430966431209292 0.3452352712318457195195 0.3843673969113885480198 0.3420099738813470735543
0.3206577685770922170327 0.3471926034616021894408 0.3619865838115737255443 0.3747363449663856371785 0.3328528098053255002142
0.3366941182090321671438 0.3285252670777715766626 0.3679884964472445729733 0.2955331704691597227708 0.4445649498285410561316
0.33450868815978962445 0.3114514616174679506599 0.2973101733564941784316 0.3555195889037855438986 0.3481477090169336485737
0.326892097557513583439 0.4022366199536509534518 0.3447314844075657913613 0.3116076287338594985599 0.368938596538127216995
0.3755188999345188682888 0.2625981604981387773634 0.3430323218437749122067 0.3552134062571121742025 0.3793872747515263377238
0.365910413800292932951 0.3917846925589418827229 0.3356908554041923564704 0.3690547254094441731453 0.3505227738653156621673
0.3730529284147126034554 0.3825509064684161630865 0.3683536931530110303257 0.3609768330845108952332 0.3270583174999150410933
0.3395619506519528263411 0.3814039415265492727336 0.3790812765775545267743 0.3540311263967804156216 0.2939800553598239107878
0.2699710810440354435968 0.3785686315737020746219 0.2979555442012650767758 0.293929125533090085387 0.343359154543284861294
0.2922212604425363791094 0.3512901179059529921389 0.3586170432723735923553 0.334621773958843071739 0.2935090941790879925932
0.2740795913956605156514 0.3328860045051776350711 0.3605016688563648097343 0.3573407756157615522419 0.2837559711333506595743
0.3633343461580578748205 0.3700259889911261534934 0.387441538973950727609 0.3551714500597217272215 0.3779234767572999809104
0.3537554800847044211842 0.3751375105271845811217 0.3822966911974036707811 0.3974841095228509035842 0.2728212558443385282736
0.321982070695567224039 0.2815477606344192196275 0.3428571085363963932835 0.2223890795365093264735 0.328760241952857024117
0.3863228148811811424324 0.364649389581914451508 0.3510428016122681404987 0.348191193488963435243 0.4065160428285469751408
0.3451511872102774325377 0.3757695944622955197545 0.3532840307928687972883 0.375926516224236728636 0.3859141961373603324503
0.3578081801850671039844 0.3601527503616733238978 0.3188187252116271852564 0.3496381092967077997002 0.3130880713271395610064
0.3340637028750937376209 0.3781027115019028328469 0.3617965461994345210961 0.2841895750413954147007 0.3486821242700716694252
0.3758996464277211124738 0.3068674458888490663711 0.2905892964117653409772 0.390839425511941840341 0.3222364974571585993779
0.348718949694884872148 0.3130301181582933467418 0.3266245764606504065064 0.3602609412615153661186 0.315667174482802515012
0.328822847435407128458 0.3321614918327346899218 0.3964728329008538887379 0.3443187166461380011029 0.3264080818995128696614
0.367455010044926921875 0.2880041849746389770459 0.3378114776068042446333 0.3587512576934418495611 0.3798319634285822199438
0.3903848351688387618985 0.3868144247491208109757 0.3302449333087880134485 0.344404133139080748105 0.3780623420297987702376
0.3446780102977005100229 0.3281688946904126602533 0.4202504661698864829589 0.3711674295956846614253 0.3452997736440415743608
0.3668335728354605307366 0.3741140865024755179924 0.3967314042987250544137 0.354907897811879313732 0.3700562377490413390468
0.3369241680800811322705 0.3572971926218250215967 0.3675636742379236321376 0.3486546820344060271246 0.4373341741258777726209
0.3593065284088886590652 0.3637886583243352678352 0.3911529262554419572595 0.3651301954368455504607 0.3505121689098443238386
0.3701527224257446513356 0.3433863010866590737002 0.3503811448218491775286 0.3951805272637921029322 0.3720825639169270671047
0.3411859107089893483611 0.379700630911714798188 0.2947612569760110212691 0.3810351916353479917454 0.3511483499103698058263
0.3337767508855120079936 0.3906255573183382012736 0.3550807984090291746782 0.3523654207320143783022 0.2896309054651510228595
0.289174886933410313361 0.3293861668903227402083 0.3708717872636094758931 0.3887590785810306481807 0.3737770086585216477992
0.3271909409649925715158 0.3360518517386910652966 0.4030763364015196859036 0.2879774906918857180216 0.3726042219874358685239
0.2858236841727326837947 0.2949971524392454580443 0.3996448078496347977584 0.3981078385446648604251 0.3590077253084985042797
0.3343948610313155489493 0.3707116745471081831198 0.349764418790331876874 0.3793918307954549096195 0.3351935883601298016288
0.3044901535479541121454 0.3895941963736431201681 0.36329884787107113997 0.3675155432433341862186 0.3872934527064312848488
0.3409907243393782705354 0.3987144219016797164201 0.3744918464566180382747 0.364131520067983605049 0.3913588766175852828866
0.385726819552417221626 0.3623796863397339973467 0.3507314916666665616241 0.3513855808544036896102 0.3455508185232039619628
0.3407648406591846090841 0.308147474590909908887 0.368799976625256653584 0.355969815001216771666 0.3348074788720348804461
0.3784181010987843762905 0.3745966377952995585154 0.3907983959270249774143 0.3992350657541499092673 0.309059895615381219347
0.3294364643773373124702 0.3608454592507599478779 0.3903189307689687304048 0.3801540393597775957524 0.3484153537976420467182
0.3347946448731051183323 0.3738843739811431587938 0.4015264652331270167629 0.3526952949329685282898 0.4099206741887452265516
0.316714105700185155623 0.3767384585517546402578 0.3844896035237720943734 0.3762945391512049764238 0.3413043621957110862475
0.3584994298000547252592 0.3575319301174382236042 0.3993347429437316686851 0.3766032250764033695312 0.3869958965164243536172
0.3791014442964000807912 0.3332230629698520463222 0.3510368874931384386429 0.3331991653494604799235 0.3762375948021469684868
0.3682085788169122131386 0.3587649379135421368048 0.3458287627208190273542 0.3893156734025049470205 0.3157756781714482485768
0.3621031411975368374812 0.4224805215806290425995 0.3671471204982521552296 0.3620609286708869611893 0.356507583812509520893
0.3546221130528671716675 0.3876523437025228835395 0.3537125713614948652186 0.3575791660275229322252 0.3879320142605960919369
0.3841619799459031203703 0.397771327495065052382 0.3801419525917177910657 0.3779101709792833663215 0.4263801767513577534174
0.3738316934389345758127 0.3750904415876352149262 0.3499507566770271860257 0.4035348675509173310694 0.3344979596141599564874
0.362795487965791418894 0.3743580997410606570064 0.3489209878307688583732 0.3773072907836665934589 0.3303030243989193426302
0.3761325997691911671161 0.3494231394429649362188 0.3538557043964521975354 0.3820128249932300268377 0.3794082656295428290782
0.4125515783259519619897 0.3661392594820720436388 0.3652937433726591298644 0.4042018931583586938139 0.3901474873361865935983
0.3595145988359100819309 0.3663163774742360101477 0.4029563528463169230776 0.3717608657143306460924 0.3432451976098359058831
0.3529022828982016912747 0.3909476191096299402261 0.3607765909465171505488 0.3699416452903712682065 0.3283437020457974364618
0.3831617259829037669405 0.3435929390304769959208 0.3707711620258882789791 0.3362147771855648059613 0.380540990842222814905
0.3768213578500300142693 0.375318155550773024931 0.4011450781007375732123 0.3664920180236992952594 0.3550160230516732906558
0.3491273199958200845749 0.3671098822757127289051 0.3960771406299241070847 0.353002810927166454924 0.3775559574067034462885
0.3463207282831602396023 0.3533392618689581432534 0.3743346991100394149932 0.3840587956389038271077 0.3965467411191830326977
0.3317794850156379760087 0.3423455686169771805538 0.381876977288292285273 0.3767344528478653864489 0.3832650157041148641923
0.3281626198210949585388 0.4019025569718667756369 0.3446692598756643244329 0.3802518881694542107752 0.3523335564278655684944
0.3981403139092701271018 0.4109062176242676556193 0.3782854019357272390423 0.3781786450726876136486 0.3729253164573949619331
0.3487211573419172205845 0.329969932649912756073 0.3864436041816217137779 0.3702714670386119122369 0.3843147565960052247647
0.3715156780531432834103 0.3361281344399706383363 0.3670718246663053907497 0.3812094426418159431869 0.3900577773957862315335
0.3469723865063031320588 0.3262972450541039015626 0.3499713739639089271627 0.3729564946085588417191 0.3408018815455033379003
0.374996448564546669413 0.3211569668662923038305 0.364398505046732101853 0.3943246903763172328539 0.3690180957181127263667
0.3371915735813927894604 0.3589316537715950827803 0.4182860390982371390223 0.3210599889264517670107 0.3655457893840642347172
0.3322830516962909652712 0.403324524422657149092 0.3852262583681950181003 0.3937369757627258715083 0.3784326972370622432784
0.3429054825831087116583 0.3981453762446807709274 0.3794188543138890534756 0.3997544515556238353682 0.3341189795936425066536
0.3498233993097346061774 0.3762864277211497299191 0.3433140139422955483539 0.3762101845485321116591 0.3889743989544413027559
0.3756258079395104476639 0.3522925808781872114572 0.3932557991275166808798 0.3593006903026235154819 0.3433606295673122810186
0.3869709419502226355192 0.3485747287318414211477 0.3760570801184563993758 0.3979983337888400862781 0.3790554506171868176523
0.3809947012198219851165 0.3814647799498299685084 0.3768871978807863398764 0.3884470298833186951981 0.3941535824966334589092
0.3326133600938911971667 0.3610057016625000114729 0.3511612062703892700455 0.3400832380707466406911 0.3718073013454669673017
0.3358559273111426102254 0.3583892545486448422132 0.3746475259973841009931 0.3337512258034298073817 0.3925569412260201396236
0.4112357220205994923212 0.367267495467360094441 0.3650382289794383283699 0.3885609444417214564105 0.3620152012823748544079
0.3540120162545866144832 0.3582202947994276298616 0.374696875536533136053 0.4088267814059434734908 0.3573346459260821617043
0.3670774052969303924421 0.3734051059902030456072 0.3775028990918549709477 0.3774049966317899462709 0.3315152713918802507287
0.4007755134802260532645 0.3816405598126153542182 0.3880268888613754851846 0.3668308842117771750857 0.3431668310365153518049
0.3828979888044941048975 0.3826903409246993903459 0.3604277416990133153796 0.3930414994625998081901 0.3596201457581387761486
0.3614697607808656232287 0.357616816003714033112 0.3355331396542827748775 0.3475507009892720988731 0.3776893943872662862127
0.4079420842495093957325 0.4124713933273978505589 0.3805509811584688595332 0.3898720019299893868592 0.3739885455580728157443
0.3675729003784524717702 0.3821973051592221781725 0.3819063628521500719515 0.3625365805584439549136 0.353104897268344375405
0.3772243945336310466665 0.3883655862899161870239 0.3666008147825476348736 0.3694555760728212012722 0.3595875335286151663894
0.3553499903790923730718 0.3944296502499053391766 0.3821672897511798616677 0.3524943058452419952786 0.3647555698190153572469
0.3806769090716867753876 0.3599080931432733221342 0.3830081662117258423095 0.3504345109182092632416 0.405533850022793962431
0.3716627572385236555341 0.3953174055396823649566 0.3967761030211308104221 0.3678623600513199476403 0.3703651476013620214012
0.3928914786629799094086 0.3662770945696277036241 0.3292980567918379342096 0.3726574554986186171845 0.3589162600373982381363
0.3592672240483924528398 0.3511092010032738075509 0.3013839157777449262454 0.3504317770541106602522 0.3672609668096855073394
0.3558011866567593051158 0.4023689860759564473902 0.3230232779999772096957 0.3883824940158578931104 0.3468088983886523091194
0.3021594282801244868431 0.3708595546986603874728 0.3454229123368299791963 0.3645137145460910499395 0.340053050512193699717
0.366362035272430108801 0.3975716377687645297634 0.3283671295766626418988 0.3565938000438206856302 0.4229167304493724466319
0.3392146970753445733848 0.3444290862055359725424 0.36227990564140299945 0.3952665783540336708057 0.3399930351527278293844
0.3474074993551864998231 0.3719287745352540808241 0.3743979153018066607927 0.3712984800016232989073 0.3871969570144540018219
0.3734817295383353608074 0.3622207974447320677491 0.3979283626535856654982 0.4083588071355349624625 0.3794976492461202832729
0.3487206026856539131664 0.3603522663746110965555 0.3611284822161407448426 0.3534946736335674577489 0.35303430085935461058
0.3271406960745941172597 0.3314893713517712559025 0.3459693008548102022282 0.3682293952460845565255 0.3815724504338411371407
0.3761059397644159751906 0.3571989095565123450982 0.3918554911190218481565 0.3613751278956373047535 0.4024894761043678603762
0.3590154576868737623663 0.3797466505208990650289 0.35594715453854580689 0.3566369508117103181988 0.3690384981135904074456
0.390888170521886790798 0.3384127783751296747461 0.3409685213012458859794 0.345611774039757679855 0.3246510535630505733806
0.3934901801432992840546 0.3686628050682618784606 0.3665727366690036403973 0.3536574560310580817024 0.3918672920389041358646
0.3830006269798178486496 0.4104687114629338440253 0.4131279161177036640673 0.4128854969096812932428 0.3939798423431774554437
0.3823720017520303438019 0.3917277796083404872718 0.3990621175791587704751 0.3905858041298792548979 0.3847360735785124719044
0.3560501347677799133251 0.3894912712437959556588 0.3539607220954313904215 0.3856279154364803396504 0.3859217102979013991337
0.3474540627122951197414 0.4103600809628699663811 0.3924427270151424340661 0.3583433443437316623381 0.3548550726033344315802
0.3698083946998453330757 0.3785349703514928054737 0.3803741890660439772809 0.3544163132594700948985 0.3552859355757760351224
0.3698532954437803721426 0.3786829471636480870522 0.3525358043131220364685 0.3520250816603915366976 0.3638044884763389497095
