0.5444724137204791647449 0.4725671064765846751676 0.6175390420768711585708 0.3533617070833162676635 0.5248180037544245557513
0.6152220577273395107909 0.624381069281547351757 0.6499577032558170319732 0.5714042129398788638639 0.6176700534636002659639
0.6161760823501832851079 0.6084428850051988302283 0.6383114911800465973712 0.63255375133375946195 0.6081991026073354511539
0.6333514705842337999542 0.6320516698651108544738 0.6593809531991599026668 0.6247396505074793715551 0.6077851031980333607052
0.6477592840425563380791 0.6498529129042489582702 0.6410579043094671858327 0.6513627660790994866602 0.6624635579982792732423
0.6403487830105007994064 0.6568469399601929437083 0.6574491285232085813206 0.6467044320899499876276 0.6679721362619055469168
0.661450247442254224417 0.6597649461948151827784 0.6534849562672666589691 0.6532048969728431186965 0.6532887765185225736886
0.6708469075646443791072 0.6638590471825581706966 0.6471138030348237979439 0.6573863922840297302486 0.6683759021053466975459
0.6649531337032699163103 0.6479753093382720763316 0.6669820912259513123743 0.6628499806162841956336 0.6705769343659931935875
0.6515469830232324399688 0.6726701519169971943413 0.663389603744523603801 0.6595873315561354699454 0.6728440250756784202224
0.6557209690473395635735 0.6599182871655278059819 0.6547246238005320906339 0.6621118954532912992406 0.6638511726365348142309
0.6826846214302271231844 0.6576768613994962153768 0.6793286468905773700655 0.6731616363769915567516 0.6632947805866896695548
0.6724914945885104300416 0.6745531933632883392349 0.6766361097783254452409 0.6649478323125110890146 0.6811835204636152996116
0.6660555554887808149545 0.6735612279964834359092 0.661725711867317989423 0.6675530531573181658445 0.6832444140701950940908
0.661846240599560542428 0.655753131886474216472 0.6726964232293853873657 0.6827973201767750799362 0.6709628636027468173708
0.6784482481157967370677 0.678489317181069861995 0.6887803015380750126795 0.6659371217214284932595 0.6885744480145242762958
0.6728724559818629602503 0.6817677404756176118283 0.6830679054550174988947 0.6862669108760249825352 0.6823516233361037741645
0.687594175799148166206 0.693749475824827932513 0.6644530764064023875548 0.673861855122575126309 0.6907293615251525187304
0.6761133634437010986318 0.6852811431710281731 0.6811020987882110411249 0.6597868311325829626668 0.6709556468188365707661
0.6722642371835537700164 0.669860270345250530255 0.6766235251822882990069 0.6780336299813363165612 0.6728169839278165254015
0.6933098600404001832231 0.6739211465876057127744 0.6814905062679751379662 0.6854585457466429998519 0.6753923885617802991277
0.6868269202355180569342 0.682807321579835146963 0.6758102641549912359409 0.6723878390173082530978 0.6894973413750681290324
0.691967835508062845129 0.7003662256783169670626 0.6807145110654480024692 0.676286087668373836479 0.6872952662694903347429
0.6837492734968950713892 0.6799516159697844841503 0.6849189276266977044472 0.6782423373723823756265 0.6876313981581374523699
0.6719848698065434833282 0.6892162500617806664138 0.6697000915276369870099 0.6773396910502482715088 0.6901697420909318481108
0.6820926682273448227178 0.6810853043779077076181 0.6784447273418152679625 0.6853431307791669757634 0.6981713091362311551791
0.684225679513785656205 0.6722069414786587815414 0.6738280198233269624453 0.6821246104650138253334 0.6933009091423361081041
0.6985568577386185307176 0.6820552629699329072466 0.6772356515623689787731 0.6887485003133870797853 0.6925964763832901383012
0.6904015126683418213105 0.6955078155475039602962 0.672676321942751842542 0.6821725141803947067842 0.6937259818308882941551
0.6842629885500571829127 0.6809296472645549602731 0.6857279404958112056789 0.6914038541810090254813 0.6824631686961825094428
0.683783514991926799631 0.6947155785993656129662 0.6783500977595250391872 0.6733284860025084972435 0.685552057843669460091
0.6692523424049827696081 0.6968211943501921856736 0.6842110851112220837322 0.6972787922416132655457 0.696208944095484838499
0.6711811203256513591597 0.6865338544480745763821 0.6939756085989217115895 0.6904845236119030449373 0.6737909779325336190325
0.6921708187832426029118 0.6841361982054845469747 0.6803987881910865676005 0.6867870064147401087951 0.6870904576569990540591
0.6918356571212337380317 0.6839877423175105830566 0.6743821091462479655476 0.676091789462604064731 0.6813407564645420633198
0.6922412892953876406565 0.685059998975752093564 0.6850129037587465719028 0.6886917216688599463481 0.6882840515503669820419
0.6868233654561705092689 0.6926090340732466987816 0.6834800734805246413828 0.6888243482168149300904 0.6852511974882763423622
0.6889245683636489037127 0.6805873650070942693091 0.6888772170431960439885 0.6894328605189838921063 0.6834915021911797117227
0.6809381124443452115713 0.6869704765999945506039 0.684457101167062487157 0.6775787842052468645804 0.689055010172457182982
0.6750829638751786321293 0.6790488223501960352024 0.6828144630650930801963 0.687113336361015458742 0.6914575535473728162827
0.6987897555313332675908 0.6916682030254339696995 0.6866776425907999970022 0.6894752245740807250485 0.6843132341349127401031
0.697169448780361467044 0.6831279277182178422123 0.6872884046758069853666 0.6848357931809375687138 0.6829940302138217678163
0.6853237592280490009244 0.6892165266362095810138 0.6789284680966913843037 0.695039450284711257666 0.6860528491022903629926
0.6803825317625386004394 0.6923186536532361934349 0.6874019451043337225471 0.6901907476803734731163 0.6934348020688343439133
0.6898708774066488746968 0.680499729999427205307 0.6794751879637991320848 0.6914287645709367158275 0.6925310195538691981909
0.6821630117232020396045 0.6795765923105013817107 0.6952077914132291924787 0.6890197836697274924589 0.6827781069390745916081
0.6878699023879671914372 0.6846216003375147352017 0.6775051879546494237871 0.6956341663770986283311 0.6856255438743380503652
0.6838543223298393369802 0.682502719846666328074 0.6801800057463067705754 0.6834293445415915435603 0.6958009971422052242218
0.6848531448317262126935 0.6938583554574128120507 0.6713494984157010181391 0.703165400547195007519 0.6786153373342905803511
0.675008612234017535414 0.681463048482365163494 0.6940185118589513590948 0.6801731121332429408355 0.6863693459782967964955
0.6806073073755964930598 0.6847334771725900326445 0.6828860893718968760879 0.6770851473274597243091 0.6889807307364497201974
0.6834210617124610864792 0.6857866451747968161712 0.6770019288860442685518 0.6707187623494010875191 0.6844229389391379703156
0.6845966393435988228688 0.6843964905641671814251 0.6849018164505645822615 0.6850575516672245957039 0.6864562518502813626142
0.6852699533172151857841 0.6910381809647929696183 0.6834584578191530424007 0.6899373403267440307829 0.6827928282878601429218
0.6724104942157743680653 0.6903687217512719520585 0.691412406347837182885 0.6872752624259533815732 0.6879121402455465883463
0.6868716971260464543292 0.6899242851427196399072 0.6847962157223914658744 0.6993693905488589379615 0.6933377015219674976976
0.6924672992623839284931 0.6904173367449552012332 0.6941698022132281042929 0.6908754934037114603385 0.686477267433606930247
0.6776045688408104394895 0.6918447832597022228995 0.6881837561764351240967 0.6867595688365391026764 0.6866738773218035163382
0.6787102953557351270319 0.6798946780285507474062 0.6771149121246335944591 0.6856820014667015517063 0.6856571119566619021413
0.6883756346735944164905 0.6921783522871534088949 0.6841739565808332423913 0.6883874871976981557609 0.6789447044933238917253
0.6913820409669838573663 0.6926492833921479297388 0.6908182565518888873513 0.6832701658079000095469 0.6898569269330964148779
0.6760646740490288131298 0.671358661272898671335 0.6840967519895196913282 0.6808497237898579745874 0.6843557334638262767967
0.6807076752311711498322 0.6957764803059550695608 0.6857101571798756012299 0.6851806078364974794681 0.6921950556326582626454
0.6907169844698466398825 0.6954440168016736700807 0.6916276158459275791301 0.6834393983175524045492 0.6905262392753931388611
0.6924140918994008409015 0.6845271856635679608161 0.6948521872574211499796 0.6867483211723041103269 0.6822488882251980246707
0.6859112408359515633549 0.6793670876415940362847 0.6837631975632841863089 0.6835503079488421951382 0.6797046776935368184169
0.6813506021728614747701 0.6952648103955280101118 0.6835620196096764411564 0.6838117751149037637504 0.6817353688635915398564
0.6815348227323235752451 0.6758458052265063908948 0.6865341759403955634866 0.6871326793850349723414 0.6782379238222012718396
0.6842840614881638972022 0.6799952371704124365337 0.6898055369777127410202 0.6750345739974655812077 0.6897612008663243088336
0.685697937834771842347 0.6863347146811527021981 0.686539397765092984649 0.6753661326126892960886 0.6875698064626237782093
0.7030020709119724209302 0.682767675245458005584 0.6879232594301389891456 0.6846325379132026656137 0.6883285102612893835428
0.6883955602488112113235 0.6871899955350799782394 0.6766613862492262265746 0.6757880478112232580656 0.6857821114588104061127
0.6891405481238586094861 0.6841581307192526884009 0.6897670167188105772027 0.6841397926257980488529 0.6944106312763617117056
0.6714660160205256911325 0.6820678413022939201582 0.6914734039141560151265 0.6900234194692798084247 0.6752797247251887124975
0.6844646550562687448149 0.684585618490952563242 0.6844093697766076012101 0.6872959814122008292969 0.6832277260867736234928
0.6890853759455672911116 0.6818830082272633319462 0.6954294221139638576545 0.6874857486157303076979 0.6905786658831496449551
0.6950044101712764543777 0.6873775490108489094609 0.6912896322168368135053 0.6893032775552081492521 0.682744652687844344463
0.6894914351730049295597 0.6893053508029053366712 0.6882956784644785885874 0.6820825933774036231583 0.6805473123326910567243
0.6748998591510873001909 0.6858161390160451009734 0.6839721767713344835471 0.6838930610982737468007 0.6836072175215810453608
0.6784915046173519703743 0.6801690540995791733891 0.6803703144425369275794 0.6947875186268122060795 0.6810870460523344993575
0.681147558382130591248 0.688233581016714057732 0.6779091652395005107579 0.6884953832347964208793 0.686943110372975618283
0.6899134482295625758752 0.6964061437473190174785 0.6876466115849569904483 0.6770609922154593451893 0.693623859173269408096
0.6915236110868696606246 0.6835004468543798283875 0.6759427191601812268118 0.6846690447546545099655 0.6843816017457111655631
0.6801177116222592022865 0.6821607382775526362551 0.6779473503171826731517 0.6915169687871675074931 0.6873017116636684908926
0.6888797471883487677502 0.6798245599587706688993 0.6819848076039775053303 0.6777329639369568115015 0.6862228552258914371365
0.6844233083691211305677 0.689361842872690422368 0.6794573836793823540248 0.6860133622353514759595 0.687571197798200528517
0.6855318609566719567638 0.6758649186315585088991 0.6879590867240792384507 0.6847771485753262332707 0.6920526250490792730119
0.6917567037817013986256 0.6900776951307685536108 0.694062402053225002696 0.6827293369114192378433 0.6844576385339593560531
0.6940185414754932446968 0.6898582901297974911969 0.6839764445067779696785 0.687443767456473731059 0.6719352127401118091043
0.6893042646715463739326 0.6798144601425339939027 0.6743969336331507857807 0.6835680120667938508561 0.6896775777895176595678
0.6752431049181613076371 0.6893787421971715456692 0.6813883531549100869285 0.6804311246412143576734 0.6839784685301470990026
0.6919289726104643767357 0.6831880609459362041491 0.6927917862602973597674 0.6845662570142470038093 0.6937679222927829458811
0.6867052005396735436804 0.6813131632025352102389 0.6782086577211925426667 0.6793766632819112638586 0.6855630679268260863068
0.6890176173674108506262 0.6860306045732316171382 0.6908596822583537022666 0.6743703683832372730578 0.6966736958077375252429
0.6868482157098763085656 0.6900284241629949244512 0.6770845530380769083934 0.6849924746550998255756 0.6908181799875261486221
0.6782617613202872597356 0.6835012120769419219357 0.6876554168368536057443 0.6806562772947174488891 0.6746259077599437992134
0.6858749823275324120075 0.6936859637377471576869 0.6863545485829988246351 0.6812071917277877641794 0.6916567072965436047127
0.6874281675517223133554 0.6739660107386332699164 0.6838976686201282406685 0.6871141941801378605348 0.6778093960289113262263
0.693899808429848108382 0.6861827551676945580184 0.6675205005664442969859 0.689543776683225417834 0.692330094525628214619
0.6817287349236366145178 0.6821908583496345546138 0.6770655669049733260678 0.6766758573893845163383 0.685375642329831835653
0.6833555486825277913709 0.6952643274645722293315 0.6944477114913822912712 0.6791582119150886276415 0.6844965043623695288844
0.6738899447599910885742 0.6853409880586232016952 0.6884024963454354884007 0.6744290060072672954306 0.674681646791905564875
0.6879983629242990561536 0.6800274362889144885713 0.678537408651664786241 0.6919202140682342294653 0.6755397724602745235245
0.6927059516412638062732 0.6799283202996998509704 0.6828324764126706414302 0.6788494830439945060263 0.6809545718083407361831
0.6834234200395767899749 0.6861852943993137499135 0.6899147195755832573383 0.6853914586100245953659 0.6818707305248806749276
0.6916023178074047761399 0.6866169295932412763861 0.6833286290272424512438 0.6917399084359654448662 0.6822485568387012255798
0.682312330367034203249 0.6767491852716277511703 0.6847023933621836366825 0.6890399059757414956806 0.677312894832641565479
0.6766803204781631775333 0.6855139823202064386365 0.6803655359460045737308 0.6835236798168150551547 0.6696245883471104720641
0.6842709002746807378514 0.6872540714966032249222 0.6817857712892745336575 0.6733371812285794399955 0.6967479676638428376378
0.6794553977447325143757 0.6836793801442979656713 0.6795742934871051854628 0.6868550227712074685016 0.6715404090548853233145
0.6885361339338091912765 0.6830279045425143857884 0.6814972770193002959971 0.6997862750657626307316 0.6875781241622379580392
0.6905641354361679029594 0.6920450547267075203095 0.6817738557239291230516 0.6786923133504517702264 0.6846783970631353799519
0.6732611542846269614415 0.6811527375652043359011 0.6856900239153501663836 0.6628094225520618776315 0.6827440633183062823619
0.6876714708741421544502 0.6725106748644713583474 0.6909525473571719311749 0.6957172925771144544882 0.6808949188964747989417
0.6782629843499380362104 0.6765286983470364390314 0.6728012878155202880492 0.6787219644025156428668 0.6871264732606947589488
0.678902300209472842063 0.6872195215283884994761 0.6818459024957889136331 0.6864210365987832851431 0.6737143742136911805929
0.6851729294705606321259 0.6891000603859683826258 0.6819096282303618306031 0.6908390966609174732582 0.6788866261979313865282
0.6900116404166408701215 0.6826972588019110110835 0.6885943003240402315868 0.6856347061095066086622 0.6853341595170088229594
0.684296868310689809789 0.679579598212734836693 0.6836593590367154860132 0.6907539491398997366645 0.6984351844454363966719
0.6912376080987113757814 0.6831081584386866634162 0.6835103816876361149113 0.6834197580032590479959 0.6825302761696514508571
0.6749154665507391959167 0.686646268517797531139 0.6792352348890502433676 0.6817644431541666216745 0.6861174036231421080601
0.6753532967873349113219 0.6816748757951908155306 0.6755884289511978613163 0.688943938890310469958 0.6825518064514167759782
0.6880790937292772246892 0.6941297855901787938748 0.6829601665775729690822 0.6803835696057106696699 0.6800130613174383276132
0.678026645497994184808 0.6864886949775865776502 0.6767316834399746960926 0.684782441993058821339 0.6801781977693869274404
0.6804475688274538303091 0.6837194211490004169818 0.671881233515053355454 0.6907711677358346902267 0.6820573860081224903951
0.6770991719979507772464 0.6843849193902291627722 0.6822702545225115544625 0.6792975505813010350664 0.683850424200431961097
0.6808935499768149490762 0.6801511050910800104674 0.6778278365073988620537 0.6757384381424547115103 0.6850264111295024660464
0.6815636460915605043809 0.6739925456326233410564 0.6863401112633220613191 0.6896087205712745360486 0.6827059867656923852763
0.6841945245885475701542 0.6824895684436802500983 0.6758490368866221231769 0.6780153536471558162191 0.6745213666452942735674
0.6723890850076329472884 0.6774918049594929048141 0.6875066418802109335928 0.6736329734462471741097 0.6840188257311099473412
0.6732593801499144881006 0.6892466340496821164407
