NaN NaN NaN 0.143743935785718229825 0.08581618722507650121045
0.08779007729201662724172 0.108443056582109717545 0.0949022675288843098329 0.1772639141575487464753 0.1780318229595247991881
0.1555274203275262556723 0.1342532735578617630878 0.1684320267630592948827 0.1643472187810929296958 0.1199989030950182888891
0.1569033848270718345397 0.1708165862584074545794 0.1493500355024232617573 0.1867734359389535414575 0.1165926030859186640631
0.07937717279653039303966 0.132907403197462831157 0.1095069961111694439859 0.08771768619788454512953 0.1734620952706632801554
0.1139131271317705140778 0.1667790038732611390682 0.1644051287108932446479 0.1591271788530185526955 0.1915592191066118610276
0.1228957252305144104421 0.1459663383014174198316 0.0851562312681565375394 0.1638325678091285264593 0.1318104054027828264672
0.1549412826281312272059 0.1089144566527233543018 0.157501250368155848447 0.1464993764837463352535 0.1344265808146408169854
0.07020984795298536307318 0.1909310515087587756256 0.07685534433574117696431 0.1282666618752212883692 0.1581795060946366293653
0.1793396896954437547134 0.10834088628289399725 0.1429221085151705927796 0.1619102257286590407226 0.1741644189157188216122
0.1771036733432241883079 0.1467787986238084929624 0.1696236096060868836499 0.1793122504540879402768 0.1735889494178270986424
0.1624646353521490005356 0.1149175648855363524037 0.1737173753892305438917 0.1622961828747502832648 0.1358618850294260327338
0.1106509126685100430354 0.1092388177134603899354 0.1818183514265373501573 0.1664429804268990897853 0.1436278093745010087101
0.111226492340074423204 NaN NaN NaN NaN
0.143953124423173706159 0.09137327062958187917641 0.08877333246616529727202 0.1923204236785643062024 0.1265386041721333620913
0.04730598582203301288862 0.1512515061783337444457 0.1765469933115786094202 0.1001027504646233856622 0.1920105568540711182823
0.08691950572389514628746 0.08218634363290520938872 0.1559390851883829531843 0.1563517494204183788664 0.1278701772296060579226
0.235129522840980348386 0.10361041895533992796 0.1186250144460274519309 0.1468232560666899166879 0.1430209418877890770183
0.1361083891774700627142 0.2078097934248571976301 0.1409768263814120403676 0.1021181912598998209329 0.06696427125935346114094
0.09174023420256401106787 0.1173313005100830308525 0.1500582334664087302833 0.1262755119454365970721 0.1810509972885592233638
0.1501778899061741723298 0.1419116932140474518498 0.1147681494783596156672 0.1670413363380979510087 0.03638505416297415501203
0.129649703173363078923 0.1360625360940941330767 0.1522088826059583566153 0.1372107577296151625923 0.1441817810864391702363
0.1546291115691134365751 0.14391188492332013249 0.1469384401091684000384 0.1204394312211490430942 0.1587149868812094688497
0.1514235731630598214004 0.1500236504720509067567 0.1327770985627355904146 0.1231307160396592353946 0.1314198201867042004043
0.1123561323951331875071 0.1223831262634995642458 0.1425629056628038293653 0.1402105641756222209615 0.1442326557173037593351
0.1100697065006647906715 0.187510935858415023203 0.167216091403567551632 0.1071109353950239484465 0.1662055430358684582348
0.1360770593025732722037 NaN NaN NaN NaN
0.07693320398534975179672 0.1567243352806792500154 0.1152410392413898976294 0.07873012820839805914197 0.1890648341758535411206
0.1779914334747873250198 0.1722963174043163070426 0.1714884022136677343973 0.1248680098254589254658 0.1388384997003810905625
0.1617894064064347992016 0.1334407126010758448675 0.1539063837077490337624 0.1184957788822288138331 0.1625067277253627873179
0.09378598710990104780905 0.1623976299874502760012 0.1754019821048880822811 0.1156097747551424193002 0.1127238903026537564234
0.1657757110672822276065 0.1886894202400407893894 0.1352441915537775929401 0.1473444155354588780416 0.1195215617255580980993
0.1686240217252157613803 0.1418332305391594161392 0.08618426511929842825932 0.1067127532096276004703 0.08608106154427563883047
0.07090140140278387848038 0.1249180239648490092774 0.1477326508716651776165 0.1659642111800859742843 0.140569567869176792474
0.1036092639353138056268 0.05691654531246452541904 0.0653387014564301288333 0.0826674829692810447801 0.1288057995277081257957
0.1329422952150866588106 0.09557367705490132925306 0.1498051413480338822648 0.1589724900368834070719 0.1755499386920293392045
0.1822455291594766990659 0.1999662010624109476087 0.05387527182910208101152 0.1776614970695476192208 0.1174635684838404303676
0.07276467100181274738624 0.03959700350762193621357 0.1029010933465054761227 0.1207854521032149658355 0.1112116895211036349256
0.111866293569325092605 0.1297420232431407971507 0.1483096117378559508637 0.1444177813153539047253 0.1246917704268468291007
0.2140271509482932210666 0.1806227039280114410325 0.1278605731808087064838 NaN NaN
NaN NaN 0.02206897373763510791789 0.03226527911410081300714 0.04113479040365305983151
0.03881996992514278460584 0.049787859319020091875 0.03177363215026175052857 0.02437247572643424717298 0.08939890959987445429036
0.04778003120156212174541 0.08669080754754510120819 0.1121071702093434790948 0.1444141894373185130984 0.06176084421576454042135
0.07230531179489733950572 0.1304515657921122839813 0.0857350413125748944676 0.1453832899752845186914 0.1502689933131426403001
0.1506030785714996544922 0.1103242997295582755735 0.05850179590231954773749 0.1621446876581962015518 0.1097006044607500563348
0.1892854196510672937226 0.1218341489274567396306 0.06468452802318905292545 0.1116071619856950497551 0.1542680715586269846185
0.1561588966487109930714 0.14249383373176957579 0.1226462615257722515993 0.1299163022804044331782 0.1514762873451123148527
0.08204886417853685109947 0.1615939696276366688288 0.09014986373258356000537 0.08310953359609690727083 0.1714364227118666261784
0.1416669405105306089876 0.06585023025283998077128 0.1290142648283295057077 0.1652447194981532252456 0.1312030251351963272555
0.1205071219824609685123 0.1189771411958934071995 0.1676183623074829209809 0.08724489275639586705058 0.1053113065282609978057
0.05742934977385186212651 0.1095983970126664375222 0.1361325758830970455993 0.05598557823107164210796 0.1143681550674671282275
0.1360857956014170921932 0.1486523133811246399905 0.1372013037159134363208 0.1551497745389049109921 0.1295213821548233668057
0.150619990119921387528 0.05101055193933201614698 NaN NaN NaN
NaN 0.06734731096540039207987 0.07530427028015194979016 0.07790127658321172043898 0.0637430679701233293688
0.07674575235156083641286 0.07402656085723646750552 0.04123506178305478414581 0.06850765232897183809602 0.04092151380809740807143
0.05109383200981134492968 0.07557594097561091961435 0.06088504346851940363106 0.1014290043186910905693 0.09863569723731414884416
0.07134447429621999792193 0.1101729631949489723874 0.03820862935547551797466 0.152754183436918877792 0.1119841148601398578277
0.1205544375569964771211 0.1188185789543778347888 0.1389898613283122863482 0.1738409698999808239428 0.05478737616296948387262
0.1678156193318985356377 0.1462956805557477646396 0.1564775546205603995453 0.1558174214348228836524 0.1309823749477307675004
0.1739634176862917269712 0.1034862264666331771457 0.1020217223618809926355 0.08403576429891339294453 0.1844032743133869056695
0.1248462579178000325664 0.1605558106196656731335 0.1599994797052988193542 0.1829938202559050208773 0.1649318909330777793709
0.1951361639791105717645 0.06116350069131535477363 0.1606242765069562650204 0.09552469481548542251659 0.1853817117865916297426
0.1739055253823540703184 0.1630247629972917944308 0.1324535068838577633876 0.2014760885620849872879 0.209887257002054405941
0.1672218510522085754832 0.05787258137501891802623 0.1177750430218042210218 0.08572319828002265829081 0.118404754018031868612
0.1023948252853626311731 0.03881695944229048012009 0.09349971892055822242362 0.0919991792033710564791 0.07676322100716123641995
0.02530855102022864372424 0.1085266109299418413325 0.1547042648663000952158 0.0533913817747773480904 NaN
NaN NaN NaN 0.1767018911085264931682 0.1529516169323595353724
0.1472764311031197759227 0.18005278779123959354 0.08640388724924405461358 0.09368961949259704824478 0.09678730972121543651987
0.08630429949875970119244 0.2070025237777639581793 0.1651252352798036893144 0.1779878646794663954456 0.1400492555912422332209
0.1542742906360486387918 0.1270669553014019959036 0.1396210908230637870453 0.1333392723505875121504 0.18655361284328550453
0.1758631094990074639206 0.1398039431148684064166 0.1690231270149955000726 0.1179262151341966269325 0.1941227432985306033952
0.1330808264428465503837 0.1617499278130679896126 0.192052237434651384973 0.1285882648726376087378 0.1444226680197432943764
0.1853339155673993654538 0.1599287973954308939017 0.1411071933963312374782 0.1657890297245612765131 0.1863611058957175548034
0.1295110316014032314502 0.129312893198250733473 0.1602460945857962504313 0.1028494512990029002841 0.08150310266682118942594
0.1513212961217702268168 0.1639686126853354686261 0.07107888701801534647728 0.1553694864632060301801 0.1280201016213752263084
0.1051105107629759921606 0.1796501189786813279525 0.1837210688753072029833 0.1731104152843598031897 0.1228958154339782893327
0.1153105249295923451225 0.1353035809830813451793 0.11003203520533745563 0.1543099008767614410687 0.1161639167881691192541
0.1027818397805152633717 0.1646096339780877548797 0.1575737114183907994214 0.09191500372499088189482 0.1757920774582580891732
0.141760930365546794496 0.183774286086342553137 0.1112411552435702000174 0.143327646351294107907 0.1198335226944724912768
0.1125418951160332831085 NaN NaN NaN NaN
0.114031498053299984452 0.05621096160969919069972 0.1867646059748450659832 0.1382509809392461763711 0.1048257327750140299738
0.1617752489533855753123 0.1146021482273468783397 0.1046802369421463985155 0.1002653458498810878918 0.1146690226337359758135
0.1145148735582368487718 0.2003859086749011919615 0.171120900406526693649 0.1428887756384790430619 0.0980522364067480389771
0.1514366172283890532579 0.1174507239717972467696 0.1765841979851406062796 0.1575033245014897387293 0.1822553918651760307412
0.1440899227614189370694 0.1052751236641002452465 0.1276579501573715802465 0.1513983065785255710534 0.09135258352597944164764
0.07736501410321759697464 0.1427587248569921196673 0.07843109458200300809771 0.1384487059299637501386 0.1661636971663351391992
0.109366552959745857998 0.1433297893970051362089 0.1733519730714873641197 0.1543140361155353745826 0.1341556316663859160787
0.1980982769179586711061 0.1808407810927975256643 0.1500843544223429970597 0.2007617622054204409299 0.1227696493451626291726
0.1714054704463000566861 0.1339597570871196852149 0.1738895434733750966494 0.1393259594458714778487 0.1618280558775275768113
0.1206608554116623543973 0.1825054305737444093616 0.1005784233586601017496 0.1982239572485702261417 0.138008724864683934852
0.1089615600529915684369 0.162683151423451771711 0.1798551397557354714074 0.1637169552175994080567 0.1151965592957403805574
0.1657258687503141147968 0.1772996474393470633935 0.1858076411360283231033 0.1577574182394557988918 0.2000453552047876393249
0.210793997693000501048 0.1925113333213692157209 0.1615391957134889866499 NaN NaN
NaN NaN 0.162185279392124459541 0.1863738781677603262299 0.1441308629599724611126
0.1372128104364887246636 0.1908227525455533923893 0.1771956147552127824873 0.1460086686043966519577 0.1496715175526664443062
0.1628096014065027186124 0.1402848156013483393867 0.1364836109887282711295 0.08447226239768579336697 0.1844902071639982488183
0.06565006468068275424788 0.1875546258247092201721 0.1551501468891264556849 0.1216324232870393262651 0.1565892332154613375561
0.1819272196723724643874 0.1541131444865475597084 0.1579140752940211278599 0.1583773579768689432345 0.1847709826551897360769
0.1424639435272475052052 0.1267366061008009803235 0.160925664611883373345 0.1667091642553761576817 0.1460220195519938701789
0.1796714157857212668112 0.1673133055636068233785 0.1427024259758888913296 0.1426160752562674605137 0.1908666938621635111861
0.160773630539104289694 0.1537373524818549941351 0.1652128420061372282568 0.1287567643167551179051 0.1919348889459960849635
0.1802094891610165616758 0.1303753440117146056298 0.1444590026133850679813 0.1491105470900888074759 0.1647727480764230034715
0.1303162688843368388625 0.1511545602597278437074 0.1381853068882860635647 0.1701938601517683780084 0.17149330218597694242
0.1255829161667600668562 0.1408173053761411219753 0.1294491535029510809185 0.130560869856708311465 0.149280652949398767726
0.1672828722778882115652 0.1315520569500129577367 0.1291791665326407212433 0.1138679884485053750431 0.1304548563322412424448
0.142504997274879391389 NaN NaN NaN NaN
0.1114423776606173199788 0.04787558231175217948739 0.1402773003177616162329 0.1384191551673392972521 0.1521389526409869519252
0.1319552164570884367212 0.147351538039637519617 0.1199251437367046257965 0.1913412382739374806295 0.1338344856780018798936
0.1490861745992068110311 0.162374523929135483602 0.1376752374974038739541 0.1397779572017894822444 0.1445307960651813772301
0.0495694509958891707524 0.08465169557567391034336 0.1222644692842976554825 0.1156468058010133026503 0.1194855132322659024835
0.14636002617061544262 0.09970474067164068754376 0.08534837527394220635379 0.1510369849046632462208 0.09544569816734185807583
0.1058657174135502476719 0.1453455503706904683447 0.1072896713064253743086 0.0931191776028305467916 0.1540859675163919750851
0.1297719385436607308915 0.160331657841174035628 0.1412475484893142008147 0.1093071346467094223653 0.0895961484208861458356
0.1555523329979011659674 0.1282580412452720419747 0.1153602962140460458373 0.157486469137335521884 0.1741745816072255703677
0.08914510209486652125843 0.1007136532474130902193 0.1395974343984519583373 0.1535232366567750306174 0.1474191693124475288634
0.1086141649436467848666 0.1287674894282621052 0.1599704127785475660239 0.1304605864715188690006 0.1492855430050834264488
0.1654609083204850727977 0.07528597018817695385451 0.1666493914404819642883 0.1269594918097290969783 0.1352520484022079472197
0.09972217480111800202991 0.1324549679508107147274 0.1574155855296428818679 0.1427432522457293961882 0.1580586992070626972673
0.2253142117472515526533 0.1687854282865773880573 0.1208103362209646813863 NaN NaN
NaN NaN 0.1025766106412554778959 0.113820529064629291649 0.09912600405032614969691
0.1285784209435132940946 0.09965001495400600817209 0.1774873758047699479068 0.1416164676309490388917 0.1824482797348495610734
0.1986856677902486822962 0.1108649415332710469473 0.1614759676519229025793 0.1370884074925173556903 0.1920376043780074037937
0.1219492020873582105445 0.1116665971835252152422 0.1445450081826654964434 0.06204266000260067609462 0.1488341972601659735087
0.09914749599637492916138 0.1040184035346420621249 0.1148916246667908008794 0.0897851552006872638545 0.1075822930705189611755
0.1710154005081385431009 0.1607005301833542565415 0.1501399947134603729548 0.1357585901048529997137 0.1167260697519694329083
0.1643144031658430315179 0.0596829845674602746386 0.124055937844752731114 0.1547854057079756651127 0.1451704494219215046957
0.2003819993175617597547 0.1701493502787377876118 0.1287388295979327024199 0.1135433406693105440333 0.1419794975194136332775
0.1224281161963268194093 0.1812703680461088817655 0.1000018088216300671256 0.1301820370525779979598 0.114153356242825451683
0.1412821687809772686073 0.1511966858525382595424 0.1743627629487890795534 0.1654903063215522884821 0.1557318429170892470914
0.1543171631953237643575 0.1193265399040353835769 0.1173112811236881325438 0.176724676906887395722 0.186350799247066184483
0.153581153841341994104 0.1327565205959395644442 0.1505884860461441099311 0.1647141202335703491499 0.1471936579784606791144
0.1386984374489508287098 0.1687393635288843563025 0.1244999073534583527989 0.1123991595538975235558 0.1136984898021700524096
NaN NaN NaN NaN 0.1699950469411946885057
0.1080521585790728128496 0.1707679472312169932646 0.1046439129423480385306 0.06838468542377273973187 0.06850938767632806791763
0.06830996830686165977031 0.05166208188865252515232 0.02843032593707340779932 0.0396931288151412056675 0.1196684890395923184236
0.1034862885927210207626 0.07749099493052309661767 0.1617937025877852486033 0.08523130056573563484434 0.1336303131264480748008
0.1860849662259592418589 0.1236653536216677923276 0.1048377903877226735574 0.1038734875085536302208 0.1414897622000629573424
0.1679589474528623560534 0.109460572641394526805 0.1284328315887162674791 0.2197678810575267871474 0.1511680085710165322155
0.1733159429191693523542 0.122092225804144222101 0.1806446285841235288583 0.1279670795497677149299 0.1405580857021269669538
0.1522528531656714145814 0.09205601684315732613495 0.1287426047569727172171 0.09478168165564018754488 0.1278498364161629596847
0.1047294543689466228553 0.149004609774652463372 0.1361639130323443469539 0.1630413411855413663432 0.1829127701654379711815
0.1527785242333938864334 0.1090951637409473401474 0.1247595797506031306545 0.107097863063498291436 0.1673486804120752624581
0.1317006889759661791839 0.1591731905918564449198 0.09046128281832103990023 0.1611466521054464584584 0.1656391105919696182802
0.1398741881427306432695 0.1339619289829866721764 0.1287040847245705943447 0.1284402428151255881605 0.1301662050653729085781
0.0695811838222401835008 0.1663129416353420209074 0.1482139673220299602718 0.1182204476420388727931 0.1605454192692546411259
NaN NaN NaN NaN 0.1604597888181246989614
0.1717430416455661135178 0.2094543443983128971908 0.1586822506645274299952 0.1582058849079244766678 0.1320276816658704777119
0.1986742191261132717273 0.1536873952596346515342 0.151558665354110166934 0.1520190469926433751713 0.1428111435265087547641
0.09102186421016403294892 0.1771405940058971839601 0.1248862256362683886834 0.08444136044769660898179 0.1520562352150241214321
0.1518901320202675486737 0.1327742244532929827283 0.2013264844736071257358 0.1637148589854194591364 0.1516293727201340757471
0.1206467448178272783288 0.156724012608957130599 0.1288417126343497365326 0.1467495462017839868984 0.1763115468116671080701
0.1436495781842475061296 0.1674024235208263766683 0.1736333021719666802607 0.09902967234928833351049 0.1437823441147103031845
0.1542371177682844707313 0.1574300825858386543299 0.1584930477032887030653 0.1580035957974856575259 0.1878484357707515539637
0.1768240108641986330085 0.1676561402523640553763 0.18645457870112189247 0.2005764897234880717036 0.1547317416093177688818
0.1435111125317530267331 0.1431602988786639385488 0.1563185627925560150508 0.1946602319391659563497 0.1170530574838453963249
0.1543182661134284427984 NaN NaN NaN NaN
NaN NaN NaN NaN NaN
NaN NaN NaN NaN NaN
NaN
