0.04643490455313852710573 0.05495478307555487496039 0.0573591033164542116185 0.06384563641420977486707 0.06806169213437771037256
0.06679342854518773020533 0.08249008822659245621089 0.07697830065028267443328 0.08257226461600129796548 0.08627258292774225845179
0.08942360306858876395353 0.08829341477392417536496 0.09863291632544783638092 0.09814759158506414227219 0.09762690510965994772352
0.09906652373336544137317 0.1017102824429904212034 0.1074676531452603694961 0.1029017604184694067992 0.1056048840535179916822
0.1053213389289807816462 0.1066726956369905832123 0.1076165578899927893763 0.1096474542218032477425 0.1085971682543099559037
0.1095286684939898169677 0.1169687724682356155803 0.1174125977808098686417 0.1151419740740096259168 0.1153042731222923972245
0.1145090313897062922477 0.119886193873162127943 0.1160971051162923151079 0.1160400344887265594584 0.1162272199084738860675
0.1202626935662060442267 0.1228271594247562492619 0.1185706044359177840919 0.1233969075039783591663 0.1195829171938524587704
0.1262653105471569781049 0.1238826395449908329693 0.1269488682195720474777 0.1221934967387523079951 0.1268254458841404086478
0.1239594859928441900054 0.1284602527695276885655 0.1232806217537645437909 0.1249184561705704715751 0.1254987513501978346753
0.1261661672435621939226 0.1292146013410526983467 0.1306211652193069450156 0.123692713348237143256 0.1284141309190877378033
0.1273977466100292277318 0.127806628685549761304 0.1280009140623898644673 0.1302397398027896613382 0.1309881246095275786345
0.128531300809675508301 0.1300948490257861078767 0.1293123124858744088517 0.1318314705585951485123 0.1292843860281783496813
0.1323841876310166976172 0.1304621068794820093473 0.129466687955130055343 0.1288286731896560177724 0.1320845159008800784317
0.1332838572038044788748 0.1307893453936179728458 0.1322225637893605920681 0.1310031477162754975918 0.1318276985403699919086
0.1316665997369574347964 0.1309597418855441564034 0.1329322732326015110704 0.1348452778284774389306 0.1317511420893630602613
0.1336514507694596121112 0.1358732158302931591898 0.1313617331412052502415 0.1335004161548927203995 0.1331310024280756010295
0.1344682154174537958014 0.1324260939163967032428 0.1329131821493330367634 0.134554752172581476577 0.1338384044341764389507
0.1365983199877874032513 0.1359603392929452647664 0.132955361395715593309 0.1342067275256976222053 0.1326277266361622075852
0.133710453353734992632 0.1318318619140887992813 0.1336855614262368319167 0.1338783383353312483877 0.1344481929061069613862
0.13477916631834008232 0.136487236437865755434 0.1343654128169344541543 0.1366709761166359782258 0.1337725509273504365115
0.1307258916767116696533 0.1335371116453967499371 0.1330684114697219255774 0.1356354304750704564686 0.1346562132987640658666
0.1338237022173632828626 0.1317889794003408721057 0.1321857164244274740472 0.1331236593705860671299 0.1348443709623021180555
0.1331219207534770632151 0.1332994413403843225741 0.1314764435583517798722 0.1353755610567116962617 0.1336174436020068079234
0.1351827736125807699619 0.1344543637400315294617 0.1337901863951379832773 0.1345549086085254530953 0.1329101022712689816885
0.1346982004101729968326 0.1343522456996440461729 0.1320925069733923096216 0.1342552638033313594512 0.1331698443033408063574
0.13229767330667596692 0.1324024617709502193996 0.133957548030377571191 0.1332120638089650810354 0.1336642292484046534717
0.1320107379291725613335 0.1316674415872773340475 0.1315477446810887629525 0.132846402293771620462 0.1327332595589601760278
0.1350632171405283799004 0.1315114429554069264139 0.1328322779656697927297 0.1344231270366884056777 0.1328848672553346321745
0.1335953721824979512078 0.1337649906309223424294 0.13340612109220159609 0.1337246100133940573951 0.1345027488425893646973
0.1340794571169775240005 0.1331605856805607168702 0.1323986462278436970763 0.1342619042501383974653 0.1300539612216463358774
0.1329409600859867146561 0.1321741931882808307464 0.1304817873393761262779 0.132897039192721277967 0.1344945544981420160191
0.1324404111441305487151 0.1309840928887426036997 0.1335626673872350456129 0.1325456723286732862999 0.1316829450478271268388
0.1331017179689516216623 0.1331373512593844177232 0.1316128250242829533789 0.1331645311062989167628 0.1334413895420589746266
0.1327368724570743285796 0.1303644508712025196218 0.131962960361791559194 0.1316561176516534981129 0.1298922200453651587537
0.1324512860734960995046 0.1309252238834086035091 0.1321176077516548197366 0.1319252313179569147117 0.1318575137389959572864
0.1310561437457352929048 0.1335540647629229471516 0.132211294662383627152 0.1309450325711569163012 0.1300941901588054672168
0.130783008974656556056 0.1312254219502836105615 0.1298423203918855628469 0.1304235987658640960607 0.1299711423072123783751
0.1318368381680804224398 0.1305188715387912146149 0.129299554459223642322 0.1312516576413355895436 0.1310831519538640799194
0.1294869304459982661815 0.1330573853147050678025 0.131508575422454754289 0.1316145280079691337605 0.1298955055802963887146
0.1310196467456759550352 0.1289558687922838231543 0.1284458667305702628259 0.131635306902997073486 0.1315135891275036883474
0.1283143536699285769398 0.1319006336113929811482 0.1283104126585231652413 0.1294809101248181326671 0.1293110378538060434295
0.1304161738056202890501 0.1305430554532528431011 0.1301885482307062746887 0.1318494753338447234015 0.1298082946290346206819
0.1293876677837557942485 0.1301874952259971518487 0.1273424365969052507452 0.1298587385863499976679 0.1285814413519213994519
0.1304128543558754627085 0.1306559187462695836857 0.1300991550043857636343 0.1292273337449863224169 0.1295403608695846198184
0.1294803012148730836373 0.1272169559516296011292 0.1295742383782156337269 0.1296985823410231608577 0.1287390021072317702888
0.1273150375424668134805 0.1289335715362983636467 0.128291593487779048699 0.1298080661149990100434 0.129525231953147662578
0.1298325912225434253244 0.1289827436682629835385 0.129597511970893614075 0.1272094676373143051773 0.1286988124230494245914
0.1278256563550955737796 0.1263896206751841111426 0.1289627642621990755156 0.1286233213173934575302 0.1288099985669660663135
0.1291194329025250331355 0.1267958733587735975501 0.127671538408781537477 0.1263298513865978855986 0.1261522976513663740761
0.125382305464569437925 0.1271841439401036055745 0.1293915784254748291282 0.1274028440241752047069 0.125649951332491183198
0.1253745666720762486079 0.1265460320804503158154 0.1258366286748546503116 0.1285941970054295113712 0.1277012035641916509743
0.1260039055700477861333 0.1262033995441921851999 0.1270118343684606410093 0.1257555347719283289631 0.12568720124586540976
0.1258947370393533327082 0.1275225633630432398036 0.1278290797410767398734 0.1256132507375886664391 0.1267401710299184969255
0.1238744504728738482502 0.1241324354288235176647 0.1280656452415646906484 0.127229254163402832889 0.1262137543251420079837
0.1242947208364442862605 0.1246091469029985687733 0.1258832803745311978982 0.1295136355418989027033 0.1256641697783566213875
0.1268073190814454354047 0.1242321425673236362508 0.1256374552959041712707 0.1246134926799670195052 0.1244560286683092237281
0.1226362027321050707229 0.12460130241987743549 0.124677827827117143622 0.1239033216464722891859 0.1243600140397039671702
0.1261379299231973893924 0.1246264010499834873347 0.1238137070476431761401 0.1253816844792992601931 0.1240268281184462861866
0.1241620540295654828711 0.1249931155433353369144 0.1249476553757192520688 0.1242226211918233264031 0.1232532739143938627091
0.1242649274173421442002 0.1258423734964097262523 0.1234706158041317947127 0.1214515904680696228857 0.1242792043839731908061
0.1228350276388318479404 0.1225731036884305374945 0.1238082784992657753298 0.1238688115281291191039 0.1245382709311858987489
0.1232898490183596124092 0.123456374049022835071 0.1242700084520498848839 0.1216520790067083662711 0.123703128413347948622
0.1217143193197628980862 0.1233701796302908715308 0.1248723642740091482883 0.1228952446053264008219 0.1209517858773873216771
0.1234532026780935654031 0.1214965242214052637548 0.1241470923192214970143 0.1235110368561008614696 0.1217491532133846282582
0.1221009885035363451422 0.1219753676985833173996 0.1225828254025426167217 0.1200493620228427205099 0.1216921587119188102877
0.1202517899090857628197 0.1214115604174450940844 0.1242642915082761839729 0.121250486142713345683 0.1223419503788935186472
0.1222552305178542381148 0.1226805965630672623501 0.1204307483813798901329 0.1202676962282619582689 0.1224011018975594694558
0.1214720407821007763793 0.1196307629932817639951 0.1214085095291703025877 0.1197493236688677714641 0.1205625878937806871871
0.1184160138829214725664 0.1207282451288573671411 0.1208022745414563808852 0.1213402679419835483721 0.1209155615118377435913
0.1213317656697131402543 0.1188946066708888027463 0.1214929062583644109319 0.1214653345280928831151 0.1188119931877132801068
0.1204945868452141632954 0.1210501598342729329127 0.1180900984149832605441 0.1199030414377822706395 0.1187480118114668248275
0.120455427449358457026 0.1198465205873116140589 0.1180937093199079940264 0.1198245332623472103606 0.1213652496190248814001
0.1197462278605607582938 0.1208827118249545251594 0.1185472108084191233957 0.1175517616796725867134 0.1186022192305101891074
0.1190034506164136252071 0.1170229300549389533925 0.1193578652060884870423 0.120364705344995243097 0.1195109939927287145967
0.1189998082348923819085 0.1197596467316157514693 0.1177702697155579431021 0.1185301798112055743362 0.1198627266490309845048
0.1180712323596607854492 0.1181942162457852857349 0.119682326502441524485 0.1183396899291553616695 0.1173361753601920021151
0.1170551274794454366113 0.1189971997613428339458 0.1199442234033108872771 0.1184944308536619583805 0.1181637365325196725729
0.1187741282236722678567 0.1172955767955429912108 0.1177568069485420143572 0.1168518097558403356917 0.1183232460837671390363
0.1187859121280698954104 0.1160037138641853704524 0.1178773887413571974658 0.1153187465189587923575 0.1197577887099592203191
0.1167490792517752729029 0.1162296636580969488861 0.1158943218986544371196 0.1174587573897963865832 0.1173844535787552101347
0.1172381923062961184279 0.1173842492282412136584 0.115756301291328800307 0.1178514323347698011801 0.1160354826778447201452
0.1167574528671200539964 0.1192092249939957354643 0.116183539008337458065 0.1166609120558474987916 0.116246179118584619383
0.1144100742861917513471 0.1176646093605770576618 0.1166346802022882739314 0.1165939782381135297884 0.1153821194098804819861
0.1176494646015708439579 0.1143121712693934005634 0.1161075379565047749342 0.1144628272675876912157 0.1156427094365168883883
0.1162969024299258247179 0.1162210414978133155017 0.1158475026209205699379 0.1160282122459039555462 0.118329475757680893655
0.1153152794777136114224 0.1160361055322881584928 0.1153242006874502512126 0.1152332456508811386886 0.1143226978411988198348
0.1149641277534410033212 0.1141653667847056657925 0.1152114722716270217573 0.1161234978950728968794 0.1142134523842641136149
0.1164638922994288006141 0.1148423032237096408359 0.1136044507411238524419 0.1144931820716808684724 0.113368436941666803075
0.1157540837187987364798 0.1133576517597587318686 0.1154634543701284349337 0.1145544270826573951538 0.1128064513163094806369
0.1144146486932660217173 0.1147034064327674685035 0.1143256648001644559809 0.1130707574861813530243 0.1149530769130689134006
0.1133594464760631220779 0.1149812535138669683521 0.1145885159865822483516 0.1145868254500317928724 0.1145181057980616395886
0.1127989031670788011574 0.1139419063760734596169 0.1152781138016982648287 0.1146294175959090000383 0.1143370648302900888238
0.1120093879975891798528 0.1135375362934828991079 0.1138959767565571740144 0.1145129347211838594101 0.1125786013233891907914
0.1123693313522201309151 0.1149112712905857036638 0.1139315041145667617428 0.1145410255730336945845 0.1131064611856636009657
0.114663075036499903514 0.1125333800004027495767 0.1124405747238874375693 0.1115319644044917291037 0.1129830522670220577242
0.1102471706496691017385 0.1122163659377329869571 0.1119481457458244982872 0.1126930060175712344783 0.1131934294912562144475
0.1123550974274950681187 0.1125445187398039226245 0.1118304479184728666974 0.1125799463631609598213 0.1121596033444555440273
0.1120702065259051027901 0.1133952744817586788528 0.1122406680812030876915 0.1124743579394670844884 0.110919892904042416415
0.1121812744809478346042 0.1105197559507462151673 0.1115305696496023957209 0.1120668000683660153749 0.1126363621175646423378
0.1115284453395165714662 0.1116685892175106192825 0.1105471678951745057029 0.1114721028279901382518 0.1109857053043123154001
0.1120927650314800239073 0.1108934525282841837557 0.1118308008109832746291 0.110579233320162784171 0.1110246839586074424355
0.1117590447285491395135 0.1117779636821696342963 0.1099502291825362049194 0.1108907334690460155802 0.1114910880197875625575
0.1118988236914414957646 0.1102779855493636190777 0.1121888869524906157116 0.1115214269968460847338 0.1121584029019448841558
0.111393406769776562304 0.1122487339700364572526 0.1111219881732270348129 0.1109120653620054020028 0.1105903096508268762532
0.1110496491177863503941 0.1107565041655413778932 0.1108724131979201693587 0.1097479999249102444736 0.1113964370939733994348
0.1105029004699398104128 0.1109517953567527304148 0.1099924646456308108267 0.1092133798855523668658 0.1103800012232429572645
0.1100521009667969618562 0.1103496182431633609866 0.1112864578129827697328 0.1100753274975692641569 0.1098984620266619804951
0.1119491387854820302339 0.1081725223344860570274 0.1099907771124963712372 0.1095861919166824238747 0.1093820375684180362663
0.1095218682842643287412 0.1095813930724768014979 0.1095682947241712335007 0.109889921023049841331 0.1103620726776553123694
0.1099584950809870120825 0.1106851888076406942307 0.1095064512948361185041 0.111278041234929736536 0.1095493514636158016717
0.1090284060984536979033 0.1070438522862582758632 0.1078031434480786199259 0.109451712800814587867 0.1082019630830496348395
0.1076325741758916987312 0.1077275312716420990755 0.1098167953563442822418 0.1093419196027605594379 0.1095504875980495007592
0.1096750872501841556073 0.1074075876945467383772 0.1074139717772668589646 0.1086137154688903844191 0.1093047185055411596455
0.1083259786972795846172 0.1072474799465780309626 0.1106007692403137010473 0.1095573804242807314235 0.1074327495146777250445
0.1091363263168343422649 0.1083174305005449866712 0.1085152685573912423322 0.1092066016591947547054 0.1074676510707728571692
0.1070397240080570161469 0.1095740617660676680112 0.1063367827442979057784 0.1084360357331500962497 0.1066681387812785791747
0.1083886682747887270084 0.1062722241863917060911 0.1060235438071395475124 0.1075823016576402529898 0.1065858392741484139687
0.1076301555985880731292 0.1074379351095089973889 0.1068974285520048750353 0.1060898822251314654874 0.1068596045095356883436
0.1064575052618903228119 0.1066169852350662278218 0.1045112790875365460508 0.1075115232656452118887 0.1076367265150201535384
0.10704283485756255212 0.1058744166808510550615 0.1051172884255980738422 0.1061446352592721881214 0.1069765117792602360236
0.1058009967846284260506 0.1063187138519665619896 0.1064092431984511588627 0.1071445344925732595653 0.1062051293110110178342
0.1058490827406796397359 0.1065607792608985887606 0.1058412232544606035312 0.1071255592156682007188 0.1062309418438621005931
0.1069071067623195980811 0.1058598872615609115533 0.1060838715041751562085 0.1064084765154179879065 0.106264891428124633177
0.1069371926434027342268 0.1063412503176449086517 0.1057875012800371522514 0.1049290662055328282598 0.1066208156776723287029
0.1054387000834339782607 0.1055709299855824845338 0.1076835005195060507299 0.106572563192803518306 0.106126679673698764983
0.1058894401928220097009 0.1053472683150355471149 0.1060755451521430137163 0.1047137391495042563205 0.105184976956201464704
0.1057606848391813708643 0.1037234986009162307496 0.1051535812271217756875 0.1056817894002113483731 0.1047374929022426154335
0.1040326092356927134563 0.1057019886899398658509 0.1046227039296228344956 0.1049849507632723139006 0.1054321437250400478325
0.1054307126181960180267 0.1052312368578120216345 0.1050288529443675483721 0.1055209307483411934614 0.1050897008999067683277
0.1053298456770465213461 0.105785898217015075784 0.1046728037072275352415 0.1036404951270758767468 0.1053001299702314430551
0.104866603366866539826 0.1053563605920243007041 0.1047166884649518153738 0.1045447998346557966221 0.1056449737710428715687
0.1027439693332479198062 0.1045436188856791459578 0.1036747828665770532197 0.1037860436493894672472 0.1050676988439474129899
0.1048527039066235316822 0.1035286080091537136427 0.104650191916158388783 0.1032700377746750136643 0.1030809597737179228449
0.1045571955827142851536 0.1048251439858928074633 0.103798938968469006694 0.1015734270829753149723 0.1037785663616254405728
0.1029510019756548766523 0.10201705287288982682 0.1030428330554906957151 0.103612900120182149788 0.1030580149508876913744
0.1030974953861469867178 0.1035178813977717104944 0.1036076484787725321413 0.1032787574300666755267 0.1035769315080976443744
0.102759533461589586123 0.1044675646688654480077 0.1044051919841555153834 0.103170672722240272523 0.1017199034776103266919
0.1037558487009726942984 0.1032229814384561655816 0.1032407263966841487468 0.1039808392782741452987 0.1030809196776578812171
0.1018326379139476295377 0.1042173052725226811699 0.1033961348019347137317 0.1042345344172883186973 0.1021119546912388625914
0.103559472942012772978 0.1029915623000728641667 0.1028456465461872332279 0.1026460950084014389638 0.1027112942065109418843
0.1010450180412620913017 0.1023895274219087520029 0.10254713643422666558 0.1020094672759570136877 0.1020330906271460918999
0.1015756212323931095831 0.102029839536322039506 0.1020523324324196651203 0.1029086366373509059402 0.1036284780035481023486
0.1023976894540513521425 0.101095387889304944018 0.1011918822461937428336 0.1023025602275563217258 0.1027679962588397277745
0.1018892178834558265299 0.1027557116304338713508 0.1025907139320976907415 0.1015873188660521703186 0.1015565009566376519778
0.1019249946140297763408
