NaN NaN NaN NaN NaN
NaN 2163.412612269415603805 2110.747365385348530253 1974.26537913005381597 1810.347768104073566064
1692.987983150781928998 1527.814726228908966732 2053.153983172838707105 1913.274548811599061082 2148.781227023442625068
2132.514288241578015004 2396.437025651422572992 2931.145994758913275291 3101.787256808309393818 2568.391835272475418606
2249.499868377080474602 2152.563155285229640867 2102.102486298234452988 2075.458706044047175965 1993.999752329828197617
2119.715008113180374494 2184.213893574489702587 1575.142143600370218337 2486.100025671305047581 3294.847700477369471628
2500.123875112488804007 2404.931508078670503892 2606.199010450253354065 1766.12361043372061431 1857.213494919181130172
2253.381813789927491598 2122.269710481172296568 2542.63549355528812157 1791.909740483867835792 2003.744836596668619677
2074.351557395356849156 1575.224836514036951485 1847.294315618552673186 2142.6964906654020524 1771.736933384848043715
1675.89109012227936546 2098.610830378880109492 2498.118430010030351696 2116.154401357489859947 1981.402192902233309724
2343.883819859782306594 2130.679526086638361448 2145.127628293773341284 1868.76336853931047699 1619.416003596154951083
1928.509394925888045691 1787.930061854859559389 2077.969010415506090794 2755.913620941777026019 2092.156812718469609536
2110.629467045321689511 3159.051418394221855124 1574.985202269069759495 1825.169489924139952564 1827.481745230629940124
2888.223188385019057023 NaN NaN NaN NaN
NaN NaN NaN 2285.862187369833009143 2114.782251024420929753
2004.871555670531733995 1973.700388785344330245 2156.607806317386348383 1996.619443145963032293 2052.341242305122705147
2003.265914703287535303 2132.707250420862237661 2096.268011432488037826 1963.832238632257258359 2000.187544706390099236
2029.635041725923656486 2092.322980892841314926 2153.392517698072879284 2037.739716879651950876 2149.816269089933030045
2013.096180450721249144 1930.215881472013279563 2073.622058017036124511 2088.008093572403595317 2039.709196736664807759
2020.90872487014280523 2180.151831576042695815 2251.325410593769902334 2356.150004567371524899 2366.999468522293682327
2395.902958241876149259 2536.993611592027718871 2682.52551672492063517 2297.021738505676239583 2350.495224416507426213
2307.721739712203998351 2521.744351168253160722 2333.240021407095355244 2012.780615473979196395 2195.752716439701998752
2249.854487383487594343 2273.889000400135955715 2514.047664738016919728 2476.660764116539667157 2353.342563162286751322
2404.733249916293061688 2513.48075651681256204 2531.460201182766013517 2405.808757567872817162 3082.733548222080571577
2995.195757103966570867 3072.629828303889553354 2861.46523676393144342 2909.862171946879698226 2878.009855680477357964
2639.197047278039917728 2614.846238489370989555 2687.738746915929368697 2758.199246992039206816 2628.917888392405529885
2520.684956356997190596 NaN NaN NaN NaN
NaN NaN NaN 2422.000843978635202802 2111.026503514326577715
1972.580818345961233717 2035.010003752856391657 2163.678351412432675716 2166.915029060153301543 1851.715964486056464011
1640.971700436685978275 2305.350344095093532815 1824.232244743699766332 1944.537655587234212362 1627.824950321855112634
2091.570211045002906758 2104.872329303530932521 2278.528912367557950347 2164.183378024864850886 1715.393896936504461337
1954.555233865498166779 2354.06026471074528672 1964.036561734136967061 2130.503136577646273508 1584.984218602398868825
1572.170372641402764202 2002.96571474948427749 2348.293550291978590394 1838.384750471785991977 2256.122370413552744139
2302.291790296019826201 2767.85276053641564431 2079.349667770348332851 2395.629082784514139348 2920.372956248906120891
2003.441741539974827901 2544.634100039661916526 2259.78210321808774097 2343.020578984880103235 2237.32648150213617555
2089.508368327208700066 2823.600544362926029862 1953.784815683294709743 1982.25400586376076717 2123.113473398342193832
1831.433627257820944578 2125.654701174595629709 2190.957650892804849718 1943.501363500686920815 2312.640963576103331434
2138.387673238550632959 1812.806692762386091999 2072.321896088959420013 2048.949196954074977839 1543.33293954118403235
1988.970482330565346274 2776.501648667796416703 2350.097927760647053219 2798.302618148702549661 2723.992254899378622213
2261.424617342259352881 2223.730852574915843434 2125.157332868524463265 NaN NaN
NaN NaN NaN NaN NaN
2119.937518558418560133 1618.707460403649292857 2222.293519918847778172 2233.347018602833031764 2109.018374821288034582
2083.719194376524683321 2102.758005694504390704 1751.172743450705183932 2706.965595929044866352 2607.809909032196628687
2258.43913236418256929 2328.151039900408250105 2037.71212892472749445 1744.857504037868238811 1781.553520106327368921
1850.063014042758595679 2770.930307538536453649 1935.185377282922672748 1887.123030281702313005 2812.011059077906793391
2206.023633483076537232 2181.611938241526786442 2680.763221036273080244 2325.197237371207393153 3219.482183584814265487
1912.344194176337623503 2058.989433339748757135 2307.047419847378023405 1939.290141451420595331 3115.179355718879378401
1678.937097527782952966 2515.564363918657363683 1864.304332851980689156 3352.729166985644042143 1893.276596861608368272
2126.653104679640364338 2420.415371834948473406 2698.110802198265901097 2306.58129047238298881 2684.543376986946896068
2255.205438562622930476 2040.051129061768733663 2309.583919507364953461 1374.191751819739465645 2719.713196134679492388
2548.995865149189739896 2225.682820934888241027 2199.58025703040038934 1760.520141563577681154 2639.19811408838359057
1843.853831686070634532 2582.42214758094132776 2087.171932983736496681 2822.206179626274661132 2058.434620344045015372
2470.2334804962238195 1669.708589753822934654 NaN NaN NaN
NaN NaN NaN NaN 1998.152830232140104272
1577.114646271119681842 1408.364156352104600955 2942.066839204808275099 1346.390127049184457064 1577.082443086571856838
1370.898589535107248594 2100.978731017651170987 1916.203218084692480261 1657.192092551332279982 1477.597946558294552233
1822.151216198202973828 2010.020382591682164275 2460.730933543065475533 2506.60547278816875405 2442.041081021630361647
2859.115125405548951676 3245.403446088746932219 1738.016930943746046978 2075.477774768934523308 2041.610849825652394429
1641.834811897613917608 2134.578183610305586626 1787.896591036581185108 2115.175897371322207619 2238.634278102066673455
2592.799159840229549445 2633.452367538186535967 1711.166812547442532377 2138.68364054196035795 2525.638008712593546079
3197.543910576223424869 2109.079929598019589321 2928.811135578034281934 2291.863424755928463128 2263.445189423677220475
1502.368541248735709814 2339.617412552805490122 2187.607680926056673343 2250.035949990127846831 2476.509339567734969023
2431.030860432257668435 3123.103298101206291904 3000.693438200998571119 3224.618955798531260371 1855.46201360008399206
1494.527210254008650736 1840.188533226384151931 2371.930711880984290474 2149.561240375112902257 2311.937548025722207967
1936.173450230983462461 1906.212679665690984621 2489.026916189193343598 2084.262344894608304458 2192.099383066127757047
2332.989214176709083404 2475.777041681958507979 1731.008147935095394132 1999.286299050387924581 NaN
NaN NaN NaN NaN NaN
NaN 1677.929990945133340574 1419.64398765909731992 1894.966247984937353976 2475.965987420415331144
1972.532753980769939517 2465.317687417613797152 2242.465528605235704163 1402.656521363331648899 1774.125639687189959659
1765.951750008329781849 2155.953720650730247144 2308.963968864350135846 1933.218419551034457982 1835.684362140209941572
1947.459286875485531709 2982.497208467288601241 2348.298426767652472336 2059.591848905135520909 2564.158139212093828974
2226.00036372999966261 2528.656863368124049884 2797.380677246264440328 1523.399935938236012589 2119.537427210132136679
2757.851248450014281843 1802.414457080787087762 2255.595601662169428892 2606.44612643052914791 2173.581441620154237171
2796.369029410563598503 2530.434333548650101875 2125.333303099469958397 2214.862042316287897847 2654.200341956890952133
1769.606444452524556255 2356.926418680552615115 2339.731432795948421699 2278.093367131309150864 2052.988233993373341946
1856.562288588394494582 2278.397598129526613775 1356.518195534269125346 1924.382031622097429135 1829.191987390612212039
1983.030092878255345568 2370.093463295030687732 2452.148018242129637656 2666.965189148286299314 2771.206535616886867501
2467.914996469570724003 2203.971635209557007329 1910.425556969258650497 1874.762639986441627116 1788.258988085009150382
1794.301608415016971776 1388.220448801545217066 1403.398086030470494734 1881.697552163115688018 1213.232542913181987387
1723.440566976264790355 NaN NaN NaN NaN
NaN NaN NaN 1704.74024335663398233 2199.359590276163999079
3122.067776930843592709 3021.571413360554288374 1635.065372530232252757 2166.161536519399760436 2280.422004489565097174
2145.776726274636530434 2732.999439943286233756 2692.623905760763136641 2600.631480889196609496 1619.275006350189414661
1775.846361889884065022 2999.679652608277592662 1790.421306002362371146 2202.239700732201526989 1808.55052713323016178
2515.244116012397626037 1478.306983462299513121 1919.825843622184720516 2581.514412445821108122 1630.428484718340769177
1461.150559044845749668 1940.795656014708129078 1691.350230216747149825 1774.138532431281646495 1845.136798820810781763
1749.702310600444207012 2121.248342492503979884 2192.693331927517647273 1796.417342011114214984 3206.674952432206282538
2041.425880014235644921 1748.450139255331805543 2680.265840346856748511 1704.455066186764724989 1804.856153133014686318
2042.242435126551981739 2952.672250936831005674 2694.993833750335852528 2441.754338214477229485 2319.225263508591524442
2104.984230233773359942 2614.033444682730078057 1975.385497877073476047 1799.794433015477807203 3085.672572212771228806
2472.215539151398843387 2711.556389090809716436 2511.660186472257919377 2565.274869330551155144 2563.075898856724052166
2445.87208730238262433 2757.841668644102355756 1794.614788867235574799 1894.51521542905379647 2305.51596561188398482
1860.644010557597994193 2364.66316947686345884 2287.549150385927077878 NaN NaN
NaN NaN NaN NaN NaN
2653.208147768727940274 1926.443698083260642306 2406.97154410381017442 2084.327535521881600289 1567.188057822244900308
1707.765182036536316446 1613.775827977963672311 1576.822612849447750705 1658.060440857094818057 1768.392048292108711394
1562.288698025028452321 1400.555174584904079893 1218.579283247815055802 1383.717629863671618295 1302.829931453637072991
2206.324360717672334431 1302.306005442499099445 1929.48516935525617555 1637.907725271327080918 2483.056879276663494238
2200.602035059988793364 2215.228182721490611584 2542.857293097618367028 3358.855696336871915264 2331.093528027206957631
2876.498757234928234539 2816.964016102324876556 2137.941076236283151957 2900.369792547181987175 2322.976541850281591906
1557.041076507048501298 2324.639714236019699456 1619.853241580343819805 2110.900860901779196865 1553.101330996112437788
1978.881575367374807684 1520.511419212747796337 2613.128171611467678304 2507.083115503378394351 2443.329936861840906204
2156.535509901149907819 2252.865996544911922683 1687.554991888111771914 2023.55720239486004175 2148.757588091927118512
1554.970709369596306715 1582.195064570139038551 1524.988619316665108272 1449.143726416130220969 1411.53974501790571594
1429.359177201791226253 1102.31009102030793656 1461.725597764943813672 1407.716890767872428114 1188.974959157429339029
1347.768471686995326309 NaN NaN NaN NaN
NaN NaN NaN 2254.747176382672023465 2619.41370283949208897
1940.008883264593123386 1862.912315544288276215 1750.239146017499251684 1705.265357025209141284 1348.634564226639895423
1391.546902804983119495 1462.151276649947249098 1223.564039189654749862 2094.079042501413368882 1807.811825325014524424
1989.209451111722046335 2155.413964384925293416 1797.312640083111546119 2009.879248769904734218 1708.132664577030709552
2288.735471872963444184 2315.655197890437193564 1688.909593441064089347 2195.596411695864389912 1971.789633458504795271
2534.67515007324391263 1755.461520367486400573 1537.270647880202886881 1787.662411793059845877 3226.589443399147967284
3019.240990866589982033 2280.949715088889206527 2841.30970227069383327 2357.3909889814062808 2089.368994295912671078
2570.852128299761261587 2458.033192725806202361 1984.808904270249968249 2063.458491749051972874 1726.645063782550550968
1991.628026355618885646 1902.229231821321945972 2633.581656368629865028 1857.559809455654203703 2126.52248304621934949
2903.044038639234713628 1887.489982675581359217 2093.51883284698578791 2459.653061478184099542 2154.67573048759595622
2462.911548870751175855 2186.548151626621347532 2254.411408561198186362 1990.38630994364120852 2266.537541053685345105
2340.938435996333737421 2065.988125322468022205 2151.485911700977794681 2304.554982252423542377 1964.749596452422338189
1862.347721205293282765 2864.679163230057383771 2178.775356951852245402 NaN NaN
NaN NaN NaN NaN NaN
3713.77233683595977709 1654.669908776605097955 1380.048647489523091281 1546.227456370270601838 1410.597500831017441669
1433.670813031720626896 1281.727917562762740999 1356.715174509809685333 1194.919551830548925864 1302.96870761807326744
1608.64428921165358588 2956.250520164167937764 2587.676206180742610741 2867.02829452824926193 3149.543531217889267282
1944.926606916810669645 1961.652327700214527795 2168.431937492047381966 1836.849350723401130381 1574.133771279576421875
2070.94828788278528009 2116.471812916040107666 2256.52338199153473397 2450.625403201550852827 1754.155845060281308179
1985.935378771472414883 1793.104592213764362896 1325.6613699709150751 2717.257008271153608803 2243.167279783080175548
2457.820185120121550426 2783.049872936864176154 2330.1102139729641749 2015.208304638220397464 1441.30648486305312872
1385.149389274274881245 2382.800038510857120855 1766.632507410214202537 1590.532347975598895573 2188.39041314194264487
1663.419302073959670452 1688.371155250715219154 1655.359038803478824775 1935.382986991951156597 1942.852699530123572913
1984.731883725525904083 1836.822071238433636609 3336.072837920678011869 2720.691116005461935856 1601.10222611250742375
1416.375776540416381977 2447.05246677272270972 2517.024399245024596894 1799.230873961818133466 1431.653624649881294317
2447.35340623695310569 1619.796841985476930859 3105.80139494853301585 2632.016101134706786979 2183.282891506572468643
NaN NaN NaN NaN NaN
NaN NaN 1704.91066085734837543 2130.654361562982103351 2036.451082861483200759
2767.263935199639490747 2551.804827198486236739 2329.079302147830276226 2787.391573259563756437 2621.414860216231318191
2401.825009904228863888 2939.309771543267743255 1845.554268600906198117 1863.474634394298618645 2628.12111284766206154
2069.828526799200062669 1813.113364415157320764 2237.709140079670305568 1839.295454331734163134 1921.033658440486078689
2317.517486847126747307 2172.133603764819781645 2109.338665417252741463 1750.68026333316288401 2017.184599050586257363
1872.956970779775474512 2443.770397214063450519 2085.473899397556124313 1954.105780169934178048 1899.864641764190537288
2277.843436420630951034 2034.214432106811500489 2825.033883247891026258 3291.491946752032163204 3245.538659739636386803
2150.129876107418112952 2491.190661665932111646 2061.439701867289841175 1831.618571861421742142 1909.011307285612701889
1944.297962571262360143 1947.267238345743862737 2047.30603856564130183 2056.614825818326153239 2394.177111847212017892
2395.182323405889292189 2335.542501143238496297 3416.677067599574456835 2380.351876631962568354 2210.052684600881093502
2167.417327727145220706 1910.279002184739056247 1623.297009928372290233 1622.349952367673495246 1952.910822085178779162
2297.745613374444019428 2251.66722380085820987 2188.585380346921738237 2103.724624554141882982 2878.590353422362568381
NaN NaN NaN NaN NaN
NaN NaN 1392.111215460051425907 1298.307535542409823393 1366.840618220139504047
1427.462149114561270835 1419.519498998321978434 1342.905823895797084333 1376.802837913976418349 1549.110684436215478854
1691.081986899863522922 1866.845725804426592731 2007.572880272087104458 2154.427845965143205831 2285.367682897350277926
2046.842118699102002211 2371.306742852526895149 2204.665420945779260364 2204.352264801173078013 1993.983156540840127491
1932.004711420596777316 2114.944085418936992937 2193.907744800559157738 2394.781387474758957978 2617.251467288781441312
2304.64129262831147571 2073.909526132922110264 2294.300004865433493251 2146.603654106145313563 2254.252867066108137806
2231.952505775417193945 2172.174599690390550677 2362.37316483238055298 1988.068890437951495187 2079.360476246811231249
2052.237070255581329548 2533.355467908222180995 2588.475339173766315071 2703.230956753397549619 2249.832852461495349417
2536.78604402304335963 2578.324014250771142542 2408.506911523888447846 2616.484520022911965498 2964.294992508079758409
2398.674079061779593758 NaN NaN NaN NaN
NaN NaN NaN NaN NaN
NaN NaN NaN NaN NaN
NaN
