NaN NaN NaN NaN NaN
NaN 2086.955320354546529416 1740.148526462885229193 1864.553794484112131613 1642.601160471641151162
2143.908227541885025857 1986.10426733372378294 1973.486673977830150761 2045.684299962272916673 2178.617689653224260837
1924.140802200488224116 1897.148038442046299679 1845.429306085653706759 1849.709506094799280618 1915.446290894831690821
1873.838843145447981442 2210.826923074726892082 2236.065186691743292613 1571.857578255009684653 2613.841357827075171372
2143.656413646559940389 1969.305651429340969116 2760.951593701798174152 2758.936385642197365087 1644.361032975751186314
2400.031928023767250124 1812.80907926357872384 1761.585910015753142943 1544.538097923722261839 1715.585033952303319893
1893.863342912676671403 1837.537299369280390238 1500.67654932155141978 2326.42965116028653938 2111.713215488054174784
1995.488778971290003028 1991.864670660092770049 2362.133617202707227989 2112.935915214979559096 2548.256668666055702488
1854.372965415455382754 2151.526269303345088701 2227.000612244013609597 2412.515342988585416606 2221.389876740150157275
2359.238431927640704089 2285.359744861856597709 2116.158015647295997042 1985.053337174467969817 2300.309447641736824153
2445.18812770378372079 2466.121610296210747038 2030.78332452451422796 1671.27488075888277308 2064.097985669205172599
2722.182675905472478917 1949.049763273872486025 2000.782353328203271303 2815.126917973646413884 1882.856405526920298144
1618.208751833518135754 NaN NaN NaN NaN
NaN NaN NaN 2086.093647927885285753 2145.682149502279116859
2292.775021206105520832 2060.331915045650021057 2699.733340322664389532 2538.273443217396561522 3577.729861076846191281
3005.784576757735067076 2727.430569817689047341 2613.712601830212861387 2134.756696255162751186 2065.503920824511169485
2783.274636186456973519 3575.746559398133740615 2204.72493930107111737 2756.395834757745433308 2016.833922055320499567
2564.454035924668460211 2854.331257009966975602 2113.044920322711277549 1654.382111636388344778 2222.975451312598124787
1395.415908700401132592 1782.443526754722142869 1478.097648423827422448 2052.974058049253471836 1778.3961830444586667
1723.329875496089698572 1798.564902619012627838 1455.07530924031698305 2475.200344589782616822 1645.231563211029879312
2083.202739190100601263 1849.281250033987589632 1583.225961407166323625 1968.496843902730461195 2327.067457715198543156
2544.27286225273837772 2653.514482551677701849 1644.518617253323554905 1961.644950936265558994 1910.32051727312773437
1656.003692198456064943 2954.581397072688560002 2356.336509243846194295 2011.738656475307152505 1926.006681335341227168
1875.832640615511081705 2154.397023561524292745 1972.856260954242770822 2724.473737652075669757 2215.011121990320134501
1620.772619761754413048 1911.220612914525645465 2809.765369342740086722 2257.633258920488970034 1931.909692886707716752
2889.410460655154565757 NaN NaN NaN NaN
NaN NaN NaN 1172.497455553120971672 3254.969894109325196041
1761.578866677658425033 2702.700221700903966848 3137.182603753210969444 3224.969601612507631216 2448.157036705294558487
2679.328191062507812603 1768.421357851844959441 2301.43935796743062383 2205.298341508545490797 2737.603054428798714071
2286.611362620015825087 2875.376286190461996739 2999.900695220932448137 2779.39529147739540349 2133.059359657882851025
3352.556643328005520743 1965.751725776957982816 2108.812993668756462284 2350.395358730759198806 3112.405694575756115228
2765.152135729949804954 2635.263486829660450894 2428.576142660867390077 2589.076869865718435904 2566.899178710867545306
1854.588739352930360837 3215.357768935660715215 2770.694826129549255711 2016.545794459817443567 2429.669385394232449471
2539.443885606456206006 2878.826722567097476713 2194.800542565870273393 2158.785692559699782578 2226.400290216331995907
1881.683704954722543334 3172.601740648772192799 2393.431348386288846086 3302.334367094081699179 1812.620620980495004915
1759.167707818099415817 3592.408097912721132161 3426.486912696437684644 3116.495814853279171075 2605.598381747519397322
2035.242807257735421445 2235.606460751501799677 2232.044943070973204158 2314.855536107955231273 2330.547031944275204296
1829.947706322242765964 1989.28194732308793391 1903.14599645609723666 2163.786046385087047383 2160.316372871015119017
2570.117601233474943001 2297.650091253854952811 2408.066623382729630976 NaN NaN
NaN NaN NaN NaN NaN
2068.591957182482929056 1861.643616255731330966 1986.322405946108574426 2078.139630278089043713 1772.853259188746733344
1686.895733471292032846 1697.986179662894755893 1621.47720072805577729 1576.508512497635138061 2203.673843108772416599
2498.181889907009917806 2291.199687487192022672 1951.981723688004194628 2570.717576087873567303 1825.989737040958743819
2349.441643370286328718 2969.314103118794264446 2450.460751509707733931 1783.919763042027170741 2208.81483872440048799
2174.551875675326755299 3113.042446011588253896 1998.314396427262408906 1231.70085147932104519 2269.555473988717494649
1934.504627907033636802 1816.093465945061097955 2008.522093712164860335 2296.732596026404735312 2231.328667183934157947
1487.468897136571740702 2870.057858887346355914 2719.37258426745847828 2784.582794555152304383 2386.765178827302861464
2649.030036234032195352 1850.673294250068920519 2327.517838285064044612 2494.287526337296185375 1676.231290749097297521
2406.542302835236114333 2093.554508865126081218 1757.081364634067767838 3359.193426117271883413 3223.852332752634993085
2145.380607576369129674 2186.542674593921219639 2560.152445132157026819 3202.814642139964689704 1870.096347288374772688
1773.082113388327570647 2100.073383676593493874 2104.439016462639756355 2001.509632928810333397 3205.001061726015450404
2374.145390500669236644 2961.697951373952946597 NaN NaN NaN
NaN NaN NaN NaN 1310.389572381006473734
1324.903153749074590451 1469.524272552546790394 1336.008910003568871616 1310.920874494263671295 1498.844020288273668484
1967.597543053876051999 1775.749980975024755026 1863.209562333566282177 1610.054366828865795469 1720.519995387202015991
1728.785071476806024293 1735.021456993819583658 1921.908035733495125896 1615.054887772993424733 2040.587494440396540085
2480.328607216873933794 1836.138225807770595566 1877.517203817032395818 2172.419916632635249698 3086.26657807716901516
2463.794714385619499808 2231.13262082748406101 1488.240044824226288256 2376.515441053542872396 2188.955316863530242699
3211.971813983454921981 2849.241129122997790546 2615.986314387116635771 2626.106998881407434965 2475.75531280097175113
1953.072755446916744404 2048.905148378776175377 2083.882097575220086583 1560.280730640236924955 2695.07008231395684561
3010.804755127859607455 2762.498295203224188299 2513.389437202170483943 2892.261134699624562927 2354.035415878548519686
2381.4705492311099988 2044.997418192793702474 2944.388535998937641125 2249.733104259696574445 3174.999865259771922865
2422.869956118024219904 3664.497517946083462448 2668.543374074233724969 2684.826458678944163694 2909.997997823628793412
1756.872303851553624554 1619.695742220673537304 1711.527522791448973294 2328.126881412267721316 2214.951297435020478588
2093.278032091650402435 2191.120574727076018462 1917.586823241555521236 1704.177261523210518135 NaN
NaN NaN NaN NaN NaN
NaN 2687.640281179486919427 1357.191823279667460156 1943.394013776862720988 2027.371462433696706285
2114.087710101625361858 2254.327640167713525443 1482.329071542967540154 2476.52205480183738473 2009.764496027977656922
2173.831730011735089647 2802.144699726752605784 1542.463129988323089492 2377.907368130184750044 2896.391399373781950999
2326.16794251127203097 2221.76972816924808285 1652.892380692395818187 3115.401139945292470657 2691.583537451335359947
1798.300878683452765472 2127.343377259830504045 1750.620815452351507702 1903.910910288703007609 1822.655000725681929907
2155.537477533403034613 2142.842663699399054167 2132.574409548414678284 2191.156656604384806997 1932.838422846976072833
2267.625629051650776091 2435.168081725480988098 2164.795288910104773095 2023.351900862382535706 1996.789505563504462771
1955.02645362015664432 2189.331338786887954484 1889.501464902243696997 2008.151883164945047611 2369.348478774030809291
1879.003335530471531456 1932.525996530651354988 2605.034702826133980125 1831.873105957115740239 1921.044998915672977091
2622.337779000540649577 1559.128544417895909646 1848.005177932219567083 2228.40548361053561166 1430.510583470220353774
1407.792425213838441778 1483.139231086546260485 1632.985752616290938022 1580.95231074058960985 1795.299219141609682993
2168.313885134814881894 2323.043866474512924469 1754.606779644787593497 2340.18769630180167951 1920.873031964812525985
1718.74871202995495878 NaN NaN NaN NaN
NaN NaN NaN 2541.713217691969020962 2461.697773881146076747
2579.141033735320888809 2829.276359168051385495 2128.817280448014571448 1743.109383599206921645 1564.6351609982325499
1517.81591631526407582 1775.861023981497964996 2196.423237873666039377 2352.458659422307391651 2402.782888397390252067
1990.552449801475404456 2255.677470938328497141 1824.741032463891542648 1937.469204521653182383 1745.885350102625125146
1965.42283260911221987 1675.304591708005318651 2319.556599902535708679 2147.681784334205076448 1608.020506029103216861
2321.73599613892747584 2611.894817184633666329 1654.564451936043724345 1577.768308219659502356 1890.810868804449683012
1820.439077375538317938 1619.147664669277673966 1756.303119802973014885 1738.027546146513031999 1626.763637119051281843
1934.911429197230290811 1826.5103689093380126 1888.683423888415973124 2132.182678307807691453 1834.653922791729883102
2370.1765496364714636 2221.037735494704975281 1978.144939171220812568 2303.500540354309123359 2320.371678745058488857
2511.922932113510796626 2183.978521092034043249 1799.161397895628169863 2241.979641731512401748 2280.076413288405092317
2241.839537366641707195 1841.462907145273902643 2005.86509985006387069 1947.488046844467817209 1695.823941271259172936
2089.944156837862465181 2146.769781995754783566 1954.142279368383697147 2449.98391570406010942 2506.297304763420925156
2278.564022151462722832 2157.315974698796253506 1985.962383784744133663 NaN NaN
NaN NaN NaN NaN NaN
2251.787385075495876663 2653.911441563758671691 1668.872166811726174274 1939.089737759154786545 2589.379971350647338113
2357.394866703640673222 1894.579315764193097493 2294.411445833222387591 1661.000871643464051886 2089.014779568311951152
2034.296120527519860843 2064.200912185704964941 2110.879380335044515959 2088.825471385446235217 2058.686667735096307297
2181.354538765343022533 1656.809875953332266363 1970.425889066583749809 1961.824918732256946896 2679.689538491928942676
2177.680342643101084832 1955.885803632801071217 1510.736469334699904721 2050.962905824011613731 2026.706673589749470921
2668.297811468065447116 1998.450652970641840511 1501.58039917849282574 1487.107802132200276901 2264.028924511854711454
1790.224158036965263818 2159.321753563202037185 2172.811549726837711205 1699.288133580247404097 2374.937941846909779997
2475.851118930993379763 1772.802633204393259803 2163.200289556453753903 2154.624585774212391698 2477.273114412550512498
1405.29143981367633387 2681.443699043022661499 1668.107901951066651236 1691.932515325803024098 1777.953692171307466197
1884.145830375396371892 1530.282357780460642971 2090.461822980501892744 1888.840757134169280107 2048.846689111803243577
1885.958970637814672955 1405.402554154220752025 1983.069424428420234108 2288.479251285948976147 1569.803233873913313801
1725.297553833813935853 NaN NaN NaN NaN
NaN NaN NaN 2312.099767309999606368 2132.070290389456204139
2610.946453812615800416 3327.87205886634228591 3127.86064881224592682 2801.816884193455280183 1243.866220437207402938
3194.111734532826631039 2852.047349600845791429 1943.322816645970078753 2277.773510574665579043 2969.797005889683532587
2296.225127086552220135 2754.237517346823096887 2907.512949726314673171 2474.413351419248101593 1165.014635607149330099
2599.780425207876760396 2133.36071570581952983 1996.059846435242207008 1806.194356120004158583 1901.003188582018310626
1502.968697026605013889 1669.024084934116899603 2377.693055548492338858 1777.609439956934011207 2269.17640551756539935
2043.488244967476475722 2147.057591610604958987 2204.004027366142054234 1431.096952368512575049 2065.248662024202076282
2436.838468254154577153 3098.962051777223223326 2495.183322081825281202 2454.965374360861005698 2744.005227295094300644
2199.09804039326718339 2250.089195120844578923 2045.962721515232487945 2993.732726683381770272 2386.555374909478814516
2267.992712497888533107 3052.995909806936197128 2526.745317411279302178 2449.125996017884972389 2043.695048124354570973
2807.26533762653980375 2493.994330162544429186 2196.077276305754367058 1757.156302425157491598 3394.668617851232284011
2573.053469959787435073 1962.231797370492586197 2914.984366404559750663 2739.172582316755779175 2483.669276924053974653
2022.358963177229497887 1907.188390683141506088 2805.590666994699404313 NaN NaN
NaN NaN NaN NaN NaN
2178.125073632115800137 2100.311898865903913247 2084.144250103957801912 2417.994724603909162397 2213.865967245095816907
1862.628582549471275343 1871.084468024993839208 2236.872862093130606809 2010.177966485357046622 1826.934623702009503177
2190.498704803083455772 1922.01895401532260621 2597.823243323424321716 3167.500538161494660017 1906.790675075829312846
1967.465045294050696612 2743.606701345005149051 2458.294629539691413811 1320.802833485438668504 2205.208087811615314422
2159.352327918521496031 1404.278651742523607027 2051.752312489933046891 2098.462033592237730772 2073.752282741152612289
2023.890929198591038585 1965.234780551722451492 2200.698332599247805774 2227.075865340801556158 2004.612564090995874722
1397.710876033248268868 1979.083453660133955054 1817.088685925178424441 1674.726894050362943744 1979.806945174843122004
2212.780115829445549025 2630.601674712333533535 2178.009193410328407481 1679.627426474530466294 1541.156350379910918491
2177.543320441363448481 2270.729441828615563281 2351.118618734293249872 1906.063515644707877073 2582.459919251187784539
1678.138236045565463428 1774.702021183332362853 1823.889834948131237979 1737.208072358765093668 2524.584174880756108905
2072.857890719530587376 2266.511304952603040874 1875.583136267378677076 2139.977065037166084949 2043.514441573413478181
1739.967510057748995678 1825.652508671082614455 1957.472822138752917454 2069.055827344855515548 2049.198243531041043752
NaN NaN NaN NaN NaN
NaN NaN 3633.633916017960928002 2515.94876631443412407 1829.451260053880787382
1987.596860930331331474 1520.031492888089132975 1271.667728070988232503 1429.809364891563291167 2021.474645515503198112
1870.317242403189538891 1931.046734859472508106 1940.765320172756673855 1797.015089830527813319 1821.32229955510479158
2828.182487927106194547 2669.955202145345992903 2244.405507381421557511 2367.683615272197130253 2502.348838990342301258
2868.057037975308503519 2652.659431111355388566 2445.13752070053396892 1871.904453729236820436 2854.306511538919949089
2573.185771156686314498 2673.871465094494851655 2478.132408759322061087 2721.589775985536562075 2122.5074130083817181
1392.95187322737501745 2037.560628597578897825 2351.274403879630426673 1753.034638499559605407 1581.250969899726896983
2160.758983280903521518 2414.654688464249829849 1986.566645302543292928 1731.932745965213371164 2458.361084649686745252
1564.70423408126907816 2166.809194099698288483 2326.812882672124032979 2097.496501586666909134 1588.499220830419289996
2639.28036983488345868 2930.014389811882665526 2402.907902171030400496 1763.12799959072594902 1794.255870306144743154
1933.120977538239003479 2677.659708760486864776 1521.030260168723543757 2057.870880265342293569 1427.616656934738102791
2129.516124519256209169 2119.221881825514174125 2159.65688900075156198 1715.016438734273606315 1997.354824216479300958
NaN NaN NaN NaN NaN
NaN NaN 3021.657144579965461162 2428.848088729695973598 2431.530587261988330283
2237.540911723842327774 2276.808646248969580483 1957.025265587531293932 1786.628086934557586574 2221.53645690081293651
2057.500399775563437288 1652.63735255713800143 1958.528096030611322931 1592.119557056010080487 1849.37670004649294242
1909.427412103061897142 1314.829514665555734609 2300.188913365981534298 2062.921465082777103817 2324.617482017042675579
2411.171877589755695226 2502.582816428141995857 1444.671057345338567757 1764.16265036896197671 1917.228832514633268147
1852.694407155256612896 1847.509559684939176805 2338.766510986743469402 2018.11036899138116496 1548.981617875475421897
1500.442284948130463818 1962.370551317646231837 1968.959814549451039056 1883.363598032247182346 2196.437807981910736999
2069.755358302005788573 2241.266274321794298885 2445.060438492098455754 2604.342238424851529999 1828.867546602401716882
2170.550829059964598855 1958.651255759940795542 1875.943124243348620439 1918.497957969397020861 1785.095345909400748496
2615.229514287917027104 NaN NaN NaN NaN
NaN NaN NaN NaN NaN
NaN NaN NaN NaN NaN
NaN
