0.1123506797181084565507 0.07210103893660932405929 0.06956093743238719873112 0.02291235615848825554752 0.1055529798425504511838
0.0713188355129143608524 0.06901114031658109326806 0.07441762839099652637742 0.1602898256523807574148 0.1333269931172570421651
0.1224308145282220761096 0.06972192878699622065053 0.1080491936471968672517 0.1320533600689195175004 0.1140756606239079901099
0.138915084069360511565 0.06565634935239973712928 0.1130753342014584467146 0.1558726201689841217579 0.1271373238185323495397
0.1063422726481150631939 0.09889036129896007498719 0.1296763261919761101026 0.138245839767080574978 0.1263926683462116284939
0.07926648457118262713905 0.2044069293022970634777 0.1748781734690697253765 0.1783108197016086693409 0.1509654437391927117584
0.1449398722417999663126 0.121557753236221741111 0.1802491896508398028232 0.1349171498768742816221 0.1610574966147777786762
0.1187851903562637256861 0.113834013999201608125 0.1396316293563858446092 0.2098348698679988744153 0.1826277856567241342223
0.1386102519422048595654 0.1406012276083637990709 0.1313392849433360487499 0.2014994109148952050603 0.1578555470819547335015
0.1728907283494003077617 0.1652515641632659182392 0.08470760674898951403389 0.1944889490577616508737 0.1511090889894633748636
0.1641594987317378240288 0.1840296635316657214432 0.2205648153756596674402 0.149054981093993316188 0.1613246137458998474834
0.1904125087863404452992 0.172927091923768844195 0.1904061259143698114915 0.1478949289024362456768 0.19063572989902438648
0.1684761094860699470743 0.1977654766804649577594 0.2006058729118680161729 0.1571750976007161848536 0.1401532661176611571641
0.1278579561548309762031 0.180437197371031504689 0.1331509977119728627137 0.1293972202693830231279 0.1651358577803400395911
0.1516016495258611651575 0.1861923990431325615091 0.1715407879101139565492 0.1457578778664021801337 0.1591119909522411279834
0.1293114111262805565605 0.1644770476820394400352 0.1406522554481005882199 0.1436494945391969535464 0.1711228190449365360593
0.2145091453705343931269 0.1614306099502522406919 0.1855203737960604559731 0.1613395917957026193257 0.2053361803971529286894
0.1183298558131060246312 0.1612215523701524544364 0.1659820492925107859872 0.190661218850553787485 0.1766760379433290617524
0.163118649423358907935 0.1615726613356639751462 0.1645354606719711121343 0.1694577143793339346622 0.1955950398270692447422
0.215495521143231449912 0.1442024790643310072635 0.213359585360140574517 0.1995749305558578434727 0.2061560490589617600232
0.1880394431559214152294 0.143830175600878101827 0.20816264616811680499 0.2084960703619695709943 0.1622629285159514767045
0.1936767947697095593185 0.2021276817107601764256 0.1527899423344641072209 0.2117291954175534174354 0.1730806981336459049459
0.1532721614756450412287 0.2408918305348132782306 0.1629780366733518115474 0.1997083348146604653284 0.1926452385769208686117
0.1962300528274062982881 0.1763599962929195130723 0.2017260436552453239933 0.1717508867629278512812 0.2062216904437312592346
0.1711596659121535357606 0.1777290657414002383874 0.1760224014655788205008 0.2022905146987181435048 0.1950705823657163384688
0.1743591436424408447348 0.1656822587401798607676 0.1725583981570261993266 0.1784757488639783507001 0.1932924605165233233883
0.1971973842697321566142 0.1785386682322293305791 0.1620439673233284583187 0.1721714916906915415762 0.161502491121981062161
0.1879128642363780687941 0.1733223971175313071758 0.1985120893797182040075 0.1773981066956868413165 0.1828180371719798080754
0.1657457902516208947397 0.1887624431535525892922 0.1873650655213610627392 0.1588591046606012968656 0.1809921791483012909474
0.1747513148674130767368 0.2006052935732926256751 0.1815983589253565289034 0.18396716468771354136 0.1357045750681867835041
0.1898707201483986195534 0.1587693564304770710294 0.1977793968730698626057 0.1780128310470592556403 0.1901944486099226283571
0.1873924570486722174234 0.1873224690700680261646 0.1620964031946632855075 0.1875667892026623428947 0.1909462990804217108476
0.1692908847057872645525 0.1478633575341724848418 0.1952946551842191236226 0.2035319506386112087259 0.1461052246899678386249
0.1680711569585567888296 0.1779270236309547226217 0.1482873763828892743621 0.1668339361368491591264 0.1770082972496750117752
0.1953998823911145266141 0.1765393549700810804648 0.1825161329662861597889 0.1955217812241520081162 0.1721760747725414320008
0.1767630951642642223032 0.1869898872583389271007 0.1705014222746954188903 0.1821700497650067807065 0.1623177383059978828861
0.1511271100889411966861 0.1847872807918244375536 0.2257261734912745787529 0.1940822575117987502935 0.2003590551871872182943
0.213784900507361902422 0.1689046049591219345043 0.1908006686607730817418 0.1509861748230455491537 0.1977935636673156805099
0.1933949137224479641883 0.1659705401253578627152 0.1916017301539284789502 0.1772632986423354484185 0.1740730708001935467255
0.1775109509360046078363 0.1578649780042718497874 0.1943775163649608950234 0.1741865851025134193097 0.1993416838561499759841
0.1580391314540500746766 0.1975066920625281052804 0.1886143266898632209205 0.1910983122117293764308 0.1743872187400220263864
0.1674250667427468752813 0.1773885740414159750689 0.1872887307447142490879 0.1970625487715695622892 0.1930621060481305939494
0.1786399664638980699927 0.1687563442135139590849 0.190341346573470349135 0.1502802860723913835894 0.1893366206370934723413
0.1764078867781481985144 0.170440879807938816537 0.1936316314246148972966 0.2268695804797897508376 0.1748890139112968533652
0.1852070124068619927371 0.1828634929443430368057 0.2038623344062558684353 0.1847359110353572198004 0.1627835907074197674405
0.1808570683619951657839 0.1631209443728910968296 0.1554363209052765371077 0.1682965963514766460918 0.1529026408450169238762
0.1636585767584102790728 0.1714235561589753098488 0.2070018438261480853146 0.1669775315196141696195 0.1810876228906486140602
0.1743509775826040941737 0.1771762151774407823002 0.1642521186854934978072 0.2044400346850930305642 0.1776715939115077191879
0.1736629259314778350731 0.1661536777611615500749 0.1856857233301026921524 0.1899660130026190607566 0.196234417442163994183
0.2114292072762673224684 0.1644811455638234554133 0.1600570928135799375625 0.2016518014590312490864 0.207493406296134275113
0.1907490091705526247257 0.1871346352411778213298 0.1594489441022971520923 0.184354008117554313273 0.1828624387917585636387
0.1795880348047999841565 0.213376534518396110407 0.1667233811470761328799 0.1833611124533811032045 0.1790458271374675558452
0.161697258575557362148 0.190370731792741970656 0.1794861571373899122861 0.155099952534577201213 0.1729707818071456182363
0.1690090573804487739107 0.1641761773453562223146 0.1969843051852484816511 0.1956080639078217331406 0.1775813498944144031011
0.187032293731713927798 0.1577584022001153052361 0.2045650058939972593119 0.1854240392624294797574 0.1763823382756392610382
0.1863850150291563589899 0.1574051944600662611418 0.1886196267586715547004 0.1611453410847991374322 0.1711780065140940387813
0.1536961308782748003576 0.1761450066259906410693 0.1814387202078323602095 0.1935718404865827413364 0.187056754830174032378
0.1790353352972094413964 0.1743903717882557824481 0.1637455136535871658143 0.1842959033469772356373 0.1582734533167774737539
0.1635181169921507693399 0.182104716477325206947 0.1492667137774927876848 0.1708846733958522823293 0.1755934223214763723053
0.1832669268931621242569 0.1920790207647970204707 0.1845756273650619450066 0.1864239727161370874242 0.187778893355529052922
0.18695068491292521351 0.1572382595994452070265 0.1697118064201444953554 0.173794450983952242229 0.1450703133947092438039
0.1952439937479549803001 0.1450005050938099337987 0.1715091144031271053194 0.1653648447164320633984 0.19992999309011147413
0.1768797490423682783334 0.1485318738078957312432 0.1536656781921562076043 0.1567328209682438133754 0.1754709657834518099495
0.1784753500811879500798 0.1604282576676660798665 0.1801574488211593882969 0.1960923548617783673809 0.1646882829115480229021
0.1468975677878840424562 0.1314652829909864484303 0.1325973346180827072693 0.1955159393314574445277 0.1501047070760365975683
0.1962210793496927119239 0.1999496161719724329764 0.1737383789423041779987 0.1564939365529663117815 0.1901289739698513447941
0.1880326337085557464324 0.1553607880451302047931 0.131073720862523307451 0.1946996121723804928916 0.1717102820154211284542
0.15540201926006877442 0.1781278342223129307342 0.180534413806217125531 0.1736496259567492095321 0.178756509120387485634
0.1812096542712906821482 0.1647878119148340203548 0.1684005599453158030787 0.1607935139168814864252 0.1694214636485897595986
0.1555537464753087573133 0.1779750221287652867108 0.1560147812578095982694 0.1981812330740193306422 0.187358499222365443293
0.192584867283450339448 0.1830275615785561527105 0.1786538939216268939703 0.1950675625883334929345 0.1542443492428272888706
0.168275070206176546872 0.1710182862340032527992 0.1803414308437616686565 0.1995218736224157740633 0.1832083168866111277939
0.176518276499249587852 0.1831104874361524359472 0.1803093698207544059997 0.1620339969473823804602 0.1747163811130640342917
0.1707967700950453471265 0.181464676591885060164 0.198674851320505552188 0.1785958352455479236642 0.1874789592503277313451
0.1497656525215839973253 0.1915871756964128980183 0.187684549311892490131 0.1804621851963507939143 0.1661984876165227276168
0.1669944929927188459473 0.2081914433277473053252 0.1511215982099620713797 0.1960322787230129315539 0.1868276428019784718426
0.200236470119088294517 0.2000294102210454505464 0.1838041157498568056727 0.1498599354194703470178 0.1894301215537201321659
0.1840202351039291195356 0.1655202232285651053889 0.1930567609903689474393 0.1958905770097503218352 0.1776627029292779935687
0.171908970731492138917 0.1897247208635946258415 0.1881247547627881155918 0.1726133266990770853688 0.1959878975140343371208
0.1542453280635036338975 0.1972122265576537192278 0.1734268925395435756442 0.1671910083704715166419 0.1850516880510059136711
0.1924743980992164316124 0.1817199313537745664071 0.1757011581075058059831 0.1709504262200071955657 0.1858519703145110335551
0.1690242657578517326833 0.1445393700016261717689 0.1785994184033856957416 0.1956851000928547801294 0.195165576440460453167
0.1822994488881425345639 0.1783226121393519381098 0.1663543452819417622912 0.1631088372209454073758 0.1625011021840259972659
0.1848322180226897870625 0.1737930224211785834587 0.1827215697802782312653 0.1815796086286525778952 0.179572367508284286286
0.1833456923738688570946 0.1399947118274269264315 0.1616030109790227153876 0.1604665458918095310992 0.1653587606590636860382
0.1891805625087785436289 0.1522768981623144890492 0.1832770793072309167826 0.1888236731317764760529 0.2124782949293732570162
0.1402746643498656575755 0.1592608961686482194064 0.1952861149279478680807 0.173495593564572142542 0.1650378552942248222557
0.1726384454435338500211 0.1755523722077555470733 0.1754939460287940067307 0.1731453382860231871021 0.1592684619847075933041
0.1497479771889576039001 0.1643959743623401859036 0.1510490342279749709231 0.1673721069241603520705 0.1791610688116268279568
0.1771830494825444024531 0.1912133306858708470255 0.1746623949246241536137 0.1406991163313031645288 0.1848374741525520559282
0.1811381698848080756825 0.1642465313180292152406 0.2142966722731057538365 0.1624456735304547483345 0.1549649440265901678693
0.1466966837667521006416 0.1692709934069511479304 0.1673869718586032950824 0.1768018672057188322988 0.1921653775991307711024
0.158459681164400706388 0.1566649507910783112319 0.1726540377647593493826 0.1614758926694921381539 0.1374249836957314452324
0.1682293156044543380734 0.1620283078581606361901 0.1634713201052849507189 0.1886195105595890875172 0.1705035683328008921933
0.1517289984936180669006 0.1539166312879463593966 0.1704176686932318551815 0.1816393149800504536184 0.182364068051267702586
0.1536375306862515222051 0.170905539810485646024 0.1550759443108582213977 0.146075599555751889369 0.1637298868634995130389
0.1533271526327404932211 0.169233073358628860472 0.1780344307854774821287 0.1640460600321931583512 0.1844457062613578113286
0.1695699021658829963588 0.1831585371214337898405 0.1775650583927649017735 0.1618775129598881978854 0.1709975353104980777541
0.1322295888612890490954 0.1639488598864486390561 0.1680193969885364624339 0.1456673305792683392745 0.173325205777564883558
0.1489618779362988365556 0.1692650763519155665549 0.1819030134162484546589 0.1562206784435711814929 0.1854915185885089579099
0.16491476985569542002 0.1742866324345154482867 0.158930017944287765852 0.1838449893738640650298 0.1576172342408118098867
0.1453218519958249799195 0.1729341588944122432014 0.1295248983693227384784 0.147564899716477959668 0.18367921403293369087
0.1909246900782156086684 0.17817966068625210041 0.1664839950038331795046 0.1618083744061237505552 0.1528508571877699173669
0.1544784793971716030381 0.16983008469955784836 0.1696517154067357924241 0.1651646511067705047626 0.1558468917178255086498
0.1595452875130040359952 0.1735319185997702129409 0.1601938415084490363594 0.1797195649869615108329 0.1717605692222659852231
0.1647289964581797605536 0.1499593686738494580091 0.1590594794603945316691 0.1547235986015831343821 0.1548039765399219780395
0.1525348736454010534214 0.1475384695919115529694 0.1590697769141799777781 0.1600541868399978917559 0.1376343438904594762562
0.1786797598158723077155 0.165110251083349895973 0.1654223420324577864537 0.1566326068727499631894 0.1667993489527444805898
0.1455361405000117624997 0.1490225578732481959143 0.1660238485335590041814 0.1611578479383386219848 0.165630637336282332539
0.1733439883804485659446 0.141795369766944401313 0.1524094650165139785969 0.1599508175750254945768 0.1639457193845264559862
0.1483039664508963573208 0.1544467642819123687214 0.1685574382824936989778 0.1560740535799074457657 0.1710295091798454680809
0.1592875268682378553375 0.1693565076669746038984 0.1741004982790438082585 0.1561242967317170438069 0.1794802417333236643771
0.1761656708812938121334 0.1623811600869199400776 0.176923673915898471698 0.168732757973264702045 0.1703769177970934911581
0.1494890059066110721275 0.1633102607884628076906 0.1714980605324278317703 0.1548942869848040082559 0.1694549530793688640884
0.1517866424458173546519 0.1537705450523835781773 0.1775693915446515946943 0.146367934333916344114 0.1470068405292169200216
0.1427350825923687782648 0.1683489306858279854762 0.1417471879012839608425 0.1466291874317112164938 0.1641335240569544162703
0.1968798128958283988332 0.1532337044670905867871 0.1650369074831812832294 0.141436626723780933812 0.1517706567215598156828
0.1759310071084380089346 0.1502313180963252003952 0.1764967465091503429075 0.1881389669906982919922 0.1862959149761239663334
0.1689964175911752020109 0.1812689439731769991404 0.1548903133221165018263 0.1504721854394617253092 0.153644538877725472803
0.152881364480796366756 0.1833858227098487669871 0.154990396738273417121 0.166393319976012671324 0.1639443247795117630794
0.1606116561736575520936 0.1641464603606372640865 0.1632632674560970109656 0.1659457638030896742265 0.1751898366516552729699
0.1591531318319177601417 0.1637321169676665966186 0.1645120086386667734857 0.1651932954123284669201 0.1469998593061750957744
0.1637185874376498040395 0.155446577124166512851 0.1549812525865612300446 0.172321427108229480174 0.1836366497978626222132
0.1773285961354277018298 0.1734766849792850340606 0.1654019436280388388738 0.1753589184438535952815 0.2016896486592656412284
0.128554018893590749073 0.1520837520223235761474 0.1663346896500127181096 0.1596690288353895814666 0.1574233340933914038207
0.1537100718434992741024 0.1557550317920812499306 0.1759420509193191650699 0.1630558672316310131478 0.1580347082165194372294
0.1660259591723275973685 0.1734239419601390219672 0.164515776888253889565 0.175492515665892911958 0.1523665526471346953752
0.1640437189589752098318 0.1454465307121077799479 0.1722189330047357302966 0.1772992570872462259057 0.1748234818660890088626
0.1728256117690379900509 0.1575745177425786902603 0.1438336531264472750724 0.1477866717832818366229 0.1724924612245896660134
0.1727313156781988268129 0.1547620096682612300665 0.1565468553253892003418 0.1479174218121513950663 0.1412050320125982916242
0.1714983971328517542432 0.1639020646481215426338 0.1602165199272924667184 0.1439953245409980597813 0.1488983483696511567196
0.1781093438537905970787 0.150656728755116625651 0.1584714114386282513003 0.1403822473479305332766 0.1637246938537030849226
0.1355869974974545921764 0.155694287953616089526 0.1345999679852158681381 0.1534251910681165287365 0.1427205953268356752872
0.1580753328609269259264 0.1552893488458295112586 0.1536487858877069179186 0.1611304584234411474419 0.1702311238306421226074
0.1558261810638750799463 0.1527522385134872651147 0.1343065998784711556624 0.1539907768398220133665 0.1526268561508629661994
0.1791226054041641646553 0.1391530651442598742751 0.1532959070693414305175 0.1526983370119587291036 0.1430818527025831676802
0.1571999912969195001278 0.1452826050074648434052 0.1414696685636225859106 0.1595404876744003219713 0.1373474025002600074075
0.1463812728829946008258 0.1597592635369818880875 0.1725221100886851766099 0.1302759980780966719838
