0.1243568123162197697207 0.1578623305604250903755 0.1540864146713891158491 0.1406594867152773375985 0.1874226043270632857674
0.1864779283225005690472 0.1295458612106865636804 0.1906436858732531436367 0.05975118229188666058027 0.08289045716152190768078
0.09691098355843094647177 0.1427840042558351230095 0.0755403755436627188935 0.05056047526459906543694 0.07981757122708510454601
0.08191649120666617822639 0.04627058547264971399837 0.1733900913979971869505 0.08070669028640005404629 0.07685867621817732420197
0.07842461466585665119666 0.1193487220017702687969 0.1222613171643197049754 0.09118836293048677987816 0.076799503610612829263
0.1342768852604841745002 0.05464866337317118849537 0.0644024567763262084652 0.06221087911723672397857 0.08843870803082005960238
0.07697591030853477567231 0.08701693111801746260969 0.1200682275589265296523 0.07211213625299697782545 0.07904276943371485453227
0.1136002348579224358049 0.08690873452699171552993 0.07664133322497254652284 0.0723183141139403101727 0.0409800671055549278754
0.07104279169902061319419 0.0789090669527328231192 0.05078445144634758517954 0.05288844345114677297781 0.0986642281919914015953
0.06723135536009582080563 0.04906787512476704082864 0.1154869715963439541495 0.06307974955210690626295 0.09097483638656031490477
0.1259003980425826563216 0.05898062266036555034709 0.02939384443910366892516 0.08745351348339332198112 0.04788483054256066628884
0.06543886306806537267455 0.04388982890129465574969 0.05042787975395358890385 0.02923606307896457756623 0.05765394691777282754064
0.03086247113653694043589 0.04662171720981968248143 0.05472365425074988271037 0.04117447144467683423086 0.05983553264716665737177
0.08522430019189930483492 0.01519535133989006157884 0.07395276311238910271761 0.05166180709764242595661 0.08473583391927141938993
0.03338390427860599141141 0.03823422120343663438424 0.03845844480483722599429 0.03301337518817192007159 0.0484921807625523920704
0.09182978919993872723992 0.04803757352979833028517 0.04417982192631687843321 0.03084668778942844039048 0.05181449044215649668566
0.03606734171209485112497 0.05512004739847649326112 0.06235459481980201723594 0.02061759464521368406809 0.02259794838990989221394
0.06796079063723842184075 0.05589231221753183237455 0.04312139599203001355532 0.03896950054239427946312 0.0425218046785156358891
0.0687813751891533375904 0.03003442789565836587573 0.06948701781779227648617 0.0398114506957186545244 0.02859424207988263411107
0.03636768008502731103215 0.03585197043766493590899 0.0368399009675282052001 0.06713100694798150580578 0.0390498526723738401123
0.04082947960388032260237 0.06297653255015654705229 0.05235851308685198629567 0.01721784368317395494397 0.0412407112976379969238
0.04504298216034594709578 0.03468321359028109923672 0.02122918193229795039145 0.04141623462412237499652 0.01887665663902269100327
0.05770918932945074547591 0.03216428070026178948071 0.05675994588530765966317 0.01693820552350903257954 0.04852192660363515569477
0.02398831627321897086436 0.06064615888603204496565 0.03209220726180378457926 0.04334397163392689905637 0.0246013491154420532725
0.04762827389939542493957 0.03845064644360880745655 0.02287076798288446843888 0.0391080694015674620867 0.03370396963547927365878
0.05303945543710260335235 0.0337215364374508358436 0.01938047293778374924322 0.05216447665059557176059 0.042769978308298123304
0.05942910474379027585545 0.02886591975879520752257 0.03670779868228445097511 0.03606571535265245403989 0.04135726370671471974205
0.03282086967997240728456 0.02995344873030740887043 0.03482576824715202801208 0.030205935436445775083 0.04628530461048664668144
0.03280787202813111730348 0.0310913727136100138948 0.02228216978875449671982 0.05759990539545534193877 0.04807528345873707947833
0.01911078357485712642116 0.02390095584090821956291 0.05524619414302391756655 0.06841479891098169174857 0.01527241620853718798156
0.03564673209655315477828 0.04983767682775821356023 0.03693423266806529492445 0.02949454610496503662032 0.03814828076182597005328
0.03849001007720541378543 0.03649684104016662211656 0.03501406092056619234754 0.04560153209136326435402 0.02613761336472720034352
0.02752838115083166767305 0.02952991956915487423152 0.0440485129930775001772 0.05808805662639116018653 0.045374752087877424922
0.03827186954627064680023 0.02264980689612038772252 0.04070119602278229192782 0.02219174512505058330381 0.03235786748010680696774
0.0273624030829305760204 0.06540312296744195397213 0.04575846627470808725135 0.03196169033048331525881 0.05202044500611975597071
0.03554879419751302838115 0.02745786904595442362575 0.05118925631233536138742 0.03160282883795294261997 0.05861903780936508073784
0.008684689524459348122787 0.05553333781254506107405 0.04136743008041642716277 0.03645535856724606976753 0.0452230544705566686603
0.04346077504006683189797 0.03720506109472353911682 0.01337193295330303850765 0.06552964574449847423576 0.06633163376391906784768
0.02595503770793206391176 0.04282836675501987960812 0.01916100677942669805454 0.02542649305851630084363 0.01655446210091723185931
0.02667084893326851502415 0.0177846122111840893032 0.03570662150431025416708 0.02297385650506852949881 0.01265742808620859416457
0.04102052435503832084063 0.02809196439116163832028 0.02572049280303770335543 0.01469136512597772441235 0.03134050248704805391453
0.02524211278311970854671 0.02079698011017704420422 0.04309879446028720001438 0.04881499499076096676431 0.05091429031997844051327
0.02861840325103681345609 0.03064957075934810273865 0.04287678748603815370721 0.02007954584674813067191 0.03367777434669470826289
0.03848556202329157099884 0.008153694434748974192995 0.0532219754938306269243 0.03132209389011667705072 0.02751027852213625002342
0.04279960456684068353939 0.02382422866118318396933 0.03347473869698643772486 0.05867770805010313200922 0.03680381473263641400884
0.02377559550846866653906 0.04546511976500078322516 0.02779588077872865645168 0.02587752603007526311374 0.02239332757241480412191
0.04390580665550806310771 0.03887330275660897532797 0.03847284138297678984797 0.05552355245864140642631 0.04081536966380332198678
0.02554516386315616380265 0.02844376182864949767493 0.01484510598581009407915 0.03882769372244784106263 0.05034774196721507333319
0.0326903428282305785757 0.00907010657670711574474 0.02894290499310397599131 0.02105056361581681204087 0.05148945714894103548032
0.0355253208792076363709 0.02858670334315423916527 0.03881880148935527158338 0.01219146873775630614267 0.01149633304194671266918
0.03467767020235865832456 0.02178127336717037079716 0.04179525018263294255938 0.02704037422611475782741 0.04009236404572714962402
0.03710265733436402674217 0.01712143218061939684005 0.01591232768440928313503 0.03957578096412849022467 0.06934687204175403463235
0.04239012925451007829381 0.03283990089320996952349 0.01755877426919939116035 0.03736950312633702253606 0.03549026718521622325575
0.02484804684248748812836 0.03321558006557612935383 0.02985052720329356770734 0.02161132019683328561732 0.03466570759149591868242
0.02825184799902377696945 0.03146888173625086299046 0.03580932249817973117567 0.02145805698059718991111 0.03820389578680644798725
0.02242845728832002644149 0.03618671224498645061507 0.02318081145967813144759 0.03437195159131681276854 0.03525899761354336220398
0.04847290809746769568722 0.02122327567612108945028 0.02726595590303953695055 0.02521827421089716317337 0.03848842263527151030811
0.04252781032464780786029 0.02427602839443141966025 0.03351494606281994748098 0.04253696987787602967757 0.02736272629477139867182
0.04384065115358104502974 0.01394477841466842948925 0.04318188069627292707819 0.0385379992616256272786 0.01795239795461023649126
0.03666211756428983808975 0.02202423997881604311733 0.04073970005901261098868 0.004339535069619191755275 0.03521807326352703604311
0.04840314508722000363949 0.02706286864796045993353 0.03053821033173169732788 0.02603662204045463501867 0.04489263581360870836168
0.02360555010656783733736 0.05069742741560261806155 0.008871073631360082423214 0.02013543931326640043511 0.03271152722256646244725
0.01860336530167177801487 0.04037162821613041879809 0.03524075969437112654248 0.01220373499266162210797 0.05692757179139634748921
0.03627453777518824251658 0.05083367073755190590489 0.02765904617179048077813 0.0520192279310127611569 0.03124629824952832729545
0.0389921230634372659174 0.05393018595532658027158 0.0250714619959667567306 0.02217802355268166242253 0.03692390259115867212625
0.03147939364647668603059 0.05025492757824367301422 0.03182134224325725013749 0.01333890030100340524932 0.05003695463736927001586
0.03743109625646455496106 0.0502291041389035450293 0.04498259512385920783073 0.02876978188443962344834 0.05828508932567216804799
0.03520485718659543267206 0.01924176914119421488714 0.02755497844773472163049 0.02873017645354422958115 0.02578765636835635838287
0.05268197368549912967817 0.03543509935989758163899 0.02476405097003658503652 0.02671169124247888687629 0.02139067570792345385211
0.03936505872231907399161 0.04992101495969437224831 0.04934936480511524503623 0.03763408836070781388061 0.03223735545740322866459
0.0445231530117780952005 0.04199593712917118470962 0.03271928999169453761153 0.01305200736840627165347 0.03749946064507043291814
0.0334683070429998216766 0.03852236302152552832601 0.01481647916890536237355 0.04222733593133862900482 0.0298890737099185739567
0.03795673611569833072465 0.0322080832302015090951 0.03627894960298626292339 0.04488867718264972356268 0.06377354852962442699482
0.04110298454994125438855 0.0278033655223884658414 0.03415385823696346495604 0.03008236887187452218706 0.03287276186144717782245
0.03690311387630757639089 0.01959670263120301056392 0.0196321586152940347203 0.0360013646732174272258 0.02982934020917357015312
0.04418267490750627662921 0.05080915418190607574234 0.04522204706345269581425 0.04384673395680017959908 0.04070102057834990710861
0.02923093748943431102738 0.04817997133046623969843 0.03385266118692027703663 0.05498603897779005822422 0.04355181827608330114021
0.01429096404326595133594 0.03969371458950762820983 0.06520262124417974813895 0.02429564484268856641713 0.02951791334981912484636
0.03014972229983116022711 0.03512539671959677423096 0.01987873931124351303823 0.01638240927006606034722 0.03470787492050021044721
0.01768361646247490481798 0.01737307983095021102216 0.02646557616830113104922 0.04182652031352440680223 0.03175576724954603385909
0.01739569202795826843855 0.02295166798427292556561 0.04740110234664338811905 0.02760967964175737449084 0.04105300233284676914014
0.05287797285553275800085 0.02802695065164953480696 0.03375737106694075284619 0.01037174077725184009879 0.03900992591062339004404
0.04813877583852782526819 0.03212096808747123138916 0.0511920404906959780611 0.03826753583313406009703 0.02535642872434190966957
0.0181533345879526381017 0.02286973075618618095328 0.03907628853379092881415 0.04557976197747952429307 0.03617945793773034296459
0.06175375733333358929666 0.05161559501231101354524 0.03072809928976574789239 0.02489793921071993543226 0.05566114476462147298008
0.02628657703001656409381 0.03276105988536669177957 0.01813533497727885454576 0.01787485473824000289933 0.02494486478807930035506
0.04109306683516673192047 0.034470369018261226568 0.0300889212797310762193 0.0270111461355163236242 0.04510073845039645756838
0.033990815377079784676 0.04213882601824366080923 0.03072534917487143926729 0.02005237740396798723497 0.04089201312332140653139
0.02594178897863818125669 0.0509227595767177965147 0.02461226489100523315279 0.02326663823463191033136 0.01553585353249918761531
0.02201725740072149606341 0.006401159367832217825245 0.03899194185052721334239 0.02697709012416098228737 0.05222742596413064430916
0.03478507653527364990032 0.03223783207180165588657 0.02248729344141402880508 0.03036618720869782572791 0.02371111394261813873352
0.05657114623211635662248 0.0343201241787594382715 0.02720425002566077832267 0.03556076748709226936773 0.02463293651297036174208
0.02934336718875979466148 0.02690091610318445791705 0.03647437714318478574338 0.04026359919001319676024 0.02991917977553483140585
0.02620967851828094261069 0.03682030550719463113385 0.03783846344288495366914 0.03069571118909961496279 0.04072486348043682230502
0.02677799464535655579733 0.03879441208920717670816 0.03260813130338362231253 0.01621713081961425814703 0.04133486421304902874718
0.04661079470580089395559 0.01984604188338760441535 0.03019405605348912322028 0.02271526477503740815145 0.03311247968589349499613
0.03472857800892498875145 0.03766145949898654088361 0.02700198660316997789632 0.01795311938791397179949 0.03296646510537604851665
0.0331926978523877994065 0.0306044680938874109899 0.01762618214023404725199 0.02256334502129511698776 0.06391284256411622344274
0.04625434507851673010537 0.02553571093605688790973 0.04011321664737581282889 0.01986045651209095846967 0.04120805361305227010327
0.03109461734526671947143 0.0232643480608916500274 0.01259140313514884104706 0.03110846902314909345755 0.02764303167651081111211
0.03657388157722679666861 0.03260553721289848744247 0.02933916164995013786676 0.02990225899061817876889 0.0534063143498999734482
0.03100497096664496174401 0.03501214712676175427886 0.03477431823054018267261 0.03790133924916541663386 0.0196423164519972312525
0.0416559822182114153355 0.02862390618874745967792 0.02800323450389432394791 0.04656199203616711440601 0.01885108239159860588074
0.024054873752139938059 0.02286481412562300225 0.006005630262467582039521 0.0265329274898385217285 0.02687107400005245630425
0.04939395902966151052915 0.02332344789335999077351 0.01224608531516263587591 0.04314893856525717913408 0.0409563239943035659052
0.02470781058185756232093 0.01197057259961177913543 0.02962951858805236080019 0.02289920230974088963261 0.04352086406461134343582
0.01965125645116439292992 0.01912382965258634104355 0.0153576405881997255648 0.02078845275492746669244 0.02492527978123099119401
0.03488397617439885356472 0.02140487894739866864269 0.01872674922809297592963 0.02407418618676180482874 0.04222049523013084171286
0.02328576293903713775868 0.0204213452638775383452 0.0453095342691209948538 0.03546854731717070940977 0.02487661028936151430546
0.01928643385421510356159 0.0293407514742602369695 0.04771628191724409939756 0.03656337099918727240322 0.04901260851295034803865
0.02377159174351279116721 0.02808078954043886910075 0.0346649614804702133064 0.03271401123656127174488 0.02955813842356051074356
0.01347691290682438529369 0.02752218174574817127764 0.0007209819011832717654958 0.03844001704615444131585 0.03549188345761664087341
0.02887122646785827626004 0.02352669596220770958928 0.03019786471149218595733 0.03423654084549603016097 0.0341264150393601334299
0.02154603776793897335073 0.02479632539380579800414 0.04887027075655635266482 0.02018799766731378328433 0.03675639937343045532403
0.02871849429280115204022 0.02942533402499265815511 0.02575131068649708435125 0.02536899794099982050066 0.03411466431176217450894
0.02150239391298715274647 0.02025115609570758354319 0.04223834935006891277975 0.02666008737370674508416 0.02021252583925220794314
0.02752137692936111948439 0.04254964194499994550869 0.02987621275584048663454 0.04446487238030991800963 0.04147759200377226090906
0.01915032210346149024738 0.02340352728510504409787 0.01949476068146696952632 0.04319258096517161055194 0.03492864484815032255494
0.04542449121262507466534 0.0196259231342821097166 0.02815775628583516362879 0.042424988373964217514 0.03937239205784878737227
0.02243624437381534081348 0.0193974773629755035953 0.02597730216114489329438 0.021852370784006664578 0.04570186493526640775231
0.01780891552337996244781 0.01123343250463552066287 0.02825039852275396806691 0.03790403419549132069122 0.02606759648057104319929
0.02735748594985218384856 0.03296421694918807987484 0.02712713916855529969197 0.01257155725878791874273 0.03981978384305302764989
0.02364113463144361035329 0.04154073260327382360879 0.04211425083592856138948 0.02992081066754318646739 0.03180103464828543807785
0.01912226660752380444364 0.02004643387008666483018 0.01840399099985700129278 0.01658936132713223488011 0.02806824386062109488726
0.03691184520709069744049 0.01812779796899805645483 0.03693644920596884928532 0.02626685756541107322204 0.02752348468661390892831
0.0288483807688504172162 0.02625979074464040649572 0.03028119673321996371818 0.0137681052428360976847 0.03618367071192956502257
0.02505230819254459020962 0.03621924921131765978677 0.02876658045308605124446 0.03796639273010277843001 0.02416924063416545781502
0.04234847845067053750956 0.03816364127575566644879 0.03409525098115553931599 0.01836733297932288330734 0.03092962134788279984776
0.0353020393440740751223 0.03802885937169034336058 0.01353991945573871681641 0.0244576262481784462155 0.03508160222385572901693
0.0306984460551961192698 0.04571396533286611191249 0.02541723461314978824155 0.02887945605471033128087 0.03062243723290501012935
0.02795141209389592068524 0.01879009548220182332368 0.02875186528876274433264 0.03145910119164319757035 0.02205713351481812176114
0.02822756983618789419777 0.03542023551513225065879 0.02744819036981357637806 0.02426289487316592510813 0.03514320830161970360406
0.04321120863117820787291 0.03054495140453082971388 0.02628914433084017510112 0.03728335534589782146453 0.0373279080961371120817
0.02607997055553270063233 0.0168963147395924592753 0.02111407505191405242773 0.02047409069179246393633 0.01822000431613057108704
0.04885717079956807679109 0.01903833406281520840286 0.01452295409659391627055 0.00590489809927383958732 0.04822279425772632577285
0.0355529602142473505344 0.02033947608340011189987 0.03462850542750324500663 0.02641776235656295018783 0.03534202623946923471632
0.0198447243883685189858 0.02709743188622987589143 0.04214952047707523630216 0.01782836623019120811384 0.02930300393274910125685
0.02955397351196227886949 0.01055478435722727661994 0.03583257192171164506878 0.02199388489542625918505
