0.04547028332254573340654 0.05567508484114949002253 0.06703632278190281568175 0.06382334862774381722961 0.07010500522065456208143
0.07101650378647685057931 0.0706490258134822163294 0.08240399095006258056717 0.08086016106553138571567 0.08590173447019970598415
0.08079877458342663021362 0.08248792523638287521592 0.08107743368003929307353 0.08773028812099258055834 0.09349099494122957432207
0.08794704686588054876051 0.08927152919195237290584 0.08747014347205976647626 0.08642654461451911018788 0.08931619332987279780145
0.08603599567625887234446 0.09118421992606259851577 0.09067251357758268626164 0.09273225328987140525516 0.09082440572252667432274
0.09273918591473201411546 0.09004299458286839363819 0.0943013302145396664633 0.09076448301907118210163 0.09397816210771404998869
0.09305441336676739672029 0.09179990668407322917943 0.08702684038365914032109 0.09056795246723069181538 0.09356697397245149205869
0.09325314449072871769708 0.09217300745063902733811 0.09272677192471165397158 0.09186430341081412709325 0.09308161958464880592068
0.09161546612740278927589 0.09668440667973018931569 0.09379564396307342455383 0.09280424170652301629758 0.09554427821432327772033
0.09790094723861619829819 0.09577079349023198684421 0.09018728066309361635078 0.09685106514773936248197 0.09417666060605463240751
0.09225370217509443193649 0.09375612800327889906349 0.09413063487544723328959 0.09562270850746337758075 0.09253642712794674096699
0.0960669042974356957032 0.09241565985714345066171 0.09430533179150533962254 0.09273214898898564373386 0.09270538205338058057592
0.09625662665989870303562 0.09551848362770844202974 0.09630792635808629875704 0.09497188251284199855817 0.0952538879741241378829
0.09661858157737869545745 0.09770700806211854438921 0.09506979386313274549281 0.09365307058678007390284 0.09563423500545278899132
0.09442116664386845936718 0.09751947070901997860481 0.09713907518657789730288 0.09590652601026829204844 0.09702130829787766752581
0.09618733606690602067069 0.09737706885047069105266 0.09691831883461654584266 0.0954735614874241550476 0.09534846848961642251652
0.09820322108062189137012 0.0956833956891794401578 0.0961710177710512204019 0.096837064790770255307 0.09660829970076362238629
0.09682873358563215404615 0.09611058337214069269283 0.09393132398199829924401 0.09460565818746270727591 0.09716563094343678985698
0.09518405723798221973464 0.09667242235397539851238 0.09660395236017604858603 0.09547817896580053365074 0.09694340304827203658178
0.09604972942211364994591 0.09713258374906767744772 0.09596132463778897503381 0.09842148053841129340391 0.09587518358834380693967
0.09543786637646758941322 0.09543044953695443977093 0.09856780688490078545794 0.09778357095639843288293 0.09715564161514346486204
0.09800283054546826688735 0.0972170329587267317839 0.09560809688914641280011 0.09688396151161299263421 0.09856293027624121738661
0.09778119517839124752445 0.09572552179835820684861 0.09689743683749013625217 0.09662570205474350915065 0.09626414194185831108008
0.09998519136017654240778 0.098668506532566396805 0.09666032755686607136347 0.09719131744861086996679 0.09750346960904149318239
0.09465074194058718803912 0.09715426531758525330318 0.09662522984917602808519 0.09593357103228217219737 0.0963193295587915915279
0.09765869965461192181433 0.09855666858005242281227 0.09837297499629774066854 0.09889536042397727155784 0.0982322989784779748712
0.09981800914090979692794 0.09692284052574072494846 0.09562054068510635052025 0.09586442041596179852725 0.09803741430179303828485
0.09710342308704884850545 0.09662985729728647277259 0.09768332353221255426323 0.09442339757332562921732 0.09756789511698203687384
0.09695739879839924968419 0.09550985136533361730127 0.09706077022987817659594 0.09881141308249755117465 0.09862050114052711702328
0.0980872435868340025733 0.09834013341245656514289 0.09667505458369417270514 0.09770430301934250605367 0.09745915842596213074511
0.09734069819069206264128 0.096098803186991335612 0.09863539664890867697533 0.09759333585031364222129 0.09455658890180242137635
0.09809541326044457498767 0.09861166241306951185663 0.09722355813486222020359 0.09804499909875522001279 0.09917057760640055064094
0.09692952608678896686545 0.0996207085607642012226 0.09901934923355676376744 0.1000841873040538426709 0.09901717603012297197473
0.09499611204331528946376 0.0980652957260378654869 0.09872697784914373497767 0.09824333671868744344291 0.1003693472486716364855
0.09838671880028371230509 0.09730952094061259827207 0.09725451767634221700298 0.09655270869881554807179 0.09907949928333995015528
0.09999469372703874425756 0.09991450469951075608055 0.09988410289403901187733 0.09636921316476369792081 0.09760222885936103986992
0.09703653701186816527002 0.09951616912184009511311 0.0986296651829118437016 0.09682759628133513762904 0.09963359762025937593766
0.0998509792199665652257 0.100901923763693307512 0.09929783670444713994385 0.101693630408756868766 0.09944042700042655946735
0.09768772892953107855885 0.1005904791805106862634 0.1011343923375577630308 0.09768875111064989624765 0.09989706204536089040324
0.09877215079662865493404 0.1009842951990716775068 0.1004799907534394826092 0.101035449869084040242 0.09673986718341570645308
0.09985787670635096202609 0.09983181573027605226756 0.09925248818579790466288 0.09826482478626642758091 0.1003711516369970579987
0.09895417724750824040036 0.09997945550206001341653 0.1007433786827594962565 0.1001229607607297955596 0.1014850385906762297861
0.09790467259503324304326 0.1010805892266060795892 0.1007889032632968140391 0.09972801142639926841316 0.09867810513715886966413
0.100061944615929959701 0.1000438200009176603622 0.09984453578995325373491 0.09806093881455042737816 0.1024052854769625930942
0.09932178270615321657999 0.1006455020502592112575 0.09927001362383273963541 0.1024856093794453693047 0.0995776458139448206186
0.1005549604052032169887 0.1001540685744092551435 0.1020264214911117961471 0.1019180153125735927011 0.09947484114852887804314
0.1007213082181481617061 0.1016734566227130709404 0.1015918635590069563079 0.103689352837937051599 0.1032760087995563125229
0.1011289115609858985101 0.1011795709366997281231 0.1010638461177171681937 0.1036566697666713304793 0.1041608240880985553067
0.1023718602751493844671 0.10342984452300253706 0.1032094652774323273459 0.1041754855517936367848 0.1032438790933932898364
0.102254609611728761176 0.09907677260883554493098 0.1029998392606691071105 0.1015104257952218202998 0.1040077921131071919669
0.1015744041543617109946 0.1025797725621770961624 0.1023171247270731609724 0.1051783771816174883895 0.1053294002846327653833
0.1003889770213468729532 0.1016195587077235312767 0.1028042586234615696217 0.1022344847782939991632 0.1031049088460137402867
0.1030186584567684832114 0.1049073017889794873225 0.1035995409040374182208 0.1026916291494305577547 0.1021729379379778951398
0.1049006339416257566066 0.1033358653149387823555 0.1040525137227739649326 0.1037149485010076949143 0.104462924916248228735
0.1024965421696557715814 0.1042185099747330173647 0.1051150618760725435896 0.1038963915902855472684 0.103962716149134451471
0.1045516075473819361807 0.1063053652647330121761 0.1062643205417523606382 0.1063784926604311315002 0.1058385168941444187674
0.1035387636959171631101 0.1029989475016463984502 0.1043087465258610985197 0.1067999170189881247284 0.1037045298652305158615
0.1039643728227934438291 0.1059064519136669740851 0.1054114584984802843737 0.1025592515337095528283 0.1048605527294672462579
0.1065354021290140645872 0.1074804535522213277954 0.1056142546689551597883 0.1057072497706676855733 0.1055225931745775863613
0.1069671552319473167847 0.1047520247313604019324 0.1058016553280330535047 0.1058740394318126443185 0.1069624000004155972565
0.1044236193713391908089 0.108224403091799939447 0.1055894236016604315065 0.1080574273995646567004 0.104571584017516344689
0.1091334503739888883711 0.1051791545044563208622 0.1062165068102795262295 0.1062863129252464566843 0.1075474194415226292243
0.1097659126123386730267 0.1051521159627076124066 0.1072696087998293162924 0.1053847179541539530456 0.1061188255022783716308
0.1067578987133441792423 0.1068316595961134457538 0.1075766919882215760795 0.1070615031356378366034 0.1074567404708724471796
0.1082339930218682438889 0.1071006653483666248849 0.1071444559912648336608 0.1091700515143311650545 0.1073850329977546202986
0.1092319555678912257335 0.1083631805187159763415 0.10875833595119635544 0.1091177605423381269389 0.1107279758786774703783
0.1078573265626456972877 0.1088211941919598330086 0.1078087351994752307593 0.1061370401604359026138 0.1078906688424977056151
0.1080535136256659672904 0.1086119906633457310452 0.1087302954232730878292 0.1116201294482317002421 0.1085126251946363501455
0.108676563982418247778 0.1083583156579475820225 0.1100825712018800722758 0.1094719171672481200508 0.1099452685774458260415
0.1088715407960816755617 0.1099678971312198078047 0.1100168583932267102332 0.1096213202408729825432 0.10978934250770562564
0.109330977989257754901 0.1074933440491883940293 0.1083382926978497251547 0.1077846400145856670116 0.1108349774508400192863
0.1083145516352621851031 0.1088735665372929373174 0.1086997498552614432876 0.1091325255313143338665 0.110168049424294769989
0.1108417385836248103548 0.1109434494003561366693 0.1091299894920872842752 0.1112507466048429649597 0.1131101983748690337217
0.1115165077372100993491 0.1130559586657014503608 0.1107646726455337460315 0.1125766404653330693408 0.1132184515567505739275
0.1108294682245217349648 0.1093759262654196984244 0.111818831891749057017 0.1123271684198633296736 0.1111030564185748609196
0.1108329104347237498152 0.1115635282168315756124 0.1119043083663296134223 0.1110731283042505068703 0.1136026818140562916204
0.1111308372427029927954 0.1121391620148199930185 0.1118420958064167552992 0.1102315863826556358029 0.1130063275999244609693
0.1110667746946481654335 0.1087522033438293594942 0.1122354247475706723325 0.1128579261816820000774 0.1121753925567274962072
0.1098832188800259318517 0.1108180302162859315329 0.1120498889236341416575 0.1114798462080912738736 0.1120885540316510498027
0.1147347037128395863537 0.113841208514819658415 0.111524957258891138645 0.1124822552612459447552 0.1128535570614603994466
0.1123552552580986962916 0.1120385665392916452188 0.1118324439085391780457 0.1122761066029365345509 0.1114364237695513737414
0.1116105382304003329486 0.1126957974838781739724 0.1130837022535697428127 0.1113161274468182915243 0.1127945716247565483004
0.1135809616590879311815 0.1132183435296258283698 0.112320341177689367318 0.1126340051964979382948 0.1148202484482796770227
0.1124945955237663802739 0.1137207111196468362069 0.1134403639634498917044 0.1149679489539507659668 0.1134029696747936716283
0.1115796812197842186043 0.111192667771395331533 0.1127622742001360839348 0.1131815981546300947658 0.1136864474752813519709
0.1122901469039886274137 0.1146895876398432989607 0.1167563328380582660104 0.1162168577641513322884 0.1146313044848847051416
0.1130781809365520307331 0.1135268443868140825215 0.1150275011031539063033 0.1162709194735662976417 0.1144090629462976571595
0.1132555748055757149917 0.1154930865879389839668 0.1147994453505658818404 0.1133880659261760071033 0.1161660427032372155942
0.1148033145956197376147 0.1135359103793257412596 0.1130680347899678667156 0.1145276800125128446872 0.1151094129655722553274
0.1142061045770467603289 0.1163382724999464795657 0.114190008934359141235 0.1165968221791829628753 0.1142698683093906902863
0.1146119759476481175797 0.1136583410453375492244 0.1148289118242627748767 0.1159325968942174628351 0.1165514147400882744021
0.1138434132287573924414 0.1125525835973764238185 0.1136900573897167560089 0.1165824026400699292561 0.1148883287296125488286
0.1163123272798432389363 0.115608042228092858239 0.1149689384040524925412 0.1163275671717981518682 0.1149776154006483808168
0.1155422762786162960147 0.1168410887543858689419 0.1143360272131692251252 0.1140740294753104233649 0.1167406139832498357389
0.117208106111347160061 0.1169678764101886037086 0.11534810112077138744 0.1170105864919165489235 0.1153475724017677395139
0.1171139649320838416191 0.1151510758898899172697 0.1138251677908822118157 0.1173833472708533942619 0.1180703053911584671232
0.1170935648772393755657 0.1146539196464074761295 0.1160757584544087894773 0.1179187366596661928897 0.1156921188430435343264
0.1176331160288573846051 0.1147798701440666119256 0.1148983454566205320013 0.1161645365826647624541 0.1148734139951396310275
0.1166351483714025277783 0.1168151744444693163061 0.1169556302033695899256 0.1163542508826702764901 0.1167568171715969854718
0.116815608988378435984 0.1176978214250096188564 0.1182996230022319017472 0.1174353899637197717887 0.1154289546383792525175
0.1162879345130749392245 0.1166064835866897908545 0.1162487198261347581818 0.1177393623544036593831 0.1150092487466108648331
0.1178823917227780904149 0.1194830267144928875878 0.1173140158634571883489 0.1165137656247196562553 0.1171572364867029397706
0.1164453485314051461863 0.1164056673969082050801 0.1163895706765131488059 0.1182509715762540825068 0.1174247021046023187196
0.1176670640704211429073 0.1179349945871549371068 0.1169880408748363020965 0.1185990828323591067539 0.1183112870930154436611
0.1164937735265748203206 0.1183098414994074171203 0.1160388117293706111699 0.1175656786892770866437 0.1189178531291657237023
0.1178383629642953955852 0.1173901343887532311427 0.1182489745310509321463 0.1185645970444633434671 0.1188147956878961991611
0.1167629994263693626877 0.1186731802982067818242 0.1187524559095293336108 0.1165927793741155515939 0.117895255766465478775
0.1199687640288962381385 0.1175091504493834676515 0.1172028298317348560253 0.1176387536357157009848 0.1196195795354039193015
0.1175113630354409632872 0.1175817137030285286503 0.1201312661480368609856 0.1174962150555235174121 0.1188173025991672848711
0.117014853962947043553 0.1192297668697185064612 0.1167226020565081123781 0.1184418245023942384275 0.1176936168560216017243
0.118678919930303702901 0.1174768794044754871564 0.1177883817410990824337 0.1178744176348813649247 0.1180320438019108048033
0.1173530764187640657026 0.1180180990774168797719 0.1186154824398530926999 0.1188202683502664197546 0.1175994171247719682905
0.1168734800162344322771 0.118951176781675410643 0.1196543072985811889675 0.1196910359663701378663 0.1188700367860792000974
0.1205510114209141225849 0.1174633183609761627464 0.1178296074689680478231 0.11791187027498264972 0.1180937330235372062504
0.1176179387124294123401 0.119461083407847473703 0.121255975815857772182 0.1171844792276528074426 0.1173812732585247237127
0.120503997109125265963 0.1174463511607285598481 0.1195381150658721414182 0.1176786795959421511037 0.1199983770338440558501
0.1188929584960833618634 0.1181237375036891246172 0.1205580426605907251592 0.1187737549520600371933 0.1190123833613584980462
0.1189880076796320657051 0.1173372018689853163442 0.117770262780993839602 0.1170624569350103005849 0.1190736705064341094396
0.1182622734709174311396 0.1182882699553696181916 0.1170632071474541485712 0.1185940097104139084871 0.1189436643947125310516
0.1183387802182304243681 0.1195022129241800901145 0.1196643402025109881315 0.1170678916335381736236 0.1205052580581184168418
0.1183753344510608956908 0.1188251843462599516288 0.1184432601980107413464 0.1194253142523717808876 0.1197245898467808183918
0.1193179705214523073087 0.120557140214286373503 0.1194584032949516649857 0.1207520063566983187231 0.1185211523460894117443
0.1182715133073564822697 0.1203766883992918174107 0.1195063121627647634293 0.1181420878588794881603 0.1201892804059864344746
0.1199572006602106499784 0.1194217437856604085988 0.1201048472240130726707 0.1199013318864773636196 0.1176548250626269637165
0.1198933924986672477919 0.1209292161882941502027 0.1195847291599204387236 0.1181323647507402790913 0.1199801831457723011454
0.1207489840439692624363 0.1207486210399582871045 0.1190599385105045177058 0.1203987244088152303023 0.1193826890117359040833
0.120001262946272765908 0.1173962790057187094428 0.118241753311142547278 0.1210483808963256080471 0.1207633193624740447492
0.1199526279983884335945 0.1179977892075862178078 0.1195677473706314303259 0.1189967904359737621567 0.1184442428157600757377
0.1188719906206886917088 0.1204647972593145682785 0.1200001481687948123867 0.1210059490894168365838 0.1196988562308882037
0.1185484358164265866753 0.1209720879351086492148 0.1193875222128677193734 0.1196611294597202113099 0.1206234414745466776431
0.1194738130127045300233 0.1197257544099422366113 0.1195046484002364739485 0.1196302322647694871272 0.1175470886840766088222
0.1196250494830134597501 0.120165850580741404019 0.1199845266816837036083 0.1192203312057170533356 0.1205150713464949729925
0.1204889674728722159802 0.1201111706401775669484 0.1200169824292635772922 0.1200828598416979198227 0.1208878971861230278151
0.1203088341432304586576 0.1203449875521286072111 0.12028623939174237778 0.1230607958582740080189 0.121227023733505995251
0.1201584440729233232981 0.1203101808725871441075 0.1162198271679326655459 0.1190363970492540196533 0.1204897865598806988574
0.1194278912828727889917 0.1202220849299539540134 0.1191191895956720120386 0.1192048203648767012997 0.1191999947282384730851
0.118875730876828580862 0.1197224210658116155814 0.11874787542785945893 0.1193619470845138225146 0.1188982419821116159886
0.1214765480081686360725 0.1180069308703085573242 0.1191000269943291167696 0.1196822528017453396432 0.1196442151403062925663
0.11925348398553275997 0.1202963851532906774944 0.1191794704894555967378 0.1204422725507843933146 0.1195740023276885000136
0.1205679623815462675473 0.1214441177907120694712 0.1205933960500459034559 0.1208433696453811989624 0.1196871314284930765126
0.1199780769036807859251 0.1220582916048631727524 0.120422120061383308709 0.119050414671823687196 0.118747266952982932775
0.1205242050354174837556 0.1203794585520727850048 0.1210057325341187262069 0.1202495455302821092403 0.1177671942648454150859
0.1202265335863495210322 0.1184639409073156984809 0.1192626416790981136451 0.1182793801152795393206
