NaN NaN NaN NaN 4.779025606400614911706
4.80098644203239199868 4.848854187455416742125 4.752506922238918463108 4.706271084042070285136 4.685205711761219582456
4.737765683723685228301 4.822477634467604801216 4.785915599526682662201 4.843383289371148592295 4.71450895074473752544
4.83544301142590082776 4.793558477177860766005 4.903154995280415207048 4.833480055043469114651 4.827844089996860432734
4.855008617464807940678 4.831204424915476636215 4.818598781267573905041 4.744971845830645129638 4.756367609437179844178
4.817607920019375100651 4.718388202187540514387 4.68221952969374211051 4.670595908215663172314 4.67340005549373227467
4.677466873317150053424 4.81507073950702402243 4.66281919623429974564 4.779653159975988607755 4.641869601826010161005
4.881271472138179134959 4.619580460826846035616 4.747351305488960448997 4.706107026596940023921 4.924989519211136368426
4.939793536785020755531 4.902379382124632201112 4.925510624257968039785 4.843302103129262015102 4.826200713732728075911
4.925178767568989535164 4.860404234195958572684 4.807557750243295124903 4.739543416233792605397 4.748854320955222974021
4.791366685695174432169 4.811594554006490831455 4.917137550271292845139 4.812626389633537726809 4.733497086803835962598
4.829765493834892176039 4.880680072474286035344 4.761564960180077576979 4.725004598274767708688 4.642483093898533752508
4.704388178071254422719 4.789302776206610268162 4.81497170896522064254 4.826262586522922504173 4.843680734399534060231
4.635492276165769531815 NaN NaN NaN NaN
NaN 4.628141236278135117743 4.672886145214599551423 4.703626343685222366275 4.595419195464768513659
4.738016692535647500506 4.474160050297523838481 4.620914980866835719553 4.459316228505295853779 4.5687988306648117387
4.603812800614650591058 4.64257092015436523269 4.520371951608231242403 4.575659213478473930081 4.555257253886851209757
4.539712358044408091473 4.626709647673966863124 4.459535525856826332358 4.441667906775491836413 4.500248116150371124888
4.675818414192274730112 4.534587645719316384429 4.762568228443779361214 4.504719337244101673434 4.742708711717356528936
4.828524193199489111805 4.693141337029036463946 4.773573642569856723128 4.752787656229785717699 4.749882224812033371109
4.760827455900487947815 4.805216580966016337584 4.773586447466794169259 4.728097808789295974918 4.711744797032586973273
4.707890280438708607846 4.768559585811290801871 4.571816637590521814616 4.661365838964719010562 4.761609591202392799403
4.694684936444800449351 4.814987898244976527451 4.730481091721930653193 4.743898010591144576154 4.705111462436630809236
4.88336692136854644275 4.731868880247279030016 4.762337458515971455597 4.742357260408158303733 4.8344333569848529919
4.802416027698457767769 4.771107593882373265615 4.767204564091755081279 4.82029598851078144861 4.867679854773649950062
4.83796232311419061034 4.79795960808551935628 4.882532767137714557748 4.846214652908740205817 4.821967377582004665726
4.773314845624237356958 NaN NaN NaN NaN
NaN 4.748211539643397038901 4.770770601812761135818 4.715333991679931280316 4.770011236340280902368
4.702744957018045290909 4.77304902795021934736 4.718321307431148525779 4.742751308638564644582 4.757584987851505076151
4.810409689888883733033 4.687942785341486562345 4.711115339934559997914 4.771418597666988503647 4.778689106630788607788
4.815171954583298941088 4.834264839807877578437 4.819660453565153268585 4.812817574105700657583 4.738220892753293611577
4.847791297483020400705 4.78204788388233659191 4.8012669254891608972 4.742832899150984715675 4.765239239851836394735
4.879946681241032813148 4.841010106627192222106 4.702657416541055290793 4.673250884861436915685 4.849089175019942743461
4.81523175327590546857 4.729889689999397184295 4.672842956126808111605 4.823808706767842124918 4.694743904247609123104
4.865974123171448617597 4.678519833306316932919 4.701539355299659384002 4.844319061392837078017 4.700111823334271576869
4.823037135406837982998 4.740454041895141301666 4.76263763603434053806 4.720519894554379369822 4.707690602091986420419
4.889457287646148841986 4.828047279406330716256 4.638307644029890930426 4.663472028741971975307 4.683305823671292777988
4.670399556832280474339 4.797037437051537622779 4.77989841914085022978 4.782017125763885267986 4.783387918848409192663
4.750366650666385304191 4.762304039715668402266 4.722918283969830710589 4.764213458920615984482 4.710487542204426780756
4.811275318533783540431 4.770834887257765721813 4.763751880182265807662 NaN NaN
NaN NaN NaN 4.546053678107251805329 4.711602795060925608084
4.511934281320772122115 4.714559332710090977514 4.41837228165165640803 4.600262094041555727131 4.528285579925412918101
4.628438665673927587818 4.664605602280694540696 4.684069548688663431335 4.586189563768860111281 4.641836017550444282165
4.84706630610142497062 4.843285580055716188497 4.764916580862214701142 4.85670631569835542507 4.785553423506206272009
4.766944982964540500348 4.857056483958076320562 4.727972288155616986671 4.711943065422200760395 4.71969861708054949645
4.799815401717872020981 4.731767262123772965765 4.764172235987636838672 4.786112605012157850126 4.831866558182698057067
4.717590870873094921478 4.638132429928269573338 4.794485111417436939973 4.70179890156957647207 4.803341614721409413846
4.789004205291696791846 4.743288474242256747004 4.746425709217701793818 4.766717311527976619345 4.80609231852466134427
4.741523957131388300468 4.744316945093155268864 4.775075174016331303051 4.782633971455164001441 4.894321239989897875944
4.809120415516020763391 4.788443648427782584065 4.763405792465425392379 4.768871358767273527235 4.914421218519642309275
4.791213783481309107515 4.675244718960321677059 4.798888668804621282504 4.65315332360843481041 4.759270544282927062341
4.826632882986412020898 4.723174810218705665932 4.632414573173989857935 4.634316248276832972408 4.926088198177971833047
4.873882291221950602278 4.87396345300880984297 NaN NaN NaN
NaN NaN 4.695282415015189059204 4.714453988023916686245 4.739821317899354902181
4.761651452683504537333 4.592774658531442177889 4.478078628742867550727 4.741000074092755589561 4.661216271517227838217
4.64394799078778586221 4.635447213981347402978 4.589778047924228943089 4.653841770312933334708 4.472830466846306585182
4.769294547779208137683 4.706646008045614060222 4.763062252202209023721 4.709423667381409828181 4.768293824518467616258
4.800605029209582319538 4.743956120580127944208 4.721383358633405080695 4.842080699836680324211 4.793834966936725727749
4.672659438870451431569 4.790301606898431430182 4.740532861981266776752 4.745910867412217903905 4.777459455246960473573
4.84386529610582972083 4.788144648948682302603 4.816584108902253191786 4.791063794357217631159 4.765142924065018270596
4.785125132558592397913 4.611083071036822467192 4.699438621773492918976 4.722273319207886288496 4.700895789842711280926
4.761275660719113567154 4.761527740006457953825 4.776942592190695613397 4.872244224861806749516 4.765026718396823568469
4.78461976579100589646 4.879782596200376687534 4.715062266649244548944 4.852045817190583143486 4.799009361756433555968
4.878845304369789914745 4.858466971579145976534 4.857286871461341526413 4.738259540166191996491 4.832071292685028218727
4.797868411725708881477 4.792040512779461636228 4.773695715623811786088 4.771624407682337754011 4.761407898501789581758
4.743163409276246689217 4.670141042744458736991 4.680203215404552530288 4.738537896812512251188 NaN
NaN NaN NaN NaN 4.705591623113265065115
4.768388088445637329471 4.783403352924056051165 4.745694178889021230816 4.831795122044535872874 4.911893137639325779276
4.714206711766087742888 4.71791044117346380915 4.658178053753033509565 4.742142987165010481476 4.778969725764270037871
4.842858401984909910709 4.812154430601490950892 4.863881119888097792625 4.85849736902981454989 4.89339484357678244919
4.904080578661541345298 4.759295519376995464711 4.747801171535920516931 4.730240033078624506402 4.87513616020880036217
4.870923865712636136038 4.731066275617456184932 4.89045554153291472943 4.858316333607336723333 4.876006486124919270253
4.819888737171731385445 4.752569978412916285038 4.756898580457112224451 4.74921153158156972296 4.753226255336947758678
4.875799062138160167024 4.855018367210960583691 4.915194297295413683457 4.716087979084749193248 4.7474080960004352292
4.630753118614122421093 4.865008515479817496896 4.743617073738191081134 4.815142780859746451938 4.797045671515209441793
4.796730046676789704918 4.754020193817302342154 4.962325964492006136197 4.726271997869355701027 4.885941144956956527778
4.74912835072415351334 4.837208777056977382358 4.83646871536132660907 4.767653712181021852246 4.751408138743068221288
4.753139368235832051823 4.812807427896554024471 4.869484591255343275407 4.747532881362874768172 4.803763191764156559316
4.753128986416702339568 4.775692933174762622173 4.86790933431488159755 4.693459361819988018283 4.694159701941519990953
4.832291015693761515593 NaN NaN NaN NaN
NaN 4.72575129098832569241 4.664177084481068824573 4.666736794770053542436 4.694046827638254981707
4.596097682918088622728 4.673958189744505276053 4.440605376941473281249 4.676689079476737731511 4.429701620151009322512
4.579455314559354839332 4.574077161961698223536 4.82137593533159236614 4.940751900869141621797 4.76953210480832634488
4.780850171206378007582 4.858650436364317037885 4.658977023696533770192 4.618888471936156925324 4.553852223095022466737
4.748000534912951486888 4.69715503281151658399 4.760299206711877673115 4.846887874855804412277 4.746478281111097707878
4.871229940667770819118 4.868129276092590274061 4.841997818541057263531 4.654749700815695945266 4.828900843312913693239
4.817160524843438373921 4.803529638469639095888 4.787936717519735374538 4.78024424731680230849 4.941695607705576698265
4.860637551912648568475 4.901607896829377253312 4.855671477840058258835 4.853797418735231516962 4.840986301481926545875
4.765131201431062279994 4.757752209565708767514 4.758324358429399048021 4.683775787260636036535 4.781464202306153765676
4.838911082547908470985 4.76011620370529620061 4.797763515196344918934 4.809869419193524286982 4.868111657139140291406
4.812098802197806612924 4.804011917579879664686 4.774742357060357100806 4.763243894489415986016 4.837846906292926796311
4.762246879415465095065 4.836416815367980959195 4.908658110215602832227 4.712275464066657093554 4.856166368969340396688
4.818281529335950885695 4.828965610844346834085 4.752569985814909081512 NaN NaN
NaN NaN NaN 4.621543141166386092777 4.73022386316832044173
4.692411878202211283906 4.75976110848794409236 4.782505191187275350728 4.734572758280966908728 4.741283184096183767053
4.759920911982445268507 4.759366094111373790554 4.749302173592966802573 4.823007055762292161205 4.761750003211013826387
4.76863456393929130428 4.732913304756652728145 4.747760244663983719704 4.762574239079463644941 4.912118491082316573682
4.861808878686314727702 4.931483978174384219528 4.835947356145809727934 4.831440136429686837971 4.758072097049517168443
4.880146612955834406478 4.735801751242478374593 4.791887364795688775132 4.752766222913305860232 4.777808161900582106796
4.746267352482442802852 4.74001243904294433662 4.852954724274797015937 4.841598736271763847583 4.773004652094060773493
4.764365183679251103399 4.721653909135660853735 4.773941832657417450037 4.675203670385961629563 4.764752928665938469521
4.862794987551487757571 4.762107220827556552933 4.838123136239676824744 4.788112747392869295027 4.783139149603817585898
4.78205400378112077675 4.844599729761264406136 4.738393272169973080565 4.769441672657023012505 4.792950218631970571437
4.672884236180237849112 4.683251826286332075711 4.648622699270958946727 4.748442039492310584592 4.672885860089689202823
4.69578460378778927975 4.497056803325363283363 4.731347878479931878815 4.652251561484365360855 4.771572513934681403214
4.812123046169774376324 NaN NaN NaN NaN
NaN 4.599108786146337557454 4.78360741944919354296 4.743950696184281667911 4.825908053164549293967
4.646727114681728387779 4.89315218258931583506 4.711090693470803891785 4.915787724609789854924 4.812476092955153106345
4.892515580747378578508 4.824714783065749301727 4.817147152074004345934 4.743265227332887690181 4.689863453510041857442
4.840087243172193964824 4.79578850847222604159 4.803594016692731116791 4.741013304328495436835 4.742049183401200629362
4.663924801300880496058 4.738013924575168012154 4.764801225636577264311 4.743191673935312380195 4.699852830429235517329
4.801439892852302548931 4.703149700567490931746 4.815977714491673111752 4.835298965364613898998 4.732062202238582315772
4.740645673436943319246 4.786191808293155602883 4.853700045656775152736 4.765726123759344901032 4.718510518758638028203
4.760461508117777462701 4.653299282777514811471 4.756429433997660716216 4.777699729744344203652 4.819925168432605211422
4.833646706341248489025 4.879035051921498222782 4.840730058392789914024 4.752935562591109608377 4.906846997804981569402
4.693187650530066257204 4.712488857625109162086 4.703095932112338672937 4.728340791829285905123 4.757817958993666884737
4.741187695762492104734 4.809291672996848454602 4.729939376283381236021 4.847868335780725068673 4.752858127595761317252
4.769316532833469679531 4.799774634239580173301 4.79823563214644899233 4.864231051261493909976 4.802773011497717625673
4.703732874862005530758 4.703303822563548841629 4.765329453550378957516 NaN NaN
NaN NaN NaN 4.018271010239184981572 4.114047568274289190526
3.982738372822373751347 4.117284289133691821405 4.013526534788234734208 3.935735686498266883149 3.956716649149166542543
3.943729126214091884606 4.274803489888309826483 3.991399532709922315377 4.293261964477223635583 4.306763355186602915126
4.100012765300169448324 4.28322826771199238749 4.292986641286358207026 4.537414379178075662935 4.549158099631964269349
4.654220569104660754078 4.725510816350493747962 4.731984402580976301067 4.770670460970197090944 4.706736010367235323315
4.693035907609180767963 4.748953309111676901466 4.663625336487149830589 4.825422880826217841843 4.873938082475458344334
4.782684317810760532552 4.757746846382352678972 4.77278028797412545714 4.666189238019512686151 4.694484556478689007974
4.795862336073160037131 4.732336554183896204506 4.90054608590791218603 4.820594539208788553708 4.77992409210823243626
4.835687401008565977634 4.779631502083304894768 4.847623728208502846826 4.649797076875789691996 4.770943094010601015498
4.749874449550807398168 4.791614844903056891212 4.791861546240379077233 4.830610730188561241505 4.737691815043277188124
4.683644869523395648514 4.745872791192541129135 4.753987592476847545697 4.710743334041126217926 4.773319040096950516272
4.760378891840445270134 4.74469632527214812967 4.752388481945970077902 4.714359802862003512303 4.746131776396506296578
4.776709867593325498092 4.700645463178239502611 4.720913574268221779562 4.671271050136052593871 4.699471297665527735887
NaN NaN NaN NaN NaN
3.212002313385858176531 3.12706097664275084469 3.065955024480483182003 3.188798860152515235455 3.041995561068529863036
3.098597252559859960286 3.008747366943364642822 3.046977165613933724586 3.009761355175984753885 3.155379906252030242086
3.308689999383691127122 3.562975753535103429215 3.499239268491561194452 4.376228189668963430847 4.023434261136153544669
4.434607450963149233303 4.179643645688014608197 4.283924739240143608754 3.22366860720285952624 3.404968305120531724128
3.082293003208055992559 3.680910974300830584838 3.581410439291567104902 3.759779623914595081402 3.705990656482217815437
3.933899861951303478236 3.96194140312069542631 4.109608846972014895016 3.984342329745699018417 3.907298883383188314866
3.987982294885670242479 3.861017365244810761737 3.74087740068765439716 3.94558693507081414964 3.679974967602433366665
4.180156590431812979602 3.938438181453317366021 4.155883145616805052214 4.211173393555901256491 3.882428446916713404846
4.144268623102239423872 4.279932624932819784647 4.222401408364861552514 4.410047751072615263013 4.520199404252815966743
4.531704629976049503171 4.622518056225746185817 4.661060479236297737771 4.670579132397228327989 4.603405026655760678977
4.714996477120607210054 4.695185046797633710014 4.479667048839596432686 4.799670704043337288169 4.784515085320959926207
4.794600908365627134344 4.766212065067693792741 4.936725183400213268214 4.822620851889879212138 4.750945389794117623694
NaN NaN NaN NaN NaN
4.766435494477706313887 4.504824286264089927556 4.50025845902921872721 4.541274772621926025806 4.671588880117173658846
4.925738322746103570182 4.512469523540831417563 4.701709481923412425886 4.738333023927014941989 4.76021071278695728779
4.859042311076044562412 4.816369329430529866443 4.715651763812659602593 4.805485571741284545055 4.727468741108681093976
4.707474069868024635355 4.784530736604843070836 4.950156265311066228207 4.722090729931215591364 4.790730381319955988317
4.740032272338483565477 4.741652101292052279291 4.751652262545171367947 4.718491083900207883062 4.655325612510456068094
4.70502841056052378832 4.707286495903268530583 4.863294360388727533007 4.901187147385124731613 4.75014179583297035947
4.751026352794118778888 4.78589139484104819644 4.740611398124221942396 4.615950638236370195955 4.921010925933098079099
4.870339334470347836259 4.890055888304670972389 4.866468335535119038582 4.773808817700276208029 4.767989500394361535029
4.875876738123445797157 4.86941495464848994601 4.869276294340634692048 4.846752732188942758285 4.85868736522771627051
4.722754629421504368736 4.794042834331059488306 NaN NaN NaN
NaN NaN NaN NaN NaN
NaN NaN NaN NaN NaN
NaN
