0.06533470582659775538481 0.2627772684140499692695 0.4047055934015801881287 0.3623829574959661070643 0.7920423465821821995547
0.7906192724033590524257 0.7439211248072755688909 0.7300185762604691763755 0.503262779681494021311 0.741851007095830072835
0.8158116038433668171237 0.1812189536182641225182 0.7507165885088552537141 -0.09490485914738103212507 0.786177256794611367674
0.7481927163228627719604 0.8000355339332679838193 0.8037079490499304812445 0.7439630222196994546735 0.7184957478682522102886
0.7716889148268717413259 0.7984294627311142589221 0.7799609528588661300219 0.6375455284037612191383 0.7437857999158581367993
0.5024518627268426129717 0.7873606157767943924952 0.691390902308785748609 0.5709681457209325738944 0.6776042920183331652595
0.7422548267711668312785 0.7998146572611709581579 0.8237851800983835293124 0.6925413323805159615532 0.8186866474716967267966
0.7072287661421589044508 0.7641936049588663459886 0.7851778380988567729304 0.7783306678189380045652 0.7550819636679401147816
0.8075388005686180425968 0.8120712526354710858456 0.7766643580486968234666 0.7141525404070776517074 0.4236210673491535572133
0.8014277722199671938341 0.8093674191000791440231 0.7822437528635602932425 0.7829618817463447344451 0.8069423672612343612087
0.7932110710112711959852 0.8025177597000804352589 0.7740877455975111454123 0.7209468880909466470541 0.8125156900178549523872
0.786522202091021416237 0.8112712663642053234625 0.7790059729585940839769 0.7855426494533471748483 0.6039182990857803190465
0.8098196105984690751356 0.8058887814838635588188 0.7464527464888984775726 0.8269932355758948805402 0.8283621735013640963174
0.7233772889804841454975 0.7468119021592766193507 0.7620765102915381117299 0.8055366782836174133209 0.7911068632203055450702
0.7739692562660492880511 0.7828632907987838063235 0.822879532930301471616 0.7930177625604455382557 0.7361048506473326646926
0.8265965390045424410204 0.8213870042862548848106 0.8023893566678166333617 0.7991051959974528884345 0.8061284854216302919738
0.8178307398562569829892 0.8044284750526220495459 0.7746904278374245889083 0.7994139182007672372876 0.7835953257092461710087
0.8300246002595856875672 0.8302960190373471771608 0.7738397507506584727111 0.8079989693867912770031 0.8060308195418612875471
0.7578454223930823907551 0.7737572425055215807888 0.7686718174413871285111 0.773782940055969037374 0.8077268264427435173758
0.8028840865577476781922 0.8301016156106905130585 0.8409981837808855331673 0.8006641893512664864829 0.7847764367249625561129
0.7754647892602001268969 0.8251931067342452852387 0.8194119319041121007885 0.8045430206936085015812 0.812176746929447190837
0.7814237843949675133004 0.8278208104219563212567 0.7689474934582798404392 0.8206172851193150874494 0.8188391805646635379645
0.8080026876046665362807 0.8048677069064893441208 0.6545259620701593394898 0.7933404595844536499882 0.7673525802394853823074
0.774920212616767911662 0.8197279381171926893046 0.7940158566659285543921 0.8216285432515236797357 0.7959662490490883035577
0.8130231604902364850318 0.7866190085581625801581 0.7870060768762897618345 0.8145239899167779906719 0.8201511810667236890282
0.7810846695958847396568 0.8217322028498670327679 0.8153255931824732183344 0.8188745110517815506412 0.8279816941681550357401
0.8187366443982747599151 0.8367716297592104890413 0.8194399234591007719075 0.8139336574054497619457 0.816060323681517374439
0.7779170056609503447476 0.7886380490459213854493 0.8029345630563611280195 0.8251085183202843120753 0.8200034172902330720234
0.8092834526483222434834 0.8230802218475055109792 0.791933930877873670795 0.8245944816800180321437 0.8086019159452508819896
0.8171213953062739232536 0.8346272685392313039898 0.8064304777769923937569 0.8068531959209112036646 0.8094066211892388951199
0.8064686014469665265025 0.8161282522887355339591 0.7813797317685938770282 0.8101214858490375370081 0.8209176282733470220165
0.755865331337474355422 0.826417630777191658531 0.7872734277228616850408 0.8242775766000896009444 0.8231845501346438664925
0.8204882382631488724201 0.8084618100059225431764 0.7941425170920249909656 0.7834106355598160487119 0.824448661899337076342
0.8265826195090546502087 0.8291949647352483410145 0.7906099647161910493054 0.8027064839412022534404 0.8087289601046285802965
0.8020700022358560055125 0.804639959795505399498 0.8052197107997018932224 0.8102198325420946201092 0.8127633724549440108476
0.8082862262796935981513 0.8177728153157225454706 0.8108434270719054870469 0.7239836875975862451327 0.7941408491368672217803
0.8059716753609456052487 0.8285695947239896108627 0.8314662659721181459105 0.8034820515494868198303 0.8175684454094142017411
0.8287671912966906306863 0.835525212860443011742 0.8418239699027753042415 0.7998364169737569584484 0.8196183287302138964492
0.8372993422297695387257 0.8107685127748990305818 0.8135339519762074811382 0.8119861095283803509304 0.7917286069912056190034
0.7985432811457199298033 0.8142290665229748869436 0.7919287507406799209164 0.8219343626062564078794 0.7978747006594006929703
0.8059064786960793425052 0.777928601069322378514 0.8159569077477432097467 0.8195389037436010548632 0.8379103829237966039045
0.8091920070331006797915 0.828964093695704118403 0.8156449324152098556695 0.8286698610672711406977 0.8130430558044418054564
0.8288434014007599603957 0.8257062241299573113196 0.7933780017303664333639 0.8245165372050382579516 0.7965849678635719133268
0.7994710504257864780442 0.8220123696476162589164 0.8150394031770485936406 0.8325349529199529419188 0.8063982659313727596739
0.8226571556004673713147 0.7893448552630910608485 0.7868731105175810203178 0.8121759732854181290662 0.8004454216792111775902
0.7824153773257905841731 0.8115260380282618424275 0.8009142896709579018122 0.806269063401237828792 0.8166659493299001093547
0.8142117406008989588528 0.8348350008371286934405 0.7967458046429465312599 0.810887235513237047968 0.7964330928876912629732
0.8026527257629816336504 0.8192714278945002481791 0.7955019799963313209545 0.8039015855907577501327 0.795241179626806737879
0.8264393656903904483713 0.7884795816585247196784 0.8084515988450970969126 0.8151911661110348150672 0.8121529466535951646833
0.8120866267402632177053 0.8057462348072256252962 0.820325361786260698338 0.7522934977075308449201 0.8057191852208663851442
0.8086897112449975555393 0.8101523907574792460196 0.7907519413804057206718 0.8121201946417736516892 0.8124682286843610823368
0.8141957491689869597096 0.7824561423705799212414 0.8197908179146914386948 0.8194885282102462031872 0.8208866216051851072422
0.8137708089255079046964 0.8212759781153742277837 0.8161090295474719980007 0.8127795436334149803415 0.8020242841579741099878
0.8197119109858735930274 0.8037280180754755587458 0.8285671195610881945015 0.8329456254359640654528 0.8017744570027517392319
0.8163206538941385481678 0.8057921993846949293427 0.7964047878272739744432 0.8118320401422056686869 0.800110167677721695334
0.8220904908899263618949 0.8088390413886857865933 0.784730345422337438599 0.8073826307611545738396 0.8067644485583215230307
0.8315486661029898307618 0.8202910637938333193731 0.8138932031311512105276 0.8119381980718078928305 0.8144366206320062806512
0.8244127215073521197652 0.8226696290332502492504 0.8015717124038052032731 0.8086310336377761087689 0.8206626477294843846622
0.7908922933944231292713 0.8305758453187841450216 0.8147686290548811216539 0.7944804179080641182153 0.8132953722472868740567
0.8188698515134884559075 0.8153821688688300817205 0.8140952819283775454551 0.7993964210441645290572 0.8102424730237830496904
0.8040687033564859476087 0.8020587021618008627399 0.818236975171419023134 0.7978094194539588901449 0.7956841262930858249547
0.806285607029564865833 0.8280770152140360940152 0.7995032773633997669194 0.8119047801119222418365 0.8074569638844915075993
0.8076386834680682191845 0.8032190710010039813582 0.8045648784802249542381 0.7857136789145089394992 0.8019245591363260983186
0.8301084054001179879378 0.8328519071370291682044 0.8291187329316349607922 0.814395562377341786231 0.8207438765104897449021
0.8115029239969241414698 0.7865585533923238337195 0.8287206853774516934763 0.8170474032543862952238 0.8194772739376315895399
0.7905304368863497188613 0.795287501768334625929 0.8113058091014456740808 0.8055416044115314422314 0.8163488327359116336623
0.8167964308012802820969 0.8151457797679221295439 0.813318432738357355305 0.7995916778291777271548 0.8308773931941566548431
0.8024934645143141365153 0.8356195142942817177811 0.7959712163827633579771 0.8249517504274844759138 0.7933028781240444304856
0.8112742881478821610486 0.7869899041955557006389 0.7900153082313069452525 0.8049231230300561978908 0.7949465909564740195847
0.8075085790670318841578 0.8106083354983698585627 0.8115842666213950451493 0.8106047943511149878049 0.8138185840341960464173
0.7961689607093989096143 0.7956939638530311498243 0.8288233837462816167019 0.8123262542936624530654 0.8009270288126191239542
0.8092683167695032819822 0.8159188729738793277591 0.8008287291623773507254 0.8032330102852602848884 0.8157881921770301358876
0.8120621357705271048388 0.8050392443866055680601 0.8236703645396690198766 0.8213707991870551339275 0.8097903875622075586804
0.8107862070433465850883 0.8177578381496607429213 0.8276262576036856888351 0.8034283497019234498993 0.8099161824913484464261
0.8077620293430289866166 0.820736227589134670346 0.8131996638068782479181 0.8137290384461519643367 0.7930301141702230660613
0.8033722725752731053106 0.8156313982507061854932 0.8046634745778642461289 0.8009797385761850962993 0.8011896070873530950607
0.8225586271663174464663 0.8044445989164361598966 0.8254312609992305871387 0.7934443776757907906827 0.8100464502664866950354
0.8001521866686148731773 0.8206670812824941041441 0.8027835617194560846599 0.822863087391409564475 0.8324027167550988037803
0.8187832437115036832154 0.8133442617256019246952 0.8323236419128654528521 0.8006029265469596367666 0.8175026029754774992142
0.8073410004306497134152 0.8238880190601293174169 0.8183000199363437143774 0.7929182726002694803213 0.7988245798296058630683
0.8074434450211926961316 0.8043547520695842889538 0.8060289877504043243306 0.8027824346930837462466 0.802289433646776961595
0.8106563554126244852682 0.814049743522863078482 0.7866019903709999816499 0.8234295128691889731343 0.8138308476938341806672
0.8084534660879398870748 0.8189339327865357009983 0.8073947211318881489461 0.8062574872481318433159 0.8042272603111514372998
0.8029968643849183518313 0.8302094700436726260051 0.8304146266684965249638 0.7996995684235185253286 0.8241337093061137375472
0.7969318836408233464041 0.8246647927381316467432 0.8087885394499187974304 0.806419842134641018383 0.8057283836186343028984
0.8043496788910354799995 0.7970584741986709298445 0.7912544061927668792578 0.7969876363263698193506 0.8032080446841121101897
0.7938308786470129607693 0.8092365367075229354299 0.806848381263707392641 0.8125210829430125070161 0.8102950054917287259215
0.7961573738419386314646 0.8065521941786882864633 0.8041006997284849688867 0.808889340619265984067 0.801150768320612050033
0.785557350486147942803 0.7988581625832616994742 0.8226187109098656025097 0.8073407901025233535108 0.8249155754782947491677
0.8112844656146029898025 0.8129540659378000633239 0.8020321103898644388153 0.830326911485500751553 0.8133343444518128517728
0.7854150311010126284117 0.8305153902280597577601 0.8050686204589646566276 0.8108514671224456016319 0.8127863527417089617444
0.8027460726282925618236 0.8073014442405618273924 0.8119284894815090858344 0.8023684489230595850984 0.8283834393801656759138
0.7909147719805206255828 0.8038174740315259247936 0.8185822527385705482672 0.8016877624409525227023 0.8232451803346128027528
0.8212202911990101883433 0.7988853372736358648964 0.8036924725923497714319 0.8032271085374192987061 0.8120545958318089452277
0.8026925994474192194161 0.8205744394141681885557 0.8051041151925336647466 0.799715858881436703065 0.8071923322895752095363
0.8113062113888647175486 0.8261982942311774102961 0.8241990968487428181888 0.7969812087681100720715 0.8241132701931139781237
0.8134652138387609143777 0.7943812538125804012523 0.8103402182513000928665 0.7756044208931963668263 0.7987827449545346070181
0.8133079911676538431564 0.8002396638169346765324 0.8151968365995200249685 0.804973073128157468048 0.821276001881675710159
0.8115913024651839613455 0.8020564152676784575036 0.7999297461680746623713 0.8182992159881924409959 0.8127992479960325367117
0.8127274769523855635356 0.8118073956577359640008 0.8234187934014262078009 0.8082775044894082716596 0.8010843482625502609551
0.8167370521387400383873 0.8021803768031439130226 0.8164928034055993766316 0.813131008837052582372 0.8112551828218300675744
0.8103928374741514728541 0.7958090815796345918187 0.785928845693555033769 0.7912831160282364217906 0.797462911384155148653
0.8050397088850030913321 0.8122446572615911186688 0.800913641042936164105 0.8125279054728032912536 0.8087246645719771143135
0.7957955808199971281525 0.797290045536392710801 0.8189061700986395297974 0.8078283201274454317087 0.8310177451055074104858
0.7979591216374877227224 0.7983111536607242486596 0.7966931168503678106774 0.8063157934045728225669 0.8092534747876737322159
0.7963093694383913678791 0.7981932398912300330451 0.8036409661043821817117 0.8054251454618251981898 0.8223020247878470856406
0.7927585692438108289082 0.8205682346159663964613 0.8087168998779697970392 0.8062728892925776769118 0.824289414508707518614
0.7970337675053894566091 0.8070238628457010454653 0.797473366524639404318 0.8156042843839762523928 0.8167197835708683850697
0.8052908740419464361793 0.8111969377031231775987 0.8097145656645875488877 0.7963541690386253257827 0.8098388809437507829259
0.7835312006459485001386 0.8164275100414492003509 0.8020153640345020207292 0.7861751224370575608091 0.7978600356100932211589
0.8113338501796613089212 0.8037183929247405655971 0.7974024235372749735973 0.791538737071277864743 0.8084801698915931034151
0.8094335701505328550809 0.7989275253470734527994 0.8094237989306384273291 0.8194552008050047797738 0.8226579604925708943952
0.8170256199598029400732 0.8068287818227173335828 0.8081945360906626074637 0.806125287864026152107 0.7998822435491453886058
0.8080372541245972595192 0.7907032474264884536197 0.8033723847581256682915 0.8194610335074185014648 0.8241422860217384460668
0.7975038171980841639197 0.8217520140275722528855 0.8109736457358660555172 0.814404062839463427359 0.8257453156197016586049
0.8181240992904701414545 0.798103521561899120762 0.8041150992288584875567 0.7959950933906322356748 0.8117513896411944207543
0.8004868156655374766828 0.8153555779546947102077 0.8032175795749896263231 0.8015152533773087784041 0.8073382590615033604919
0.7998490922901523303423 0.8026389945269182257803 0.8036920480307910841233 0.8055740914109678074695 0.8237848474709883461742
0.8007477684701902465036 0.8153673096452449531313 0.8157845135385098922498 0.7947157771049391250529 0.8184366524101163165028
0.8066880141449402907838 0.7964255196714884466047 0.8086723178765454767003 0.8009952757910149268028 0.8128746488845067785789
0.8138868736046077634327 0.820597786916009819258 0.7943322955229769055663 0.8074717185260251728351 0.8056844984027503597801
0.8135054541207187295271 0.8105482076203084362831 0.7915632699169112829196 0.819797741423612946754 0.7968314461559026229409
0.8034742341866746295764 0.8030994667855795299261 0.7998100647811857699665 0.8070090018768124595638 0.8121234067148171975603
0.8079316779815183258151 0.8207394070718427858679 0.8040108140291707394809 0.7903063097668441283616 0.8045693246759685335334
0.8055591438191218589537 0.7917185378353629454651 0.8108170152905334049365 0.8107984335247014895387 0.8056407496464721429419
0.8138371832257406124356 0.8208217032188092066036 0.8157353457476862468312 0.8026011494689805347846 0.808748136798983385809
0.7942066324832690593638 0.806842138518483520393 0.8049515801927598079857 0.8135925556905330147117 0.8119059986244672177946
0.7942350819160788333306 0.7960288650609556038162 0.7911762346686708191612 0.8204102131082386950567 0.8153366194333394600946
0.8174426491766623170676 0.7904662707091153484029 0.8031334998626650234499 0.791529609148500568061 0.807565422299263424577
0.8029560480230897301368 0.8058385259599135652664 0.814782161973662155674 0.8114919440045306187059 0.8146223116374903261416
0.8070982579366791087594 0.8149260087253907824945 0.8089672839439655538385 0.813277503208210905683 0.8059249823632440579146
0.7999032086449672229733 0.8057190776090329409342 0.8080254920370963933607 0.8034531723735878205872 0.8057793278163962735761
0.8191722898461736290798 0.8136399777577099090564 0.7889000921217836914678 0.8239612659314540232813 0.8141891183997926884075
0.8053730483536241102627 0.8081747190963000093689 0.8209171974239042324228 0.8363765198844227422015 0.7991970493217951387876
0.803666141367691877484 0.8033980034972721950837 0.8128216850263546566779 0.7808110186676788799787 0.7789012200048283096621
0.8042678725281244833667 0.8069747664090141103799 0.8106591254068666874133 0.8013223231780154387494 0.80989065132764159749
0.7983527995978090263662 0.8012127333204979162673 0.7990061230590899121751 0.8066994339415808346061 0.8178909689092139778666
0.799903074839154126785 0.8144871128150642514143 0.8113557895779106576839 0.8078220864022341851651 0.8103959753376940300384
0.800330379460973850847 0.8056949358581871889484 0.8048713747711034871557 0.8044997684536226989493 0.8051419388271112698163
0.8006135153695027595333 0.8168675514050324215631 0.8001399000429496588538 0.8090286543194791235578 0.8138214237043586152254
0.8166562158720057640338 0.8123170239761520194932 0.8151662290292531753977 0.8205313944561447581094 0.8025686326584523522243
0.8080138915099853713642 0.7966727174483354545487 0.8207570754782126387639 0.8100322755992767076449 0.8031404114612732403344
0.8213668316006422775999 0.817939942432814759421 0.8197124823340872223909 0.7978898383706334307419 0.4488333600471809403665
0.2078889663883353722262 0.2413163897607021046721 -0.1139794691210997412689 0.3293230802614596219868 0.4607765994299194423078
0.02175335137134845608919 0.1837409888544299652047 0.3608095340766563352553 0.8123865526101111678159 0.6043809680328261491056
0.6660510400016866894291 0.8161434205824644738669 0.8178892812255026401047 0.8223991318185439602928 0.7048524090648583539931
-0.2028451879134051671905 0.2743731662907672452789 0.7782973081418264049702 0.7038427104809725776136 0.8003960682328132847374
0.7955733084935350252209 0.7906784462979713490327 0.8167463264669115874383 0.7757195009731912005435 0.8007441002725509404669
0.6964324788130585863755 0.6103035936977626585431 0.7884056756663788689821 0.8079954674862095398424 0.8272888230251967955908
0.823039386758631086316 0.7955210599277250382855 0.8200473494973935517649 0.5101081720809924613391 0.804747585928354158824
0.7743287977617188122537 0.8190826517548087659648 0.7796739722932328753302 0.7732758390683537319532 0.8062075427067688648819
0.8121900249637004076675 0.8168835346734466540397 0.6634985337372328872974 0.8315727522446580977089 0.81298346467582249808
0.7723719388433766264157 0.8184674931556564780877 0.7453086976149904119282 0.7936421278564150805224 0.7752926344965462845948
0.807189090825081279057 0.7096853843243106085836 0.7634900379067406372968 0.5072089090898225238746 0.7866143638954380401529
0.6721988725453115209874 0.8076813094755049826645 0.8151968357335099835126 0.8166918612144026257127 0.823044446878282931479
0.6905146793105013669489 0.8045372787033848727134 0.7972593695907452815419 0.8091911324101840330414 0.7309248761862701115888
0.8206230559300546900658 0.8081942694566291995883 0.7949789084147329543129 0.8278037091174177408703 0.7976504536462472039204
0.7759160943823689704502 0.8089978147257095297817 0.8092084510192893986869 0.8032357547508810480252 0.8060952165915316047773
0.7925489460636140348626 0.7836232502363777996379 0.8102980348152690748265 0.8237987302341526207883 0.8053885463710034331442
0.8119368722651285619207 0.781457602242343840615 0.7249491542967998469749 0.8083678320924888582866 0.7630645559220955442825
0.8074756506744511508344 0.7308832231302270221462 0.8081974584693064622698 0.8049758319708755216482 0.8034001566657198445398
0.7984103864335970746069 0.8093245205350730886451 0.824959001591087592864 0.8234731058396976832725 0.8172367667013962222455
0.8192984087686795424688 0.6508848713484253201145 0.8168380918265518708665 0.7994504549696591633179 0.7360712058912262101273
0.8165511616973938346931 0.7928186944873392150157 0.7733038702741563685805 0.8057932253410127199089 0.8292592790476775999053
0.8252532184232207468355 0.7445300948441246902121 0.8183893932728366626961 0.8059956767593043913678 0.7776662907350679887486
0.7835956133774087950528 0.812782774007050901055 0.7918141995085605788773 0.8182783434598305261076 0.8253766443410822661875
0.7409032978254395107598 0.818626013788512851832 0.8203428785520788801833 0.8067892339132284318381 0.7039559357637530379037
0.8032097812205889475479 0.8193540941568875357603 0.7885291786508286104862 0.8083825319729240899136 0.8258396965273506751259
0.7953606485218375210522 0.8241653538517937915842 0.7894466182235454487781 0.7948878434378169322017 0.8031293311480520724643
0.8188272904283051545349 0.8109773634120220897614 0.7688089186922199003149 0.8166135749508618424386 0.8214296533672921230007
0.8081904262964715313089 0.7939469861427653762931 0.7872521753031699320857 0.7662851651901335658934 0.8006778800912521809607
0.7926081378086999862376 0.813668026082523310194 0.8182102906433647016016 0.8007390685670340291225 0.8171860834365697323634
0.8097892424979499237381 0.8132118119054596583339 0.8211868919348556117299 0.8146175572776674922437 0.8504246342880915632279
0.8030657662872073832006 0.8142508046876550942272 0.7925043874326384019113 0.8071430765474008062199 0.8145696658078513952006
0.8054159649358968442456 0.7896156893466633741596 0.8172806695542553789835 0.8061662948228104363935 0.8289885786469277650923
0.8134551283731437099078 0.8080067885631253554735 0.8066920136197035517966 0.8150000826447694191046 0.8047194288514092352926
0.8340056382923246580674 0.8049231583532628908628 0.827429410998270831179 0.798234638110510985598 0.8177120849230797849927
0.8143348554381321102724 0.812613392848703375293 0.828165326820042624334 0.8252681082478839913463 0.8391707425523795560451
0.7816270064613307644308 0.8009953952279087463495 0.815004314935659057717 0.8398597454787163352208 0.8209829391684682065033
0.8280459797171809688265 0.8164360952475043786691 0.7965802308449098090293 0.8026991802954496213474 0.768588562730142421664
0.8097956982674703318992 0.8089250123653367596788 0.8432800200741510376901 0.8111196868290018180403 0.8197235448210223873744
0.8179444545196772331508 0.8047127463019216886408 0.8201159606676911018042 0.833728801074253955683 0.8044138234540316734211
0.8059127779991493989442 0.7893764465207092628773 0.7976382435261279990613 0.80370000481504644263 0.8013775277600737600991
0.807964397490169017324 0.8160312965905642812459 0.8360754110624948332031 0.8139539974968942326328 0.8043989696062249228348
0.8199119146765841970037 0.809263249134496875925 0.8056891784215781671108 0.7812578533204489472652 0.8165488708072407009197
0.8272115738606052870452 0.8236071474540427317379 0.8047273626510393906841 0.8277175182612793724601 0.8218829687619977342194
0.8128794407192707627274 0.7943367878451382813054 0.8088844495976781345803 0.8329228049488023311042 0.8269765454466425635971
0.8019549546640893922245 0.8133616368339730007264 0.8118822760653224834826 0.8276626708985485025849 0.8301204704815853263611
0.8206336694585169011518 0.8246100440009034304722 0.8268711900235954370686 0.8324552083532814616973 0.8145691020807619420196
0.7965963358305009345273 0.7919671409462966105153 0.7963547340621901504676 0.8017316383121129153011 0.8119280854034396366359
0.8162892798459435717007 0.8183541944633312414936 0.771859110093370048844 0.8100459756494191587706 0.7819800364626890987196
0.8276489159604696332906 0.81325257184757260287 0.8117043224857842798059 0.8195503655339269055702 0.8121989861624010487162
0.8265672741573053539099 0.8066165035614090150773 0.8117194923022459374096 0.8018309640073931765514 0.8083410613910669839655
0.809092989618561797549 0.7915379443337711151685 0.8040221020271672847102 0.8000559957281652145866 0.8191343947170640626965
0.7968350448968780641579 0.8181643622270829974141 0.8219352344404483590168 0.8298748464264606994334 0.7999839817858385160321
0.8100535116392827417187 0.824717357594233702045 0.8193021679630380083026 0.8374313715521618517457 0.8017095146840467201343
0.8113487654019366779323 0.8050745769102649607163 0.7995223983923411825714 0.8258357865578023204733 0.8163054209615590028903
0.8007392254627500038922 0.8046203284786506149118 0.8197255299891803570489 0.8027872704393279601476 0.7841745000022217748636
0.8007808185386318111654 0.8134637654077991886226 0.8184794178054314306436 0.8090624928805378868191 0.808268358196341685229
0.8144652029693035810709 0.8073214449025041261621 0.8172603617543572340765 0.8036827211792132441559 0.8012469040714064183462
0.7950676959378426555958 0.8113367465865742866882 0.8229712575988504807967 0.8134093481220538990328 0.785460803747080826831
0.8118133246805215863517 0.8202653768383683097198 0.8011270934496913520562 0.8035122600075235155259 0.8097400832496662870241
0.8006765682170976505816 0.8129665718513513494869 0.8134715899772377856181 0.7987593252534878063287 0.7983727363058932269269
0.7969603618542805412162 0.8211521886584723928237 0.7991842783224468726999 0.8138414722932399980593 0.8291887271284583693642
0.8002865606370853646112 0.8209669785694225785377 0.7799848499123869238758 0.8143907484416279540795 0.8275747864436596712423
0.7882118675601004209597 0.8073223186576762300248 0.8187313676229522885208 0.8186648120899073788337 0.818040375996959556737
0.8062207113644848099909 0.804835059713941869397 0.7998316945447865311536 0.8262249719295735594926 0.8000958418260565307989
0.8221502317905782231122 0.8228573495815284521981 0.8231498853480401223237 0.8034845397642537134786 0.821360606461671527434
0.8244527794901403972005 0.8159977700250174992291 0.8030505202621645022276 0.79835135983280147709 0.8087488303787759846841
0.8011444286069462350497 0.8072409762397999566375 0.8072734740940255004915 0.8001620804117604013328 0.8241420327229798115098
0.8068069888441926629241 0.820123416186147480289 0.8270595267004748896156 0.8080475106502649218498 0.8224043094831104960818
0.8142233676967620681353 0.8034566517236929605872 0.8115292700135816605922 0.8181042678716057281463 0.8228655601966683441617
0.813950810220203102574 0.8222510152312539899455 0.8109603804369741597569 0.8232976368325416460792 0.7931378497682465278373
0.8170287622278702421852 0.8077097374561241771573 0.8160950620151884438158 0.8125739963296961798633 0.8235373882236468601192
0.8182467790620598924178 0.809418156106947339623 0.8327258990905869184829 0.8024561889804504577484 0.8149961309923754448903
0.8225707581118534283959 0.8170496310550463547884 0.8153148734736930247635 0.8112354817559189745779 0.8205035880403617198908
0.8027132139361624618701 0.8149615855149889842579 0.8120327525728580075892 0.8158184897059492790561 0.8149278057146812637157
0.8054975153877251825563 0.8093930385571991292792 0.8027849364077107585658 0.7980280721749687389277 0.8108914124482107244063
0.8146545362984348725988 0.8218244622536836629934 0.8249518868239917868124 0.8142020065297828068651 0.8294055182753887756064
0.7983421594942797794303 0.8022771203296259479032 0.8069031751721493783691 0.7912167044274703853191 0.8271687645811921507644
0.8129544111785661497649 0.8286872064607667676128 0.8059008890974924677053 0.8142347927463695622663 0.8143415129159030652062
0.8034826910172575553659 0.8212879914452354546128 0.8147579218224915154067 0.8082633240638096294717 0.8061258997713676155428
0.8317335874156444042171 0.8356041449175323210241 0.8104792963779474668229 0.8033058888301504163465 0.803523972003874931147
0.7901289630657362117461 0.8116314918041263037907 0.8109632242102127186456 0.7991195874017188449656 0.8023847453991946876428
0.8048050569740369253324 0.8106418502583231378011 0.8169695511908245943999 0.8079944126768024981189 0.8149743598915767384128
0.8183521737544886542892 0.7929902108113963121738 0.8099421784214351216491 0.8256100225068596643041 0.8046353598875083390496
0.7962310741593585650122 0.7959395887476276021388 0.813370101718494109555 0.8190371587588447521711 0.8117229032274410061021
0.8128232630257503643634 0.804134845251199159577 0.8076583430714338041057 0.8101861655957413033136 0.8182335139647913813121
0.8089198447139739345246 0.8011235860956167353919 0.8085707657656464597551 0.8108403859431391191848 0.8069317876838716374621
0.8022281061641580723887 0.8125600984395981996045 0.8195158179223152039583 0.8166919990410156371397 0.8104946571410728273221
0.8224025258401737037417 0.7920348540599101427873 0.8133246808387334381152 0.8170708746541508471495 0.8138992138183550606456
0.8018160439393222649329 0.8194801569644496463951 0.807423964215629341723 0.7965916548494753612886 0.8124357442437187826201
0.8128976043167789322652 0.8011043026603029693078 0.8139105983085767048735 0.7943251936376916066962 0.8219617886981854804063
0.8149977877703131756704 0.7977986707342863414993 0.8087694852987589166915 0.8153727300595615679057 0.7758757766774118103115
0.8172789688846529010391 0.7966611796614840868003 0.8137496689167169616752 0.8108607442001616316674 0.8188396316068607960759
0.8111511289141181135776 0.8111085427444609807779 0.8051942600481720724304 0.7969106124204844432413 0.7948687360661864653721
0.8102438640518481172137 0.8101942809391665667462 0.8116532635024815700575 0.8103535090374949234615 0.7969904817090850412953
0.7819200989087308206749 0.8061346624345553379953 0.8045566798524320661912 0.8131237331534196810523 0.8239885397846300474356
0.8189912234781958622065 0.819295163675226700839 0.7742200571830816224761 0.8182152331199058492572 0.7937907748847674582748
0.8088557383491901120465 0.8020048488606981162974 0.8128068590536419169013 0.8022804447629962032451 0.7960333240697321510737
0.8126656444403950185773 0.8132430093960677508491 0.8033749146183488676343 0.8067136828654100089153 0.814939567809829790157
0.7950123188774679272584 0.8292500787859627964238 0.8028522610727156783028 0.81360153016027458861 0.7907153647383099448476
0.8283712260937013960316 0.8317291361565920526644 0.8056956135084299974736 0.8145147785772135495819 0.8098786479956595618646
0.8226156437981901881074 0.8117819580463715434249 0.802391383977580918696 0.8102815484417514868554 0.8100134443195058375764
0.8051564045852480644427 0.7992592639009421517926 0.7864276981215939654746 0.8155749771034450645857 0.8252920835194480497776
0.7944259066698111659832 0.8007266164446268374988 0.8066529217460358669456 0.8222142692324028168116 0.8120045634694289526934
0.7920614600662063686798 0.811736098819068274679 0.8063730320190524158974 0.8056279833095832954015 0.8057030328610245151211
0.8124112589778299531318 0.8118613221296696602636 0.7991350197219567741413 0.818380821545480974244 0.8241104696275693974883
0.8019457869455614007492 0.8029893032682114961673 0.8070754844399979921477 0.8124276018000060606283 0.8055404627815967444349
0.8103763906207313016949 0.7919922897861847443934 0.809893378699438781787 0.8170071302941084301352 0.827200737689243181805
0.7985369724089725895766 0.8244927233866702342979 0.8078550827167939596407 0.8102381479758967719462 0.7908811904437721418404
0.8350783625766070583651 0.7985938416958019425707 0.8015456321718688048605 0.8254644963570522131491 0.8077109102969324272436
0.7983168090725181187395 0.816810298009014723597 0.8124223646244989049947 0.8227012700082281249081 0.8193771769771382995629
0.8218594979992339677466 0.7930194785995489104025 0.8075530535218949923504 0.8091210547611255021749 0.8104262106862165637722
0.8296341824551981547486 0.7877895471631385371225 0.8269835700723384697142 0.8167258502152294763476 0.8103222041801605435296
0.7991449563098912411974 0.802567166617078719959 0.8177764527986943754456 0.8098409530680363843658 0.8007355344385165274446
0.7910175446643492591647 0.8045024154014123185519 0.8011600229921861382465 0.8178804317152605918295 0.8076149985925114016538
0.8148352507451641635328 0.8068463774329095450355 0.8036106550533580472617 0.7955271590885362176238 0.8107868646915324939428
0.8120031188326036764025 0.8087613154823936056914 0.793795349358564106268 0.7954016199085536253932 0.8073206006353804697895
0.8114033080727363067552 0.8085719702071381131958 0.824549459545879104283 0.7903699368123489055193 0.8320024396497236462977
0.8146368853448903157854 0.7974177861024710489701 0.8109621467781595871571 0.7988859816766331611859 0.8130888821380765074665
0.800494390388033716377 0.8106819874187857211112 0.8020991253095844930598 0.8060432246837316849764 0.8055174726203407908898
0.8014634547171107792352 0.8136533309259424973092 0.8099561665045564851084 0.8035895915707814696205 0.8104497921489937084516
0.788241524831271300755 0.7938153200736489667477 0.8032954421412820122939 0.8252526567285494163428 0.8088837563495571147953
0.7961302459179940838041 0.8084234997540910017122 0.801944617421666450241 0.7968554957326948740004 0.80843495381284735668
0.8187396731736771293697 0.813382994618960242228 0.8019576765918601246597 0.8005891669282377831607 0.8070998886953792972321
0.827081737307767239642 0.8080018570554201584599 0.8067126746407655701887 0.8020872770211479041436 0.8052448696060597876922
0.8056696425504557002029 0.8163521520454556368307 0.8090350222836023563744 0.8118891084397973356701 0.7982412949246561195693
0.8169080633677511249502 0.8117778193752326343358 0.8145797001064726261532 0.8107875559699949663539 0.8193874985508450281557
0.8151450145730257945687 0.8026282122760800552541 0.8094612098963729351908 0.8230960923126080519552 0.8037673781105568737715
0.803792667256113868568 0.816196263387753417895 0.8005695991094449182057 0.8039401434372142052354 0.8090643999393714036472
0.80540202429490781455 0.7961481539882316882384 0.806490208813909981167 0.7884475647149957744375 0.7966961317605842918255
0.7942806757762450597937 0.7871474500563915288609 0.7940696387572374614905 0.8181440403528104088338 0.8122671923435712537653
0.8077306592550598240976 0.8040529925660631072049 0.8154105316248064783125 0.8136800366550278607036 0.8179033009306732049382
0.8090049136422350350983 0.8333976574776860157812 0.7966160756959388411502 0.7872156187643710723023 0.8031729143246176816362
0.8107470932901703619677 0.8039528141067959765564 0.8069378230999229018039 0.8036852737724322626178 0.7854620991233260962616
0.7898624857707770008375 0.8042586185769237117071 0.8106035777874730507975 0.8149713378646686878781 0.8291698755844784107794
0.7978402807173688993103 0.7967319030880283259322 0.8198316014325333078716 0.7931355961293770073794 0.8005710038131141903506
0.8092813877672325739709 0.798589406539008006547 0.8116193882951592275532 0.8095829121445924370093 0.817246813747351863455
0.8014499567786994571605 0.8146963452038068487226 0.7919488171270334664342 0.811130021419940949734 0.8197724140728976927051
0.8055471423540191411305 0.8213734866870002759853 0.787192479398343136765 0.8084386927405045053519 0.8154220689030181601353
0.8053843680485582856576 0.807715308876836179941 0.8068664001800445184642 0.8353024956892293184652 0.8004148254937867301706
0.80342840238598678404 0.8179922625528022184227 0.8040277894963110405513 0.799065295233643113626 0.8171081208367029224959
0.7954403836005603523063 0.8422492089261602865591 0.8122885884077637452805 0.7922745101787864729914 0.8179443532785579673572
0.7912762554046673946218 0.8125713101149230066511 0.7961448904988357444523 0.8102530194669858021328 0.8115268987342399986673
0.8057576666914481045012 0.7905289588791397648038 0.8069066922318389734059 0.1534678314685128108774 0.6670105124098953952583
0.2147065477825825519087 0.722045270744166356458 0.4736633066990452722855 0.5658944445116056431999 0.4970616932409463450959
0.3115362398638835128573 0.5166013269369161831079 0.2792640702804143337801 0.7110003770377228971 0.8259932383140563549873
0.8087041738068658780492 0.8138974080689547196954 0.6746847541563342209869 0.7886169650559308186288 0.3374956301796549484884
0.7773323421577348346645 0.820396122706278485559 0.8022378997066546002515 0.8282272044597510651798 0.6818072045275963555255
0.7735460706521719576045 0.7428912896850458080777 0.8145802773210684133431 0.8183525252136587546659 0.5516985751074242605441
0.7812535968909554151551 0.7610588722823358187597 0.4907705136139038915033 0.730090058432982025316 0.7947034716543036614311
0.6433648874589333876983 0.8357316694511537358281 0.7690488208053616325799 0.5919338230184310045701 0.566377360423898967845
0.8033223848331512151333 0.8193663038744549709236 0.7288609112081829710661 0.8209315824792202676008 0.7076056666993270072297
0.7465634125457569769679 0.8029872148519238139741 0.6613394918453252557811 0.7377986262554506735611 0.8126750718357713676454
0.7905140534610335389942 0.7722232091950749222065 0.8157230317893466864376 0.7071935537564256746279 0.7649607993019644780475
0.7574011874670127930642 0.8066605581472151564881 0.7885399574779121678603 0.8010897488249977271835 0.8146184501376150244312
0.804069990014470992179 0.7128820895617893338425 0.7864421990639737236606 0.7622323813971915162924 0.8316650785090060615801
0.8163724575054520649076 0.6040786808562516041476 0.8329857764661515728832 0.8007115746409637635495 0.7917448892147906924777
0.7850657418564235268121 0.791234889668794294515 0.8285659528927009631616 0.8116618629677373464304 0.8124159158576403916285
0.7710263628912208400124 0.7953150942993878480536 0.75897517284030735496 0.7971136364435864596345 0.8139293680071201242399
0.7739655584023272805183 0.8249450892485321595871 0.7171208788922495136475 0.8223254372226365127574 0.760654615835664849044
0.7929643341786667409821 0.5652914325063922440506 0.8165778915161089335228 0.8345793236129614989238 0.8115562579666880660412
0.8168127672961473795255 0.8038130232067579594712 0.813136933940884487626 0.8209813528845235630627 0.8194183391814175987378
0.816162819911000481099 0.8130022526090024959089 0.7344254186934143779908 0.8256387129463661489481 0.7944501279994411468977
0.7852783051765301891578 0.8240865645357271507265 0.8199650347363015567836 0.820792937678813561142 0.7271530046786088830046
0.8204378450886637974548 0.7890449916870199142949 0.7911652122242056606183 0.7508136330924488621719 0.772041629547646213183
0.8169667246788655523559 0.7913585859569370883904 0.8113906921351674572662 0.7991510583711588511235 0.8178951580677668031782
0.6941336955946144637863 0.7913046743201260779799 0.8086346810625609782264 0.8125881285110643226233 0.8057298573203623970329
0.8030136134294085792362 0.8040340457715957622753 0.8112981413506757943921 0.7999774774270014265909 0.8216187658824076756048
0.7498538026204905060368 0.8091249370914476157779 0.8046718769913721036602 0.8089209398073686774211 0.8110645446035569250398
0.8170661676547333884812 0.8102348653864172023376 0.8201011726942631918646 0.8012179084533216366637 0.7994477594691040689412
0.7990441103159968694314 0.8054241119954844707607 0.796605932608053124433 0.8201818002634554405361 0.8344160250951522250773
0.8139817151001131900756 0.784177294282651371482 0.6248065840903286316532 0.8046375310964620775067 0.8122299012566280840275
0.80230803016075302736 0.8114611641749647219513 0.8165234667647465194307 0.7648330486653281967691 0.8021721301898696587784
0.8018246523653218549299 0.8239490554215155304618 0.793644629352640018638 0.8047454371791600280517 0.7947964971897396591061
0.8131076399237724405822 0.8224931098529824069487 0.80695760308867336974 0.8038265664542919575197 0.8153740289426054665967
0.8246436366275176066409 0.8289048454080617522877 0.7980384421266590866395 0.831725204839811826929 0.8038617544766702982528
0.7939899010373488996706 0.8101504530491040467766 0.7966519391571981190125 0.8020411535186658946728 0.7444556980832502945944
0.8382782464391280718985 0.8125495850238620976214 0.815503791621476570306 0.8222525136030859327363 0.81184311468272440937
0.8066565715966157457117 0.8188570903502705444765 0.8012218620311313266313 0.808879930125174229083 0.8103266611931687624093
0.8032960247842760859172 0.7972821508445975258184 0.8131220656807590652093 0.8132566761370784158558 0.8243127061557680157478
0.8260759008183893303823 0.8102688951076911783034 0.7954474017797286133913 0.8120736293818735518357 0.8301490331563281532823
0.7963762574409802841302 0.8193791507127554663015 0.8221308229214491225534 0.7911998589482214239155 0.8129980610703497756475
0.8175871744391186579648 0.8196033276816400148235 0.7840046473200354970601 0.8109778310873412277004 0.8302005224129929139565
0.8113337016793262801428 0.8116427723550579953482 0.7887983091180208461424 0.8044277274603522931429 0.7845007705310673706833
0.8121091420393314885828 0.7956579522661068049061 0.812851229259060503729 0.8011370948825071724997 0.8107951881854134068561
0.8042534142187334200713 0.8110636765446201934537 0.8133653026436347133199 0.8096557508917966439199 0.8211115798015399258603
0.8112778141375741602914 0.805183456842661904318 0.8102365611786292998175 0.803649604562102104488 0.8154709850819547023448
0.812993868600560332105 0.8281423657502848811873 0.8029427189589373181633 0.8228782970974195531966 0.8111527718121414043395
0.8145927461578912343043 0.7764884876980062689 0.8046252105339462001865 0.8068059021959904653087 0.8089491626643197097479
0.8137929739057739864094 0.7920838176831742627471 0.8073923315488658047911 0.8282834528413172137107 0.8159752832850567516587
0.7664449620551280206726 0.8245503537827396645099 0.7062561880732382002535 0.8023776453016173704214 0.7827947626225251198662
0.8276969752777380007203 0.8353317736886866073931 0.8144251274317712008255 0.8110731995021095430687 0.7944821234542628340947
0.793789941717230163043 0.8126181474605770338471 0.8058102388418565409367 0.8150086942858123517652 0.8182012489390628751096
0.8105395033588935760349 0.8224976084851339797055 0.8074079960759691365624 0.7962937786722669164519 0.8046994616258575927503
0.8163211466707507302232 0.811991000176172317282 0.826179348679464742311 0.8024101021468772465539 0.8198775198713660339322
0.7958724045991487638929 0.8181898985633367926695 0.817951023238708607721 0.819458436913557686232 0.7919470963738464153181
0.7921182645978048775248 0.8051420968264727529018 0.8279889266109689005546 0.8070252968919243707902 0.8214987404453414354677
0.8191016687435489496139 0.8156903806605639850602 0.8222196705580713249617 0.8089324392123634632767 0.8202924797068161799629
0.8229677177545248190071 0.8258658098235247546626 0.808600158987919259701 0.8134962460601270484162 0.8225107271997985636247
0.8088434212501155462505 0.8103020337432813580136 0.7801008440084526984748 0.8241783703348102285702 0.802087567706745940832
0.8187569888420698216436 0.7934390984263428592271 0.8326764418359839936556 0.7850648814491566485074 0.8251217420905119226404
0.7977862443225538502389 0.7841657885868170696497 0.8275120341849013794189 0.8046207558625745326353 0.8206095864636203662812
0.8020931893151831415523 0.8279525619388148349742 0.8054206523908747916707 0.8185392968370786004328 0.7871522611257983914612
0.8220935981539871928447 0.7966145810755401734937 0.8067511726640004265931 0.8056949170073286481397 0.8067357001156998386193
0.7947682647784080067765 0.8045182718057554138724 0.8144626547572563213251 0.808830184820006459212 0.8228204827769811657845
0.8064979776147557233301 0.7889122019765612003894 0.8258821106230233022316 0.8089414672131838290881 0.8134089467917607896297
0.8041100745796216919814 0.8277410271155045684566 0.8036050563035579408222 0.804909321394259857918 0.8119337796296433040766
0.8098102594995703062963 0.7820937931479555738079 0.8188235163841905972504 0.8089703482926736688441 0.8038204328508612439563
0.8107458310180566396497 0.7999546310577719809842 0.8179296287743590410102 0.8107230816285232455343 0.8038832202978821728223
0.824103078931693211473 0.7958714679347720366565 0.7971412424695802911856 0.8340006904940580056973 0.8076511944766856521127
0.8141578113470379074457 0.8024555076719810386976 0.8019896448629454388524 0.7982164633962441913084 0.8203176184557096073391
0.8067968793365419832853 0.81184675903195302471 0.8208919802690314293514 0.7992267765887067776376 0.7901993910365359141679
0.7985193029587766000432 0.7941166462335264020211 0.8046719354809306334886 0.8144338838344934439206 0.8158328118527283789874
0.7933230984373317307146 0.7983522478878944950154 0.8166181933006464443991 0.8071948973357389034433 0.823548599332954656127
0.8085374232452999798682 0.8174365158549634635676 0.7976362729231699644217 0.8049370330779821447464 0.8165435145360721014285
0.8330460097096569205277 0.7978020137157042501741 0.8104979885059966360217 0.8032807077730907963087 0.7991051080396955885732
0.7684981193780625607914 0.7934284223294811866367 0.8122833584456137234753 0.7887761093170391202278 0.8000429777908106832029
0.8222171651970437977752 0.8199763698477291473665 0.8137302166742668152466 0.8156352818192860176794 0.8260638839368756869419
0.802968298810439184976 0.8008045355420067012986 0.8053293567472161740284 0.8030789259382528078035 0.791783001541357389641
0.8140529779679573918472 0.8092008176242472261563 0.8052351725630397805133 0.8062427205608931890524 0.8054906840571027792919
0.8242403550482100271779 0.7988334043347666835189 0.8066100079197489058913 0.7628775959618117052941 0.8084493272040330635875
0.8136067963932291924323 0.8055317839608067131962 0.8123743694886462751725 0.7827776744743057957265 0.8306546094808386904162
0.8157142522250231397862 0.7883492707286348100126 0.7945716261435759042442 0.8104761849229523695826 0.801979477671420082352
0.8110598631317943452146 0.8017076923020961531918 0.8239183943219541284009 0.7805294908636107864552 0.7946188443630265441087
0.7897486061049915351262 0.8194057723456604769297 0.8013049559733007587425 0.796327029124521912351 0.8071857967306623748982
0.7933865369820456425742 0.8349698443294261140935 0.801405974939433662918 0.8076527805715374430662 0.806980118099264953635
0.8032280915987676239709 0.7970562053026950533052 0.8186310917045572788098 0.8098703469224621809275 0.8136210275425878046818
0.8055547083220000459391 0.7978372838121321475313 0.7881038887655316127478 0.8127083997172165341638 0.8216289509133272161989
0.8041265726919162304398 0.8173748609914787133235 0.8260295504392999310639 0.8148834571219049083268 0.7910741157023237768442
0.8160865419595684233656 0.806479756080397569562 0.8031863992073557945162 0.8146755807611536503998 0.8106717635292608470365
0.7893253447012246182268 0.7956076755574371661694 0.8256374367886225584812 0.8163894688169124336241 0.808851625476987412533
0.8134029988682138778699 0.7959184854002370190784 0.8109788690588491943956 0.8191209981606678569577 0.8032065215650339151665
0.8059237251932120926767 0.8199497218189705227687 0.8124821091039493570207 0.8118230426708158420368 0.8131924915292099154129
0.8226156970293755366086 0.8034980986394387736382 0.7981963511027966307054 0.8204304959268354791035 0.8194056548094247327541
0.8063235187032524731165 0.8273635362870378484601 0.7956954426097608834567 0.817652040207987318432 0.7998509680479721772883
0.7966986173521828362709 0.7929205229625194695231 0.7913724322361332941256 0.8077053793707099638155 0.7932538839174826383882
0.8159827597770984430881 0.8333297696777208773966 0.8141229495388336845352 0.8121713119656811530334 0.8099805773993862256788
0.8136259132311863817577 0.8109867460639781366893 0.8098407981141215739029 0.802528104898083238794 0.7921131742722350432828
0.8051179732809977673824 0.8094066889987586721489 0.8310065411432236981426 0.8011058740276065792685 0.8110304910319831028787
0.8082460006311367184395 0.7957506976593531344832 0.8095551682193269371624 0.8080089182090812727211 0.7986620881181061282206
0.8026042377321729315298 0.7923234989828686902769 0.7979429660223171794087 0.8163899356443941046635 0.812483349005539756682
0.8047757909908869189408 0.7964381899580705859165 0.8159457821406558286625 0.8064627280332907766081 0.8153262400128313824865
0.8115905998545089872209 0.8175108168123970120433 0.8113556114467315172334 0.8100482794683198095598 0.8127594039691370397804
0.8030726534975292096874 0.8022249685143560959943 0.7875250260106105848479 0.7948758084519493838371 0.8113707422321108087004
0.8140098563630219219434 0.8225030948320830592735 0.8274189392352272465203 0.7996606926687175320723 0.8045224016375123188283
0.8212603096470640906546 0.8230316320043370437176 0.8080535977699785377126 0.8104574818521883550204 0.7958805064022571595928
0.8166652474699909181055 0.7993352330753193957236 0.7983552739745919391012 0.8118165486448716272605 0.8079884193704894856936
0.8132487616487737991378 0.823424839212189896287 0.8263756259326353603711 0.7994863852856739505626 0.8187162292740151059434
0.8108459153577524114453 0.7806358894324353370209 0.8002615047488075283866 0.8066327386585259162644 0.8218057781805171435607
0.7988893719551778405119 0.8076996152992189648145 0.8079043946539462561773 0.8045138972738096194703 0.8085205246915246890538
0.822934573617672304735 0.8136464992778146276819 0.810773154695638154088 0.8147296936825222379852 0.806462654905745979228
0.8103527367940563941318 0.8065389188064751024854 0.8150912772270666462049 0.807519704563749440851 0.8095412175322866943361
0.8086312191797966342222 0.8104496731675013831975 0.7905544276687757054844 0.8143816985073325520617 0.8024357291736262665083
0.8161527689710539323897 0.7971880085927613990293 0.8130154265219844411661 0.8127201393017331465529 0.8142134250023186359257
0.7821328785958350238161 0.8012136248134020810596 0.7875850579111308702451 0.8082926506077716677368 0.7955593518426335997162
0.8292631908922583061639 0.7952428587277702298763 0.8025501195835121892586 0.8080570449319429693347 0.8101515230630000896639
0.7983868168476768722996 0.7865023449146534284537 0.7991491004618073157317 0.782544305835637610258 0.8114555971939825251837
0.8191389334860499360502 0.7907446893379688201975 0.8185066787475457905643 0.8109944156154971217632 0.8072041396779634503389
0.820211924352758248169 0.7989445340892712410508 0.7935548347274218317082 0.7956218424953140910816 0.7998237708036799453737
0.8152570812665018706866 0.8036323147529570443126 0.8058939740204466017914 0.8052051708339215130295 0.810771315762126798532
0.811218178421842184278 0.803120641333293194819 0.8021032142365508432746 0.7890896166788966548111 0.8132591941262087287257
0.8150421424314812091083 0.8049233894471332639853 0.8155740505133333151377 0.8097638442210743914274 0.8096012304983603025121
0.793739749681016348859 0.8149571986328958406176 0.799010498066544561091 0.8022213580989585590686 0.796478229260622505592
0.8165138929231594566716 0.8025194701519334783413 0.8091213127475284094814 0.7884156401667842262171 0.8012767935629663274
0.8216889890741796431683 0.8243053749921093187325 0.8199409020610525233863 0.7802396833009834775652 0.7965529092930350163471
0.8073812278268046593865 0.8030386916798744056933 0.803856709256027035515 0.8102604008998538498432 0.8031236619865251835648
0.8044458605917517157735 0.8155146731906447454818 0.812437820014873524066 0.819197483162998008055 0.8017186127054183319984
0.8135708856659827903357 0.8201984576243723790157 0.806988042408308015041 0.8049834781023696983482 0.7937348616566625159052
0.8179688117637339273003 0.8139278418947509807779 0.8170917888929756234262 0.7982938473192425776759 0.8171895053516345930333
0.8043661426343146070295 0.8022770437215277494758 0.8092202390977109027759 0.7948960663689972339085 0.8166985916159059666342
0.7927293368828820518956 0.823034772080332044375 0.8030586444300814585873 0.8028738430171605822139 0.7819505687418613071316
0.8097547480474349690382 0.8154542658802913512872 0.7937208340558015162713 0.8169759280872969098297 0.8052998207073310821258
0.7921143331792941388869 0.8069974459144976242086 0.8181135378700046256739 0.7959933212609402453097 0.8034194897913883304241
0.8228915961222286190591 0.7948462058443491740078 0.8130971030807843114019 0.7927847310045941231493 0.8062859656450528378357
0.810055638439166281195 0.8142583430381558073918 0.8005822517520814196601 0.7931072553956509674222 0.7867553198701494610035
0.8000682794318783042087 0.7882747804348514408801 0.8042966107285909327373 0.8173332135308326584777 0.7985816737849070756639
0.8015259054568858454459 0.8165704512546059223865 0.8015243222028826108883 0.8079542539979113202619 0.812097567977921097615
0.7899711276686873784314 0.8220579669618626184047 0.8269841061696924233715 0.8024034413856206970905 0.803162673870437826551
0.8124616936419488677501 0.7911015473280166299119 0.806146437725605791158 0.8293823330527458903561 0.8113881113527456889756
0.7906397502731405957377 0.825536720591638961686 0.8111468486613490069814 0.8109445786407160072784 0.8098420732756760331839
0.8025467651664123236444 0.7909230072771586961267 0.8080655972739857473286 0.8063870347987633913078 0.7929165278147584094981
0.8100067142734840297535 0.8106248386084513590788 0.8035905880432522296886 0.8157960861005218999864 0.7971325718118261738354
0.8090912508405661007771 0.8029626644026617299232 0.8035967825013148324587 0.8228000369536648817004 0.8202043695878681317524
0.8192339473713501352137 0.7991464150300564561746 0.7899093031237532924749 0.8150094251344714990637 0.8160920145059202823745
0.8073905965743560786407 0.8047065785575338026092 0.8063161971987859999444 0.7974813915102008099467 0.8096861938764681188019
0.7918876036306620180838 0.8114985249837920466831 0.8017424229619356523813 0.7989855814403354905551 0.8122193581622385583074
0.7895131808307352949683 0.8117182400084700377718 0.1532426915251909327331 -0.2742457181792750664506 0.16060215335784597257
0.8238151208694513005781 0.2555625892629947992774 0.789816909696055335921 0.7677070419770463116649 0.5320894326687195530212
0.5311594451486671975005 0.6595333283713679106697 0.4977621285901538406016 0.2107210827226613791829 0.2932633570204113415691
0.7976443452193987537768 0.7860382223646941168838 0.7911095583463139124802 0.7325367122959526300363 0.5807449148070873423677
0.6785408497588865106565 0.7709248072271102092401 0.505317425149131693729 0.7998866353602299694714 0.5400440685291693077019
0.6998514570938011436496 0.7849000233975629292615 0.6843458811326422752686 0.8036512847556385175096 0.7406921420797687449777
0.7982070623592995017859 0.8217738190360236449905 0.8096997298248209684601 0.7083367824260823342186 0.8143282302945116235549
0.460730497728388033174 0.6820206888020869939737 0.7770681780513789549403 0.7112630715984735729762 0.751631197185321675569
0.8090071526516807720597 0.5943482387813966427714 0.8235619797738565894818 0.8082853641189851057192 0.8117947816123205484473
0.8086285199574347881679 0.8232079749112263256094 0.702344938956479758474 0.6691210034416851248906 0.8009611825294936648945
0.8088374394806104872302 0.7546612720402009477638 0.8072725760249351845133 0.6631995954174914054136 0.8252106682741299215067
0.7396463647918505301959 0.812738735474428097838 0.8187490157874173224428 0.7024130815105245062568 0.7936074572715032804382
0.8192609897440787936063 0.8011195624126224990036 0.8494153331682796626012 0.7682407647198571387648 0.794600298812181304875
0.8274932647953577857791 0.8097000682672168547782 0.8054374204707238638079 0.7889939670607203359154 0.7997444725395622677766
0.807000210728293199125 0.8088616719689531997517 0.8151965688329197989859 0.8241858667865331611324 0.7898938247113814759004
0.8140556696060776697976 0.8152714763280730636552 0.8105837514272875576893 0.8220944796654768849109 0.7878959939826040148603
0.8030353832832167748634 0.8045260789854914440511 0.7999000322027417508863 0.821952638676660574113 0.8231185516994413697844
0.8379573454202348115061 0.7303766936901618933575 0.7570254869885024717746 0.7994478106358759994521 0.7922594837030884074025
0.8295445240244199158752 0.8187393583061572943649 0.812865101192596473112 0.8143053253142330527581 0.8084965422303950211003
0.7969642892419063207043 0.7984569588802099548985 0.8052673439825068779641 0.7455485128604165678823 0.7849051831183293526095
0.8161827293049229714583 0.7687925953275797086306 0.7904893595055880739508 0.7988615676581219959829 0.8197190856712496254133
0.8180108354750531551858 0.7896139309099007297377 0.8180177827315608940495 0.8268440370757961233039 0.7956526999644668585177
0.7738230845160172233221 0.8169835126693530957809 0.826176491400396395548 0.7897760640209497973174 0.8188394034358699169474
0.8144182703294269298766 0.8154777635066827734533 0.8241989823716712182389 0.7953199946425951738505 0.8291708045324379661167
0.7351130341128435663478 0.8129815585586660509065 0.8146415797284484172636 0.8095314918598182085674 0.7719446742535966965448
0.818359448227403474263 0.8230164261575528827919 0.801085540716984456644 0.797464537836466980103 0.7584405872218312749666
0.8121484168824995020231 0.7987710556070131140416 0.8094937422869868948183 0.8107757147637155714648 0.8045133137656699240381
0.7721946216193082968005 0.8212624110294136636767 0.8018324781853164440193 0.8405337792762767046284 0.8194491794051553812395
0.8181777950424962142506 0.7778982678848640475167 0.7754098759608245572394 0.8155076342974656444795 0.8090988585198177762692
0.8174045118237101004155 0.8043405310181773737455 0.7539541648991052724682 0.8118575936519949465264 0.8085868263182516280096
0.8189232084674574752015 0.8106747501163286129255 0.8192418980365443470504 0.7986788025135768132046 0.8352352227609241008821
0.8143983522757921589275 0.825433244272181676493 0.8163903332884134833591 0.7999603945829678597335 0.8254204189717196937792
0.8042915048294180246913 0.8347625394331193993125 0.8007034299797792797904 0.7990256363590427790555 0.7830183566541593087607
0.797011483546500754116 0.8189558620135607425183 0.7848433830523523502265 0.8105588241831069851173 0.8312799093368049563324
0.826637880207192976556 0.8038191125558745708801 0.8062975719681251263182 0.8145413019008322930148 0.8150310399720858134387
0.7916166258256646104385 0.8241779535809943268987 0.8161542982258718215149 0.8208911856830037878652 0.8183360351737366533698
0.8300894310284756549834 0.8060330483744427843007 0.8040300218473169779898 0.8113299213498702533442 0.8124010279652639221482
0.7957996015104207288005 0.8259384518416250653416 0.8171911234865334439093 0.8082497639048547011242 0.8346592798622598508018
0.7807461255419348988838 0.6709144429952373922532 0.8262273852944316265834 0.8170214665437594003805 0.8001715016282331394137
0.8019872806775022455739 0.8320156611355411513387 0.7983137017785245648227 0.8179382597638426011244 0.8006560160410605142545
0.8323832851100443352976 0.8244156960677998524645 0.7996425218923732813892 0.824098667091075043345 0.8217723194434368716443
0.8016538981540892727651 0.7949273174806441577545 0.803518272516565601471 0.8285470093024255300307 0.8025464870109754178529
0.8087582923382754529484 0.8046426760187884719144 0.7943691853644749834018 0.8154619788618574505179 0.8145325005121575312472
0.8290444085132101514901 0.8260315880553942280429 0.8164461763801852400846 0.7677950820540004883696 0.8399252276183279963817
0.8044092450109904257616 0.7963600134860656654112 0.8169553888579702549677 0.8132311084455012828442 0.8084368807079483909561
0.8237832055550289300783 0.831085635917976572884 0.8275323346697628368318 0.82946375120572701789 0.8097031013930980902771
0.8153397130483627242015 0.8080220973306021514659 0.8052657039202669730926 0.7990228998693135187281 0.8103492976643474898779
0.8306502588886995885886 0.8222581061794714818447 0.798398218033661177806 0.818725144412089544943 0.8001257236663342764516
0.7955320940604185819822 0.788847310335872409226 0.8037870665959564453473 0.8170518352844479137431 0.8328810327106127564534
0.7950993881241092964274 0.8141494877187673839813 0.8049082196743754247237 0.822857717322111992253 0.8095380681195739613898
0.829572318251346918494 0.8002075012405942544547 0.8063587836917394113811 0.8114836712442903277065 0.8157077557371585907475
0.7897925634392480853663 0.8246177763655746506544 0.801245885217546471857 0.8217796338142646650482 0.8336750418289400332839
0.8165111093576017387008 0.8270028782356986241098 0.8036660107699310495732 0.8044898889720432100248 0.8149607253068177348254
0.805683171387366114935 0.7897400443909918799079 0.8028627051583264728762 0.8052625491086149445152 0.8205871874032522050868
0.8062804059456794014693 0.7960619564017590299443 0.8042754300472039208358 0.8392589358271882460372 0.8155924090574783180685
0.8300024276060242733877 0.808689515289894744754 0.8198813907231712327928 0.8166761760877263576219 0.7943623333999477731382
0.8110120248040028068104 0.8254164673936862373083 0.8229618868890695715379 0.8079300143444907433832 0.8094283532607383646607
0.8060920372597480954013 0.8311831843249553042341 0.8032016079576359546266 0.8042286051328799700855 0.8250555810382542709647
0.8171898788035087957127 0.7891432871790955427826 0.8159347643808034789004 0.8173192080289153338413 0.8242550217664863509981
0.8109083537050282286529 0.8242434463851707748816 0.802288904440948025254 0.8076781875693180845488 0.8102490842532175108204
0.8076160024920568947238 0.7938416246499438999606 0.8020505183489071709957 0.8208669695166450619439 0.7881988724076247621042
0.8130103619075675913663 0.8071319818285995761897 0.8031484206820590499021 0.8080413263182321115252 0.80805627119338241382
0.821161306127225154583 0.8033182415779918095211 0.827122625994935578575 0.8016614594055826437113 0.8106241745427344991271
0.7999518839534617287157 0.833036247042856725642 0.8136867608989398759078 0.8026135653075084919195 0.7944902241020377342551
0.8077176289425865851612 0.8168785751967274633145 0.7938026994007447711965 0.814568684764671480103 0.8090648929566162106397
0.7977469527426074291654 0.8131097386193609777294 0.8023369729662386262703 0.8090072345084492466682 0.8069033307005468724782
0.8058058047817051594564 0.8218175753821296281032 0.8073113335468309337273 0.8000284708792666510391 0.8162177085867561299182
0.8106701305620213071634 0.8022740388151026191821 0.8040002874610706617986 0.8089658254158910155596 0.8027358051246067383033
0.805706096211183053768 0.8087132614395318164213 0.7970661624730324135157 0.8177227015911464613751 0.8302012798467472975972
0.810013115982601616949 0.804531872139351289519 0.8178973099396584789389 0.8119667578657896456207 0.8212578853887756435981
0.8112822749625693274922 0.8136489210633993662825 0.8260154096768698162023 0.8091365466458150246254 0.7976801288203240192232
0.8059784456202297997507 0.8156984539466679562381 0.8101993625966275036632 0.7971464429294413678306 0.8057121394484180187945
0.7671137130651133340109 0.8039240350369092347194 0.8397251214460056401023 0.8013636033327151686478 0.8083226608678587554735
0.7860360467096045855584 0.7994693625937850933738 0.8178339705419632732486 0.8264103035681362730003 0.7835417056563128701541
0.8062225538571424765522 0.806334555795873653139 0.8042015054000086760055 0.7933470192999236836329 0.7971656482510433017197
0.8037606004318699204347 0.8032160174530444951557 0.8194461513228219473604 0.8076127252585568738752 0.8078831899821932172046
0.8009744170943742247459 0.8181424434381076027378 0.8239462908378898386985 0.8106261665922872561296 0.7935331847151664286244
0.8014106620228507171788 0.8328122361291688813267 0.8094602155782149033314 0.7977377816989825731753 0.8029952615303753704623
0.8033731754311325135021 0.8173340175361655246533 0.8138002439562364020986 0.8275630883754322431045 0.7945911657028881247555
0.8043860497030775880134 0.7852054467889775235534 0.8167312523954348701949 0.8044762851105827783371 0.8045764409480927747964
0.8179766904312828490475 0.7997595982348654208849 0.7896470899817293886969 0.811674576780433865153 0.8150377566062045886497
0.801843902990525547736 0.8143180425277743994528 0.8105720421788579210798 0.7964786347261606502812 0.8046032695865572570426
0.8271961086583748956613 0.7936894047501915627763 0.8021956203293586495917 0.7960496157440621889378 0.7947245026462085304431
0.8125233302969350202005 0.823120113215547011265 0.8000948320805532087974 0.8217154815707704562655 0.8042233744600786327084
0.8175653785906425996544 0.8136847254139248919458 0.8088005577852760419333 0.761859370205285935107 0.819331903972501662814
0.7981312650804398556303 0.8034636654545571632369 0.8109484427364413994255 0.8149264158048935557943 0.8066135569070870259267
0.8053343395731427101225 0.7999332044263863794598 0.8056684243690680480299 0.8079365080134135457257 0.7960873909492901523421
0.8223191777550914460804 0.8241969136791722494451 0.8155986413249054489683 0.7998623420444114229255 0.8093201113162212800844
0.8146897735625772130064 0.7977909126406820261579 0.7890041000084545563809 0.8207177409588904959392 0.7879994726975333430019
0.805768594875480137496 0.8022039080067931982043 0.816201715181492204465 0.8066773811338043831398 0.79701363511688871899
0.8089278505187861290082 0.8166484260804069972295 0.80716453682663824587 0.7954811123960617846862 0.7948860358213346577472
0.7924914361948084406961 0.826279802420214148917 0.7892121757937377024561 0.8055624430454453310801 0.8060318891224775850191
0.8110883896715512797471 0.8030052274116750155031 0.8103331184122890551436 0.8041546466471963805489 0.8035216935267719406966
0.7978443812338578133847 0.7777552693579724563122 0.8055005388224156792631 0.8073157333674031432835 0.7919655715790834271672
0.805079210594710770188 0.8193751304992100692459 0.7923082251669071318645 0.8092777568020762535284 0.8092936201320929390235
0.8066258938623896979081 0.8005008447315240527331 0.8172125240225625031343 0.8036526424895716891328 0.7746640532262756284609
0.8063395688218004675463 0.7931556621230260173405 0.8106243774185662998022 0.7708754400723483168889 0.8043890698093026925264
0.8110076451468685165835 0.8004256743266209284116 0.7988703837377696403976 0.8016200896420634380846 0.7994514990224750317083
0.8176389486719600752096 0.815375884093752612003 0.8044367145590416434686 0.8129930122523344460106 0.8094146691815184979646
0.817139187902613972625 0.7972163975764753329756 0.8184066126207987235119 0.8070709733360146298509 0.8111312539110808739196
0.8273636451713808348529 0.8012410646268627312239 0.8095271040424592001727 0.8115267717970140459727 0.8131233213053110642221
0.8166664281021509541603 0.8015271102228788135946 0.8019348283646126063218 0.8157710714718432454262 0.8017677664116705793518
0.8113504362942292047478 0.8112050736137581541385 0.8254573938079305950311 0.8245746754027529767939 0.7989006846858104360365
0.7978387635414670997491 0.8138630692763186846861 0.7980823062993871452875 0.8066323020035655044779 0.8058257750401175423249
0.7929716117390706031642 0.8192028055539442021882 0.8088318799969068662037 0.8114900922200222188607 0.80320910953953883471
0.798824416653899249674 0.8221082591695051400293 0.7971158578142193418259 0.8140661435613285590307 0.8036767231132733169119
0.8165821572043900911098 0.7944127732883109471729 0.8269738306034989383519 0.8071268584560420400464 0.7928334943748436280941
0.8162812342579773838835 0.8003630653740598788204 0.8205124032885413587479 0.8191536877394723914492 0.8141893060037128648787
0.8119013277950667406557 0.792179069490191234415 0.8146498871323646362441 0.7917806346534260741876 0.8071457622603439574505
0.8278931002882758960482 0.7975912606545692007387 0.8000314501487094664967 0.794884625120914067864 0.795072054425314367343
0.8043290702187311236315 0.8089241300377217891437 0.7958541300558040765267 0.8097822738106494888655 0.8043324314248530004789
0.8134023984759881642503 0.8069784933444946739556 0.8148192112817363996768 0.8105533487088060207171 0.8270316267341064619956
0.8140237754795158764409 0.8076410083495633163153 0.793589213181638553074 0.8121285080764224506567 0.7981970386944734485724
0.8073978755578314903119 0.8055130619945010117533 0.8119049143405407953367 0.8236374229061484975034 0.8353050522682656797713
0.8067428594721852697091 0.8084867593659571527454 0.7980944526041521269732 0.8162578601055617832927 0.804539479986730254879
0.808315401513638787101 0.8092683828744413609968 0.7868457944396645142859 0.806581655387761498055 0.8087284525237066201697
0.8111802703342319009749 0.7945756113635121797856 0.7842693388910940699432 0.8006052325188299789716 0.8228119459474241281782
0.8072290642257532455872 0.8137551017052628843373 0.8082444667330652698922 0.8061790744981424117199 0.821499459524289599166
0.7992171976538605671081 0.7780735805657700288052 0.8099515587158095941689 0.816765684355168719577 0.8149232996522738359246
0.7902268939624741417305 0.7960539562798374380037 0.8206890499211250133982 0.8105363187434229121919 0.7955186812004716445657
0.8142063334141746988593 0.792635719004928795961 0.8065908252202466099945 0.8011192609199841996315 0.8126344613574179032156
0.8146149759532006484619 0.8107360379037753528308 0.809881361719406722699 0.8049148740517733102706 0.7985282302437279877694
0.7954144409453598463244 0.7884120850856601858681 0.8109759883829027460322 0.8208312439504581448091 0.7984355884887650578463
0.8139314715552431467316 0.8128238121476095701112 0.8005973808909925271138 0.8122715793826440489056 0.8148622736438605462794
0.8149792955562248364387 0.8099229435322365944216 0.8087702960914848748786 0.8086447840652696283925 0.8016627506244233813959
0.8216763381370300045603 0.8234750854948357234875 0.818724260652348712064 0.7952203213205086829163 0.8150123188984703670457
0.803080515808642703135 0.794239914667671076387 0.7984629190011321986375 0.8079088293959635347363 0.7945046523350199896285
0.8035918668871607772886 0.7923313568255827554765 0.8230992200119944257608 0.8115360204244632669202 0.8041493928552514436348
0.8155868455082538881484 0.8160041309323655678298 0.8144112334475482883889 0.8138552044350568781539 0.794404126919488362546
0.8185591470528416069286 0.8115895984073977498241 0.8009470755681341591625 0.8014839429673197290782 0.7870939106671871465792
0.8012551830041723111009 0.8131803853857969555108 0.809745252868705467364 0.8024605025439153216382 0.8250746152538520616915
0.8125545498091969465193 0.7953785842379100801125 0.8077870102695338117016 0.7910273109777588018687 0.8160778036502088772508
0.8240888196688387346001 0.7945858762255605389768 0.7887720477939905716624 0.8167912133418792075545 0.8013371431387816823388
0.8069306520956519568344 0.8016001082279898826144 0.8024633371553704375145 0.8145520435552013882585 0.818136182712515203086
0.8153708930746439431658 0.806748061563624108139 0.8203742675309328991062 0.7950036496781534012257 0.8195110315618275853566
0.8187556828580222489933 0.81623405485791611369 0.79534052917078768008 0.7920531692925333322464 0.8104260209465919961858
0.7933214207450772770258 0.7927094011225299663437 0.7957004303752401863647 0.7994091263573144257037 0.7767369001303998654606
0.8264543453924405591593 0.8212140057681598381834 0.8074923687656603288332 0.8001970620854955695833 0.8271546150619419890404
0.8004690762123036762432 0.8273119326022844166602 0.8044763775096024360778 0.8038341894733728176803 0.7980760341628356790977
0.8000387101101477105303 0.7946221259271060155527 0.8119164658882365159798 0.8050463627759432139186 0.8133062094120767637762
0.7996795354056897009443 0.8029364716405699153867 0.813660577140937979479 0.8046693396809410092629 0.8024680212469027518196
0.7992672111202180351697 0.8147784812195689729819 0.8024808185818395056543 0.8111714195043356889769 0.8017899962153506310258
0.797359910755278233907 0.7973829801700542674325 0.8144741119727666456285 0.8246450854824559639766 0.798924179832688929892
0.810258421987141375098 0.3230424876306310366658 0.4370695338990818190616 0.3671654716414184393969 0.6935888349651734285928
0.2168081039926420816588 0.812203020070341508152 0.7769677832227562808143 0.8174020150827193686993 0.7484459425586218461746
0.7576587176253183342212 0.4050832460830356973602 0.7302368347839069961935 0.7642676795220321173119 0.5690591674353724371827
0.5916013410619693768666 0.7904364755918414919833 0.8107030701704044384215 0.44548635161832100815 0.6807601049199328846484
0.7339740953178111038113 0.7770152197549923256403 0.792494051990844550204 0.7709753081987664735664 0.8131379071525183244162
0.7114390307532039159355 0.8110533662289340917084 0.7916929076796179742814 0.8036265955302799302018 0.6356529885181966266217
0.8295414780665307796781 0.7231032690613011792991 0.7718215041352852745504 0.8169440938469902935282 0.7284195323371606134444
0.7403721689100608571721 0.8319309864853433600373 0.818530997115631375749 0.7806377685645050634733 0.7989668276469447105725
0.7455463835482973866675 0.822035273619540873824 0.8049386666785580679573 0.8281399712337570440113 0.7375593443603966070654
0.8198766720571344368551 0.8198062840406095119761 0.8102153430445869775056 0.7088185783871117084942 0.7509727640118210034714
0.7805557662627669035516 0.8183057502205794975225 0.7671254376773044558746 0.808666948062296331301 0.8331176568782725500029
0.8107096008658702945837 0.832436700678632623962 0.8077904683112504535814 0.7792576904351879996113 0.8292020768799075458588
0.6719855325281131053217 0.8111181251748496023879 0.7351219237249597693307 0.7238243053634346724223 0.7762249352074497288356
0.7265965443593721539983 0.822330579182091292445 0.8136885229972051769565 0.8152099680657198810252 0.8136592891281080319743
0.8038921195259174368175 0.7700742555885926599046 0.7922889269317396898629 0.798636044676037215595 0.8261055607272033141086
0.8073518313496106380001 0.8315796452345473044332 0.77551955292013108334 0.8232786637541459340284 0.793828278190556457794
0.8123499828011532253313 0.8197053803810169236854 0.7870616760885215112964 0.7927620929085598122654 0.8253559464560982217307
0.7702919289602540020567 0.7257184277897820168235 0.8016390366172427839331 0.7209354588949072883963 0.8133250143709412904869
0.6493342398290669059691 0.7869554681413463148587 0.7828971244357381120693 0.8036798738707670031189 0.8174801976388409441299
0.800824903521743847179 0.7878025209698720221496 0.8008552797438899251148 0.7285561536704487917149 0.8079157910719619861695
0.8134552431893075086222 0.8095587520224141186986 0.8040581911541720971925 0.8117421398529024445523 0.8162885117043859883879
0.8021001682391591947052 0.8212685807911085378308 0.8046873375706471431812 0.8004478593174770839624 0.8178094164417377687215
0.768532456182018597346 0.7535876014677770351469 0.7809139122574527691611 0.8101635298266187668048 0.8282748269754043324298
0.8272958812660572425202 0.7730663013026212171397 0.821588200721756312106 0.8114536638383150757292 0.8270156427269267362945
0.8153265126920593575122 0.8129512930467274189894 0.8228823071295181534879 0.804949154485932627523 0.8134373546525035525434
0.8183212772416114111351 0.8253068338317763874556 0.8053903985668439124979 0.7939418756781472241713 0.8018089607740441771
0.7159347886886536782569 0.7993995398867136392695 0.747712818580310467631 0.7970846820457548886907 0.807968794690113512047
0.8154504903278106953124 0.6887659419792214743339 0.8132896883874030091732 0.7815926274705663479025 0.8021790551965044535621
0.7675086255565400916723 0.828723890400572926751 0.8278994518998533669318 0.7927349593777899272595 0.8281811587572235344723
0.7977850560589424544489 0.822214994110672003913 0.7994324485397424906452 0.7955459771455390960426 0.7851046313773752949317
0.8333745155859137998533 0.8007563986254900845196 0.7640928943114163596206 0.7927888516739959312574 0.8318342316394655711065
0.8205731868896614100706 0.7985891681230012917325 0.8347984746459652383166 0.8046652411373697022512 0.8210729104601898198368
0.8212572785411711429049 0.79285446471142528857 0.7985485975100775624114 0.8112758210468203889931 0.8308452157259306192216
0.81086864799667013326 0.8072988478383983368403 0.8280909076332315654767 0.7483146215609866036544 0.7860326937783549405836
0.6849875700468905925788 0.8156308405861742993892 0.8144442799013981160172 0.8365166916409687569711 0.8195785726483265642983
0.8103398246457024223233 0.8173576961901066750826 0.7869843492151047392724 0.7983481519064171694211 0.8046717861538527083454
0.7136547003837661051762 0.8110830690576268375835 0.786833481663875011769 0.8204618657944074966437 0.8065883423018462838883
0.8228952258869205449443 0.821879125468956139855 0.8083521150731025617375 0.7933242607721223693673 0.7995290352873031247682
0.8072956424145547593696 0.7709904173142201333491 0.824632240883591771663 0.8210896124424372777284 0.8054295059883477270191
0.8192560050086622469578 0.8200888658853049406616 0.8004309654333094936618 0.8120613378320924446996 0.8144511210596885320001
0.7816420717577238219675 0.8132630176261921306491 0.8058263245581649414362 0.8285113577883476132513 0.8127766963651351650455
0.8219652506929948643233 0.8061474425438375224218 0.8397896587260998968461 0.8274681174829688901085 0.7582427969340409523724
0.8119134018218970849645 0.8004474258978044876045 0.8092992429652750008273 0.8208996189160044920641 0.8007232221069625621723
0.8172891443774596975658 0.8038072710554940991656 0.8061451750104872138181 0.8061739676044867852767 0.7756466147124325694051
0.8043042452135644726496 0.8071267738684524406523 0.8015604076828678481448 0.7922803667667519533779 0.8103441443745321715042
0.8193486119139157253244 0.8197274418483676550196 0.7929720340496161368193 0.8012143013719288386909 0.8001730401764723943359
0.794913593147000274719 0.8376130445546243752375 0.8041829900463811631184 0.8292024971965039625843 0.8075442184104882903384
0.8129616524838213509341 0.806716466574482815588 0.8175563070143789801136 0.7820684154761650130894 0.8091767561527187790915
0.8081569984500900361013 0.8049200473308906200742 0.81722353722862794978 0.8216968130836508343862 0.8131113682381647667086
0.8274922274088643003864 0.808837863512473997929 0.8157390056396687239015 0.8352534144055870912737 0.8156544839835683236018
0.8136174968762619474916 0.8170476771525410075725 0.8144637191396150166511 0.8373127735013295991351 0.8179056775529895961796
0.8108175118819058724284 0.7987165227175537784987 0.8108569559760729905662 0.7834066627695633888706 0.8027846243313468965752
0.8122006337451763702262 0.8046791290817821851178 0.8285485968444128435095 0.8182971543644079748248 0.8206967108505476282687
0.8048896951298730728652 0.8071195477366788217921 0.8073188227071230738119 0.8130106427874234098496 0.8208254865072895922751
0.82502889971926240964 0.8145586013700789607128 0.8069705790894996511042 0.8082791722613313911694 0.819720182522700624439
0.8261217143551581321148 0.7825769678437489718092 0.8192008578348259906221 0.7858669974278222891684 0.7923130991254423438619
0.7921798401780272280703 0.8187232947658957815662 0.8278773321861550016365 0.8086608622035629245772 0.8083764302840926729843
0.8204862007263372669641 0.8226697116869505777004 0.8102311906708669075883 0.8100034145013832453941 0.8233301218062663018316
0.748356641308039138849 0.8162630144737124116006 0.8029749889348014590951 0.8056466722319174378342 0.801667720786826576429
0.7954979530509896923363 0.8337330333548970129343 0.8064007986356953594509 0.8207758364297885744776 0.8098220945122803771099
0.8203911965546809570426 0.8051186894341411104392 0.8062523764887306043647 0.8049474500932792819796 0.7975126385275517204576
0.8194507957857743996044 0.7938973085682241581651 0.8058256903533717041554 0.8193618866746316120597 0.8254022183749308849698
0.8231005794073136261346 0.8176179761818228586279 0.7984595410456399866561 0.8000582790390788900936 0.8022565356266543323827
0.8083423697300798904664 0.7907058294999000924719 0.7984595187716369002473 0.7979311865862659391979 0.805192441349284804275
0.8285091340008774452031 0.7993744940895123329838 0.8021880757812516193894 0.8191262301324059302843 0.80626324618856792803
0.800364542018266789114 0.809407200760330125533 0.7984693981789073857769 0.8152086265242201035264 0.820925837609129738226
0.8255234183908090050963 0.8194813339677442520781 0.8112126617923564042556 0.8108967495127303859448 0.8183438757262764262634
0.8191735376156450421092 0.8452041895330608678449 0.8214218897133256369614 0.804724023766294815907 0.8100443691144696423123
0.8058586216678769176269 0.8161958943528477838925 0.8017423987406202545714 0.8159470023502626290224 0.8107324160709719063078
0.8066443685424694587383 0.8162533882498969051156 0.8222767625880385011783 0.8053751603846707185497 0.8158034715824742377777
0.8176628855145846586083 0.8048224867259459180957 0.8286151939720374226539 0.8107275800582945946005 0.819186953623897151644
0.8065736475406614092165 0.8338473176425704735948 0.804091990445417237332 0.8161478652308747916422 0.8117389601761746398267
0.8090506527925037660864 0.814401504696223743629 0.7937193367160012558159 0.8121019688134482050756 0.8095250455522616794823
0.8257502978920050473732 0.8231058825172821169502 0.8081008699114461402147 0.80127844499210865159 0.8257532387895906156317
0.8259576055167268116008 0.7886086423325866512357 0.8031632193436564204347 0.8081898047462011680508 0.7929633412744931941774
0.7877577292266437769541 0.8092911244811272775124 0.7975897761527039886431 0.8157823196515310293364 0.8007681441457970006326
0.8224611776460002410261 0.8194173451920706563456 0.8071364971826311407455 0.8164053702116561561652 0.7906078809902827853051
0.7873985405597804243527 0.8193924625634810832153 0.8099036068116599595967 0.8185481904500406802327 0.8019810743861873758576
0.8053275533800082763847 0.8120255036174883755962 0.7961006733290653114565 0.8055642840512374780459 0.8205733065703225692644
0.830385945264988434289 0.8193119361273724088335 0.8105296416737977072131 0.809292270456084428254 0.8100536592253895218363
0.8156983163466916542106 0.8071328092718097479974 0.8155540610241602816899 0.8127160710567369328317 0.7972400129708611116186
0.8008686007007617124742 0.8127369193106956934969 0.8204738606909292020219 0.8045093926133376482923 0.808872122042400332198
0.8067820437456635351836 0.8090411485240075473158 0.806553263907259232468 0.8050318406349752375917 0.8018025071253453983644
0.8229740187173489873729 0.7912309774645631677004 0.8197718751976735829246 0.7964812380535315483598 0.8096547289306962325028
0.8045218848016065793516 0.8171107322175646947571 0.8139971045594128762346 0.8154915894265020170906 0.8111721123829828128393
0.8075732962440214102173 0.793225107306784749106 0.8011263391539473754932 0.8213534489312444009101 0.8255937822666755687706
0.8227018471152625078702 0.7950379600611198194215 0.8189574334840327152207 0.7928686170260589305414 0.8036794055219668164725
0.7984783692143839761712 0.8256806196632348049391 0.8055612936101951282453 0.8193096160057830035228 0.8201985454284607124364
0.82399980357490532068 0.8215005888652451293552 0.8050516899893825906176 0.810985914341959879259 0.8217377980696765060742
0.8069832837140303860579 0.8009715413825134744386 0.8084939375396773542093 0.8176748323060694101372 0.7913496445362644404753
0.7856505612831136131646 0.8201183969722221078769 0.7857440385395598747564 0.7948980154487845783962 0.8191021473811379571828
0.7939977520454070125666 0.8057538042571646963452 0.8175886332479301854548 0.8182711237599243903063 0.825099994587128238166
0.8089007422070467745456 0.7925548084010688443257 0.8220057548711964257038 0.8162832172628611271392 0.8067315750885520886371
0.8004053617642298279478 0.8114210444465045357632 0.8058648357234267090021 0.8200607924770989543006 0.8111085724852366007909
0.8046616077439596725895 0.8130856741337478821308 0.8098257885580779635859 0.7991495031533700776905 0.7936800772509852164305
0.810641561317895331662 0.8202845847800449563536 0.821730676781871949288 0.8094418957216422683132 0.794601558814074460102
0.8009749029956994004209 0.8219075148818408838025 0.7897343368270453023428 0.8117118125282752894023 0.8069727602441006952816
0.8188585715778259332964 0.8127127548160603121019 0.8241686361377756897539 0.8085414936603501079304 0.8110379583795903624122
0.8087238714597230204717 0.799331887966502008247 0.8155016182630718812874 0.7990196638618777269514 0.8017902026678401794513
0.8031050703698882076154 0.7829401572634013817265 0.8175610187232287273673 0.8190373818508914771641 0.8003891923901882421433
0.8293661333781890965255 0.7990735599803632238647 0.8121264975128904550772 0.8140755351786269633507 0.8025176602605901265974
0.806869993246329797465 0.7999550730858024927272 0.8127537598995494549925 0.8144345945065192271528 0.7937199618315103899491
0.8173923567678660351277 0.8048014880069005450025 0.7975468563279073386241 0.8384925165430808791101 0.8125536840197448151812
0.7846341921459326629318 0.8120307887089712739481 0.8047676567311594642007 0.8160528532644979460287 0.8164943267641725510586
0.8146868521221698467016 0.8002722404421573898503 0.7899043023379627159741 0.8029415374804611538195 0.7946111490638035901313
0.8097125920676631061212 0.8136415955780236242134 0.7830354747505569035226 0.8152680060829350372487 0.8092829931209705174311
0.8056950207500715999132 0.7969218927367776039716 0.8025718721950914069652 0.8226769648224664388536 0.804960781315944062797
0.7964649319538851246492 0.8102564374660539137096 0.792830286398991446184 0.8100883883632123971807 0.8241454718161551618039
0.7933584095462808960519 0.8001957296581032608174 0.8041916550571185373641 0.8104945142387229850556 0.7970264934930491040888
0.8165093298100363217173 0.8086314866831059156027 0.8165498808288293997037 0.810039569065349684962 0.808079250814250027446
0.8023232474482373532965 0.8189315213337086118983 0.8095270846919899732086 0.7882806156030155442238 0.821377500765793411297
0.8108127362967130213889 0.8142483823863051473069 0.8067645904491164143835 0.8105194378754263517806 0.811099574549686730407
0.8166487672371777195579 0.7978100492826772915933 0.8088459444458878655482 0.7906430159800723611596 0.8048674908749295919819
0.8043288661368710457111 0.8215760566937938547127 0.8087946828938488152971 0.8016417691651056554036 0.8104224803589830106176
0.7917977136146597816335 0.8042528658129651786268 0.8149599473863542442587 0.815920650116323087353 0.795771606524769969937
0.7992577789565700197016 0.8107632623874526656138 0.7946685384422192965914 0.8019999855611522621146 0.7989534386704336688112
0.8215877543792221571195 0.8016262218488812152373 0.7796750006017048040263 0.8008076925822577019076 0.8161812290452624685244
0.8137142891156372570549 0.7976591712383088728089 0.7874463150416957102351 0.7981713410954661691576 0.8103181575256648283556
0.8130681618325692472382 0.8242192778382706475071 0.7993246518154888402563 0.7877941691795781187224 0.8021218574917198251839
0.8087466049431895065425 0.8086981044988045264077 0.8044941498202046181731 0.7965637102080518339164 0.8126854702752003278832
0.8046123459002800792916 0.7924142157357971782972 0.8098953205901079366313 0.7882236653045273655493 0.8186999515106105906881
0.7979507578964638581098 0.8037987109814825892329 0.815729826435838023535 0.7869289680297625322325 0.8056011216945695441183
0.8076551781098991744656 0.7890635249701217768248 0.8112115001922122203837 0.8071585704030872499004 0.8088011606424165833573
0.8028458302080522246413 0.8062272015928865220857 0.8035425047358198957781 0.8153654762334766603615 0.8198160794404958373605
0.8031092439295995921711 0.7997119867482715971363 0.8151362525308089024279 0.7923189781199183601146 0.8055974905854343948164
0.7980471158235163953165 0.7917334731533934855108 0.7872751167310335640437 0.8097860361188371491892 0.8011732937218583039396
0.8134469362229879152437 0.811206920918304041912 0.8250534312784952861719 0.8046259601991837540069 0.8216350691262453986852
0.8084598655948759260426 0.8074437666436157234884 0.8009717016077206874769 0.8103532063787635131291 0.8035110696792461260074
0.8006620164173116060979 0.8253920324354827586788 0.7621715005521142449751 0.815095420069419263065 0.8021399223307748016509
0.8078904052736997076778 0.8053598772777920133947 0.8246284406535808741978 0.8042576757701983547477 0.8143263319574762792996
0.8130431839430662943613 0.809711392593360113068 0.8075363266206524448521 0.7977903643743218253803 0.806930657739539203277
0.8063864271866238997433 0.8000754823371540869203 0.8001424894472999316264 0.8154549108758589737178 0.7988981871705274073747
0.8060374254050544085004 0.8112814633249858520259 0.823252355397563695405 0.8190657696113522456827 0.8120746126267202047444
0.8041002187133945433573 0.8214138787560918419928 0.7930242540862955102909 0.793157697863339672395 0.7998165431793664570392
0.7873350765112477889218 0.791604518253428812713 0.8168332984482162828499 0.8012444595254829549091 0.7883198508940826298996
0.8116348656571610309385 0.8084389445950564967447 0.8006711677532046822492 0.8024146828837167566562 0.8312255010193190241097
0.8102476721941890280831 0.8049742035779583471111 0.7888208370776172984051 0.7967908728328356726678 0.7876456688726116706079
0.8060550113525649651436 0.7818437698986547834679 0.8176066268161092942535 0.8029168284179191150685 0.8085663306418244822282
0.7959312429325576809802 0.7875405582107568580597 0.8104450429868029770475 0.7960048226126177350892 0.8105089165360694902773
0.8145557824232727561764 0.799447840987841051863 0.7998140496162141621639 0.8030934304775063647952 0.8082521666040818342225
0.7967962868684049793089 0.8018543255300532024421 0.7917477548919993335375 0.8096285731390672202323 0.7774534105183290577656
0.8213005108398192533059 0.7900140355814443404725 0.8009422273632414990274 0.8115052739754351485146 0.7940769562051969154837
0.8051977358010627972007 0.8055461949952629208127 0.7967515877163936499628 0.7967996838061737197023 0.8133161167926380441529
