0.2287842152996227007566 0.2601001125864175200775 0.2776992311888258346819 0.4975705429907315013871 0.4134798853596647894015
0.6838620492222562408102 0.5614821989238746313688 0.5149574505460443596405 0.532055805680471172181 0.6501387351966083638644
0.6068076647174210913604 0.5228442298881150751555 0.6866190438881257795956 0.5807170685603695314825 0.7321801412392305863364
0.7646416248763614476047 0.495585151733174966715 0.5763289447847681490344 0.740391481549324770306 0.7458950521201601624455
0.736528966484711999918 0.7736381326206640540732 0.7310409693073890435855 0.7420345017604076387485 0.7660849264721769635855
0.7233895471149257572208 0.7261671724265067462412 0.7254533661015104550884 0.7108585489094286780087 0.7255371140442001820503
0.7664873414230936043978 0.7795431604470947073438 0.7787886903253087300669 0.7074940762789223569484 0.7040472996140397787812
0.74258186792513325436 0.726938766371717837167 0.7879703680873286764097 0.7970689848570502444858 0.719422667254834169448
0.8160550358296009276771 0.7890181950192083348838 0.7960092116227955871821 0.745365230662813127438 0.7119235916814995457358
0.7748722172296659271851 0.7747501552530998703006 0.7802010120793710923337 0.7720607984097682674474 0.7903049130419927958968
0.7802551171019516118577 0.7609985365843844329348 0.775010386745052182178 0.7727723011630051042076 0.7463425785851776073088
0.8050824062555014259956 0.7616584277737813435394 0.7927244840310522233651 0.7924169282745265885382 0.7360314908609784101401
0.8111259794434145797837 0.7662862455496375346797 0.7771574173746702562937 0.7664098972051398561689 0.8013671390008577644082
0.7765563478921065909688 0.7923724674724095251577 0.7940581924419746195909 0.8024819952447092008541 0.8120460633450590215432
0.7937104794603092594585 0.797534018951413181675 0.7982867159869301287856 0.8075405076424807537805 0.7841878171832409316622
0.8143937577402990957154 0.8050958701885193580239 0.7942305646086543768902 0.8062423963070054488966 0.7927848312669354413629
0.8130300272067311206925 0.797206855583719509184 0.7929986017732872927155 0.7505935593760584279011 0.7818419343936520160554
0.7820824789145854882833 0.8100829549863209910754 0.7669461367550056696274 0.8125757978916433588168 0.7784434367177690550221
0.7964095002554537616746 0.7977576835741014837922 0.801267114797724500086 0.8052377362273612781962 0.7929814426755619205522
0.807765886231577745491 0.7980507889966235168799 0.7581245394189238817617 0.8131374732180860487318 0.7972879529895621208979
0.7864754088716484625721 0.7943634063845084192224 0.8128259394008534588494 0.800238245966844785606 0.800169856728745076957
0.8001566120115526370427 0.811329406607853353961 0.7853089744526428050975 0.8043995530613687883204 0.8043483036621014159451
0.7929168259158133613695 0.795409690926013546175 0.7580890729868626776167 0.8038304861435943138304 0.807407849906923380523
0.8020300538286413427613 0.7966538577254692610197 0.8112559904509205610523 0.8016268288829937471718 0.8084723391127436320502
0.7889098892912334015648 0.8087722709300990686643 0.7866215604786394033354 0.8087949817077922931574 0.8149086586860367908969
0.8084475360958729428518 0.8062024664757144742921 0.8017879155177958239165 0.8065026744636575317671 0.791535310919180390421
0.8063954332346697784217 0.8027070426001291503226 0.8062118785997088865614 0.7936660208805151883737 0.8131985465195313844688
0.7820253758912472097364 0.817013593620244948923 0.8023810142349923069105 0.8033789676290212788956 0.7513004120024199261607
0.8037465260394868193927 0.8142650694220304741222 0.80194876100375156458 0.8199703214158562403213 0.805598007670830229543
0.7950619372835898701624 0.8115757366837577091445 0.8051199491023128818057 0.811203396624422978789 0.8123436147043577859606
0.8163273939152505542793 0.7953524425181351942271 0.8073524501629882887954 0.8142703134099832373849 0.8162049478142529013169
0.7978482130022065410557 0.8163932987769254578936 0.8063236827612264567833 0.8191655013704028931443 0.8166818210116807419396
0.8149519832882186065603 0.8046705853449713785608 0.7980866768786958331816 0.8056219603002110485335 0.813185038742307075843
0.8050970865539760490392 0.8092612065854323244452 0.8026811800812747588196 0.8110712107897766198761 0.7822548144878762599319
0.8127926026632642519942 0.8119607023437184212256 0.8152074813716151391318 0.8136874896372797705268 0.8147542241921311712005
0.8179697786746451537709 0.8035204035736661642986 0.8063638068328488062164 0.7942062741120342606038 0.793362081810910280133
0.8110648763142872530452 0.81581833672213677211 0.8213682311595366103418 0.8025438242628709639703 0.8129097410426275871487
0.809699926472839281999 0.8184143646524397741615 0.815021756068694869235 0.8085541497179803416273 0.7862157847780913977331
0.8090881097215329997852 0.8166729471584553978758 0.8114189973575836045683 0.8118244369087123102346 0.8121467443059396940086
0.8064675006701844672818 0.8137423184264538367216 0.8010712505627737289871 0.8156099569314350095084 0.7992861564835983534394
0.804923454687014205966 0.800063752147959772465 0.8188762047218847150987 0.8131405723182854039521 0.8163216355706780502643
0.8048787573164472020082 0.8256015729172454520324 0.811835240052476869721 0.8024847610611571813166 0.8048444579218422267886
0.8099729268724153996573 0.8197581199238469507051 0.8127390165500291141498 0.8128389974637824089143 0.8155719559472669466516
0.8090514142371131312004 0.8048606105026658852353 0.8136938509691123977419 0.8099235255982677461617 0.8085856097077485094005
0.8193188321741904367457 0.8034488195735381976803 0.8031089481968290977321 0.8069348173956616410152 0.8166335101887196579185
0.8133203053042993291299 0.8127089310812882771984 0.8100469420685324495324 0.8081473648665685738379 0.8118898359419299826101
0.8199886087995739147871 0.8101225019736761900901 0.7989419405010445007775 0.8139973601314709483745 0.7879281355872670422613
0.8044146282152365712292 0.8109273843578874707561 0.8047494577759799483374 0.8031602639171903090798 0.8033433182987919085605
0.8056399431164071867073 0.8089771987172665879129 0.8140143916408326685286 0.8095448784839340827801 0.8158310532314020369071
0.8106080780750651859634 0.8178222961730748918896 0.8164545702463448240138 0.8063474801459652452351 0.8057566286842169356319
0.8073462024305223527776 0.8099784464771607739308 0.8103263123246831067803 0.8071663075674702092499 0.8148277722678942680545
0.8071405307936057038631 0.8063610593858323571936 0.8101818578678853244313 0.815781878980595953621 0.8215832006502459261554
0.8083116734953235127392 0.811263014388991843262 0.8132405062821472796486 0.8127207381321679413588 0.8124148643683939408078
0.8076857950913699513151 0.8098313791476983158901 0.8172682390811155661581 0.8150528593883676897747 0.8141841540479293204413
0.8120785090970688013812 0.8146106838941897798634 0.8095728830758518457245 0.8214291980167270912361 0.8092617653500043806147
0.8044439191038390557509 0.8136015242099337019255 0.7974533725816044249513 0.8078978412478624582249 0.8027048186038051591495
0.8211361152578213751241 0.8145302362001056728502 0.8116121704680052673098 0.8074212251592697286995 0.8204930337396991735233
0.8073191653345003215847 0.8114637725730703410321 0.8091507397705142157207 0.811257616086643706943 0.7998167917047148689491
0.8026343263717188314388 0.8166585906853285337093 0.8134057778413672501472 0.8072272295576849998611 0.8083939368163691741032
0.8166342338792156319016 0.8034579968833479579615 0.8160360745233444790259 0.805384137820255974205 0.8059971584291791835142
0.803061112890551265231 0.8065748220274313595723 0.8054607502218407155681 0.8024069940034560532993 0.8101142061915912462311
0.8082700496456626249042 0.8130102150599413102228 0.8108772782831183967289 0.8054730713006053033354 0.8148297287868896399132
0.8177791078603340313435 0.8009921771608176088719 0.8053359450598672752974 0.8068788986466163271061 0.8131146088605456512255
0.8114901386380354297856 0.8104158964420605792967 0.8072370925666901841922 0.8018462240723910339213 0.8222360148043718064415
0.8027492615211823112631 0.8058571957159372800561 0.8181029978132118296585 0.8088324237182747955544 0.8108731446227743777655
0.8068716597406226931355 0.8062200268487427212705 0.8147037230565846721575 0.806239046999860597964 0.8118364857622464292319
0.8172677238377379360657 0.8070365071046353699913 0.8123663356849363248458 0.8076669331766963555452 0.8108953389799220534684
0.8148112875255338893865 0.8186263673446800837041 0.8060702681592708529479 0.815921700297112972855 0.8073628504301498809426
0.8092334862091159486397 0.8021755526521240353688 0.8076279090221573087049 0.8062629142661476011611 0.8057798069981662036909
0.8157917442575498556678 0.8149270956050258529757 0.8107582852126854477959 0.8094006338442054637738 0.8170092441490736101528
0.805467920843240037243 0.8148046132063416768787 0.8106956506652648331013 0.8142046462815882845732 0.8066818799105629489432
0.8163578836620660750256 0.8103895199893740297625 0.8130305799316548398536 0.8025227192665679298855 0.8083434114985780238882
0.8168931201356445237494 0.8043596101173742241031 0.8059285489308170014056 0.8051350374504191442782 0.8117057776499060350872
0.8122011514919985630812 0.8110050406712432380374 0.8099250317928280429314 0.8134826529538486949988 0.8143514100368329788893
0.8062270529219183190506 0.8097615731114631287824 0.8061832908343522507977 0.8028084904204465521715 0.797472257954419228021
0.8092159773531372168875 0.8054542875003518620503 0.8128412848866458650932 0.8073750008529190225204 0.8122460814528567052406
0.8203141004065119812338 0.8052080212485474008943 0.812377458260777784993 0.7982399000391681154198 0.8056167878605310361806
0.8038102450706628987476 0.8099424416351471700537 0.8133242033107735968755 0.8079300020534057047428 0.8163346899812576884514
0.8083456357350874421641 0.8142290647856391672121 0.8138962670674498856016 0.8057338950742972683017 0.8071857890473658203589
0.8119972547295554177182 0.8145214021863148579072 0.8157665478779695389377 0.8066271221873970720395 0.8083013555126534743778
0.7976553614284435100856 0.8032662394605882827392 0.8070325826644927369458 0.8064470694420686758264 0.8035801240500665132416
0.8065354182851789399678 0.8085986185289304462032 0.7999486079622527556765 0.8222874278180429818974 0.8047405367611850657283
0.8084634750808840086833 0.8093738208583221016568 0.8006738733646471262162 0.8055163416789085095715 0.8189125012910928314014
0.8017656761480010940701 0.8163097857028126513868 0.8065227072503469152309 0.8076254122950967673233 0.8098962734092043369571
0.8094548953176643468765 0.8069946962883816077294 0.8103746901584075734704 0.8081512847321952186519 0.8105962122704508665549
0.8083280400041915614295 0.8026210379147619145002 0.8072863080172566485615 0.8085932560024464699211 0.8079739762752511378352
0.8032289263044452010121 0.8098060695796776009558 0.7995379664759758586712 0.8107286319399645835304 0.8150599448429846072273
0.8128641521576128736726 0.8086459962300911463728 0.8076336559957226768347 0.8106041651698548955451 0.8101982456498398876832
0.8058164502677741536374 0.8059300318071781488172 0.8094015960214041571774 0.8124441738164559501101 0.8086353062305086103478
0.8105433018186286586726 0.8108430960914541074658 0.8080881155005001925673 0.8096026206977133821141 0.8016309753111643399137
0.8110180499049788327426 0.8092287967486838651254 0.7997949722333245192729 0.8117156144568377085236 0.808826415975330559327
0.7982479739129187956692 0.8095164914933125066554 0.8059182598755155746417 0.8090454050121951290464 0.80850451708703652276
0.8040695419542898125798 0.8068765776763039410113 0.8130956932099525635849 0.8089575496978510527057 0.8024878746832266873668
0.8090363844999596265595 0.8064580695631400342194 0.8079078061637769980763 0.8084109802367652752864 0.8112571282453190368855
0.8015210170710485027001 0.8027422515910576095166 0.8049599748387099573677 0.8027970397692004711487 0.8124930025271276390342
0.8147795468007417163392 0.8163206656025600027604 0.8071692420206048046438 0.7935786182492839957447 0.8092028473302144142565
0.8095593598466033213867 0.7925017714358540965591 0.8062100374363497801156 0.7997430368641352815828 0.8036580803288589924804
0.8074628778871220102786 0.8102354766085416715171 0.8082417259338600112883 0.806692616951225516253 0.8136070444882433916334
0.8073524401667696581697 0.8081779209346767745004 0.8098409515703884897775 0.8115183368887518566837 0.8076155715098803922203
0.8029675782086430624318 0.8155140035559635958151 0.8176778437635039420428 0.8087901848147527328337 0.8067462701710852446269
0.8060184345218343038297 0.8119640064286698377671 0.8138966948597862183234 0.8114419152018915726288 0.8114705547936035268108
0.8043913751825579883104 0.8068025438347575795106 0.8045301560319502165441 0.801162568855981360727 0.809937783327840610248
0.8142096312142941272327 0.8049345204128639519325 0.8111397412372890469712 0.8057817015710740937706 0.8055582938402446879778
0.8059459575885312698773 0.8017479767415627289751 0.8131539317742194628025 0.8094184259723862240321 0.8193822024047680008252
0.8024505320446501110965 0.8061666072941108263095 0.8051102002715579963876 0.7959044536553335769113 0.8119433304638260517905
0.8075620062233459517387 0.8038092846658387857772 0.8048928741047959301014 0.8092130791052805083297 0.8085483630560363899065
0.8053417305278987026185 0.8098327761158711224354 0.807830844495827427032 0.8102109565687505288167 0.8097795393652797990569
0.8139466079263499853624 0.8048014928597766459717 0.8113193042144583033703 0.8132090171036934211912 0.8055173375620607867376
0.8037074771679871831864 0.8103577615045123305748 0.8069159806078506358418 0.8066538136318640583866 0.807991679086836889212
0.8028573492564057278997 0.8057229108474673884288 0.8080180109010469680086 0.8016387633374597587732 0.8089648219252529859347
0.8116433635696090886924 0.8118201348857865262687 0.7930335655521054682993 0.807017062929671347149 0.8045955024410114120315
0.8114440050225125711236 0.808287799760565528473 0.8128055203191135724694 0.8133609959268631728335 0.8132447411756107413794
0.8053608263072444817254 0.8074199427435837517208 0.7995977148459928462998 0.8045338904020270520689 0.8037428450420722736425
0.8049596130866172316587 0.8051216990169635101537 0.8127921110157918516137 0.8057062171337483480471 0.8121627738930323747724
0.8036921099646420207918 0.8150018423885231344528 0.8116984155249173937818 0.8042092520041003167464 0.804670694253334262136
0.8044283726608867368668 0.8022361210056326852325 0.8077723868125226136527 0.8007112933013638134128 0.8058420698625857747643
0.7997816295749629045275 0.8035620869820184752896 0.8093254733467303285721 0.8105191295054993139146 0.8054561601862606501356
0.8053689573180293770349 0.8048320927075710562448 0.8071645554368997999006 0.8061989965631571886107 0.8058773244118587752993
0.8115542662766842552102 0.8083106533404592619618 0.8045847438940327833734 0.8008241705003227295379 0.8056581872766839236277
0.8087627998568338583141 0.8018795344425698745638 0.8061843866268342262416 0.808072543227375983399 0.8045667236216050843822
0.8023514693752858972786 0.8042261373640678945307 0.802138946266550134645 0.8136774926246455041934 0.81191297059851830209
0.8032617932944297045594 0.8047752126637898184569 0.7985650391542594705996 0.8051593226330165942173 0.7987221828680367563535
0.8044418204504800717913 0.8114011092176904860196 0.8046466157767500071429 0.8094427967713954119588 0.8081640072027180821124
0.8082107264647548916514 0.8130707682406984604384 0.8111622613255822233924 0.8104025634057405724775 0.8053353663134521500666
0.8048539548734615634018 0.8029808157277119606832 0.8078239415688129865245 0.8122070252851038008046 0.8112287696595193997595
0.8041660118550763014511 0.8074829419979474565139 0.8113355325549082008862 0.8047423405654964279066 0.8072885565514696937228
0.8036320074645094679866 0.8143296010763748649097 0.7998879483771851317542 0.8142630947361287896413 0.8077703915575230597668
0.806283857939881332122 0.7988559646182229467826 0.8063259690675748103672 0.8111063986570949957411 0.8059327488552064933103
0.8166572486172722911135 0.7954389641397050514371 0.8001791068038196508283 0.8051432666521048941988 0.8067213057130722120291
0.8003904907781080879658 0.8059302150296895339565 0.8032345589179336053931 0.8031978607135531467165 0.8144174048799897036588
0.8063213653493820354257 0.8077878925580141977747 0.8091881789154737880665 0.8124863170839818904412 0.8043904564389774414224
0.8037552515155959032001 0.7985298223092952563107 0.8146048286945457572727 0.8022662070687488489185 0.7995829717879946452186
0.8079463857641200341675 0.812602462714446027725 0.8029563448871198660939 0.8132949610016709796056 0.805019808263298441986
0.8045333234772648056676 0.8035422140972989790697 0.8052881648490740618129 0.8168451001775537401173 0.8070471262862056738285
0.8094436488244305394346 0.8032475812422896765952 0.8085541545687284781252 0.7997639402360667837399 0.8012104348749776727701
0.8076001366319657259751 0.8040737205149460775644 0.8025457972098648529169 0.8126050707658419858248 0.8067154970900604071815
0.805443765187815130524 0.800146945361961070553 0.7979554012785089467386 0.8007342545221650675913 0.8128711209447730956512
0.8030797324750260646198 0.8061508943770893109715 0.8145614868036512579152 0.8029349622526313901005 0.8091336863312585947483
0.8047130940369746632257 0.8044982216357494664294 0.8031517582527918364121 0.80497529193650918522 0.8106438250736068829028
0.8070385369386063878494 0.8090721471542089426876 0.8107531499713370726212 0.8040269121711236532946 0.8005057561141459832044
0.8128577329028342512984 0.8040533033311145771904 0.8153805257831479025299 0.8028494366119979241958 0.8074476664190826102896
0.8031868980924056211634 0.8019497627194096533998 0.8077022518829166664034 0.8018225116084759518387 0.8035433139722623074874
0.8103799237486494222438 0.8114627280970702072338 0.7990956971365650307604 0.8080178618781443944386
