0.1544353178854248886953 0.3482645859729219806056 0.1038488555219750919534 0.3832481896140234045589 0.2332550166062146990154
0.1602953645834843121598 0.3231500870506021638739 0.2688410500061769736746 0.1389412282207553028801 0.2144366556535114987092
0.1636523195300681743358 0.3039522547707605992784 0.2216685844558930473802 0.3918807434700939396066 0.09620806391235978138887
0.03803307666454838059655 0.4361572583251908108437 0.2238415480198928664279 0.06170849198179014644117 0.04019401583811910150246
0.1311694600998004889281 0.05141305995322835442618 0.1070409321502594490738 0.07638003650390083609789 0.03962971396625245695811
0.1351152355596457466103 0.1064958809153351559917 0.07726037369353627726198 0.1017209336308221023781 0.1451643062883416768205
0.04836911562790865287687 0.043768317792085460749 0.07642505542413119412615 0.1505546765922607110877 0.1191474199635986497281
0.09615329207618840412497 0.09753020979741389151485 0.02542518040503186083079 0.01800696448896924733996 0.0717406634951816002399
0.008446856552247248781096 0.04560992808272728432639 0.03367646693933584040037 0.06135930409020432657607 0.1760902466276287603453
0.05198892258057245807645 0.06135472154779490761012 0.04213458111623079316299 0.0256503480255662850984 0.02397674734538157367836
0.04389837349260559268282 0.0580415465968229030147 0.04536276968084844429807 0.04652778049064851262351 0.1340671236315575942655
0.02022699137342745187573 0.06875206535344367819729 0.01344208736522846912853 0.04734374630379747928011 0.09332680767763947005111
0.03162441725082876242681 0.05603373537847829155556 0.03993409552840811171937 0.09327508697808015170061 0.0431560092250021717919
0.04588876523599062090542 0.02889655343848498980641 0.02111428561101972439795 0.009185191260857008405116 0.01609570906375232257624
0.0209034361712609334516 0.02025998374906828880526 0.0195782008034511116612 0.01369545018141023542957 0.03468875339850487071747
0.01437225734601216102504 0.02039956069507520980411 0.01919420701398052986342 0.01205792080312064265546 0.0429697590662695069752
0.009808170413947480195671 0.02408562775629982319336 0.01854489415785517611446 0.1124719818487504713334 0.03426134109031498536924
0.04801251451672693820738 0.01226725996867270192248 0.04059705809974347573421 0.01006730385133117362806 0.07239063554152497248495
0.02499999422731546960819 0.0196232760957011538594 0.01875728695157422021289 0.02035281313973464137335 0.03415946781387031033761
0.01447192234681109364314 0.03261914989723640329045 0.0719326188965195567615 0.009023573824422292596892 0.02090951440904743538485
0.03312273666402705540879 0.03896866469845022828977 0.01172919798459868580276 0.01899181790172318681775 0.009643974568538471112134
0.03315625986513554002144 0.02394884757777472270024 0.02858761411982245828622 0.02087787195722810504317 0.02064411553146355132737
0.02807143095894839429638 0.01562440461671746154415 0.07779678797391834099706 0.01674033106162453946042 0.0233706796528732295426
0.0260856285779292214333 0.03296366384034610241827 0.01360565943118198159456 0.03816028874750632127189 0.007657235884241627918434
0.04785714304651998013407 0.01488632170834180631913 0.02727061753578473302095 0.01179686214126469956387 0.007941157488519146046002
0.0186404983486970418638 0.01071644044576052987039 0.02673010785082949314351 0.01131156487596892551428 0.04450668980021053183771
0.007879113551123913955498 0.03361677245406704400699 0.009155036290171156276863 0.02140382939485843336036 0.009555942992144055708748
0.05503437976644597745546 0.02093400962685457167289 0.01524380852398324152908 0.01817550649862010106461 0.07401940013889428404692
0.01915530280591908746102 0.01358594735076954808373 0.009666761423244504825014 0.006536198285864024300207 0.007324989265692435566613
0.03285201928275334470886 0.01387922357114093792341 0.006740454107039403272572 0.0159827038173968455359 0.01421735471018895080597
0.02027874219718426435088 0.01923319224223012449682 0.02088563509820757363444 0.01472319855404912239405 0.008574427394519959153008
0.02460827749967262056963 0.0144119641298660356582 0.01833797789522993021416 0.009346318913749561418935 0.01456266239021425379363
0.01732295217526136701935 0.006354918805961572852992 0.01152992175629718660246 0.01750248647766863493991 0.01051397926806370286545
0.01488430160190293803646 0.03730159849013876122159 0.03602603864088704810342 0.01738529184807395891466 0.05474409881869946731259
0.008350245488273044455751 0.004244742418278615869731 0.01258686307338977537762 0.01387610423701516812467 0.01007377378622043885559
0.01254539773393859546091 0.01805520967204439497511 0.008152961159752822317692 0.04114109584448871759221 0.04761017804859450641697
0.006682105984290310531082 0.01763896142932966717987 0.007577774354159488856553 0.006284188554536210800927 0.01323205938564580609607
0.02378965217816646215976 0.01331665269975490679955 0.02213366899180935903901 0.02373712536193308547672 0.06473906096703467560882
0.02726795082621766980191 0.005325778968490058745688 0.008768126953214347082954 0.008169324178478137160608 0.0230216125208411968861
0.009211133919628296945481 0.01148051771142848814788 0.01056676494242877496765 0.01285891307702778305067 0.01638808021496209951784
0.005273097776802495618986 0.01874483851631462624776 0.006395947731631526113338 0.01584821414389962768166 0.01559880348359549313841
0.003012259875556762712262 0.01087296141957975852133 0.01011534435865688204281 0.02629750049117015459066 0.01365796839242987975593
0.01354299049347562101941 0.007426484836948606463314 0.0118839418163977986187 0.01294390025961435382318 0.01273616384251255798099
0.009588994406472458112423 0.02148585600852058810628 0.01674537358180365129168 0.02263623406849245636718 0.014113123732079364131
0.007692316238310766343678 0.009483717582995689066028 0.01271065208475217860051 0.01784949402941596666161 0.01363938755613826672719
0.01951173203855556537167 0.01368032962607972601032 0.009844488309690861693735 0.01348579734062789990678 0.01386655660822031996271
0.0128348389228885115948 0.01570349315039029289287 0.02321289263868665103674 0.01370458755175363654844 0.04673970968556297872487
0.005128384001458459809375 0.01576836285826277439526 0.01825514901358959649058 0.02296576247203418671972 0.01080141800575051304334
0.01601467169948072449825 0.01667403963736081504154 0.01462466369082534439761 0.008175891166574701315883 0.008163778518577288756397
0.003863436395151466275916 0.007939538224135464852815 0.01170462668049320267838 0.03097390677202252126654 0.005261305055511971730253
0.00741694746451773689877 0.003573000978782525302591 0.01955329785805461767501 0.01089593659480329532196 0.0107767978046128341113
0.00896822992364275373145 0.01660444396210025014282 0.02018448480304267309005 0.007530969320047715097333 0.007068146709914222003412
0.008033998142734638872597 0.01431339946511744030955 0.01239581057107490801028 0.007312625507263280540127 0.01966670305742837868146
0.007147770307154874790123 0.007121585934069090892407 0.008787122761884360797047 0.01296178896038146545477 0.01414525717940240401305
0.005310349151656807570321 0.01555934892994363834273 0.01018892175720696215147 0.006912171292192005774002 0.01013279203711564199764
0.01949791371692699906704 0.008764012432383843850814 0.01315047451275316858776 0.009625456769525359349005 0.01728029547419526051888
0.008550012392179177217466 0.01012076161814861284538 0.004694175741109266053464 0.008879621029466074413894 0.01206214685678307606265
0.01640814373109944143692 0.01259771393355763567656 0.010548258960138478732 0.01627123678004981782719 0.03220405462479528080344
0.01413677748388860594408 0.01025249139199266475153 0.00941801378473608626074 0.01297777988367687478088 0.01088816569575459976271
0.01177193680097924494143 0.01051510025082255314621 0.005143848617576364523618 0.007121120691198547063283 0.01031894856040499117156
0.002965972025849944893744 0.008905455010834596729641 0.01433543086050914454332 0.006564434638484603797004 0.009180063872318849557685
0.01298700890177620879962 0.01184745175156328919619 0.009087008359339253382725 0.02005349293528273235676 0.009716311260545888728313
0.009542205097888712544973 0.00907377708218325834677 0.003932623547490332258092 0.01653046977435368783405 0.01290445168088417970953
0.01474504389604320946094 0.01348248364770019379344 0.01360404054612615251663 0.01222061080458161294593 0.004945644161927500830067
0.0073109368829997597658 0.01352221787997619564803 0.008249263557710833846826 0.01096333820915104499683 0.008571020549046898598378
0.01138849138847412671705 0.01145921910175700872414 0.006377094089194136269927 0.009138234810563652943394 0.01327699464066825485453
0.01068662263586362543011 0.006469303912085002175592 0.003441581759718004198539 0.007340637089361142300636 0.01357066788151176268962
0.01971538721652716860677 0.01153761345968683585395 0.00884506638963187576119 0.009501311979588547562692 0.009814214807185092995234
0.01088908386589320688442 0.01379387251537948430591 0.01572684156682364192692 0.007264671875462392139355 0.008258073216576520061971
0.005593299662537803626505 0.004560875689611221250885 0.01199969232137278012107 0.006528524883168095906127 0.00392416021433385393824
0.0128850654117345243127 0.01293715744066215381225 0.01130921259778581815236 0.005245016034761354299654 0.007598826791369752212124
0.01200052868845498561801 0.009290046848854892347358 0.01250828961155937661676 0.02384197172210058765507 0.005356244695840665058506
0.0135991100757382934322 0.01097621383732517823251 0.0216986775531967830688 0.01490232764261421004315 0.009370190756434967210842
0.01387720190199039256573 0.01095762086070841724583 0.01775274748847571054666 0.009335897114640947028197 0.00743611411907709601854
0.01096682790529229442611 0.01339184842265120183036 0.00622920780851162446401 0.00743485430771840920261 0.007230809323095018989469
0.00669480161951104338347 0.0105075165148279942029 0.006750456424331537953754 0.01046181072890066919567 0.008864809454511533848287
0.00865581433555102398858 0.004496612278800882211982 0.01400426392739930435416 0.006455677044973533521 0.01802406543512964989806
0.02504601393832261643779 0.008295698872024992800989 0.01096795251776338207816 0.008500297000324215021538 0.01000538483676073099604
0.01450783430553778501071 0.01493737515474813197514 0.01448809582624832788256 0.0125699033519906244738 0.01794503783375974922953
0.005796172537757045967188 0.0128270342599268623307 0.01213709581728798780897 0.009585489669137635046492 0.01102647397025612388544
0.01201558407128112959672 0.01084252078635900701231 0.01021369012499171759212 0.008770863881646348211851 0.006111340090226855328859
0.006949359051357349367772 0.009138070395184912445008 0.009721175841291364999597 0.009930929403897739704554 0.007593352905035379366017
0.00454611528061714918747 0.009529249146022092040176 0.006424939423933052028148 0.006216946431223299360247 0.008584756932211046881465
0.006877648468962228520129 0.01269638643425997220904 0.01405241320523124316788 0.008581214552891956379166 0.01418101561815307380676
0.007609122295954684651875 0.02572254502087981467562 0.006835657390521263088168 0.007032805938558309676034 0.008973057818780333025344
0.009898034548075503383235 0.009455222686087170688718 0.01194552408418293742987 0.01047373172931833837374 0.009157176064461265696526
0.00874790630986199690966 0.006036183500229006307358 0.009794161810886005056775 0.01110296340390478676829 0.01113198582494336237592
0.01082702724896738959159 0.008371624221701521109673 0.01034724471422047292757 0.009148160300370342112863 0.01088719617164534206322
0.01718589908906071120342 0.008570320368000138369635 0.01368325664330392703316 0.007721966824313021733606 0.01082804990778981311939
0.005687807978143106894808 0.003044198731720283452457 0.01130319335013615401897 0.01430862102769884548759 0.01306749209555899127189
0.01550435431220672718999 0.01823801971536836638577 0.005533903385935641690285 0.01302318877740512616248 0.01374288689787810449627
0.01608764298140257995029 0.007735935701163365423028 0.009479245223332872019584 0.01213102731999127562035 0.01345948429883836450216
0.01200254466741615226588 0.01060080892859708960596 0.006004332504910870303705 0.01404879655669346444347 0.01741683944764832805974
0.009710643934950467445755 0.004614490472559551123566 0.01069513525319387876877 0.003949594569502995825006 0.00531181053273787479041
0.007770608236631814866313 0.01547106633251830835885 0.003673135364787000634729 0.006205976978867007616547 0.01138514076906601418804
0.008945162925891153235525 0.008978201437797379835803 0.01936469463964421086621 0.0117785578984615103143 0.01253873158085875606782
0.01024596300477539564944 0.01400259879442681230921 0.004509136510699753713771 0.01571262289910013709715 0.008657838775851234985881
0.009298986146405773325907 0.009736949553354254729975 0.006378813673272914520906 0.00802840929070626312114 0.005890144483557487389835
0.006106446604905426712995 0.009202255453940455867667 0.01219927728659319678128 0.008414593997720791127004 0.007162009854741181041904
0.0152886400804415761856 0.00809490523060409777889 0.01105005753235525738087 0.01082233086139176674034 0.0158416287769222521864
0.008866935372719798869046 0.007241310778852820713436 0.001721539094231853452011 0.008860766175453544876706 0.009693404251991713169168
0.005378660767961451760755 0.007820110227008542080895 0.01377876797883313686466 0.01542855282407853967364 0.007876027373191287622722
0.0104404522343434242454 0.01309730413015481285954 0.01689309277825966001951 0.007013865884286030021044 0.0145440558460962540005
0.008262307100252963901199 0.006812121193899906522462 0.004929835587043179291611 0.01149509181361397722188 0.009944230324735828588367
0.004609887498846730428947 0.01173668279922956275696 0.006277750621942605399606 0.009515256520361651051965 0.008565098312404794897446
0.01169850884909131097378 0.01496362835583336242662 0.006130972199208088550815 0.004345012224749476500985 0.01015606789024562153778
0.01320891907402133372273 0.006657895798719566660129 0.01520769001378126546176 0.004791262743005498397908 0.01150772101334532164507
0.01139140440137017228073 0.009952862479801464004603 0.009694525257568102974415 0.007074747752807090256377 0.01188686348351380636656
0.008854695942138867889581 0.01577664087249314520123 0.004818994197574440370435 0.01313751628845827475189 0.01408446229435003291264
0.01194983336007486400543 0.01018498977944091131442 0.009370096815590315403321 0.01029486637195922184296 0.009650464367119197112155
0.009532631495109238073393 0.006737318254723858278188 0.008487741128891553715752 0.01140767763555662096808 0.009608058213947393705334
0.002926830112238802943797 0.01334868023705386951006 0.01670103402378071699719 0.01179548704369024272887 0.008032604871189610515336
0.00953332818957353632372 0.005012246779193987693268 0.006448600211609664331625 0.0113065062864606599019 0.00437809157722991552919
0.0146125299109877947179 0.01417092114231181636252 0.01439526917811806590308 0.01068910584166869563727 0.01269541466004595921258
0.005887612109690245135174 0.005195576801262099565781 0.006434769235177016655225 0.007417278241217328468848 0.01324523146940123977111
0.01279488381274284172773 0.006972159513586992721224 0.005113928560902768032104 0.006915466751362528072256 0.01138843072528979843971
0.009093704618823160445995 0.01442116535839857785484 0.008600784821318383302491 0.009689446247738224896051 0.009739709982276837166304
0.0163748097582428510377 0.01090916245183605470803 0.01067100717349200172945 0.004754426436996987172245 0.01794673415354221951423
0.008445594135432577323486 0.008136211142360695244835 0.01293284822243147627607 0.009389711462310837419842 0.008795009572612007622827
0.007068715777622400220359 0.00593442552262019116377 0.009682307552556236249219 0.005986961867289930690206 0.007633342057712145384274
0.01128690464748057127597 0.01197945841244033721162 0.01428479614735624764199 0.008446218921378249866461 0.01092608495314894428985
0.01332913698447151309989 0.008597852373160854225209 0.009478115670739438447523 0.009003785529451040561821 0.007408091651669376775935
0.009081912493022870069836 0.00837035413426683201632 0.006013393789460459368246 0.005463011147224165406366 0.005943847960384582122806
0.006780819513434666739871 0.01090198627851047923076 0.004957063937320588600799 0.01247993383669603224828 0.00315712399668778955289
0.003257470137258688079596 0.00999239136661108154347 0.01075838534486184966399 0.006090171968566112856158 0.009871236737275695602434
0.01150681069339363517268 0.01516328546010650701881 0.004583832093610381956672 0.005543820602113931281241 0.007521593316568930820409
0.01115222678557459094761 0.007391988130378311823432 0.005827172646932744608239 0.00819559568106370019136 0.01132497327084889919557
0.01057397354348864684792 0.01099336268887121832727 0.00948221772563911068088 0.008576894596924705682639 0.009627402020353307762757
0.005909966035907236389657 0.02041512172401828070778 0.009298714785716715239272 0.009741532587189695099883 0.01106223490002800589893
0.004017774915985105471661 0.01130726414368059609683 0.0161253574654527283283 0.0093472357101589548245 0.002184702266902263483039
0.007784795767735502511342 0.004518189136838142959396 0.01011756461932288714278 0.003285844206687685200435 0.006862055689328992041931
0.009462837018510333875199 0.009472858721968778830669 0.01235578451500992866463 0.01338527987328855251015 0.0083695217375131490678
0.0124066259161675213063 0.009111355570838005138445 0.01075584409658165638279 0.00719210987057181030252 0.00525869866879798489312
0.01289726222641551095505 0.01133173615516458454522 0.01407265118099858963729 0.01359919094694131934398 0.01508769656376248748109
0.01508128923715708682995 0.0083934923410486587253 0.009310358518279261003103 0.01822508423473664235237 0.01517931262899966868285
0.01309559417378006705712 0.007827949856207492770888 0.008446126217675004738128 0.01592230441258891612821 0.007851552959345800206115
0.008874200785372649349925 0.007510897977943552412949 0.01372975563870664633681 0.01613894355985830142419 0.006468895501576332231208
0.01387545032514736140228 0.01014504112027122401107 0.009638603868890925283064 0.009599958999100930909232 0.01159262133259149514519
0.01174388206933675571353 0.004803014694381967271408 0.005828857339793179492826 0.003963707983024418284035 0.01549177081276884720973
0.01018567859849032856967 0.008922806013782464892858 0.008691363022876949159801 0.004625719873602591666883 0.008822347858625801883536
0.006301658166649060782705 0.01047864560792924164268 0.01569736250392188281477 0.01630175356254528334921 0.0111909785933855029233
0.01057896508870510669797 0.008480527896181188143854 0.01110919653517252088382 0.008263916685942611362048 0.004719971155436170767716
0.008543799554071380281117 0.01078502106841494612155 0.01220211611158449928338 0.006135877508554546215513
