NaN NaN NaN 0.151310591722214587973 0.0857712009891383742044
0.07435772268379281513262 0.1075304130097684135459 0.1130317516095652591313 0.2035726132640541252705 0.1762869707510020256258
0.1536441838516270086412 0.1494174970999520568604 0.1720926598942356389177 0.1667585753202703857667 0.1248338088578576920984
0.1632960937532222933655 0.1654429673993476623828 0.1502802202609474502282 0.1814898322366418625951 0.1133625360093110656656
0.05971472351292171631965 0.1325961633135044892562 0.1017312078466242053487 0.0751975261125563537723 0.15981249048073059571
0.1196855079534557692034 0.1547970951717691223681 0.183699289239769969484 0.1476559959580520109412 0.185262608767678665922
0.1218250515415285756271 0.1456746398283563503906 0.09069867877779139164751 0.1758884903012579714598 0.0884902211959521511897
0.1581563785633409435771 0.09906654690890065451114 0.1603906865997786757028 0.1502934523436906810723 0.1328330509527521352542
0.1119444592180497272116 0.2083169960211691262852 0.08527568448754400953771 0.1292029704640231257962 0.132689347027759335651
0.1750509778476234123978 0.1060349735122761150041 0.1601145063717447358798 0.1754485938158567570611 0.1825483202248168734805
0.1753190066140562497488 0.1472764992909326720039 0.1722972919630231247723 0.1944498525503811081627 0.188385518400965096264
0.1715192413373172741764 0.1347602096102139546119 0.1736243454650014950147 0.1656205053980131791658 0.128288424939887929499
0.1455160295863234809488 0.1003937095120936429105 0.192912450035409355209 0.1867993410109494434312 0.1530426717044789941546
0.1045265877204289567404 NaN NaN NaN NaN
0.1456333529841228324742 0.1093878564081545018416 0.06661124901850190571651 0.2017028354136091439219 0.09988746230072136078615
0.03569513393230731856942 0.162841778461962766178 0.1509702527598895116512 0.1128725932052614816525 0.198084039030992004049
0.1061143860198833360764 0.08729041043749392880802 0.1483206695575275957388 0.1753162176001070715614 0.145701901708383041445
0.2419002522414517852845 0.08873728247572114369301 0.1172599024798171019057 0.1460811698766306676589 0.1377886000203574212719
0.1377660902781922824811 0.201495114681473241891 0.148574201514497128418 0.1091001288675441244225 0.05866000755668339394777
0.08728460812768132348616 0.1037340841629747351105 0.1601036900388788930538 0.1305364081653225816204 0.1732700091299712863435
0.1541242059486968019044 0.09236682864581696739137 0.128628662886037303803 0.1708060757269855844953 0.01803800154990773882413
0.1131008067614257678324 0.141572815900873477668 0.1505194598523834914605 0.1404091781700100294294 0.149915134699840441046
0.1308454358061486855203 0.1394189616036297374446 0.1501073153738922971723 0.1211086457673756083819 0.162080430306170447663
0.1295884629560622169908 0.1482173740936083283781 0.1332293154988584416021 0.1263474441235947487439 0.1358298492367248644364
0.1009394124933065822747 0.131735035164007613373 0.1428510891439430385841 0.1478811544332709060345 0.1114711470003859200562
0.1066459406397118753196 0.1928609625745120459417 0.1488053671205279981926 0.130721592437104655593 0.1700498420560059842366
0.1446270081253322459247 NaN NaN NaN NaN
0.0974270823268713337395 0.1583309468492309912691 0.1214510053970290076597 0.08607226903190066946703 0.2011949285752554772433
0.1655610825925673545989 0.1587911363495454752925 0.1549521526479001320986 0.1263442926832024082451 0.1750229504647773381976
0.1631330974905234321159 0.1538888272107871990624 0.1655155783667680013949 0.1247731465665630756767 0.1718366422733266229983
0.08691012805871452251427 0.173210970481123938125 0.176252176031146318147 0.1152347030436778052565 0.1228949251096467382149
0.1886865696771461153869 0.199963317810461144175 0.1448948950262523016619 0.1585524021570165198458 0.1293460018456141780163
0.1732927854922588495334 0.1401357393115035820941 0.08331151456849177072694 0.1067477253944666415464 0.1275437853218528982957
0.07136232690316395010921 0.1182686366666266808423 0.1462553424466324913933 0.1733378233094734766073 0.141394304333402553997
0.1053009002486035849966 0.07866848312074853355469 0.079970510719698864599 0.08268115793092198351211 0.115719340978239840223
0.1117525041002640634469 0.0955882200507526674782 0.1702129138399838537143 0.1785700624826242199905 0.1652196042064151826345
0.1801754461791521544356 0.2107791223139799663411 0.01780899259551827623627 0.1845958284010800476427 0.14400240002403968953
0.06007880968556964657035 0.01888912699017740101648 0.09526038854020169033276 0.1378416207974015317284 0.1094390474438976385008
0.1212151683683408420755 0.1255948301101267039481 0.1264526260059381512768 0.1685691444645831815752 0.1223879763316179924981
0.2050272064205025668304 0.1816118942466643237932 0.1364149568736151563186 NaN NaN
NaN NaN 0.02939255019420953032872 0.0347636918208590883772 0.0350540855680411683748
0.0351100753785859379108 0.04496915877146670514897 0.02315155596494338982594 0.02697256565062295177726 0.07180436586716729130409
0.04337692544523383264554 0.1226889396920346070319 0.1269377710929442126808 0.1463656540150981566484 0.1595443062053701066549
0.05715694167357921601225 0.1449453439590323022834 0.1099431596975167929608 0.1717184935763295949851 0.1601087732614212555404
0.1658361152909609281814 0.1212144198259256094863 0.04621566022958795844078 0.1585541569472843359545 0.1207903461170121151014
0.1911103131456679260491 0.112476447868251519524 0.0480348117868912433126 0.1113431210630812240314 0.168757923738580978279
0.1439691096285369842356 0.1506182031380950692157 0.1209037622062597433503 0.1345830570639879875117 0.1518371067012228015081
0.08313849014793646408084 0.1633132078930481789758 0.06777427235651170556174 0.06435073429835051761483 0.1758272197385956636673
0.1550085908593972217062 0.08008573410029429240353 0.1234954981351237268683 0.1581896840343166577014 0.1280323844719442050177
0.1210774114802646156397 0.124504601108679877064 0.1671708827000570607435 0.125711331232062267782 0.1106784927519782329997
0.1414603879074417536188 0.1146629985802709167375 0.1596623277446183597483 0.07572470969847194810498 0.1086999190018878985731
0.1560033129776761673391 0.1442300669094930820613 0.1113434799488454696181 0.1657508909495263582645 0.1352963063862285542083
0.1179800961507670581385 0.03521988839558982953282 NaN NaN NaN
NaN 0.06887593083999467291623 0.08290565063081124785871 0.08244489013310536684731 0.06548958496879297985771
0.07969058040835778899957 0.07570395120869971572475 0.04075055288590001545401 0.06691719881039644157728 0.03760140828256848533062
0.05141425255578484926344 0.08162546301482451194254 0.06338272087683344269138 0.08968815367756689804768 0.1079485546937929835165
0.05777592822395850868933 0.08616896889048621110963 0.03471227228626549976553 0.1489337429474668073048 0.1077031285251410092085
0.1224860803661195485237 0.1143909998106938524787 0.13899617278894346728 0.1909528311552066703882 0.1011109781562055109916
0.1863787608801721618068 0.139553281810448903677 0.1598317163718458444599 0.161280769179210775599 0.1344164242731124558894
0.1716939819011734924548 0.12518419835964042508 0.1404320513066298903304 0.08477964318559026712929 0.1662092828116059906041
0.1102432756892833681794 0.1487679454521919908405 0.1689006207282635341205 0.1957148509362730826044 0.1655915817657864774759
0.1758741962296944960631 0.06488927983477527083878 0.1572285803390889580289 0.1008226055974837942486 0.1818285677390984178547
0.1804417056518727302539 0.1360635042603065281153 0.1546382816975463980746 0.1972607555158078229685 0.2149284694981754562093
0.1798523968631326186429 0.09835895664780543168337 0.1165340109817507713297 0.07182709842065629346486 0.1352918788743867339885
0.1114989173774240116543 0.05599847360087443354226 0.08358265840438026950121 0.07732549800553112362422 0.06892617186878639834458
0.01566893632141434788974 0.1252692392810333121833 0.1676239858225827827898 0.05385294617109799564236 NaN
NaN NaN NaN 0.1837219242756764903124 0.1721354941108817204753
0.1471460589742549507353 0.185973067649151252434 0.09740320612476556505488 0.093635112038629300657 0.1064132834295464236085
0.08968246290935492914809 0.1982293220879003114998 0.1646368498112545930567 0.1832306189658873818438 0.1101705916138875640531
0.1524581947600609777016 0.126733950331442024595 0.1097935022811332705928 0.1518393312926419602693 0.1976155211551598456232
0.17368969990844562723 0.1430937601486544363816 0.171670986713829243353 0.1125780056519847943663 0.1952217753736380512208
0.1401310548085890339554 0.1506671773911981426775 0.202267742445461057299 0.1263940376916267704921 0.148166140966197346085
0.183576793030369250781 0.1659151813839123135175 0.1460586126052303146405 0.1588850761729205529615 0.1960463101686849562988
0.1162541382963026004305 0.1226541153539724149368 0.1543315296326334129517 0.07445915596072628928059 0.06130018714999019985301
0.1399568508034283453867 0.1479982338407880293474 0.06037745127209847434413 0.1444229239363355732362 0.1624586107835562787116
0.09765226147917616117411 0.171673171432381782564 0.1852333869420427214791 0.1650980125018230160183 0.1239616190055475852816
0.1090229822989083885432 0.1256335093366447164254 0.1091754844307060989816 0.1457038767456178829374 0.131540507408214463192
0.1199108289779202141112 0.1472195872433409158386 0.1703771957820621185675 0.08346502939385401498296 0.1759423982541618303177
0.1110881128532255207597 0.1847039913978442970954 0.1052278707188301354325 0.1191007432926373121873 0.1197106156896195205963
0.1099229907610394796347 NaN NaN NaN NaN
0.08594083485377967956964 0.09738974515734634407327 0.2079495834480160620927 0.1497661025819731206443 0.1371878694246882746111
0.1430678118392557096605 0.1020092487932158092923 0.1136255044472345848705 0.09893937279556910824319 0.1239425384550761483071
0.1261935008348288034252 0.2109733922656987503697 0.1684549707958747921666 0.1467448108439912135559 0.1084676099517628833357
0.1461136710220523604598 0.1116483167658625930141 0.1716962491108208754831 0.1541519446013166205756 0.1626459569333269794544
0.1322631178383682770683 0.099250219764990890714 0.1343496255547171336353 0.1326075256467653673553 0.1004818790927539257085
0.05302788995593123860806 0.1402413773178496081417 0.08207757675499668947872 0.1299644333895235426279 0.1634238412017808006471
0.1097044513313975289126 0.1569934431954197184833 0.173906329567968392924 0.1505483686234102558288 0.135220688183581211339
0.2039410975853911955902 0.1838904650371404880804 0.1447277797642884111795 0.1912145166082234171157 0.1179767924405325796311
0.1762645811156700603739 0.1501848271540078549879 0.164501663766742356465 0.1094153933745001250344 0.1529071525300815803661
0.1258817553139357225955 0.1736950745939209173052 0.1491507882466164003343 0.211621744650062365567 0.134427919316515653847
0.1017818987714557282809 0.1799660819876072459511 0.1763323842171644617594 0.1564462624616256569698 0.1230323473291132507779
0.1623189113931254312639 0.1692095319025197497353 0.1766145959387827035769 0.1646856290501763075973 0.1931990718481988722477
0.2111919388788748574992 0.1980300414269610675966 0.160728887249872609555 NaN NaN
NaN NaN 0.1640805131230559932298 0.1804578491011632201957 0.1660752645297481899789
0.1147459909814854406296 0.1996870603777719244132 0.1613055863298172576403 0.144495170399757427715 0.1738858685413435800626
0.1546058854992333753131 0.1365971969058293045141 0.1450874233932840928762 0.1036649007795409499488 0.1999793249405545370045
0.09658467462258796265573 0.1778621611968934368431 0.1524565762703009030865 0.1226621069861428270364 0.1554378223037675144091
0.1828750321073207285583 0.1796271880756687699954 0.1601516552645992352844 0.1783292807673919622147 0.1977873564418904384077
0.1454184046005186914385 0.1374436800471918462829 0.1617810605827894043784 0.1590870280860203767048 0.1437475520181192567559
0.1793223492059162205159 0.1562485729682273616348 0.129073930960456301209 0.1352537210685788304776 0.1905733931010728798849
0.1584619810233260650545 0.1254254097498962994273 0.1813504363634447225095 0.1144575621952770572154 0.1947895166599043215161
0.1556802375460086262926 0.1220189382640968350779 0.144646717666089413834 0.1452502796938316964592 0.1629803878096115765661
0.1330433985129277907333 0.1549530856342204165887 0.140766264722124556652 0.1497807650065533235928 0.1788091106058429247128
0.1267516313554706286482 0.1392850418232622067283 0.1188429674253782819537 0.1333898279021893396035 0.1484807420692868529244
0.1662317582933203197193 0.1546954508003035577701 0.1222725109758077272071 0.1219675223424289550733 0.1246839470917912306991
0.1328121932121231474344 NaN NaN NaN NaN
0.1309269107917609975544 0.05848656424996261787852 0.1556628247051714264426 0.1647032560880138107873 0.1475815496806841542465
0.1330290572742344745727 0.1293900946373977567383 0.1521670494443936039186 0.1883786636611219922344 0.1009168291375599629811
0.1683930137947245719854 0.1649404559327386221579 0.1417486064361009878709 0.1188218921462881327855 0.1578232101624094108061
0.03426645488418702395483 0.1121121316403379947202 0.1635157151242937201285 0.1181057676243895820933 0.1180863364830603001732
0.1306436074014831749679 0.1129381197395064179156 0.0940116143967932443859 0.1074598231562731986966 0.09338369815599791012861
0.1600517422456031457756 0.1458038288261468695683 0.1173077402164803134665 0.04568199119453097978294 0.1234796349207760435274
0.1213859132017048869656 0.1633075436279191328115 0.1467575740484149959819 0.1045680829984041992908 0.05751087251327712673854
0.1205192200424629739297 0.1387637572603193647502 0.1228893381614463153895 0.159785055415492482922 0.1682134388530601432077
0.08641957945899064741369 0.1200180619732996584181 0.1260987552305611325565 0.1526141427714753640021 0.1521917130939234308329
0.1093923109841814650389 0.1063086472992820774586 0.1151668693055927783497 0.1323351969265898486761 0.1413181425601102991774
0.1671128063224163462497 0.07280971735272202816081 0.1692537193456508104461 0.1180398094010139398158 0.1364252379264808134884
0.06268398199280078575413 0.1299791896973019333927 0.1445221009417933244467 0.1322481541470881538647 0.1473924654881394180617
0.2287881757041306529654 0.1589981480310627415253 0.1301383908715572912396 NaN NaN
NaN NaN 0.1071893670197963110979 0.1157248456748529163995 0.0996762056940126706106
0.1307043357182804399486 0.09091067322943699458015 0.1606711830943700070051 0.1595082686732055277101 0.1871257764366197895445
0.2091047781372379066323 0.1124397893890235478054 0.1515475338326675303069 0.1243841747560195387656 0.1907808783986225387164
0.1129926754468278254917 0.1207968583966722020406 0.1439017286834250453076 0.01892997038815470017825 0.1412604167487077067022
0.1047825497390375421025 0.1065956953039150362228 0.108082859861602972873 0.08016057579924192044718 0.1003671518921899902255
0.1849798336267195197902 0.1606561634155893592002 0.151778169592489270423 0.1255869230633300248634 0.09433327695834339832182
0.1615481811440951376291 0.1120861203221635016281 0.1206899006103362842479 0.1506596591890248248991 0.1403601237984480332166
0.2256805274688542528594 0.1725520472082709977357 0.09627792459646102030124 0.1256368887183267057939 0.1587258098543662121482
0.1102324479667156353901 0.1771650381793314910084 0.09273994212883722443319 0.1329077899700213116763 0.1340316683677331976998
0.137167585146500015103 0.1259459030462939388428 0.17090721365678451793 0.1732885402483632653059 0.1517506570281506872444
0.1574875406730754656692 0.1229108882312182626784 0.1102490032159499644404 0.1815245951336875163129 0.1851649570266211686231
0.1433721731799907916916 0.123267231222765297205 0.1523416964817836949386 0.1601800580314854394182 0.16250987008832376568
0.1208858224506137585275 0.172075609342031282667 0.1150761259776248018882 0.1081653795849672472507 0.09096786276681360916552
NaN NaN NaN NaN 0.1834145712904568514823
0.1040112153135108324919 0.1756673220667662183025 0.1071707512578548154858 0.09498619276221524632131 0.07687147273209082865009
0.09453148015879972443365 0.04908389421690997900249 0.02894215169890890573812 0.03427698738173984294164 0.1136265575840620239978
0.1024925363676547490632 0.0535852373026000083911 0.1751675107843572443134 0.1052511912623560474955 0.1446171258576240681304
0.2107819151556181991314 0.1503128300324460819848 0.1131967934561855931852 0.1004371609643982393711 0.135353244265537436819
0.1380536164031803403329 0.163246890363285795944 0.1351066649299744459878 0.2034828241703706963595 0.1464077482263773932747
0.1823018971052916270548 0.1205263686449273285994 0.1738633972495522150847 0.1168758558364412503128 0.1214507142967975600323
0.1484464414176373259213 0.1108357376413661443681 0.1318663436595557125752 0.09813610373418441001903 0.1425803772222458687402
0.0848492197334097114636 0.1529852162499858725386 0.1376198721158842785961 0.1546545685021415983407 0.1758961951439503290651
0.1626409918947987198745 0.1159882630413539283953 0.1275626317140200749467 0.1122162787809293515995 0.1617274644819277906738
0.1184657643229623941172 0.1591936820426531618011 0.05679865941931655504149 0.1482529313796298320316 0.1688145177625595683146
0.1338176911214691289231 0.1100510179000524085824 0.1208686176591438621308 0.1317803742744329265069 0.1088300911433361661818
0.01356996815086505131509 0.1597536139257198506414 0.1616070270370454364794 0.1243714192450021960301 0.1654718918261980642459
NaN NaN NaN NaN 0.1717288163120460342537
0.1620528856027567965459 0.207404097652856861389 0.1540112280717829407184 0.149276618888724760259 0.1235651145841638320899
0.1978964030690980313576 0.1580682527624911459796 0.1596250170044113403378 0.155252946759160265211 0.130770354226818319443
0.1100894360934384502704 0.1774935056559389101594 0.1279278850805858069872 0.08397385357132373939759 0.1517234973899395933383
0.1386450191988214120098 0.1287537427650658761191 0.2013699242478393380829 0.1793778239520279482733 0.1454585419341406227201
0.1200896640998328351868 0.1584508811864602795261 0.1342072610266415721991 0.1433052542191650957637 0.1880351106127705063109
0.133392632977445413367 0.1706658397053383013908 0.1719702604888644903447 0.101000500195332118536 0.1459723749941602144453
0.1478209226348764226966 0.1592707929065889926878 0.1628259772499104918175 0.1767820770035280486532 0.2059484655466717883954
0.1820994758233806798398 0.1604050354138785716707 0.1975170643106229917407 0.1742375772597955785326 0.1556480937119071594754
0.1222239973865662243657 0.1353715358547036284875 0.1453471286228892322967 0.2012497268730744359733 0.1237492429258280624005
0.1519081901949994595213 NaN NaN NaN NaN
NaN NaN NaN NaN NaN
NaN NaN NaN NaN NaN
NaN
