0.1473672827343674440748 0.1346580830826451524729 0.1193691458641857605638 -0.1426766925392907170433 0.02363341678103491813601
0.1367133181098097449713 0.1326340196643196467363 0.1723027678747654778402 0.1017930455795148236842 0.0766316532464566269045
0.1513168869329570842552 0.01196617911866276577626 0.01490790197707487184375 0.1160450640317594594997 0.1131239691184657419898
0.1989322388425170118342 0.1334819264216335621409 0.1289015082075254114979 0.1110383196323634358293 -0.001573973182886671731001
-0.02965875158521446772197 0.065527145488790392025 0.1573624540613973721292 0.1734292742154604216598 0.1429451074796996012939
-0.02044766275565928353997 0.2295931782915490437791 0.1258249338266650696472 0.06966007829737298762129 0.1828392985982768559339
0.1238051750742081014156 0.1487733746454817929106 0.01555837294171335226378 0.06839126746374941945295 0.1219836915445171171557
0.07664036241141676530919 0.1262220102451234449159 0.05288075497906679495186 0.1675896468722178067612 0.1251878694753477960777
0.09366269899315635139025 0.1018415513393780280627 0.05716661414913815769667 0.2218892866594243395983 0.1466635696821818046764
0.09754425706508004778605 0.1535825810336933217037 0.1671381401260088606087 0.1157222073396750594565 0.1582033263906840736546
0.1154514988826244314968 0.1775502120081651480366 0.1407503952872024288734 0.02187946854364684542982 0.2408210485669884659554
0.1042986388767467853533 0.1075661501752202681148 0.088082360607707257949 0.1064846554148139584628 0.0757517805047509124039
0.0130355122332092652343 0.1344720331005340441255 0.1608132939809115424801 0.1024252965541251475523 0.1140063427741136448113
0.1609237721489482630943 0.1614475145704495073762 0.1483491583221402954074 0.0749602758147315112458 0.222743037980192043479
0.1098415603925045891387 0.1363173191020921881655 0.08964512262111440366041 0.1700621074333266147249 0.1416249073402963409851
0.04555350543592264628279 0.1231394636681932552857 0.1461031851754628074769 0.1005197598893503019291 0.1736588050437232466638
0.2004903827857174858362 0.1090583289903486741146 0.1400173564832646599942 0.1825103407692227619474 0.1036779369993959809548
0.111267155140960069537 0.1379987577463673564804 0.1648875643792566403345 0.1425913722389054172357 0.147184688186710210811
0.1246599248391132841451 0.1826327845471913680075 0.1403777490177035291996 0.08165574276996236113835 0.1500512083744471314439
0.1220804475044603293332 0.09456916770645668046669 0.1236393369821720544799 0.1606199854607414934105 0.1969897316664233621886
0.1404535341965021943977 0.1860548152363580010071 0.1729843513968570001271 0.1879063500498326655386 0.1712371025237403587838
0.1923819065138481498867 0.1011608281960862387727 0.09007186554806886902291 0.2280397270142223431488 0.1203322426354854757236
0.143374436280177264269 0.1569271145009114853952 0.08901295560472782808503 0.1327460142612433002807 0.1495048927368461677556
0.1858103433802970605448 0.1810967506602148280326 0.1455153133381007490854 0.1188280170806636781844 0.1901352067305443482859
0.1851020162840818217287 0.1522623847791653717287 0.05516313677259086778459 0.1006661920073861488101 0.08282283196228912292014
0.1154853612915660993066 0.1203875136506060150587 0.08808524472679984951284 0.1180831109361098474331 0.1809859898650608978077
0.2183670990502762643271 0.1800698531346750230764 0.1257231437077483693354 0.1853089716724366786682 0.1591489400249483376903
0.1391452402519945119597 0.162103448828494339784 0.1176720503429150299635 0.182900015450754016566 0.1636069101917203005847
0.2147972860513457094012 0.09916847213435134311688 0.1541059577087786347516 0.1389362537108807804653 0.1891474319318663110945
0.1540033156833640892724 0.1437210891179838412324 0.1243202918051916489039 0.1168302579880713953919 0.137803934145753342877
0.1381768214041048936647 0.1171319345859045540914 0.1752308863171622155264 0.1089117166590518603897 0.1024360504723458575871
0.09390464229116164684985 0.1684153133785896705454 0.2164079104182724810901 0.1912202354215980781849 0.1377378987286931033562
0.1176450831765109839022 0.1593649210275849825713 0.1678001011667256681115 0.1680756655287415912703 0.08774782441017957290708
0.1766699756443401714279 0.08717795456299315404181 0.1749528378313578991232 0.1801860756458804890823 0.1034482412720607730217
0.1152509089372149159169 0.1191120490366377598912 0.07200750505419295510734 0.0975705648372498374199 0.05375737550186808488828
0.1714660654586633858898 0.06419957969710095302407 0.1213059175470906636551 0.1096115674476035861673 0.1156344407375619470768
0.1435439227787736193864 0.1437646813676382862024 0.1809740512909004950259 0.1552187905566303482985 0.1418793177491739498919
0.07189578091812566518204 0.07218047194024296286941 0.2001247146440233160014 0.1357704733708706978934 0.15343435982895445302
0.09659390181852602064172 0.08334117790721953800137 0.1179947323801764091922 0.09742901146001171908129 0.1173052324105900712237
0.1776610498991201547714 0.1364197580254704611491 0.1625784391730195621584 0.08146759998292597837466 0.1282801857765603903427
0.228852286865076581801 0.08692513458725388553194 0.1064357022297155730417 0.1283179039593218551119 0.140297861109575677796
0.09947640428582048277573 0.1598350989589327753038 0.1013050225499970563581 0.1019668432095715421282 0.1310248831145102987872
0.08823578906960896639511 0.09827461213186711175283 0.1612427805993591478639 0.1561294463411944943854 0.1616516053868618796319
0.1550355857092212963355 0.1187198708602290181391 0.1373361768853166298143 0.1642953889024949820641 0.06495802508505618688694
0.1916152510525162833144 0.1556994549133297878196 0.05062724991545595326636 0.1508307225277718544021 0.134614941324399106648
0.1235422838862741817811 0.06020334591476853014491 0.1183333528086881747399 0.1337641159844767946296 0.1367520158129338359032
0.1617097199382082350905 0.1595575565264883421968 0.08425027194249437578755 0.1331232960090346917337 0.1647783096903117638909
0.1978427022844526095291 0.145366072418208785999 0.1758319585615461255745 0.1583561927320517315199 0.1130361697410494636884
0.05224883671607557372729 0.09725289460464936475148 0.01591704176657701697017 0.08740576812753339530637 0.1241419641485540792392
0.1011289819211426688206 0.1257620861237406517663 0.1055565851395698084847 0.1410703255164960645551 0.1411434421449381804159
0.123140970679017566769 0.1337328259182993250853 0.1094160303654698462861 0.1360848331569100844174 0.1018251872512859618203
0.1627270052881865658456 0.1672339062778675500276 0.1082070478347773312411 0.148382630719588487489 0.09030726584689448277476
0.1142774278048967195875 0.1147821163878050554352 0.1583694165941174070156 0.131308682247538693888 0.05410142464988611232801
0.1231378544567603566806 0.1145968956768966262594 0.09617441011783180171424 0.145182830547255059539 0.06560116502012970640667
0.08862110396621226959812 0.1352614738572106845016 0.1364166402659808818854 0.1862285323283985605247 0.1159906991418672844718
0.05700735221111206951772 0.07423901903263259438592 0.1454184763897183041426 0.1561093596506707148475 0.08764187166535128414857
0.1035830690804629972135 0.1447922868245822836109 0.1339671002251109910297 0.1509969408966342629963 0.1487782646094650551571
0.09715856298732276907781 0.1432131092370554636961 0.1450394985594042895904 0.180403209564751115801 0.09476459274706065805116
0.1151102487606393970365 0.1534491145174274040475 0.1070934509556106667416 0.1451477670559881694157 0.1504452531540687310052
0.157618883235262879916 0.1143028588456346805735 0.112996957376556836361 0.09898377345795793258443 0.1718308283804489966506
0.1057182025962710159028 0.07165688108281877133354 0.1435330835887920764016 0.08592916346841601715756 0.06703095083604929116383
0.1377115443546723938528 0.1735071375314061192796 0.142115799917859247925 0.1569694071906280463669 0.1756647073539647219143
0.1428181141608632076512 0.1055385805860300230119 0.08367124812865807392814 0.2017440462018274538458 0.1062609233597182761821
0.08067910624476982983655 0.1905764078449224685485 0.07699956858006899718117 0.1170521288164075024429 0.1123551426390991953008
0.1169832494366091629745 0.1481652437366514363237 0.1654589402177217838386 0.08975298271461845667218 0.07011869467430373314976
0.09361647641196839397804 0.1327299235554432743633 0.1009421178006803671012 0.1832262918305656573814 0.1313340563539953931294
0.1218146562195905197035 0.1083512913729753612824 0.1622948795077294170675 0.09235489224196498370123 0.02489154357366506198357
0.09048348915671208803069 0.1469197818704230384945 0.1368938117514443830736 0.184068506838060585995 0.1239922877575704296405
0.1298785322732818603431 0.09237903930664344287482 0.1032400383738860949467 0.1655796862691495396902 0.1375321490771835297728
0.1174836600170560962919 0.1352472993336638062978 0.1139108942234013793771 0.1390369930595428960007 0.07056203228594014331687
0.09732854897898014778779 0.1081531578257932807441 0.1443990982320035032505 0.1578356822367110168237 0.1698212740595154701673
0.1535891711049587604609 0.1161104434114797051558 0.1375134576249077700272 0.02977884524997040371908 0.08585599724588165171379
0.138432548829955898162 0.115495371707878893841 0.1268977330946317039206 0.125231286091225552104 0.1079407592993595205177
0.1552038141764233991626 0.1432108111180772080928 0.09584904140539061978554 0.1349496788362561094932 0.1785063669242106243473
0.1139179920382206862017 0.04224478041796542876485 0.1178811296980383088728 0.1703333954162211671957 0.09167629096553586709462
0.1222778884979411617717 0.1000132689816337766553 0.1103833552205564227933 0.1053030949341105110273 0.1598468692063294005479
0.08631336444390555473483 0.1556213551269944872502 0.1102042778793275584759 0.1354648397571008577867 0.1258164025208650116383
0.1485648903229144224269 0.07951183465579329812112 0.1283700716189114521271 0.08695949130580218899844 0.1278021886802861162291
0.119182949765553353183 0.06460990002138156107492 0.09602318587451078024664 0.1278934013523111701272 0.1257989797997133840646
0.06824655769141009520329 0.1431932053868559262533 0.1566677872146985117663 0.1055940231622829600378 0.163673888945033624287
0.0863775508764160759867 0.1246921656470739159239 0.1343518864752562269604 0.1033694365817134780405 0.05995231793761916089247
0.05914821562344652755572 0.1615444432429062882051 0.1506905314921382077475 0.1109926251623890997022 0.1018140723292717819692
0.08510505443346827458839 0.1531707427262639087395 0.1521518932169465265769 0.1481470184785202703903 0.1577280688736830971397
0.04942863075170792624968 0.1195682616408802606545 0.1270948918082089318382 0.1051818857114096561478 0.1659184123484598871734
0.1769807645786897198903 0.1269525110990374072717 0.180136780116470052171 0.1128027443612509284065 0.122141365436346752138
0.1251374612336392522227 0.1726642347017245671115 0.1347573445167002392786 0.0776256101466904491204 0.1225171332127389378641
0.09576541322570275571735 0.1500858561399062429675 0.09985544084360886696317 0.1244092018277117850378 0.1307621307847968705751
0.1093983907079480455415 0.145570597064653445285 0.08505548116787702006558 0.09500369723616962358559 0.09868483046233068878283
0.1223779202268117927144 0.1359880819543834717944 0.1197000759182610257758 0.0761862631659027261799 0.09563345078303420176979
0.1491011853752053639699 0.09396760354530328540612 0.07774552360609497669852 0.1265298801661136895991 0.09864832938102280346371
0.066503377475359198856 0.102109527683690401445 0.1234997130299237133588 0.1150837141808196267823 0.07773963941015783751798
0.1168188094792732695248 0.09490305750980486398927 0.136150098517228701489 0.09279955554143708151837 0.1246152856596607488848
0.1362707239784531620952 0.1110927363476823526156 0.1059475764087109278533 0.05965267501320702103751 0.08875013213509379272903
0.1248565263762797250546 0.1291568437263146129634 0.08044264816075487323221 0.1319763585470526412458 0.07363936481797422883844
0.09170734909645346377705 0.1381555257781061918365 0.1315550534430798557128 0.134585605343998132577 0.122593857021649321748
0.09106755262208775236754 0.140162102946772754164 0.1411752082666868635119 0.07982410885655050192256 0.07889148939740391053288
0.0997334248730554762119 0.1119554039224908981165 0.1814653954170245275801 0.09287623563730314224518 0.1034704182060255384101
0.0942666459520063171329 0.1259869188951578400371 0.1015127923821812078176 0.04412942449510725423378 0.1190091978116189636028
0.1161815610772595902533 0.1369392877444741418724 0.07704542231410409225401 0.08764025737257097325994 0.1032017385132248527002
0.0531259826347091831944 0.1476391696727457347738 0.1298940118090685380547 0.1385339271653315829091 0.105159443858665296867
0.1059959733920933372397 0.1230691224927092514152 0.08964019988838804742226 0.03637460173308460636976 0.1271432448701457773588
0.122808184585841362324 0.1548179573995893953953 0.06982018455837543657871 0.173077546668645554373 0.1209053848246906537334
0.1072949789323525554563 0.1048515254533468332721 0.07761186698663684324639 0.08270803519185390695334 0.1199494345760139940582
0.1369185919468251244613 0.1482987796680347580836 0.1277698513999894758264 0.1184908929310613118213 0.1290703850678716901879
0.1094998533415612873565 0.1131227456571299999633 0.09914448775128835433801 0.08386408823865394712715 0.1371109615973430950753
0.09414264382179887702407 0.1400650338043439857572 0.09542358434897622865289 0.06430429666679030042964 0.1159850758289368150011
0.1105325532600458238175 0.108915063783893747984 0.1190345327131410585464 0.1143796761754587304472 0.07544656074059023775913
0.0764673872250623276603 0.09267489772951263693468 0.07102200989757578852846 0.1621760037115445585165 0.1371339067563517588599
0.1727168796265453887262 0.1213940035963911173722 0.1298764642940720692721 0.1170725765806654855572 0.07247193431562860832518
0.1173876252110073459267 0.1376135023568862136845 0.07926611920618140127992 0.1029419161109944580446 0.1310574892318447925987
0.08981039781245230002593 0.09876508314627222007154 0.1121066978903228067432 0.1353863355223096087698 0.1437595565652660667411
0.1202873252872154602455 0.09335702399543197027576 0.123997961391988223423 0.08279407733770166588627 0.1155699896295494522036
0.1131265713934646033323 0.09837630999632800132826 0.1031618296062556117132 0.1364513959919565477819 0.1070744497802485900584
0.08615528343345567330314 0.1059251696577813012246 0.05978091614703218148463 0.1454031917578791077705 0.08100086385278644496299
0.1408414969936302996167 0.1222354746787392004714 0.1035700049599025257541 0.1104090178107075409519 0.1445078573287819079241
0.06836213305726997202516 0.07480313715653989781185 0.1176797204497696258674 0.1305772934305591270743 0.1298155513374808778249
0.05538408687750714931575 0.06983832711982809748896 0.1173665321909244108056 0.1578958472495254339307 0.1310423910806234049087
0.06688771934074522196312 0.1041873492626989167187 0.1234266112331726117368 0.1332175654276629706008 0.1238643820492063563066
0.1132205473611461177263 0.09188184417966846484482 0.1337456659297327765668 0.09995623018525119640731 0.0729741075711901332479
0.05765090578706421470256 0.08849144654646635965722 0.06380505499053117091091 0.0599517351239840165511 0.1138505242280722778991
0.1173075198187522039106 0.1154118516912031461308 0.1499518268052004998925 0.09490372006382241654165 0.1364956453495044519375
0.1237092334962244660757 0.09781471186087768721062 0.0857099715537869150106 0.1478542720813714739236 0.1114545954357451656991
0.0899300839805760726664 0.07420388427091745287001 0.1093196352688063921477 0.1262762935184209289741 0.1581956634505693459758
0.0759217030574712153923 0.09597969487998679605223 0.08037964904128472309885 0.1059648268074033783392 0.1132369463845370322064
0.1418599462298779367853 0.1215966777497504008876 0.1036981637826969171456 0.1267432950327963825377 0.09698370531159836160917
0.1199386719966687026018 0.1076904031236790987291 0.1245950028538000547984 0.1392227110827198854892 0.1451202682256348963641
0.08306885358145935094321 0.1211450503079110202487 0.1118932820028242514088 0.0755835010072615637311 0.09033459412842144431455
0.1116220197973239458555 0.07163380713345003647508 0.07163401015319754983057 0.1054328490586433075826 0.1254445583300050903741
0.1113995200478573172065 0.08293903999428789419746 0.1109228402413270919702 0.1393927640661657418875 0.138575276274253755826
0.08730827971918679597518 0.08882534328555755087642 0.08409748739349388879649 0.1007787011073741773037 0.07607023413560207170114
0.1234291885674059646716 0.1038030700920681143051 0.1334021204604713684017 0.07830026320121281913078 0.1246650413294103504347
0.09651606357470624009132 0.09439512293696619704697 0.1050381753702915171855 0.1492325295954344543947 0.09886044126014374711087
0.09627959359169929731692 0.09740478429859766862364 0.02257068856762641309577 0.1364220427195680374055 0.158774893899058244795
0.09659074938808308308236 0.1038281086509873912815 0.06324471949410086224486 0.09271309527577484277394 0.06986414844661038847651
0.1083588217972418915602 0.107830708378428730132 0.157496656333298928887 0.05559076271587839318533 0.1525115613658376556572
0.1089018584278418078082 0.1426003769329857451265 0.0975590680458370274053 0.1127290832205598974936 0.07791353658653603353468
0.1087225881503631474967 0.1010418351227231475997 0.1290438545337393161372 0.1564547555003761858394 0.07346124191319616802964
0.06213774346099197598559 0.06758940126452130103818 0.1256244701261698404338 0.1290056800202534215138 0.09962980685401304214999
0.08680373984124957476016 0.07773963827109342528132 0.1149321034735701213547 0.121026748526081362467 0.08433615124242273275446
0.0693308581704328297235 0.1059248844223228264161 0.05796016607276191501263 0.06891584960322633124363 0.08350479428188022079649
0.1360497811483322716519 0.09998291683549302699685 0.1251580822787935198814 0.1412792696285800342348 0.1102668575526171007573
0.1038378736127134466249 0.119648661223407962173 0.1496300570098391125029 0.1200372386667000745852 0.1260776337715681927332
0.1390138865532574152795 0.09516644033347336495421 0.1152274415577112381959 0.08180926391277298925786 0.07825560519709921780684
0.12242390466535864324 0.1060379254724137937371 0.06962278146991189575754 0.1188058268337549988614 0.0906654514566453822999
0.1169598798388439414575 0.1253074587318115939993 0.1065970969068170542959 0.1184538046426903967756 0.08568075430198193731535
0.09342978395902679089602 0.1849600634642226959503 0.191839966524678939841 0.2210701332975941180159 -0.1323429702538136409906
-0.2024417363525859436812 0.04827267182980311127638 0.00681518697186854396225 0.01429430983249702254156 0.08954791950745209783147
0.1923707915491524034213 -0.04728765753712863700864 -0.04003560680036718361086 0.2235672395120836264404 0.1619082331513073680362
0.2118573067939922838221 0.0140728666264021973209 -0.001845779317466212255533 0.06708648005500419952973 0.1986515184352280471991
0.2440337991312401255684 0.09966280369306537711971 0.2024857705408811270331 0.1463890773200911821217 0.1452235073880914495437
-0.004251786753299180432464 0.1102074192332542501571 0.1385998114786826940215 0.1064175429862309063545 0.1163317394615147326586
0.0474123345676925947445 -0.01430660704917910766576 0.231208619887023347772 0.02964916836384073536848 0.1344756038180675850047
0.1632820756046849119958 0.01884441492752663913079 0.09726406633185169514633 -0.01805963962908750664038 0.1484585804747067250275
0.1204074330670555498246 0.1605070925211781462938 0.2030016445298732097324 0.1510113235206634874075 0.0306408290468062685652
0.06805191303223373511244 0.2285318204162045674366 0.2303959958948885722307 -0.07120818792688488052534 0.1252081550768341100532
0.1490418356097741869881 0.1470595954073919686689 0.1193767293383442007482 0.1071474413075393788963 0.1665663297338235981915
0.1829309724736841724635 0.1145324316092451444327 0.1628455712238837671535 0.06698508511172369950248 0.1060951991208267247702
-0.04555421715593824943946 0.09566302288927461261459 0.128368271995758675974 0.07958980238800296425072 0.1473356393926503749015
0.1846411380615841646424 0.1601733044683520124085 0.1324532205352232094864 0.08730086608941788062221 0.2033499163078918980929
0.1824601625868399745745 0.1908680752319922846461 0.1293655060945944623718 0.1273455838392029138006 0.1533371510454694663927
0.118121520211280292556 0.2042628451350639862127 0.1925518560031657389064 0.1394796933959203122377 0.08068054173776620374703
0.09163322332444488738101 0.1539456512985646341463 0.1083287379119810267536 0.188725627110070376391 0.1250852003665633427332
0.2065807343420477948381 0.1578976405371943780853 0.2126302586815239370477 0.1582287472785539605979 0.1066464968662906298569
0.1369434215411396982276 0.1194817378916418482149 0.1461761668956720883195 0.1025461456115800279454 0.1328621087888657292808
0.1663787418023092157249 0.1252037043965384399691 0.1649249143388496485763 0.04586524381852721127251 0.1425137242936314885267
0.1531803965624686791891 0.09757960376270623237271 0.1214502049464016714131 0.1536979923303692097125 0.1654835103491315018154
0.1283411160194485034491 0.1348996118323752546608 0.1553941902822360554559 0.1112005919075736565249 -0.00833564501509806779489
0.1190417370184445600145 0.1681492250993727177732 0.1561269474492859854475 0.1907652436274536733585 0.02591932212122383810682
0.1319465658677379527042 0.1481803576574526326581 0.1947574962859836278373 0.09068150796796638213326 0.03670652104005965588041
0.1407190254844761789776 0.1965385326681146349603 0.1246607436306948341054 0.2218253573392517663532 0.04423349531795165573422
0.1400649853219055052111 0.1975409952445887906691 0.1805142524436769979612 0.1104624922176109941274 0.202949995769440005855
0.1051141840377912001214 0.1461433704420044832339 0.2377134041765801009127 0.1408209678376874940398 0.1911376142962756541355
0.1402313177722674386594 0.1186175392386277505086 0.09084105312955594035973 0.1706387475646540252683 0.1203914984161766899007
0.1553373494545668698219 0.1261787595709906173447 0.135259693113238793627 0.1379031831225139004271 0.1499847314309153967216
0.1757792343749168817446 0.1346698155480863523525 0.07581931787555208634988 0.168601796717668173109 0.1099552232002374702047
0.1381387762466350921375 0.1198752379921745186975 0.0873873594550660381941 0.1203877218763914763722 0.1234882082961705207502
0.1478793797210870009096 0.1122445819856970894435 0.1602249838079830290827 0.1044458448663122263067 0.1245995583022034697285
0.1847043136151965692093 0.1045030448757652552505 0.1198003582059489618983 0.139466576669785846665 0.1066785197012233704639
0.09764367224562839342461 0.08192982685091382277776 0.08449264430167120754067 0.1258054988935903839575 0.1328601983068892211648
0.1776676015306373201952 0.1624877345274969853151 0.1275361798928670853392 0.1010913955403591191207 0.1021936773782539664701
0.1892963878905398744656 0.1616682384472945543941 0.09499667653321965110624 0.08159286713915481215054 0.1713854022498248197426
0.1107290700454316295653 0.09210935616616440502202 0.1216029183956841841496 0.1173263602187986365255 0.1357104661497822994942
0.1397567703334072763965 0.05281210118287146815241 0.1306999438823460146786 0.1296416688779275239174 0.07766480643280186668687
0.05663145431842640104003 0.1595772506922095712589 0.1312415072774354152241 0.1735365068812078637173 0.09412843286913268048277
0.1492024139141424066146 0.1020701224060567013918 0.1576215501112997741107 0.1697420449755261129265 0.1775449674634438090859
0.114192830789171667627 0.1357143454167322460524 0.1488579904658855757038 0.1100473965774985130039 0.102392913619669526093
0.1071361579852308648642 0.09675225087539598978204 0.07780758842227633587108 0.160283625759230052843 0.1151953811925814918915
0.1567520261195226027873 0.1725925548185861524431 0.1078638131328378407803 0.1284621167808516484232 0.1682774025142656781906
0.1242801797868564317451 0.1282700418893104876705 0.1344041576708275564922 0.1061775143990781045122 0.1313831435954830595403
0.09810456719430540872828 0.1483263531872583140814 0.1006234867690114775929 0.1370582050902222071009 0.1051922191719369403806
0.103595448743498255717 0.06631383983381575197846 0.1395337977936586537631 0.1861558495877406183006 0.1873403202536990108662
0.1151170815923932555513 0.1296876064775654702199 0.1333385893308783320954 0.08497240349568968564853 0.1220283342793796882431
0.1461222903702861508624 0.04736559966732385024146 0.1413940464261309315486 0.1771560519806749112171 0.1781381841875860627677
0.1668356050771467591343 0.09834520463017970559605 0.1432761335785343315141 0.1335770629252880092874 0.08422218946888443413812
0.1632743595019505167265 0.1054445467627093263596 0.1016486403799751747634 0.1044784056083705170437 0.116468955596968196109
0.149869059010556249234 0.1237369582841079812541 0.1009732735673175840763 0.0818638822254039999482 0.09708100993376209131291
0.1288984420183456602871 0.1066708788611703401239 0.1417465863753664401248 0.1075586843950728233033 0.1343738832315260200989
0.1207014319218807085754 0.007085687403609809004168 0.0561794666818114935003 0.1393818432275484575644 0.1248794071080789602757
0.1512858060969349549563 0.1148586440230052463374 0.1661410107189202345346 0.1030188525064900800787 0.1572446012802464765379
0.09633725375365415066753 0.1139621565585818840916 0.1201120220335782640131 0.1558529003679420543715 0.1677109634647954983233
0.1643523093537415935561 0.130642482886617117277 0.1804424405745220505448 0.1390141091217382274259 0.1418213267701434465717
0.1408418188545586535732 0.1325691593762123032807 0.1569093580090527850768 0.1348521397662220400182 0.1285358042135583689358
0.1175097955287069118047 0.2074335577436064725898 0.2050126847676915498031 0.09604183695338577853029 0.08517987820513372998477
0.1693739612897137702952 0.1194439646558284606748 0.145296402732387613943 0.1038737170946471971567 0.1632436451856120185333
0.09974454662580489738843 0.146260894577278421913 0.1078985643560697038623 0.1543549338288801031638 0.06624740042173626886068
0.1494265624702682537794 0.1097273032672081843897 0.1489916563959260142891 0.08757302340822716024693 0.09977344865102207027707
0.1634487018737269814483 0.1093180246718700177055 0.127904711212974780965 0.1479820616924152620886 0.1568689095095452401551
0.02927066660575941212108 0.09898901734135312491247 0.1157171712799787977044 0.1655298474323263213659 0.1245592472291292690523
0.09560289977539659922456 0.1541019747237742099077 0.0997503675566546316178 0.1048360642267431169783 0.1137083191776865065403
0.1471240913845583420105 0.1738818745694149237035 0.09982659987731457018612 0.1855761765358925619029 0.1847710620649899160295
0.1002273107845771393798 0.1408545723049415554495 0.09123293316208679060164 0.1118515470207568085481 0.06168203021300674993022
0.1225639679488843281074 0.1641860709499515513787 0.1227872473539362158101 0.1277003694021802970848 0.1317744636108409694852
0.1564634375031417889979 0.1595808226227359016836 0.1231927037515525291678 0.09240784229590982834512 0.1570151611604927166521
0.1245834342594315663488 0.08206584569914708582328 0.1558837906546530760465 0.1145004908189562464749 0.09113696168377280470985
0.08423936661900696676319 0.08181097208956232547106 0.1307533949281427798628 0.1277414105649826159272 0.1514632434010570738447
0.122233856047893288399 0.1801015545860807087752 0.1704752286506791281173 0.1213385285240576316745 0.1237685424161726471803
0.1781872663343395113422 0.1240583884154583815818 0.1171788254263254752674 0.1006889251804110735344 0.114517696137407157253
0.1316196063637969648763 0.06141895297325404567967 0.1056822465642522634877 0.09425133684982189841151 0.1232778511470894594604
0.0815060195426531713947 0.1137467634605265620618 0.09879546865861739413095 0.1211791736616445319674 0.1438662080223283290525
0.1133271871681782866359 0.1844088054230202111672 0.1322087955300114137103 0.08336233625910795252967 0.09054996384770298833988
0.1473495046724002666139 0.1184666720825152813612 0.1125721671979434540534 0.1250076007414845646881 0.1758920777395685253186
0.1165837678059788162788 0.07942792699726662630777 0.04156455243870231519576 0.1345421298034051582615 0.1449557134560861826333
0.1183863619888631119048 0.1527008973385024226399 0.151277383839489631967 0.1542257073106187981182 0.04120632851364141452377
0.104793623652345374575 0.1603332079206391536097 0.1485463700425373734237 0.1149265769161520595043 0.06962789157116110183576
0.1354039051488384048927 0.1291198540743972722478 0.1263942699604971853233 0.1390098167547519913967 0.163201563552335782159
0.1808390314793490161183 0.06877087524470543167254 0.1384734548478056825882 0.1089603616651437512086 0.1398442497961327746214
0.06809526745260019442441 0.09271599677736519495852 0.09191822703773408487216 0.08552221581280473883258 0.09647733137291611416053
0.1000986563424116349008 0.1394355961626183859625 0.1148243941540635637555 0.09510589290738206968978 0.08664889501519831838117
0.1459020286430021406954 0.09862876229468503508357 0.1452108666913232704054 0.1098692485124300871613 0.07084369799979231552278
0.1045259972933124392735 0.1295672061098312177752 0.1467629441280303981276 0.09854993559141005110558 0.1008687991303258285614
0.125721979825600238545 0.0880758173505427760519 0.06994852649956503909401 0.08662156701600280672704 0.1168603355783212893737
0.0869208892242835234887 0.1646769248922206330121 0.08080655009529295884629 0.07982585840473903349146 0.08707890795646489046078
0.1154816262962637396505 0.11924528234046147257 0.09171292216880962133718 0.1075203355794514675781 0.1245836019917622994324
0.07355517225660189450931 0.1085894046021611408781 0.09740762382553924680906 0.1181538785453041667806 0.06734858200491740387594
0.1154362152825780946097 0.1071040024255543315901 0.0788909045924736929134 0.04848155480991622051645 0.1066275951518207143476
0.1255955156988433907284 0.08765088330888350098835 0.07622767139506893274703 0.05641822518042627354617 0.1691605994466658380304
0.1144789078204838661534 0.1094188624911412582863 0.1164771232661428457256 0.1181727291018311171156 0.09465261117855405803567
0.1150349779895112611872 0.09867166711441979765063 0.1360631395216051475749 0.09559661817283772455855 0.09815111089163794377832
0.07125853099183891703472 0.1334692610850096994302 0.1488948376087999569961 0.1477409576619863884606 0.1342543966833021629181
0.1073448129715348364766 0.07211499322290759739218 0.1085150279540554457691 0.08084676518236479092483 0.1413624266681125229983
0.1538681951551016946489 0.07192196251599179690484 0.1031556389621997998907 0.04593499527983989361157 0.1301565668848806422986
0.1273393185737640986854 0.1149472548485419715059 0.05134941512677231034711 0.08292731971439215588049 0.07971468029647374442526
0.1879212001823889199859 0.1532921956729674239917 0.09746491914795922528736 0.1494500691389278879129 0.07615732980339495750144
0.0931612188226642046196 0.03830144763808633612268 0.1896709873387396327882 0.0980194706867020398855 0.09485100500096425857333
0.1365457710353285003535 0.13782961617127917342 0.1271716008086975213676 0.1001823272594536268221 0.1338447679621671548844
0.1300646602811247609655 0.1005420519948525964748 0.08248274339574869495895 0.1315901515511580799345 0.1704497223440377962067
0.08410503590266557583099 0.1213508989291161715984 0.1112777945324462808285 0.1473059359556734004837 0.1314878471275356952574
0.1649653753253390031652 0.1152994134107533236167 0.06315094845073132567848 0.115827911658612642265 0.1094169188614051574371
0.123177102386250972299 0.1246603802540736244397 0.06074631631985105695293 0.1050075908610512281927 0.1315886948203374151589
0.09508958945186023192786 0.1476198538566694251628 0.1472236751450576586198 0.1474137709845944332887 0.124585508194418020933
0.1055155498913715739207 0.1125738237990350915085 0.1016319094082835938764 0.1103958977278905462249 0.1019493446281147797094
0.1108901153604476275127 0.08237250942310553325498 0.1150673563026053947134 0.06698536542660889214762 0.1460421042421235215958
0.1384426580892386959842 0.1015262086730241430921 0.09819746089969838553912 0.07406887745627131758308 0.1407873013528928851645
0.1115195791619085774471 0.09437982223134987191937 0.1335616081679035782592 0.1107931121994278761411 0.07863850010168275950218
0.1145767363569226704456 0.1579303042207552132403 0.137330474689201897931 0.1071580620185805382549 0.1080794295519341696732
0.08143574668781483616442 0.1061030051572811327976 0.1718674964034979379957 0.1175896062637226957559 0.09409506672434929386295
0.08730467930069121806902 0.1202100614772995262891 0.1061802015505083074398 0.1313206362953425465623 0.09252360819178093165327
0.09510409489069927835292 0.1116737130730168225945 0.1442798820474626153576 0.1007852525934627985205 0.1047620096988175070196
0.1235949022684533632477 0.1219190647946191974338 0.1050521420469578137702 0.1445967020151331383637 0.09411483966230767272965
0.1220043875194863902678 0.1140052997307547527628 0.143567535121263162301 0.08198634933915355249567 0.02759914919506680289207
0.1090444720078329737811 0.1319365146213833384081 0.03588281434150531606919 0.09106515831092472368358 0.1163337917967807583208
0.148731535923335184135 0.1001430429005221306449 0.07521510067367352669887 0.1109170967314849348684 0.0868824364542403887457
0.07142670088479438628148 0.008487386254802602170155 0.1144569779294529188185 0.1136665520705546494895 0.09364769197212514939554
0.1078147427374837596936 0.02968440457288534783942 0.1345006690521030057184 0.1078160852719272783107 0.1228252099797956381488
0.122380573747698617737 0.07811430761451862436751 0.1387785489347619916067 0.1081843466881730192464 0.1273855578979432023878
0.09722281140791712295002 0.1226555704970831023326 0.1212592938672139436518 0.1141461759325379937691 0.1292275130300652996596
0.08667536529514373311311 0.133840915616666195076 0.07220041280828386198731 0.0997374279778517752737 0.08444967476325572486306
0.09002145133348531114148 0.09252675494796942790021 0.0918194890523590517839 0.1250304980221982886768 0.1399683078764012988948
0.1400481435411062847152 0.101735697840833763661 0.1435853205615993111177 0.07119780091808232402872 0.1428037244839899522209
0.06046994143346144656714 0.1087857570007672580736 0.09702840423801381564139 0.1859068100224187392033 0.1160431733611790999783
0.09937882569995698522902 0.1084403218891761694342 0.09728761712322726851188 0.1469511960966573549392 0.09628328290813413514737
0.1110756998310057225288 0.09838948097033113626697 0.09157248223097304296036 0.113845680437501359239 0.1326999316496162983903
0.1297289297770948812705 0.0951305165449092549057 0.1483931129106131618922 0.08399856100398191138812 0.04578850824119501394804
0.137562148159159430838 0.1084632712032076590214 0.1230659377197177023477 0.1174926094018371308669 0.1000684671878533382738
0.06982817753898501456078 0.1151858740253051405222 0.07834057432109818586152 0.1395568927228634792392 0.1394259783802166419164
0.1125160359367560897192 0.08134874543568160198959 0.0697573378442633562635 0.07944041205831314789165 0.06552337103838604126516
0.1258990706445392016022 0.1276403779817055772483 0.09119006549193495181349 0.08276414836249790241141 0.1195639066531174049546
0.0962493235929686025143 0.1676321364760240406611 0.1283451767122167075375 0.1201005261764910014843 0.07045710364113186296997
0.1066970287991068910838 0.1066136097553022632489 0.1213135153675981986465 0.08686934255512686331446 0.1071347320070037550943
0.1535474573728145275542 0.09343028115249082943272 0.1313907153795020876785 0.08112378258726082869146 0.07774222956206607026974
0.08800866170280229050515 0.06420410917484664636845 0.1084247156348922408453 0.1437702268823548845678 0.07847910424751544655741
0.16457799003037040797 0.1301571653740244138842 0.09199790776943733705551 0.1408833027092832035354 0.1509941695851329812594
0.1357154407978656551759 0.1555122785193415457794 0.0679361947953000117062 0.09471859103187137141067 0.1418704137729435987847
0.07472681293614415187765 0.1040343815861400622591 0.1074789440604393825351 0.1197748316321638056836 0.08719940545717061453068
0.1578102679814348818788 0.08787323152496855083182 0.141884684881733474926 0.07988780202192571899822 0.08193678815154251116049
0.1087330785343360306516 0.09069942802245582746945 0.1637416205174468675221 0.08545225238018333557832 0.1021909105315828431015
0.0881612989160003579503 0.1094319762624091085801 0.09358881089961187949022 0.1207194338056024190964 0.0924912195308653789505
0.1050899721475502118784 0.1104375330007304478741 0.1161016987597177918534 0.1020030908714697759354 0.09769890593126656641587
0.04936090843295219687814 0.1224065784099039183586 0.07917130058970613115665 0.07840039531788427218384 0.1576085708994364731339
0.07535677069280598272538 0.1186975859317526693637 0.1055997690237085728793 0.08198871700197647716113 0.09367213795383494412405
0.1008801097874136576404 0.07561613887389409538464 -0.07319098516545052834914 0.111089278280323222603 0.2271598080475023540004
0.1200816726420364244365 0.03754108993523379289581 -0.1839854358066118356074 0.007288478942182349644419 -0.02008275679491981421942
-0.004006675186607838029529 0.08836567193909715400846 0.001657977487448274601239 0.2357945830688833732669 -0.007061820008440082736823
0.03905142859361003526697 0.06463134492937085140429 0.1009086373762718702451 0.1875985524733642106909 0.04957969154380967996554
0.2181911128008381384191 0.05723855156958058271188 0.1313360365655690531472 0.02607747585045205179766 0.06224648777956535289357
0.1607365263612429151507 0.2353241130455691054735 0.1458864442665274985256 0.1321419501858456246879 0.1234201654524974822724
0.05114376310393588948022 -0.01901712062111314202606 0.1386821677267700003711 0.01036310568232039382164 0.08789974145947761219322
0.2178066748764184989984 0.2137023667049365860393 0.0475587507950884849639 0.09425837492609732970461 0.200402996101225111536
0.1543247724794997721709 0.09539804565887244347522 0.1258575627012999409438 0.1092869334320523272419 0.09508015547699441571972
0.1174552494811200165081 0.1911370113737928533304 0.1242819974512545389 0.05984027671008349674731 0.1467504883521822400816
0.1203147935731706114071 0.1838757583991530719647 0.1660124493699947911818 0.07841303183769694762351 0.1092639721460985785528
0.09655061101320744354481 0.1220267634152477909115 0.1496876878519139419943 0.2034834706136186555092 0.1178170117669760652568
0.06767973471269563001673 0.1070212507174295862855 0.1201755841519437234544 0.06053029893776392528215 0.1148353778125132673704
0.1229285064292706675104 0.1015343224559821927455 0.1418842675428553246064 0.08463982433334150956572 0.1281483060121971773171
0.1043413606799028919836 0.1375156175221158849631 0.09159720135331170243198 0.1662576292324351723284 0.09640846476584521984599
0.1524430109619604456483 0.05787576627350869001853 0.0854660799075605270847 0.1915564021048928311508 0.1954689677148298831977
0.1069916590062934824701 0.176733882114165963273 0.1189344598957337850731 0.1687584356742304614318 0.2010629487099300227726
0.1520648169758685164243 0.1656928974897723949589 0.1794914305860649816893 0.06612305541873544911802 0.1461465610317753127667
0.1626416837526802883218 0.1626914383975876510213 0.1180788562742721981014 0.1004827366556615836357 0.06819712166395326680135
0.1664258748306670643302 0.1104701112469343854405 0.1166929478366488109886 0.05100908194824207986251 0.1236701843496571112668
0.1783185010256235214499 0.1242265112513061681154 0.169779333880269917012 0.1378072335798350978031 0.2140821064774492965554
0.1188309201497547012982 0.1426966306907203052567 0.120052981405603456655 0.1306266149426636713482 0.08858189435114165177776
0.1175033272436478704037 0.1519608673575146007284 0.09228288807299575569054 0.1521841020702824343047 0.1837896774975731895019
0.1334442446085897793218 0.2020509658418139231628 0.1029393600008319670236 0.1468011831660759602958 0.1578842981926202870824
0.08097693722500148849619 0.164956896833693550386 0.1300646403478241119878 0.1430042937371382716361 0.2024178394919670109786
0.1705744826418439663573 0.08498912569796965299496 0.1028928488138023539245 0.1928596338928164899418 0.1413236241953474692234
0.1532519671470159994264 0.1455010957365487078707 0.1828106825337828256206 0.06628163964368896654555 0.1021833098059817535042
0.1582764671417387636332 0.1695484472686176191658 0.1325446702424438460977 0.1211616244299707212395 0.1927657700421468167651
0.19229828082560587732 0.1135705517476483655814 0.1501761355545326026562 0.05905005929590097929482 0.1719527561091027667572
0.1776732577571897286894 0.1765497499522090119051 0.1273304068530056176733 0.1664390727836489169977 0.09462913984100153330647
0.1409351585796697337027 0.1051412606919196884858 0.1079232330483264334919 0.1640963063246939912521 0.133472159596104061885
0.1398417380041097890508 0.1107985181650903844242 0.1021073602857224399409 0.0720136767550352135947 0.1469710107235986662477
0.1421518630592726595285 0.1976577311541179993171 0.0981864885072167570268 0.1352138053050066512917 0.1060948254375828486706
0.09599075076755091140424 0.1031890931913979625456 0.1752044473902541754651 0.1149917638540020603521 0.1888147709996980672109
0.1403474457682590825769 0.1676032920006346460529 0.1390231975681359977148 0.09744823608590573449373 0.1072798844466309464707
0.1018222321737559388222 0.163812804543590623263 0.08127263090630161557204 0.11721166198125000657 0.1526512058017132633658
0.1065692614792757841879 0.1135606605261025026099 0.158851778744323379744 0.1095997570932921022502 0.1662638726156488722108
0.1684267050102293272751 0.08200719100080762491434 0.07433328920232888659125 0.1758190951525581136039 0.1114666333489189170569
0.1130750922448448131385 0.1475214751955497560765 0.09619633407556774096214 0.1756473929943691003608 0.1462522135607908779775
0.06782846993742908114911 0.1373653328867650291745 0.1730083158175294844039 0.1561580902447539942468 0.1424904485176155810588
0.2141680059727187335206 0.1493247993056711353521 0.1629182559462551971308 0.1612391620372117251314 0.1730270537041780354315
0.148257524630380554953 0.09374042874117348433938 0.1265561484904306199795 0.08131554092007460543545 0.1106249667175788764517
0.1239871439132665398297 0.1924137995279667778803 0.1639344114709642974415 0.1708044106310734611132 0.1345259630207374657029
0.1276089808107890299915 0.06277535974588815959052 0.1554868176994445017058 0.1755971227297036807435 0.1473021895153830973513
0.06613105263611969431015 0.196699168203967128532 0.1442334089666972851695 0.1401305372537820503887 0.1227738227011765104191
0.1845998926365751136025 0.1914100710734173149685 0.1002691249072970303136 0.1472646521852458145752 0.147601613503996559329
0.1535163010885378653825 0.1008636184470512453526 0.1212733620178854804239 0.1061731288952815488447 0.02496552938891161838031
0.14516921035188073974 0.1078929434283982941034 0.09931018796543639171048 0.1298148290662329840117 0.1072726799741606645844
0.1789741142605942025856 0.1224174972365786456807 0.07279797065351684137724 0.1514708072486326828621 0.1200106890454388647305
0.1310487138058011868935 0.07865606306081440735056 0.129445848133094620902 0.1619005032868187921036 0.1426494158666017086912
0.1382385739892329490353 0.0787631688915183258981 0.1873684589683543288974 0.1214387406339548225453 0.1805562378116092880909
0.161842883601129250426 0.09234406330292213582744 0.09344739835786562698328 0.1141991806993096214562 0.1708796779654106479107
0.2020928978593612423964 0.1832385138744162533797 0.1223409822709426997278 0.1578800167686072175588 0.1136234897520213837918
0.1212250031266713101719 0.1493631774752975371889 0.1639221942282973742966 0.1458332494961830372304 0.127467105029939575811
0.1361067354588269551208 0.1495877883054122781115 0.1359651258444435628636 0.1304398037279851374493 0.1599457318488407830959
0.1309520187298214011218 0.1451361725941592850653 0.1284540012785811424756 0.09190477205742576816139 0.09377353363304700983871
0.1686632450403312000198 0.1243980599177077761563 0.1293495599182710176223 0.07664054266304957951927 0.1319289185990041857188
0.1197394173896549340874 0.109645097460914123233 0.1624902180629103354281 0.1876431868990273421627 0.1291322307796266555258
0.1432006153802450609813 0.1122325118230934615227 0.1244090374828364237159 0.126332187400820167289 0.07883165150189087866384
0.133864593660684511045 0.1429093237490821621805 0.1107155906155358887633 0.09232286568103677260044 0.09035029625886353832342
0.08016747099747882632226 0.1614619242048286884561 0.1620461933375164087501 0.1401144448275115084179 0.1617540676116929199146
0.1162869045563986597491 0.1322289549500613448085 0.1472038606394205084715 0.1501083530471202798218 0.1081398917586396252188
0.1489045251426327487465 0.1318404571020712068297 0.1860837310015258372342 0.202206074404856162019 0.1445571870036156392203
0.1142857764992725733144 0.1161094004928030221091 0.1019292259313427928547 0.1228810778333234571269 0.05858965791225773100948
0.1240382058837957157671 0.1520143423200920329563 0.1306469561029611203828 0.1462647627519886583958 0.1427396943696550013492
0.1464754615573347074076 0.1116755955838568542537 0.07970616579205065665992 0.08657452750191764467846 0.1186686516027179172372
0.08585251392874659881471 0.1163034710874180505114 0.1167323644464606652305 0.1316104034761005348031 0.1139420380732314719285
0.1866398479892661110835 0.1093534632217426361134 0.109491438030132698378 0.1315635199141835243175 0.09745631955002345692129
0.08255032282689626910166 0.1326840266644995214307 0.1569058082727734226847 0.1576691714835685154128 0.1456985899678295282023
0.07345009546637897013266 0.1375781129559084658975 0.1213389100965306249824 0.1515052380253907871044 0.08956972366583773603743
0.08472609919715440307542 0.1169564087918219669193 0.1036227495277133453522 0.1123081032190041683716 0.149147235253759224971
0.121853342296640437814 0.1036502263753561886572 0.1083383168829425702295 0.1670640537943652026431 0.1479569636884122130205
0.08660162411981255081717 0.1147353109673064919249 0.2006200999276167573626 0.1547802262736306389002 0.08972388173687323442707
0.1003644028662676740415 0.104257361505501758292 0.1011884163664278635242 0.1489139394619747591708 0.1238679887587982170194
0.1703237135361046206139 0.0856425316586178903 0.1322352572252258606778 0.1510253166149681525177 0.1055565329707185695529
0.1448775441313406020516 0.1309361993215996389228 0.1924176601829026000967 0.09598268953930566560473 0.1021882326020183001658
0.1548408207379535217463 0.1721937068736764109289 0.1046847167040310527808 0.09712020297880855079775 0.1375319442805796599227
0.158550382879024676086 0.037377198909183798059 0.1309572061848794932715 0.06434479728905785622661 0.1548543973990022803999
0.116239702315427295698 0.1103845364349390206771 0.08088824037484446116686 0.06466843225188909083379 0.08052104249327522722535
0.1346586575352609060907 0.1532501074090514281423 0.1146300174561160206688 0.1163840079822355544348 0.1975501735366453626153
0.1708507981596834590654 0.05205488832888706396407 0.1136762018818805869413 0.09860830918153321023034 0.06138063175163097073828
0.1326223789778168682396 0.1531338309747259374127 0.09648376921613950607526 0.1188641222598614544115 0.1336099585315946303155
0.08815269205396986107459 0.1409003243811808581132 0.1124284346100204029506 0.1022394293140079651883 0.09128455120007879231014
0.07061325332689490086313 0.09185047514238690868904 0.1990774088486614856741 0.1706920618653143817411 0.1231014859885052742383
0.1498842537180960499121 0.08510576477190012756324 0.1080373678687455707426 0.08880950605962231736434 0.06589566951950136253213
0.1095633100963747941226 0.05942728376557117331291 0.1358221499085551786656 0.0998931313592706093818 0.1155786042268421853763
0.1833941290896951847866 0.1201131558375268665317 0.1705568074295612523983 0.130688737409533323186 0.09541004341194746218857
0.1391703826678072353218 0.05402660403009890144332 0.104379359822151393522 0.1067489977380506327442 0.1320155591241430059757
0.08152917274569293493158 0.1796517852858681707495 0.09997859839159148331866 0.09975241300792056509117 0.09138359051901916163541
0.1384902684690763330355 0.07804125795475233551279 0.126747949638972817743 0.08376285223141845259764 0.09652526732827625133293
0.09091696118783293423249 0.1100236024462461492668 0.108431553596399582462 0.1019248913967443215256 0.04858932626368310525589
0.09372624141385318963238 0.05851388579848232351921 0.1006621946868688916021 0.1394010089419956410772 0.03328021362472918104336
0.0666304120538132732543 0.09889978885641685646402 0.08877117161803169120837 0.09488434199439207961113 0.1259198075828813767618
0.1054341300358392768954 0.08887486453603200831086 0.1052425148436438029353 0.1317716945245921422725 0.1156051897489778906847
0.1336980659887416766907 0.1332940403409330343276 0.06658529686896878796443 0.1028438214941543860093 0.1195803571422884570286
0.0892899094872833670733 0.1091652018717260697045 0.1308509469443831507718 0.1118595357290190217547 0.04587593476708898276861
0.1001515449574801042143 0.08940759951259584503713 0.1406679157086056231041 0.104934162661526469984 0.0684584895820170152847
0.11130283877306139384 0.09537820239981655012773 0.1333748080817477310589 0.08795740284435550615516 0.09192816695288942574482
0.1323117822982529112608 0.1244432884809705680551 0.1551587438713036837257 0.1370787379737795075307 0.05823808713830799094202
0.1050532392299120681978 0.08543934334053124302066 0.1263245664025191838942 0.1058803241213762541539 0.1019780146759875494311
0.1283995291913965219877 0.1493468165926905566465 0.1259263083605071942284 0.1637178394588455210279 0.1568049864948134475284
0.1536880257137447358673 0.1011567744154721754102 0.113944718525574500978 0.146487357719721378313 0.1323247388389100775985
0.1278867041272681304154 0.1106794276185296826975 0.1366925726977162025566 0.1414321539709865183099 0.1371581909661176434945
0.08490340731355087988685 0.1021917424473327562495 0.1007804011813806244202 0.1167765830084058487071 0.1002706583159366227065
0.1340178125446392087827 0.1064267796523941517206 0.0762428360477413608054 0.09557738448561370336876 0.1200551334381769613691
0.1258498819312188765629 0.1386258573570344210246 0.0814975371596305953048 0.1357225964229060999333 0.121408831348799151062
0.1411320403413149904281 0.1335646828956529863497 0.1120515598757230307791 0.1340028651031940909455 0.1336225931928646248892
0.1335341950146683165368 0.1062433791418943007656 0.1038826344970752157959 0.1273315030942803738334 0.1085607823875633232147
0.09350859623692452105015 0.07790142271078243085825 0.04583384337521118068182 0.1203357421951478239963 0.1584600977011527411786
0.07090727172201437278343 0.07914018966428684742631 0.08309940592149743510131 0.1044937968770051073264 0.1456036627990748566486
0.1311313707807465478439 0.1268085291667101766055 0.06285879287873438747702 0.1225339657279960609015 0.08306940835005478807052
0.08411089834287077682262 0.1779969125737634882967 0.111842501167499344672 0.108316153981128232564 0.05206848835602403968714
0.1459465246314207154121 0.09822652519339769572326 0.1622498538387445732312 0.08976772346740699570766 0.1099842318839380078677
0.1144584526621549441794 0.1238140429824142185744 0.08620076565072737340145 0.1395203968131798200059 0.1040153306012607664632
0.1036367326273951866566 0.10487351715930487428 0.1077892227909033190381 0.06540465652440079213914 0.02196198115301719808179
0.08079030742844198198505 0.1750310712605181728829 0.1002253788460504974056 0.08323747699303020441963 0.09990125142653792644776
0.09735195729774921702404 0.1109030678998089852749 0.09494105680221588683398 0.1179532306482258680047 0.09461609459696648793958
0.1011320491645151392612 0.1194229950739315038177 0.09200319206282456252488 0.08348614338628766728956 0.09959214756618664510235
0.1408941915393923383082 0.1089667524585330310449 0.08036960594781777933449 0.09595401825483240720871 0.09499422092018784680167
0.09297317699721883987873 0.05968716890713805789392 0.1547975214354122830418 0.07632936679209874342167 0.06403487701644439145099
0.06011368200347239759695 0.1780113867062474708458 0.1357653017230650571712 0.1377449927245456562375 0.1055313466902071534159
0.1328864084497871356216 0.07889812990261708958162 0.1129819578567616694675 0.09767961903693936354109 0.1513220932651433703331
0.09025742997021721225614 0.09956465007886011742144 0.1250209347766476908337 0.07905797969188189944223 0.06358054800060773670278
0.1125006105923744559316 0.09552065918325391979948 0.08348605822117495522949 0.07763946152746616091722 0.1077739400020877869046
0.1010693532916385195541 0.09501019848909725284969 0.1516048945959707072717 0.1273356077446766432271 0.0986340813662988369348
0.1407715303850077537273 0.1494639006886653020967 0.1645421019876583956787 0.1116647327985788723526 0.1258684191300784571688
0.125346279900321905254 0.08591512096479114735104 0.1268343760348268900451 0.08396455627362887919052 0.1032155174070236575146
0.1254787373147805695783 0.1203308946485005248572 0.0791565086899290448752 0.06552747759568795793417 0.129659418220349736961
0.1066018354903275067169 0.08344832180419391176596 0.09641646137551848627645 0.1415533319321008731695 0.07416957923882366854329
0.1456370791882334037037 0.09882354197257849082181 0.08020590335417883409708 0.07776691252914520735562 0.1312003490341497879967
0.1297776980824213721721 0.1225686649694118918186 0.0579107800461974506212 0.1227375902085295622523 0.1098581827612168382302
0.1043852578394746655199 0.09800277091798530182398 0.1305217251920504639706 0.09639400825159628871663 0.1090571442731558399197
0.06885815422837772425968 0.05757662875797295298774 0.0761495487698649747843 0.09303277123671607751199 0.0971211207744122478891
0.1397092114679443775049 0.1073870154336899890302 0.07970093392662215558975 0.08851566007159529514414 0.08689026541298876249453
0.08628410470804145915302 0.08428300028633750606843 0.08087846858379982295517 0.06334869856313443681195 0.08955622503219655416995
0.04972242965384988250266 0.07972171413421222374573 0.07357877221302489001431 0.1287525236952039853211 0.1046159163189278457073
0.1026925433589099129206 0.09257582151869794828691 0.1376500877133950417885 0.1325824504313764251595 0.1211092863549138864965
0.0925407192467915945544 0.09260934577256950406277 0.1229886536983013645141 0.05982045702093271438704 0.08760570610536684565961
0.1390506737988876084788 0.111396800444264976182 0.1204398788105447842822 0.1212863218110411672734 0.06510537885266123869776
0.0702682026011446220215 0.1228125654372973912798 0.06148845408490215963537 0.1312207839072558057669 0.05581276454967339095692
0.127912216578535908873 0.06983701713350116968559 0.1312563325957833704205 0.1299814065928482087475 0.1161164440054825996995
0.1031335042554220038369 0.1218844720118422708666 0.116869760673438058407 0.04484323157235758222638 0.03950072576449751432515
0.09302267566198439696645 0.1093297965047814040984 0.1080398247432936831292 0.07953343553920914910105 0.05858520471784733202325
0.1278489028084161538423 0.130090283366067954729 0.08447446747379377951503 0.0685251425935903685227 0.08608792739618946476821
0.09925373554037754397772 0.1267567356445750137439 0.09778453851523316586736 0.1152388191096599817653 0.1319628598217729986697
0.1000955788858761408289 0.06030440759955629087541 0.09207163751127443729327 0.09217117347407285943284 -0.1449898059445168252424
0.04695650941497699071281 -0.06139599844941021761224 0.08030872821437309849735 -0.08896063072144162753307 -0.1338586611761827249723
-0.004805157364752520726681 -0.04574320806214349915964 0.1198953847653585064181 0.1214317697800022660681 -0.1109772773397125350536
0.1382854739920013620313 0.2011311352618092296307 0.2228527841531519892992 0.1132231204969684629225 0.1204905183174785621159
0.1570690913221096662866 -0.05582328799404365909931 0.03391069602333256216564 0.1790180815411602510689 0.06556672455244826058784
0.171446099403987750609 0.08520059267507615330395 0.01393374211374817997489 0.06082717610510370714882 0.02555073120253084292819
0.1312993166559371371882 0.2096863222063067022649 0.07652751218365594354509 0.1101825545505877163022 0.2254663140332212600825
0.2041589422642129669772 -0.002307452072096551586033 0.1087308376894446926286 -0.04635627443644947665025 0.07808819333147787311589
0.07738974504588699843133 0.1044931339917724161248 0.1238925360481837045779 0.1705791831511302980573 0.1346778905754544564122
0.07427477587097351674483 0.07851019772143315311741 0.1749737061473852495208 0.1402043314492707193342 0.05464680033189191210585
0.04162403109909992848792 0.145865481499967086787 0.1403613338358696560615 0.1563282488771555178708 0.126605157335012791231
0.1627675365955116026928 0.1981080218844588347604 0.2016824487534028265134 0.1452495220555160004849 0.1212989581403590144681
0.1633623884347252808169 0.1933649371992274546006 0.05980529475066975048092 0.1346820963192521536378 0.1446777869932821258825
0.112701220411429006707 0.00910104167180787390623 0.1004203196188693802959 0.1873390155983475635626 0.1289652792293148886316
0.1403679759190567533089 0.15274581975352993779 0.1796221690631286116435 0.1684928949401095499283 0.2264929372124894479956
0.1281109681721609161453 0.1172557291886737323994 0.0184320369712008755303 0.1757650664754231706333 0.2048241092863382628586
0.06027340184898772462718 0.1479292094121698319942 0.1923250846119880785867 0.1271627218187809660321 0.1928477937109407125416
0.2137496544865271352887 0.1607112897245122351553 0.1426120105465139009659 0.1822399631444123480062 0.008870047246228723869521
0.198532987930636756202 0.1297512006965656494728 0.1429522556441785163805 0.1637994885852620818856 0.1477415740898047336049
0.04560529621440773118124 0.1268417264246313735931 0.1694679294799444069231 0.139761710316194581738 0.1669049965625116482837
0.1109450048946815925444 0.1120610542440804990871 0.1551857182219676944968 0.1846142982120390907408 0.1751119753292751102247
0.1989631115343909739668 0.1115562373167681281538 0.1566273923400161582897 0.1799013388752131736847 0.1251614239201476463936
0.1470433449354169030965 0.1455670173466360739489 0.1303455792181681116571 0.1383394525842113198522 0.107283788333717058916
0.08138266447080229337718 0.1395036997660235311702 0.1037436068793004539934 0.1264464683140006928674 0.1185610562988626132119
0.1104207546621667201947 0.09563523206838543677666 0.1451452721385753652505 0.06070539419698987859686 0.1003706483840759444703
0.1102070454687894413004 0.09621100730925026545126 0.1100601928956715103158 0.1692250925680326423262 0.1221125072762651586622
0.185081402841340586507 0.2050724172761962393885 0.06324746432774264182086 0.09180894959353150253101 0.1182500084310227767004
0.185432025569872344084 0.1692385149120421705682 0.1592423169743812094712 0.177923056905682663853 0.1668479903211095294324
0.1572067388906548401906 0.1503331958296786619034 0.1361276747306708889695 0.05953981551734062460657 0.04387659197145715728183
0.1931030225133270050719 0.1809330517861248988076 0.1236295717506252639373 0.1866367488117108286438 0.1353610886719234795983
0.1142639857410616271993 0.07836405914653798987501 0.1286325904542242326567 0.1156278371163830809287 0.1625358048651277531604
0.1535616515535162263095 0.1181954961012237903528 0.1288189959108616000627 0.1381394747047380022753 0.1946240589938881548893
0.1218279261556021730861 0.09635669955229327066082 0.1005714873192336406005 0.1059609480796892128085 0.2045627144823388143813
0.1508161709067050715305 0.1751034728605576351601 0.1155216014752486752837 0.1085976270350361705397 0.1087068333957455501526
0.187437053719220286796 0.02381274571854201382859 0.1651477116999607308578 0.1283139977663990682899 0.1072258469919868950626
0.1468815061364021623547 0.1130132729827693638391 0.1771987614812586819824 0.1376691369694408306756 0.08410341442854536719853
0.1440745092981752240036 0.1414952929109818124953 0.1503924877879989074891 0.2024611507129132903504 0.1888232920980001117162
0.0952654553333732584397 0.09539907158191315850182 0.1043537067381073712991 0.1219958541489256087509 0.1012830719545388530323
0.1037901464754903274601 0.1448956563456244572841 0.1505169417296500500303 0.08772175892964587107237 0.1835015200967121673514
0.2166498859403702126336 0.1492252531264808002032 0.1982851516544943681897 0.1805249986086311098088 0.113600821450931338541
0.1176324726542407467234 0.1216806563198103985357 0.1379403054498153091689 0.1499836463882168735573 0.1427988630711070350277
0.1255941171066972117387 0.1246226301731066382628 0.171824050899788555169 0.1178934735865018734735 0.1370062940551971530923
0.1329704779638997969027 0.1786348306634547022931 0.103967437723270328398 0.1263764211948396054552 0.1040747535353354208398
0.1234540694883105027557 0.07521738198183441914679 0.1264086014892671916421 0.1304373229371914022501 0.1510716989256550846221
0.1275850537915279303558 0.1369161831206745227885 0.1629100264720189927825 0.1200287263785666663773 0.1297382858250263892863
0.1484030108620068844072 0.1486904094830390210547 0.1388946902313549502939 0.1289104578447254068063 0.08912670783384842032593
0.1509929101010310248387 0.13341012190887829858 0.09418644508197125675419 0.1246992924948735342872 0.12107447913963743924
0.130883736685899421115 0.1455115345035812857155 0.1321879388820263179216 0.2000862167126368496017 0.1084585471676600687552
0.1247909414508279052347 0.09047080274953402112548 0.1442379142926471513597 0.1414869135772346409041 0.1212773392175187786579
0.1379246624665605991389 0.1643634171870083926503 0.1028873034862390623001 0.1457340764862621318443 0.1042463128758362583826
0.1455814160563569659157 0.143828031215068596893 0.1065877376365686052262 0.1579297334508831807121 0.1194733954782493945412
0.1170565381806743382453 0.08515062568051959268622 0.1418326936747855149257 0.1277844212888470942779 0.08627260760253538385278
0.09020917109201141703689 0.1486342090090547185532 0.119145136586175356963 0.09819000917374949566341 0.08879107159492555245706
0.143834771314876680437 0.1024024264350689994441 0.1332080798678779987032 0.112921837813815983953 0.1238372028840104416281
0.1497658564565527705703 0.1394556437717692221057 0.1330392573356682928143 0.1327582201791886185038 0.1632045226548051730653
0.09985360754643693437238 0.1394293241489975299086 0.05741873616764636006904 0.06934175847439014161999 0.1924441535482508403021
0.121956501534779285234 0.09994243464750499073013 0.1332625701694033493183 0.2192095091252809491156 0.1213867746152951371252
0.1551518301113714859429 0.1340699816442114389314 0.1326875448457518757994 0.1032283848855348323825 0.07518781045484128344736
0.1479604368543406545111 0.1081543451534661276492 0.08466211722668541550529 0.1294277968534983946913 0.1567399466720469092262
0.1289686406260058260109 0.1800698873965511648265 0.1053412814387570395347 0.1815691012387380676163 0.1108613678223753784557
0.147107006903208270554 0.1408190362236881043589 0.08503488491987877540002 0.1351850333219828947939 0.1219687792843716783731
0.09839351753766042985028 0.1258763272324041615491 0.08244739066107159564112 0.1102942607668773028484 0.1497411033188695284046
0.1464538418929069718555 0.1363658032377229045728 0.09172207568307402802965 0.1287911318941706018126 0.1605853199590220603543
0.1021720121414913806657 0.1497594010876664438747 0.1100008563117839260892 0.1142474720027634310648 0.1005200448005114099992
0.1556127797514450239458 0.0930012339720968500556 0.09268610047625075454292 0.1556037988239348801578 0.166913062797151595662
0.0873370749026441406393 0.1041281112440963219079 0.08695072520814293992597 0.1315947039637851978533 0.1269019721808055667367
0.1430428576739815604846 0.1063287650930867384025 0.09562797231302838651956 0.1746472886902643295581 0.09636890800471026308216
0.1152775841831599201726 0.1332422160931661381245 0.1200090209859846490659 0.1344610107212378946606 0.1425658154256667364823
0.09680366402948879789303 0.1111978343719390721622 0.1171826832008775187699 0.07784056785053665439289 0.08720335048373085984341
0.09339216327013280527503 0.118721244066524858618 0.09427687540256150799944 0.1497527899962471098494 0.07165336988591325395603
0.1049400755260944534397 0.04899541717149075159554 0.1228659912693070427325 0.1263657891767474283906 0.1156965423664182146535
0.0943639862413535174257 0.07998138455233148869095 0.1131315780810051990768 0.1284363129105755008119 0.115314698445144594996
0.1381570939045004553503 0.1111985383072015554085 0.163313324376369722879 0.1157321801689033397009 0.0426508206422071753372
0.1595885665226167982045 0.1557904491052143347574 0.1582358994485057734902 0.0770298395928248197384 0.08194519220133116010896
0.1768711846132528520137 0.08716148517934900474824 0.0920530848515101057794 0.1231782354356917574822 0.1474255538618095828785
0.1447073715535046878333 0.1104164720908278329858 0.1261569220969398219534 0.156177458837749694176 0.1504309204236052577297
0.1106181972662343693248 0.1172662586745256141363 0.114470852704681866352 0.1095170460911839283025 0.1241999087335798612752
0.1034491309574828848961 0.1271813356718173027016 0.13934792802991166627 0.1198241283998117134857 0.07856619956980978591865
0.1257642451436330466308 0.09027886834192477838457 0.1354702409564148835042 0.08869451853044915679014 0.1074970624872925162308
0.1463315334485311980384 0.064301164352128542534 0.1564285459457912530468 0.142571788388587333829 0.1419300933235105310892
0.1791775282179572659214 0.1159165493532517549058 0.1473673988021580727459 0.1185121926361320104926 0.08672225085901430485791
0.07210752482700677479244 0.1246398183188996838799 0.06871165922840484496792 0.1385601182198191727579 0.113860551910305668466
0.133345365032355250845 0.1123145305050171349759 0.127571390333428874575 0.125522649927025775618 0.08231906511278935800746
0.1916858127710229231511 0.1114833985448727832201 0.1863051306815876606571 0.1144328724727109725112 0.1163531416237862936569
0.1255448663560841116027 0.08253019312585618827427 0.1021163267014404962829 0.1302342203200942960528 0.1398721357670827947217
0.07099795053071179806725 0.1693173157501660364144 0.09608363494912483537824 0.1132775006786192334429 0.1212718441729037505139
0.1064418304830272721251 0.0975632003703366113001 0.1247390101704628356805 0.1374740194643561397303 0.09715085284830859979621
0.07741291686993702347852 0.09246951691386660898697 0.1308186039379958531814 0.06125824227002737293324 0.06126649607028492733329
0.07654778867516674745186 0.1160076844860470357546 0.07712982824111681845469 0.09837217333906533855981 0.1524181158971857075191
0.1101442204057282020502 0.07396241687826635158309 0.05605271829557178370207 0.09578824805660877961255 0.06881473327821818752881
0.09241966767185018361008 0.110778974171649363667 0.08930824584694484202796 0.1137154611425199163266 0.1112190369665078393258
0.1247452188571381848092 0.08709668562151164084018 0.09576378505179088118648 0.1767575052078982078552 0.1639273136479840187185
0.09911333136695903156532 0.1705051509765604378366 0.1174917086602240146043 0.09812282777032033109776 0.07689804771026484409013
0.08077724881717031346628 0.04278320199884557556436 0.09510538930177031557989 0.0884337543921009383574 0.1526337366681219109843
0.08137121939544741944239 0.1342946483344500674395 0.08831412928828678843285 0.1588025547272358672934 0.05563893998651722738735
0.1211620517972303440191 0.1100372715883302654483 0.1553768029900682023925 0.1180117083780693049144 0.0737762938370608301053
0.1288497139913689637503 0.1667541667298226282234 0.104934052439281735869 0.09247042897217579160429 0.116684330374077604997
0.08866133642544948845199 0.1241798159017340613675 0.1628236047654400830975 0.1280656084454741550083 0.148700356650496717803
0.124038622479170204671 0.1165681040634003046153 0.1301869323928325494766 0.12837569630129030962 0.1286539641908867326325
0.06113146798773900353341 0.07927398913747039921329 0.09795450579398418122778 0.1132248388908758535143 0.1154083987207483313897
0.1071988540694878005999 0.101062398587455248844 0.09169854115519168735737 0.0958987877285943229877 0.1237435686494255254742
0.181068672316766043906 0.1062132430047342396273 0.1099223539457556964027 0.1452899273327803442157 0.1051803180080231187032
0.1565134450852046221758 0.1191977247896320590836 0.06649656551618525479608 0.1451402873727253017844 0.1272429802597697945377
0.07460599348539755093501 0.08545963368580558605636 0.1571410850754215715597 0.08309829678443084177708 0.09247654427588095082946
0.1278492217563282906667 0.1163270372701928345727 0.07940334924877727462711 0.1185086395151828120298 0.05049482791473444004415
0.1156033906319486187497 0.1017574656843677760598 0.09195266090260925673228 0.1073846878641556701339 0.1085807850886037206894
0.05079441103153527897751 0.1231759511404741103124 0.1130768820307910260681 0.1161547483550358222937 0.1228957676261768078296
0.1004380500324919128774 0.1335335652660400163061 0.1265617341089099456841 0.1457885710145122026837 0.07745352638043748183527
0.09625440069173760160304 0.06726674480602294614595 0.1052179596014539281201 0.1222775847004370364246 0.1172810413333968126981
0.1287801766685437165894 0.1284323437293602432341 0.08190178365058864429216 0.1277536591991180192629 0.09898852641892481873942
0.1069977729784861025797 0.04665847747271806983393 0.09753647027643939926289 0.1598023128353479316299 0.09072404714717967333382
0.09706751922401202214985 0.1049494119829094546104 0.07949907972298569935887 0.091218950465404860517 0.1212287362199846868505
0.1005662847927462494324 0.1270469970192905362349 0.09781128371459833770185 0.06300756200983653743108 0.1246798706086286040451
0.07463806134026992888941 0.09264598298416384936083 0.09447413142505460548204 0.06882831955859801398301 0.1112089383323739966158
0.1452213501945271434401 0.1391250132610157841384 0.06438403132109823956419 0.09725845943158838158293 0.1019327875556426815651
0.1295483647659461390322 0.09942489933356940534637 0.09613044957683587743436 0.07949332625824334641607 0.1372224014550741388874
0.1074124317454609733868 0.04766305299383133409208 0.12705532436186220413 0.1312807586956266647782 0.1126438619293429893586
0.07608912487756255838001 0.08903116369277105923707 0.0669793364514649353092 0.1412285083393908791116 0.0926273992133332668697
0.06719306043430683939022 0.1237212323629943572234 0.1193970830046484493669 0.09606472108044199209598 0.1354224494054547811572
0.08716558351243272606546 0.09864231331693960880269 0.09154458057050285368916 0.06949810632923147935003 0.05922654376470496556673
0.08188100532484127169752 0.12927401910152325204 0.0948337064278420571739 0.1183959486894601287332 0.1790397319013884436245
0.1072694118549294972631 0.09882985147969827743886 0.1868036172295731989212 0.1351323241958505838589 0.1159399675347927982649
0.122661084366699757453 0.1215043506437160358846 0.105918524970622984771 0.09260661832693717343545 0.0797747978467315543849
0.08293946238126848058414 0.09464962938260802760571 0.1379610324709117652464 0.07882581405050320677574 0.1093283736196972999455
0.1147088845998956718741 0.1468274713273662601676 0.07478102991638699292842 0.08337131063625276283791 0.08208607090335501288436
0.06011120797907699986329 0.1317815057553348712105 0.05123597627529277720448 0.1103439154413525524756 0.1333065860187137574577
0.124270704423817657247 0.1359898613115345100688 0.1024855158843161889726 0.117715631956959873583 0.1233918425421607900638
0.07197878396153407909441 0.116397410391842023869 0.09162866565874411284298 0.1115596937402835858721 0.024863376980169424324
0.09973033271000224242453 0.1063185154856128161738 0.09182923449964142115221 0.1116890110600528562834 0.06649305271487644664052
0.09964785251302910040749 0.06677062766441041463672 0.08439230773116943029599 0.09834725224029387813385 0.1212805355880735708185
0.1456502627556855167246 0.1237693824324547497984 0.1202415179440894515972 0.1123715885744375059252 0.1047467597230153646404
0.05964992818609688579601 0.1237457097986674192658 0.1200388730897339745196 0.1085175031463746359028 0.07913892185670058643243
0.09090751478126919693512 0.1144996320458647187657 0.06542652298663328980233 0.08034138351799005595133 0.1118127212087604432922
0.1100861342909467965878 0.09366900755098912789709 0.123998533442288935702 0.06090359787605446190151 0.08362685770689785857979
0.09909404624990041099419 0.08949903078870458106309 0.1301763346882398864057 0.09636944225237005501317 0.1061686750050051392114
0.144802608930153869915 0.06502832927751200919886 0.10973769772376702758 0.07465997482488972991632 0.1364929368880446192147
0.1048651320595382629985 0.05135039787846425174411 0.147578772930273660613 0.09348738053999883224066 0.09786549288605525531715
0.1148368749430938584588 0.1181865265915234969318 0.09719583184207426784784 0.09056431009982617019727 0.09048822280121592009916
0.05065802167324823246375 0.1665517862451713904104 0.09922088006793232384251 0.1413577496188741511318 0.06716394397169399288483
0.07385923449618023162166 0.128213357908070951785 0.100079914250585169655 0.1151779674304854311773 0.08179790081253560107832
0.08039339408666197617226 0.1209989340971086430043 0.1378942167396194906637 0.1028717489884653085719 0.08477342757148952079316
0.1010556617922898636763 0.09609556273752940802613 0.09909793301298221168683 0.05988412501260084730426 0.1101464240192440852129
0.1427583206807563342977 0.1213519989267569515468 0.1001998026190163565419 0.1078553481969214966618 0.09577500964005673800283
0.07675743191622004524266 0.09330061459927871392317 0.09125423546270775010392 0.06281324482965507105536 0.07727558606883341840721
0.08043892442199394865465 0.1169936365107735881663 0.1528634381921535057014 0.1086465188623634975373 0.1303359983572823510567
0.08793861357069059081493 0.1162862264906864145919 0.1250211982827661716389 0.1131347327465107854838 0.1508320508121296643633
0.1881815754097015958024 -0.07634925096803725497185 -0.01192072231169861822042 0.2047669562038810231464 0.1817584329523602160172
0.07292344842490937339985 -0.126870780415492462323 0.1098414200384848354863 -0.0581352760008892882615 0.2313622948810000745645
-0.0101858217951665552814 -0.0247497831186171482476 0.01574841344178035118517 0.1858505025520489906121 0.197112852238815139394
0.06877692375148376779936 0.2026886615228196408811 -0.07806373629126397983846 0.1272676467971645131172 -0.2155582465132311609235
0.03246793286692321867104 0.2304010926381674650987 0.2061352292850604228658 0.06718013686584521637624 -0.008430072776449162169632
0.1161431053367322496772 0.09814782289488611921602 0.04264797562660031793325 -0.01907916784033828264122 0.210158116575355130573
0.02075526401658277578233 0.008718056584309418627354 0.1699901799879214026046 0.07176182401876375627214 0.1012337044952597575609
0.1754604502207768312871 0.1157434537867751411788 0.06188977965362994076992 0.124503484645147904919 0.2143139361358598060647
0.1275535616862130405824 0.2108488090916409984921 0.0926189141547868882709 0.09952836602072603899849 0.2464671471446374384495
0.1678524958809361755652 0.02963394769965480707308 0.1279541842235193405131 0.2159929904177633475104 0.1675642154337538269893
0.04231841553563857327713 0.1730813461765454419616 0.1969678905701167659359 0.008879143016575930663636 0.1518192197976014068406
0.1901066208040196048312 0.1546014276939313147885 0.1507089412215280865848 0.09460322965328603339596 0.2340679385739473650219
0.1244289881477945031163 0.1318836161565125342232 0.126093067024700855594 0.1657528705469410446049 0.05435497136650677824088
0.1969050854576845643873 0.009957358501397780420339 0.1467941480098763906703 0.2096065530964237588751 0.1763258987589191029155
0.1391775526660548878422 0.06138600481099378003425 0.1068809135679457816837 0.1168390772523211773581 0.05976959736043261500749
0.1577014766668175249631 0.1639798818955498227457 0.2379905755890861507318 0.1362874125484716258949 0.05861888982249668922364
0.1837789519730501364148 0.1517829150079391398176 0.1223757266002270527316 0.1487655853920366033627 0.1555475226965708224203
0.1364111998673521730652 0.140888819008552573786 0.1051259139320838698062 0.1758688388502521460222 0.09563181983184955436972
0.1732917509435160097198 0.1569923515491866983229 0.03376431311182821054517 0.1986230660460808206125 0.1141444515589576658154
0.139595768625826011089 0.1812747762238827164971 0.1059547227337410968406 0.2368704089504395371435 0.1547149849953388667245
0.2009293883140090553052 0.1994806937506460875476 0.1564025784701283117162 0.130518775877446674416 0.1843863858829419277718
0.1350940510099135349886 0.1032336127073693460288 0.09981874656734883444198 -0.03397726125745910430442 0.1205598519196382084617
0.06767863355971888428275 0.1302456314772768852794 0.1013514854839298456879 0.1920501546679998228218 0.1157859571685083133197
0.2095132615734316416933 0.09598676773505077086668 0.09472286826219167288343 0.1708345904725454833528 0.1705337041127320540923
0.1388032117304291712667 0.09386015543063369603871 0.1395913810073141358981 0.1155106053694900797302 0.1124195047177932865745
0.1350430667904647941135 0.09679810312932483895576 0.1371611481880788407928 0.08286953796837691343935 0.1530163584973376900145
0.1050408761000760637927 0.09456652785737562627588 0.1973099436224774183568 0.06214927310937230081622 0.1512284035690532879581
0.1479107884510116877053 0.1562348614290416937145 0.1465550191758064613179 0.1784247153247894290828 0.1326451578156974953071
0.168459365167817232134 0.08887520244921019718642 0.09209439679149485080689 0.1096210304749301034377 0.05975708842937648562765
0.1907721350055549547342 0.1380730374241134206237 0.112419497501539900064 0.08179015515284004944618 0.1186037649383699238426
0.1166593386233613083292 0.1231629044189181537705 0.1087046500711732477384 0.1383567721236231562454 0.1584652906044439757416
0.01935977651695668100285 0.1468614769097744687798 0.1149486369932585655418 0.1479234805306210709386 0.1311691215933521448278
0.1687975273035400569643 0.05568499666502528533396 0.09624486043319246952876 0.2002878429540556892707 0.07327118906567652023565
0.07786985587140585196586 0.2098808357923329093175 0.1688172325335715595607 0.1433406393825204239167 0.09296699671566782674503
0.172271502484227623242 0.1213944569288746694324 0.1275556325899852017081 0.1150466260600550988391 0.09741572737415755967039
0.1560917128596916170213 0.1322261256386942918084 0.08004597540009884826251 0.1126219554033939113102 0.1369479279315195530131
0.1358597123726969224666 0.1270399824050837678246 0.06868748759303411333121 0.1055375223003467421989 0.1569576959307670827037
0.08602525606287304837938 0.184498373558327072308 0.1614208936288981932616 0.1499877420656351711958 0.154891827261670778082
0.1348546579054641925133 0.1073157312089585979642 0.1542804751032293697488 0.1567489811056983761706 0.1194144678159446276711
0.06777516825162124836091 0.09274270698375482180342 0.1552475363734380220393 0.07954595452088583651395 0.0916412573108415368095
0.1847416084682627912539 0.1577210080519684254341 0.1877042941758734206914 0.1071208624512816204311 0.1529723164892396458647
0.1124933727607616007482 0.1484625837774089518462 0.1688239501735638303792 0.1519639900544004773586 0.2038116715143243329322
0.1334158473430953617545 0.1654445228657278055273 0.08750984852468028651895 0.08140935879361060889536 0.1233209945360911607981
0.1857800689161074048084 0.1536009220881724979257 0.03975700889324190745455 0.2417983585834662940695 0.1368776624852665046994
0.1374008957355011550927 0.1788285441549167797959 0.1394957897362191501234 0.1362754548046742897327 0.1620282250802609069762
0.06353701219065287231214 0.1736695049242169275328 0.1609305666855470606791 0.1361891137107109905902 0.1291831204172567970634
0.1208170417550657599337 0.09463701255314634075422 0.08636034282360410818669 0.09134000062878377956821 0.1467583050938094657578
0.1295721553479970145073 0.1412004257109669702608 0.08967350441778995651099 0.1280829721562102840871 0.1387782916483664141793
0.1407853586534623668847 0.09699243016450734278244 0.1509239789215461868821 0.1490438154855900088069 0.09935569477837695451239
0.05954577307895882881672 0.08522899223885925523714 0.1555502888950031914472 0.07199422383711111261828 0.1283445198905911188714
0.1082007536100289130099 0.1231836904383529912588 0.1606391446156071323159 0.1313690457120116061862 0.1437671877663673214442
0.109318865278106872041 0.1093969842481843229853 0.1443003620279457721587 0.137741542072158801302 0.1321732967261289581895
0.1569901567323026270184 0.1094270578352017353474 0.125127318414777061184 0.1203682148195079348874 0.1052231461765091302674
0.1186664990305446726326 0.1881024081919514256978 0.1289462477131485262927 0.1355155219322121684655 0.1424700261420060454221
0.1288838091677633745924 0.1842578237632469251306 0.1520081757960095869553 0.1572441492062444656774 0.09861793699121502998484
0.1490501086896978966134 0.171628231270909703543 0.1531709559343593096692 0.1385788320425062891683 0.1303251294371662871718
0.1501261228332936570329 0.1180793112835277214323 0.1348071049520515596321 0.09324486727697588184238 0.08537633618847390026829
0.126613373442702126237 0.09959524485219993505947 0.1534182462997956408746 0.1713784842341882774797 0.1590977126886187476007
0.1170356949765754550619 0.134085779883312855576 0.1211140399028191039221 0.1458799940393919747361 0.1475083683717862970131
0.1162412707555582902508 0.1269111610089153630021 0.09544562372818697626453 0.1749100582267078818344 0.1945875350995787955721
0.07695635040872109144949 0.0004528359855367266196408 0.1196946788804356676117 0.135450491022926999829 0.1270727182777761088417
0.09216263846426814287938 0.1427477381289873614723 0.1067207450614277158829 0.0813822861441542422245 0.1681969805379657512123
0.1416075396974355582458 0.09556365102983913062396 0.1297558147986385967965 0.141312090613206348122 0.1180685341269773619421
0.1457392255416392889966 0.1273360883883267180572 0.1255888361011210929696 0.1571897215261397751096 0.09306092531158863256913
0.1200148745524382970506 0.07506408877172228433228 0.1838937985601565294758 0.1189620459142003844333 0.120260116739588932
0.1432559677778512396973 0.1184766489976700754028 0.1349093694005848165229 0.1164987680072234743633 0.1168280649651056157801
0.1127398037859545232298 0.1170041043777378803048 0.1527596670671599043967 0.1232685928864675761751 0.1564085194721002991525
0.09810009750537299066941 0.1281110367679890171821 0.1426083798524766799165 0.08929606029813785816884 0.1460183588530074016987
0.0684079753692959785516 0.06691173184353894909382 0.147319270354684922486 0.06017301953326712610215 0.1075175204315237248442
0.1125846748587577411671 0.1087993971623244238156 0.1710552038647092931711 0.1392101246646023082754 0.1118248634616983289147
0.1384496738220208356118 0.1009656053130734421064 0.09635144493719773051144 0.1103560353067370020108 0.09646767440771784885012
0.1255610889118705109091 0.1209659696013016816352 0.1502022263470698115739 0.1349485027647585877464 0.123356067094439164622
0.1268432592101313982624 0.1573267009989879616771 0.1107584909955468405185 0.1021781476703921137661 0.1219408832283122301465
0.09738725783351069587024 0.1100308512016683892831 0.1111336411488252212676 0.1759497901291786348121 0.1119108220549146215372
0.08740668179557403716373 0.129596824122097442622 0.08105347736436037398011 0.1011047490239322804717 0.09042339021074696781
0.1143744088354715360278 0.1258952406027549486556 0.09818264146570818140525 0.1098778432833035362259 0.1316129482162865238504
0.1461441774846500285534 0.09505052183403653320859 0.0905206775407384200971 0.1003158720954081678522 0.06101994464048487998298
0.1028625043426576457506 0.1207684300444392955232 0.1120358163694119835174 0.1348492609501164563035 0.1488742167216396405927
0.1265168846275184499905 0.1158022779678218455723 0.07856414343661549670728 0.1237978006654874424397 0.1044649052376209891202
0.08979494356785791553399 0.0906872768873152740321 0.1133002758247383945367 0.1877303436011237003367 0.1299916645454687325056
0.1486815249605314415149 0.1188142840421836099463 0.0714836217241732185812 0.0837608035449674825923 0.1279789413442823375888
0.131315899371296673781 0.1482446760008644115469 0.1477133537233208115946 0.1290910902533912996137 0.09139608780675993748854
0.09855527249485007690311 0.1348517451627716523532 0.1025146950091081615719 0.09933165811586826265955 0.1325371041180302134066
0.06469988776336550728718 0.1316818959369374930635 0.0745493008624731195999 0.1005319031041353866618 0.06999408218079697374669
0.1015589413994922446394 0.1326211067567154844316 0.11505664879581475879 0.1489179946990543956797 0.07981350840787702904944
0.1040462718679074360928 0.166297122283605158799 0.1144750126407119567018 0.1314143825427195044764 0.1029822856380977341706
0.07146455562184035603668 0.1080611069925000861103 0.1321644510842639730352 0.127915904429675125753 0.1298308180325490612805
0.1371163997025259539964 0.1048706294224158730444 0.1168223568167047199395 0.09178222871340743771462 0.1508156663809413489119
0.1140993032374142124308 0.1532685409489599748234 0.1066959723436059909174 0.03796977086022545327948 0.1320779525222438577359
0.1139726477372519086728 0.06298144163563992870003 0.144806691562317485511 0.1393229283701578335997 0.09897869628350691728613
0.08166543274316405420787 0.1128386542073632342609 0.1721410436861199322323 0.1475388039754162994299 0.1147507978073336182279
0.1569288105632491991948 0.1465341249829069103505 0.1338667900651417941305 0.1210299550358604342426 0.1146864182790931080413
0.1391878846498705857293 0.1329204016516490893807 0.134363133416043417645 0.1234604659134915377594 0.101344564186903671188
0.07304523542154857385089 0.0882494944677363751806 0.1356633550479626748597 0.09653098173941437876167 0.04505336448618275230205
0.1427926460720324586262 0.1498253298462383920064 0.1069831972776725675933 0.125502992406894609001 0.1137170018782691222059
0.1268463547582408812442 0.1247098012261717708826 0.1263437569920679848234 0.07553210891783188052351 0.1510461927617634536603
0.06769885134241752921991 0.1492764225204935568669 0.07565472105774140310075 0.1001644458613498711586 0.05501040818786272906804
0.1373476222331858898063 0.08684868037678858398998 0.1410557739605770577462 0.08272221893154049765506 0.1145923323790239561903
0.1557541435531089313304 0.1639080589906798113287 0.1060714954876335741618 0.09628832629986099067576 0.1788238900183080348771
0.120048968695042196364 0.1018956687162963919979 0.1115326536590814932026 0.08991025696692583890623 0.1019665808202927792525
0.1289471174792579388768 0.04886902364466842035862 0.1021389432578032330223 0.0890095951354942377387 0.1186540275208701616938
0.1198997227844068313996 0.1345094128968005731117 0.1166380830855880262886 0.1146436864517511172723 0.1045231642686010459231
0.1339402086801907421076 0.1367839518965819067819 0.1296248514392280559715 0.1097510158655996687083 0.07245553908716713398253
0.1105499032635661321722 0.03099584674032208192473 0.1447272087206060153797 0.1307959118542445509092 0.1174319890112362763102
0.08430952950488773689486 0.1474030998952746418507 0.1150491439354678763207 0.1134792776087734933466 0.08699007376773920663382
0.1039823846005517998803 0.1107798186606245988139 0.09111091834936745070816 0.0896689583628848263519 0.09002050895758233195476
0.0651164965657537314625 0.1393561713074650543209 0.1308987919085892737137 0.1097745464245506036294 0.1170315614643968743502
0.06752285018053967580176 0.1147376381982282977923 0.1180850223423050987526 0.1455739448144420522535 0.08884271773294968865819
0.1366450478970122617284 0.1233571750065174804645 0.08709064586196883783753 0.104512491959020056842 0.126865528687274298214
0.08752791039651429405577 0.1191971105748085846265 0.1081932490825452258809 0.10323095414601596298 0.1347388507235472709933
0.08835232428106001845158 0.1204896605597272074561 0.09596292427081133669109 0.08798334578676636485994 0.1012374966724679248298
0.08247547462725646205683 0.137149022402387660291 0.1106341616416492146246 0.1650430961626806747322 0.1261308452343911368221
0.08539289965028699913585 0.1502024623897517674465 0.1309452309793349145117 0.09363492127178106583241 0.1254415645027755765728
0.1273509715809864606406 0.0877276422451903348243 0.1064301971677596714283 0.09000932778894857322349 0.1350495372539640415166
0.1230292416770820546068 0.09889143269633254851314 0.1096004680710825629486 0.08059618872718711524161 0.07509325560869255233865
0.1416948199087525728235 0.13705444242144934619 0.1072674766834709608743 0.1017580992749843177281 0.07117790027044733347505
0.1387252525319396245784 0.1950732108343401771666 0.07046170504084717234328 0.08038501984458668037092 0.1160272660096548780206
0.1207889013619147799972 0.1004921331421211178059 0.1325441494712788770283 0.05360812053637332985634 0.06609497301501171540039
0.07385778898123679381271 0.1143160563817668257114 0.1380745625390757957973 0.1168940776544857146346 0.07144698823852974056692
0.1143048795338000717114 0.1820679961357480891593 0.1528983871181205100864 0.1053747811292985170351 0.07911491588788834017354
0.07714525281544667989486 0.09203862053669767395725 0.1119589376717693152141 0.1151429007814119692688 0.1137710120094951454783
0.1373034245963528354739 0.07856475243669180930084 0.1134617088753151620262 0.1086544855634825335056 0.1680075557050805801218
0.1130108580805157247884 0.1134669458904236510888 0.0893865214504979410659 0.1268822575086560600077 0.1476629422338004704596
0.1034509430631590370941 0.08662977258641070543721 0.12645093954497813038 0.1223670880968230900709 0.1282821651705075560734
0.1503102338984041719261 0.1242933361025502780883 0.1016632560958933562123 0.09546457063884507265872 0.1503685941109638712909
0.1432867950900630626965 0.08261703385585478232045 0.0926829940310753691568 0.1583737218334597962599 0.08159644227074841493774
0.1052197629131933626079 0.08478759868549232137092 0.1102143187752499253751 0.1257373860675349841465 0.1058057250887050049215
0.09308695331299618458409 0.0695595263737094487988 0.1207797028691092178221 0.1562974437323207121953 0.129333762667940166402
0.1188326893068497591699 0.1498343361630410652818 0.07621802443080187561275 0.1063326829579654964064 0.09923620643579085520702
0.1445435378836395501345 0.07140009997800260410639 0.1169844784248082053546 0.1243261715338343786907 0.08410621797767946217217
0.1424950897568213747935 0.06090279256292641107962 0.07317673502094534931928 0.110249529156300027366 0.1117577915376107011713
0.1289906284752647402936 0.02824606486468629953923 0.1431379814450090548483 0.1150009440667055932161 0.1295617409316540680209
0.1332692235675660141769 0.1141306035963466636307 0.1258852562107717898421 0.1101970975339658931347 0.1008431811102691172399
0.1093097714016015437055 0.09348853149452049371426 0.1119200047443940221337 0.08410847711661099956881 0.1663764940780856349534
0.1080656988794071737825 0.07135785066268557352842 0.1317340008681052443418 0.1024783548095443697079 0.1178436464783307741078
0.08401609471424029140785 0.1423989154721439220896 0.1177197347004144412086 0.09320806888374739973546 0.09076706737242785927311
0.1226060674889041385294 0.1508018184449395893143 0.09145708446233620503296 0.09645059555436771847603 0.138640892018904088312
0.1212131371729263662473 0.1305289295469528876303 0.09392725235397611505128 0.07854940009311356385879 0.08565021581422918584003
0.1289244432048455291095 0.07967727975372815296673 0.08560451880934932811229 0.1372781903994685359649 0.14132985235426975823
0.08828873393968687810496 0.07291718851807725554348 0.1113079845916962185015 0.1620710554763536981326 0.08955067753312670464361
0.100001543112494775678 0.09997025479777213452515 0.1012545103726072842631 0.1244689381551332824083 0.1131874942426896318848
0.0994931632942311766632 0.05630810232586348079709 0.03078164313472986704512 0.1283863397349818413762 0.04576708435582328010627
0.1016700344301655900559 0.1020167451517431239649 0.07222876791880851465866 0.1418714470277882833127 0.06605640121801653608102
0.09253538842950537191001 0.08419669669176478576933 0.1066830268693421540638 0.127119983601269720408 0.07028260538890561404113
0.05258572839538268317572 0.1051978501366090806846 0.1161872182935339420373 0.09983435545332815241881 0.0990450797071442956554
