NaN NaN NaN NaN NaN
NaN NaN NaN NaN 4.978458449173224664719
5.055471119895691423096 4.894162253718803867741 4.971215575436969125178 5.051399257204485238049 5.063578082492484533361
4.952572317350135477909 5.026591663110966834438 5.019773075598723544033 4.906095731201177478908 5.045734505425001792389
4.915696187740828726476 4.951719830837603808504 4.971746788324510113455 4.905806800990231586468 4.942272623199066572397
4.884356970700511446637 4.872166107610072849354 4.905602192480640333372 4.878332147320349143627 4.905814188740158954261
4.928307057147676140119 4.930792378336632530988 4.966810176275518351474 4.907745345509800571904 4.96798658788383828977
4.922301938007485055948 4.960758999426264637123 4.960483146435247903128 4.954204735470539411324 4.931553045776240651321
4.990903930882108596734 4.942610189238973106285 5.011131125600931213171 5.010366624918550115808 4.964227357906730198067
4.950864020319730052222 4.977268300850709259464 5.053852291770690285944 4.975547762176758759267 4.917969072051440626581
4.973617510545058628679 4.943635208022486793311 4.964191495812100285434 5.039466871689418425717 5.025187838396254491613
4.886862003268843679393 5.019590434317800387021 4.984129934222447211312 4.958732317645306864051 5.027345139332607182325
4.964755561014032814171 4.978398882392045088352 4.999610713015592899922 5.071543465402701400535 4.996681163999176611412
5.003153722262470459725 NaN NaN NaN NaN
NaN NaN NaN NaN NaN
NaN 4.804377871336477312525 4.851221965468063501703 4.847766192192788814452 4.82354861517451372066
4.846096913495445690501 4.888779341211872520034 4.888529761632778303238 4.868799355978395304589 4.914701249833673735168
4.881641561393495365451 4.878468465066015724574 4.825191671367647039403 4.930169195745729204816 4.868519207343908306029
4.872109506740410544978 4.891582512275816085889 4.89261763066900989827 4.885938618871760397155 4.93666295394914733663
4.957099294332294903143 4.9048868966658938362 5.040448184307948054084 5.000294813184151365704 4.960557450998148709687
5.073037549140239299561 5.008989047598267241312 4.935171655511997990118 4.998202577501952958983 5.00883108080353345315
4.996267500040563191988 4.931608460315731079504 4.950412830342552084062 4.967772042840058688284 5.059441489150017012832
5.001864146462986937536 4.945819601723026259776 4.953671949217905989826 4.988864037608380819222 4.915083368208652991882
4.996227102731404023928 5.019706268266410198464 4.97857406901743804184 4.998151756634954701042 4.960532520433249992209
4.917816806549867081344 5.030149692618037349234 4.900106031497606373648 4.890515160348187784223 4.922826016586162367616
4.944181054923195262063 4.918139406920700729131 4.943548752792942480028 4.992694673926631132588 4.988212225525285425931
4.983639541375572079573 NaN NaN NaN NaN
NaN NaN NaN NaN NaN
NaN 5.026317325790571999278 5.068592424447422750688 5.045413745704606434117 4.973136953781570390731
5.00373329668215038879 4.91904829632291384911 4.983889199055724361642 4.897233297008368069214 4.998715047672253497524
4.97442625755871858928 4.993100971173038971074 4.914556640939210296892 4.962852042267691388133 5.033534408592501563362
4.960733237297946907063 5.019129794510670983243 5.009662276055291130206 4.922043225549512790451 4.992802243625073188582
4.953732294798054880403 4.934678940833525651044 4.88352745514484176681 4.982330140560693898522 4.950640805245772213539
4.882118430514637452688 4.909849046643018688485 4.935421840751565980554 4.941795086151969051969 4.979895650392240469273
4.904522911743998569989 5.015509286604211247607 4.975320590464145986687 4.9510740848337642106 4.994284423361363245419
5.032223194315092129614 4.941713277841287776937 4.977316854008587476699 4.903546061738700778676 4.960243575006086480528
4.950501734591536973085 4.937097333386915032349 4.957780967287595430548 4.88811599061665624788 4.864714479404209868108
4.951834299862487576149 4.950445960867992489796 4.945000434757441887257 4.950677713438801141876 4.940907180562895462117
4.927410739121801164231 4.891772457334809587337 4.887309813645812184291 4.898315308005123824842 4.91773608854772259491
4.925182514954006052221 4.886321579528305036888 4.916610316737971331236 NaN NaN
NaN NaN NaN NaN NaN
NaN NaN NaN 4.831432221578619845559 4.821733164815363181788
4.846451806228773584451 4.869266897700080143352 4.868915393476458852717 4.847396583475724440859 4.978945685167640355928
4.877891751711531220792 4.985429914192986977639 4.978238305512612704717 4.941388896410665587666 4.983305094710920535306
5.05009388235169964787 4.976989405921818487855 4.996322423012091284988 4.951356543413194977177 4.915052999421111401546
4.949966977111125210342 4.981450541770493956051 4.873711957346707812633 4.957336094573679297071 5.047226000567239800887
4.960103080435519729008 4.906868209469486430407 4.987894894652150412639 4.918054580500913708363 5.053203864589719707112
5.002075806158652326872 4.901490616582263371015 4.957437578715965464937 4.921077335277039388473 4.963628037693716521517
4.922545406016180180586 4.95227299952488664303 5.025076686386488411529 4.975010907570394103061 4.973136981422201507996
5.074367269068345009941 5.04403433853533211817 4.938406306519913080422 4.972977962452302058693 4.913189385689610944041
5.038130713686515882443 5.078483442151680016252 4.908923208771673429851 4.952146154627333096698 4.942080219238341953769
4.901387247432886340448 4.881185558285556780334 4.875946186918976188451 5.009877832520452933807 4.965835649788861161369
4.889571793288734369298 4.945629831205359039359 NaN NaN NaN
NaN NaN NaN NaN NaN
NaN NaN 5.024245298363858580615 4.92153343540182230953 4.898777871581125431533
4.798611203530633417813 4.832872523374967421717 4.895233704183562295498 4.888170224408526998161 4.907057374182821618547
4.948009432451472733305 4.9452243328204144035 5.009340130987236072713 4.852952823022071093817 4.881746678665197514135
4.886154886956365572814 4.901940645600535439996 4.874631462870349096761 5.026175251754100514745 4.908981086009419847471
4.993069721098370550294 4.996387618019801912794 5.005713675372642335049 4.967314497848968279925 5.02694680375122615601
4.950517899610267669175 4.966771238727401005519 4.957011177203701102201 5.011942854363445221111 4.968405065368335371545
5.016117496975398992731 4.895924898156111204628 4.993545027845173400749 4.964888338327376082759 4.943610793166336669913
4.972651278277036013264 4.884863678180051849154 4.949952398564225752864 4.898914260158177214066 4.929326774925157472751
5.066674430448960819717 4.860324799812509866115 4.920730234599703933895 5.064108539692841581825 4.901005975072698639394
5.004132707984831007764 5.038640105721022166563 4.915252487738308140308 4.999553805681383522597 5.001393861981461519406
4.951404617493279758378 4.932555445449725795015 4.96575606544239533946 4.930251369949236739387 4.913236236095028353077
4.888960514718925232103 4.899440410132413603606 4.873325064519208105196 4.932257974205865203032 NaN
NaN NaN NaN NaN NaN
NaN NaN NaN NaN 4.975986610362723716605
5.013067395890087318833 4.917069582767414459568 5.05637624582782407856 4.999888722517625616604 4.989914475711390018375
5.001188476736569299419 5.013162568233100913062 4.906597888480343172546 5.020763024277262509543 4.935503890394849157985
4.950994328233630170644 4.961139136916192349247 4.908744300034929786136 4.976585321340596834716 5.067496017588300816215
4.881406037938009312427 4.935397127131866845673 4.999958740349463859332 5.042270624664467071341 4.905702024559221996469
5.007750770461912637188 4.897472442585359075906 4.896161924281305033446 4.901193673939768125081 5.006862246887776812798
5.033889969464999225579 4.975486201278834563766 5.088772985589613107038 5.031473578550765601847 5.034320556546209246562
5.039763505994923065145 4.965594455403721241282 5.029036716986892585624 4.96519988747581919597 5.072371043201000517797
4.970888733566623862714 4.94748362390708518177 4.901802317267186737126 4.920354526392989313877 4.976057642238373546206
4.994454659484808267678 5.073853746951861865 4.988447360887848347488 4.886239123419602314868 5.037757486002379714307
5.037370854603413938833 4.995703088481838527457 4.961591510700294804792 5.009498812141972123868 5.055926784945865115617
5.078606888257223950234 5.033966978897235655666 5.105366095123417657931 5.099556135208585416763 4.949728470438581773294
5.073729546713376059586 NaN NaN NaN NaN
NaN NaN NaN NaN NaN
NaN 4.747182767765532496185 4.778729917779626745755 4.765428697738251173632 4.763423784365802937657
4.865613627146270658841 4.867734369155735763002 4.925384060898556626285 4.963674455480637348614 4.982309853610660255185
5.007022145315568550927 4.93344683351400892235 4.905348299951501012117 4.952561109417782603259 4.919275778751140748568
4.987355461045040350143 4.987582324614940887386 4.973540138666957766134 4.979899999822956502271 4.960734655468280962509
4.952584305327803804175 4.939345544395117748593 4.927259591054399479049 4.935353305829453418596 5.034618586820248431479
4.925383852889789970675 5.012496689154159135171 4.974281096296646609289 4.987468656780859710409 5.040419243052661535387
5.100552697974023885763 5.00951534046406266043 5.05913187632010785677 4.913429018474502640856 5.028683239219994050018
5.018783915469060552539 4.96139697951025127054 5.019968001812496360969 5.033286251737735916834 5.042726869292740055073
4.956798056348298509022 5.015747680487313786557 5.020596818028526087119 5.021197981966756707095 5.068953784927265004967
5.037322771828226741775 5.005613155628727994895 5.009765531220765844012 5.046910870870121357257 5.013175654705728234717
5.043268270991094759381 5.028426113222046467399 5.057468043311792449401 4.869121038741384133175 5.034264446197468600985
4.980866230862726951045 5.085551043463182097071 5.02260851735310076549 NaN NaN
NaN NaN NaN NaN NaN
NaN NaN NaN 4.986785550373260100798 4.997013600818710266083
5.025162197580543832487 4.98754259285474077501 4.990609457525549963464 4.95014810655744952328 4.993666295146249822778
5.048509069119355707755 5.040350043021848414071 5.080848535753083261568 5.069595405064674764617 5.071270180505742963817
5.03974543071127634164 5.069785342033179986743 5.060104806064195770432 5.034999495479133280185 4.96612976102521308519
5.013936713291575308915 4.981857832775679284509 4.933112576126382542441 4.995135166896389478097 5.079616090815326501229
5.052993114294284993093 4.873362155740401213677 5.034058482943395418374 4.997289477562537385325 4.913114201059630481438
4.97611467718434141716 5.019779393547090684535 4.973210030863674191437 4.925863616264507527376 4.943187779116516189504
5.059783524611832561391 4.952513603600219305179 4.927994811634304639369 4.954507252513431936336 4.954065300686036898981
4.928730558580176612793 5.017923047149265514122 5.059379924069395073616 5.019085049974847834164 5.026485400523307056631
5.108207268399912237555 5.092796153758064825467 4.985969371923681947578 5.103181441217304659119 5.107657291004964683623
5.07502097962226894623 4.911847004091747237453 4.963190717619689884543 4.899437271216249278893 4.97206353749089924321
4.883868674347935368019 NaN NaN NaN NaN
NaN NaN NaN NaN NaN
NaN 4.990766149118631922477 4.95206364447145919172 4.998540999061926726199 4.909763156261147010184
4.949014777019523414481 5.005833542720956153005 5.006839708645214770399 4.901089293900160015482 4.934549195561912959818
4.996152052487840222739 4.954930329615513606711 4.916063852197074091066 5.007396875646757727907 5.003105589953589671381
5.012755324003058454707 4.919611769494376396494 4.997775857317731329488 5.022859086718698407026 5.002861628950791228476
4.923617954478114455696 4.978169395455524615102 4.972037194506310875397 4.948735392923478748628 4.952374975476188545542
5.081818987580983382202 4.925545877770654001893 4.935916204174961130491 5.037267035761847644437 5.012587985395975387348
5.008563905330663423854 4.936550154008362945035 4.934793307235285197976 4.994767124633545662959 4.909958828070492664608
4.900568412118652794618 4.995040108361480157839 5.011585936259814744176 4.885952490482502241775 4.957667951093357672221
4.913607170198695861529 4.938105172831575018222 4.967548795249570936505 5.00691623561341891957 4.99682785531018769376
4.973181027764747241804 4.933386241801082761071 4.971364650841279875237 5.024570264081124726374 4.934237653716928129199
5.078039784870937545236 5.059346106235278028862 5.006489670964310967349 5.009014458645253853319 5.07464001600382541568
4.995676511757093152255 5.019844319489914497012 4.984523911709109356138 NaN NaN
NaN NaN NaN NaN NaN
NaN NaN NaN 5.005062515989957105944 4.991132152391020149196
4.951466861718114564894 4.965767206931519517354 4.996776581669037042843 4.989217476757436209311 4.992884869842468376078
4.983917832120284607811 4.966811229065721811082 4.949782149558588528748 4.942742195555129391948 4.936318884205427970358
4.965478108830059689183 5.047397708375354952182 5.036105092633293089932 5.001065545557755065431 4.993194422407871257974
4.980378611315955161842 4.890243960013579638257 4.940890417273074319837 4.970285067198652484421 5.004322794418313513631
4.986400457452474732634 5.00831024938854429962 5.01302781086015869505 4.955523334749637243135 4.977749246903407254194
4.924971400428273859973 4.945389989316964829413 5.010618157670874595055 5.009969667645711943749 4.986320202287095604277
5.07152358511483036807 5.029900665626614753023 5.043670979979633095525 4.943871647935678126373 4.965711433628502646798
4.944998572455864938036 5.040006710603690542882 4.999522140301647432636 4.968652310022271478829 5.010827927568959339055
5.030925113003794635347 5.013090420106661504462 4.926332850852372047257 4.971593948790670403071 4.938741553751596846666
4.922965557266926417412 5.008913643401161408519 5.072748714775507927754 4.943763350957088853477 4.97441620904463555064
4.936652201758702673828 4.961693368364988643293 4.969138359496513501767 4.937556585171829048875 5.019876025992171975076
NaN NaN NaN NaN NaN
NaN NaN NaN NaN NaN
4.771676699726744352859 4.747723093686879280995 4.748404809169882945241 4.751839207025579270294 4.724096984271039190162
4.734395752380363475709 4.784408350053483083286 4.810374193129311137795 4.829950652905870001064 4.783934357896119315967
4.827508795887204939845 4.869292902996511962499 4.85537396829828260536 4.832295013787312853992 4.84095425069510287841
4.792344921921706024648 4.846024298752108272481 4.84228386644454822374 4.876065154973559856444 4.916585479164922389828
4.944074714988523133741 4.923207285611920447366 4.912560049513079896144 4.936293793440863275634 4.932452105019102361894
4.939786035420710597066 4.963872251243166111578 4.903052870645468352961 4.847758517046415249752 4.844803608321386789726
4.823981020190428736782 4.908958584820463322274 4.971099219263150459369 4.938177068586453444254 4.964548213329659454018
4.924835905271306657482 4.887725674766527639292 4.992868037058763697189 4.977231768783528131905 4.97391615421654620377
4.942640850769733695813 4.947324238581874311649 4.949636965221987594532 4.938828832862675710658 4.965013084085719619054
4.992634324380891719386 5.019059531504992399675 4.911528605323834284491 4.945967581766650411623 4.978146872250901466828
5.027997070018566105887 4.982811683343766340215 4.960762248028499854513 4.897139475889758841731 4.944179936329221369817
NaN NaN NaN NaN NaN
NaN NaN NaN NaN NaN
4.942096161358197292657 4.932030138299745125607 4.90834961137142489207 4.973369375360260136176 4.960513986359986304819
4.943925609218172034787 5.040639051622894939442 5.07326747322529758577 5.040313507827814731854 4.938276391066840353972
5.030805284910062624704 5.068345294931205557987 4.980137964186167387481 4.946609825003705829261 4.947231002445165337633
5.105807049114053697281 5.012194914743207441177 4.94018296656789068777 5.056355568329728100707 5.005924003856208059915
4.927823439505485403345 5.07700350775309150464 5.032419734711683467765 4.952270960911007158245 4.906501236799545750955
5.010478479388188688404 5.040505506874999319677 4.945344147428014203172 4.942518351209458593587 5.018870959313991519934
4.997798996940912452658 5.068911741071008947301 4.952770299227584160917 4.989792339623716266317 4.958244098882406802886
5.103040235528304435775 5.060986385737640702587 4.985678203671265684704 4.95389239372108924897 5.009778783765723275678
5.042566386775662046205 NaN NaN NaN NaN
NaN NaN NaN NaN NaN
NaN NaN NaN NaN NaN
NaN
