NaN NaN NaN NaN NaN
NaN 1965.234185058069670049 2008.511612725413897351 1864.146994865759324966 1761.50422985556247113
1997.464438262569274229 1893.21483025126440225 1981.797360659713604036 2042.548474605506498847 2264.940018676807540032
1950.54946492294948257 1978.985732715726044262 1805.372778229743289558 1978.233655626390600446 1988.432082659598790997
1868.826401804570878085 2503.38073289863541504 2444.682122030860682571 1649.537119985499884933 2735.17533283923557974
2552.04952556305897815 2107.888402790140389698 2799.324271101929753058 2710.795035590523639257 1797.628172686184143458
2255.921444516157407634 1651.674674793346866863 1797.992444404914522238 1530.588626980341587114 1888.517091229406332786
1936.715327683108853307 1692.701060176425471582 1645.823655959174402597 2262.747926595091485069 2445.278508633365163405
2132.720903550673028803 2078.644505009762269765 2487.078706600848818198 2309.262112117706237768 2173.945072817909931473
1876.305289873199853901 2114.199465884552409989 2174.810797268426540541 2522.810252791327002342 2161.98448245209237939
2324.118913196506582608 2127.858228910240995901 2170.627952446647213947 2029.473532474577268658 2341.683137653772973863
2294.063080707146582427 2384.248143227944183309 2221.482328424326169625 1652.664119547824157053 2177.142024974697960715
2689.50566883778446936 1924.593190792314771898 1908.236764288507856691 2352.372656030615416967 2020.582599337375313553
1461.06704615991202445 NaN NaN NaN NaN
NaN NaN NaN 1977.783511601943928326 2109.328587042920389649
2118.39618286053155316 2074.689199076585282455 2976.753345363303196791 2518.802684835697618837 3568.263476658676609077
3241.307123754120766534 2388.96694416037234987 2709.150877896973270254 2024.13355806769186529 2274.752568260164935054
2999.174087376479747036 3357.973123312314783107 2308.300380014596157707 2817.422522544531602762 2260.416715766177730984
2116.752016711857777409 2885.622977310179521737 2281.197507083219079504 1608.883507526315497671 2202.134832641958382737
1471.150813248437088987 1765.698050389989020914 1738.831627588941955764 2051.25245135314980871 1649.223920631001647052
1758.696191630494467972 2009.156238237896104692 1464.888366680943590836 2487.442257209000217699 1662.220506253561097765
2263.614609722206296283 2188.583252921790972323 1861.725631757912879038 1970.882193882135197782 2298.125225547321861086
2542.579299168269699294 2355.619115914934809553 1830.440386490464334202 1913.732181703796186412 2109.25157212343719948
1727.866823064865229753 2859.529586271512926032 2393.772139970387343055 1841.45631225631518646 1930.776735876817383541
2029.757706853386480361 2307.705806956843844091 2012.149273476572489017 2731.848677743488224223 1830.555940681657148161
1589.393118938803127094 2009.157782113139319335 2525.86126524994006104 2364.192137470699435653 2130.96948721355829548
2691.529996143857715651 NaN NaN NaN NaN
NaN NaN NaN 1356.047394445298550636 3191.329951033359975554
1910.925172570077165801 2634.397369867325323867 3256.195819440647028387 3217.941721505200803222 2762.156789186885362142
2334.779712257832215982 1640.666829831607856249 2312.216151490974425542 2263.742686291579047975 2298.400389709864612087
2139.726528463255363022 2775.729717075904773083 2871.170505042557579145 2541.768057560356737667 2133.672034910184265755
3353.1509299157382884 2321.387819455791486689 2022.919321789627701946 2298.834390760153837618 2923.116678248094558512
2599.141178162477444857 2380.430618017301185319 2519.279121603129169671 2937.598761065672533732 2889.241744892541191803
2119.491176905741667724 3188.182317782324389555 2852.19567392474391454 2095.229442349497276155 2218.986348239704511798
2630.62727310404943637 2813.851116220780113508 2194.389840512870250677 2507.91896789859947603 2270.072905464756331639
2164.586026640919499187 3201.449570374672930484 2462.586878362142215337 3128.634819629752200854 1851.756823376444799578
1717.455068233074143791 3416.03875691469238518 3638.323803920854061289 3079.057055437556755351 2652.424901459947705007
2004.456167469534420889 2140.304993753953567648 2447.813352810700507689 2236.707510995176107826 2395.02213023570493533
2195.947820134064386366 2402.408209914383405703 2326.783818208974480513 2417.204949517285513139 2225.298897765579113184
2656.533033291846550128 2416.8205431757965016 2112.441363167277813773 NaN NaN
NaN NaN NaN NaN NaN
2086.076875849727457535 1915.092323928127370891 1952.145523421131429131 2260.280868003138493805 1634.553651877370839429
1477.176557407278778555 1612.535660232027112215 1765.774902463773514683 1660.429761923902333365 2132.804862013314050273
2245.9917418307245498 2450.813202780700976291 1910.736042131483372941 2454.494421544876331609 2301.094022210827461095
2419.840179351467668312 2774.849815574035346799 2484.529879710466957476 1976.064322752688212859 2188.567625316968587867
2569.255161678229796962 2990.593269003229579539 2132.432467339765480574 1374.39329587190991333 2355.082897751571181288
2023.848949249277438867 2090.153796873246847099 2386.362629252941587765 2426.295661185918561387 2104.57519044434047828
1456.909215512805985782 2869.305846737954652781 2527.519642024629774824 2804.222005537728819036 2452.330674187101067218
2690.113054494947846251 1915.550646355042999858 2520.045383067430066149 2344.633914619629649678 1793.860295584089044496
2392.905975474833212502 2252.580207460099245509 1683.398105518799638958 3624.136347376450430602 3625.069324342310665088
2181.900612176641061524 2270.534723712529739714 2450.257413873050609254 2741.310895689005974418 1943.853220783960978224
1825.677800956763576323 2105.030826500515104271 2156.76140551268690615 2026.543823525538300601 3064.911631854944516817
2241.006412436247956066 2734.167081431553469884 NaN NaN NaN
NaN NaN NaN NaN 1393.911021651634655427
1428.100494737914004872 1562.990259737884343849 1302.678641763083533078 1295.705868293942103264 1489.361841227134164001
1938.246492618311322076 1766.952145603525195838 1857.650428835258480831 1648.241100054350226856 1697.93907014395654187
1717.807412543101918345 1724.665655483618820654 1787.548083658883797398 1606.948479650093759119 1982.88598901397881491
2617.059265417026836076 2055.876728923116388614 2002.032629221378101647 2298.599389705237626913 2925.01950468484301382
2473.672140997417955077 2377.853087745256289054 2037.950724959242961631 2140.195995789618791605 2086.191670699050973781
3063.189439259303071594 2893.492095105217231321 2656.513566413437274605 2683.383617536298515915 2667.941389680158863484
2314.499783267592192715 2214.621587160661420057 2654.572432503655363689 1686.819026306664454751 2613.161491483828740456
3247.527069237887189956 2960.486247182946044632 2809.932166374498137884 3000.930363926951031317 2660.123155588705685659
2402.754915149108910555 2216.598099024258317513 2943.921262713377927867 2319.468771325756279111 3099.585157659798369423
2854.584554637622659357 3898.094365220535564731 2703.633330784560257598 2839.647320322538234905 3172.997731054982068599
1810.537842815649810291 1596.982005427064905234 1789.743934523874941078 2457.635348500810778205 2368.83454112620165688
2286.880983647506582201 2079.729259802849355765 1909.228438044556924069 1687.287392100870647482 NaN
NaN NaN NaN NaN NaN
NaN 2721.989995697981612466 1401.808196917120312719 2020.718007420136018482 2091.460291384571519302
1915.068243159556686805 2356.426742083048793575 1679.583602739643538371 2554.065424700231687893 1914.694764376585908394
2215.202043419915298728 2703.944978768962755566 1594.486799620278361544 2587.951480769713271002 2722.037382413532668579
2215.782644935704411182 2135.909658283776934695 1877.222842224676696787 3056.817238484384688491 2732.27661676979096228
1731.650037426763447002 2314.660750104775161162 1632.58795242684391269 1856.762113052352106024 1775.416330769126489031
2271.343228461952548969 2384.746729201953712618 2156.81448369559529965 2363.689256950806793611 1802.217062666582023667
2115.371970442899964837 2379.103494220627453615 2074.412369698580278055 2132.959534359801182291 1948.294909042954941469
2009.606909743364212773 2304.52673879628900977 1933.062645891769989248 2045.391205777173354363 2493.94294580503628822
1844.429675543810162708 1816.116430590275285795 2472.084610787045221514 1887.767487272429889344 1753.763612160774528093
2132.786856147908565617 1820.609823961692882222 1886.133012585876031153 2044.221793203098741287 1534.300359384773173588
1396.191125752578045649 1339.569850936162993094 1628.904607628510575523 1460.966972821855051734 1778.799100632307272463
1959.975835645724600909 2280.669397111976195447 1533.281615115688282458 2151.655643413155758026 1850.50350491729273017
1708.028622034517411521 NaN NaN NaN NaN
NaN NaN NaN 2416.346167560232061078 2592.501470553781928174
2670.810633593306647526 2842.028862363730695506 2229.958677885735141899 1868.426038828278251458 1559.931840097120584687
1511.080552607373647334 1855.26409245927743541 2246.110083753038452414 2434.91259554487942296 2522.659320798001772346
2063.556697192121646367 2046.20469498573720557 1870.120741174561771913 1939.205498650641402492 1788.512719440767341439
1904.176677461179906459 1658.885472686490402339 2224.503179875951445865 2072.163091487064320972 1660.326658545385953403
2650.908253397072712687 2535.914670740904512058 1968.882719472814187611 1506.166243014748715723 2005.578487089510417718
1888.715933323370109065 1589.643743244587085428 1874.30949690467673463 1645.323442493003085474 1635.49717981411731671
2122.352819809166248888 1800.77075601777664815 1773.754802420495025217 2180.829457657016519079 1851.597983695958419048
2423.587220677053210238 2077.311757465643495379 2067.161781513018013356 2327.186121908709992567 2179.244015680155371228
2499.350053791559275851 1731.252883488694124026 1893.505167108924524655 2282.384303879522121861 2166.94469732339030088
2299.745484627091173024 1757.649949479245151451 1961.680253589159974581 1987.499786658553375673 1649.294847151054909773
2145.340909066601852828 2339.858082277906760282 2133.993860228350513353 2453.454280767587988521 2657.746824592426946765
2428.177857383659556945 2181.207598802206121036 2299.063864638995710266 NaN NaN
NaN NaN NaN NaN NaN
2316.456588777068191121 2405.269663718407628039 1773.222201572299809413 1882.421905356511842911 2590.194696035092874808
2199.247124916341363132 2076.65202640811639867 2115.471006143544400402 1584.519167028399351693 2003.329781174867093796
2179.720975306455784448 1975.386212040833015635 2064.441952042303455528 1994.717466832751597394 2044.760703208197355707
2197.134785967772131698 1575.610271944494343188 1807.802553059816318637 1690.112951681218646627 2777.428523452420449757
2206.192799909627410671 1818.23181212141071228 1517.545366309137079952 2057.477262171025813586 1984.034772460423255325
2605.417077893903751828 2066.259227436839410075 1642.55940222112644733 1605.261140253173834935 2437.456100211183638748
1678.744160874025055818 2090.053802072033249715 2108.772552991977590864 1607.121172062840287253 2185.456787894873741607
2532.957376291260061407 1935.270138043606721112 2281.307396391756810772 2264.083365123866769864 2395.801457101062624133
1530.381258019408051041 2569.152785564765508752 1683.755733437150638565 1768.560661915295440849 1753.332702201149686516
1923.16590654020023976 1599.303965563644396752 2018.224028579794321558 1886.267611791264016574 2097.29440109011147797
1876.874597342093693442 1651.092519143683603033 2078.252859791276478063 2058.822197196990600787 1670.257947832222271245
1777.552355755090275125 NaN NaN NaN NaN
NaN NaN NaN 2455.74890389490110465 2258.572883183817793906
2643.134003603307064623 3456.953177379315548023 3168.155297464038540056 2919.058799720417027856 1421.083261502974664836
2864.693677499902605632 2755.313036602490683435 2368.2239404300703427 2344.68827418249384209 2999.554817833520246495
2505.970612331494976388 2911.354719224297241453 2721.848235096793814591 2707.004941352581681713 1241.005815956175638348
2833.785671219993218983 2259.927927006741811056 2150.134942788308762829 2082.236356075876301475 2183.522603418180551671
1597.850536732348246005 1775.740417793557753612 2328.676136994674834568 2029.101756822405604908 2360.941044597791005799
2041.066321155334208015 2219.60409881059649706 2152.075204455139555648 1462.776230582976495498 1965.863467513129990039
2328.622678509178967943 3102.544897867336658237 2397.969380455598638946 2317.957746479478828405 2919.39876072421157005
2614.125256710855865094 2105.002970128717606713 2466.854509741458969074 2988.729131896629496623 2463.750600696992933081
2464.293494350562014006 3033.765563305144041806 2631.620267036064888089 2516.616636140038735903 2170.38994774193770354
3149.008530749475994526 2232.61252657819113665 2587.368415186126640037 2042.712226825893367277 3600.167001076104952517
2502.393493669442250393 1841.94269314452276376 2788.309889909181038092 3019.687368636889459594 2710.682251844637903559
1716.501822714826857919 1765.587017385216768162 2579.512875498184712342 NaN NaN
NaN NaN NaN NaN NaN
2126.670803292036453058 1954.266000442368522272 2089.106472152106107387 2233.312525533239750075 1988.902030704098706337
1950.917502795580503516 1893.711988400787049613 2273.333587047868149966 2016.427443871707055223 1821.454604838816976553
2186.360817502069494367 2091.03990933343902725 2606.39391394799167756 2907.539287631406750734 2015.924527126059274451
2058.563404305275980732 2740.258683877963903797 2293.998623528224470647 1505.140906531334394458 2003.56593465095306783
1954.392314511666882026 1383.444735669141664403 1706.351416017276278581 2026.741637570782131661 1637.132555864000778456
1861.998245663119632809 1958.325622662051273437 2369.154963519869852462 2246.624172781585912162 2043.506235892322592917
1546.732450768230819449 2188.943943668560677906 1934.261473453771714048 1804.190482472322173635 2013.969178871408985287
2203.519497273394790682 2678.072784987343311514 2189.582604903605897562 1738.624571902141951796 1643.358020063509911779
2244.50599102904288884 2111.249512963802317245 2469.395291891631586623 2073.467952235289885721 2430.118102920149340207
1787.300807468844823234 1733.806746505732235164 1638.852690724652575227 1584.35301395389933532 2646.892918591066063527
2197.709344353983397014 2263.022814654141711799 1872.661750151759861183 2122.645618932736397255 2013.416167087713574801
1858.767575607383378156 1920.988653749785498803 1772.266362785368755794 2122.738739411053757067 2058.766917348233619123
NaN NaN NaN NaN NaN
NaN NaN 3481.615718544930132339 2349.341453650390576513 1866.002267723222303175
1956.39243386554198878 1576.338747256881333669 1510.146693738837029741 1576.938908112137369244 1940.322961851298259717
1730.631188480991568213 1836.965477873503232331 1945.346511095058076535 1791.895791187994291249 1890.451318678200777867
2805.811955372109423479 2697.022038667757442454 2330.512555044807413651 2537.834299329266286804 2436.625245782105594117
2649.294291170505402988 2558.340400961083560105 2355.154535104433307424 2012.746100718245088501 2751.691695765522581496
2557.707263722354582569 2442.791849058908155712 2541.343110393306233163 2721.241474341359207756 2308.132745852980406198
1386.402587314897346005 2074.358923849784787308 2295.878767475868698966 1689.253284125948312067 1637.841806304082638235
2006.69025618444425163 2409.379869429121754365 2094.30636903921231351 1912.145805998250125413 2591.99712595431265072
1697.99901955360996908 2190.107510512850240048 1903.26044317686546492 1977.266607161312776952 1674.863078822453644534
2612.392755091773778986 2754.687215597527028876 2352.322300038400953781 1649.678888407929889581 1795.089796353995097888
1991.734953670458253328 2414.278471935354446032 1487.074819023629515868 1951.921264420850320676 1669.210588027709491143
2073.473047941245567927 2147.367693469440382614 2102.857571495047977805 2009.317754531177797617 2035.497902732567581552
NaN NaN NaN NaN NaN
NaN NaN 2951.834530455761978374 2429.898356420386789978 2385.515853203315600695
2465.490243115397333895 2362.000450059825197968 1825.966083327161413763 1852.54759252785697754 2272.812476625342242187
2056.776806721508819464 1649.237846073315722606 1985.64683530275215162 1651.281735886784417744 1811.150594521293896833
2027.736609645618727882 1566.493619140099099241 2232.06583236972164741 2221.550473140700887598 2246.375330211712480377
2307.268895864006935881 2275.289916642510434031 1515.960971275266047087 1719.420847480439988431 1910.151436106706796636
1866.512984740946649254 1864.160760974596541928 2417.7468345595698338 1914.397741173572740081 1670.775185154762993989
1856.888652075889012849 1972.247497296353458296 2052.22939461710757314 2033.810020239908453732 2189.670235427380248439
2247.404615370226565574 2063.905784600593960931 2605.024610586587186845 2546.67704305000779641 1794.925159445393546775
2093.918487663315772807 1894.782376337054074611 1833.780077107256374802 2225.304699291875749623 1837.363346354788973258
2400.135306614155524585 NaN NaN NaN NaN
NaN NaN NaN NaN NaN
NaN NaN NaN NaN NaN
NaN
