0.1368574360441988380099 0.1342484055005336018862 0.1306810623641812274531 0.1259321505203466751155 0.1254028184019827241169
0.1214477190934940414868 0.1227545579209474019278 0.112763574204764696618 0.1114581145912959952993 0.1121597039311472698841
0.1089198504902929437455 0.1041950535088730644961 0.1057300238972884998123 0.1034894948596007113739 0.1020352256716635375167
0.09476500686530657524553 0.09888181198060654042425 0.09186843107612142900198 0.09479745026798555573855 0.09347153227725472912635
0.08677919536086942109421 0.08756576305052500563963 0.08439477380959524432935 0.08926533080616927406936 0.08806426076927943713546
0.08363292293902797880367 0.08203957784007682996208 0.0819217587720202367052 0.07741408007322367335057 0.08477056666554422248439
0.07641376107279260199157 0.07914777724679709913769 0.07817470834000678214792 0.07897181698365778046433 0.0763748212817284277687
0.07376179276761123115858 0.07124261743129763069238 0.07344793158358521589779 0.06967225211551517083386 0.06910849880149509683047
0.06752633194024733331862 0.06801240806203240341077 0.07043889991746363210545 0.06383314030720868559321 0.06733594997306174834151
0.07057728731306413261226 0.06886861588531575928407 0.06284721775270506183286 0.0638353895895101136615 0.06459927801649056888778
0.06561197710070551525341 0.06174763912681176941666 0.06268593061720190151576 0.06291106333605332723291 0.06278115703640275990782
0.06097541758852385168632 0.0573893813954450132675 0.05684121761570555542153 0.05867913916224762327367 0.05741001084621651789908
0.05748716237911329074439 0.05561017227868335355279 0.05716530540559220524566 0.05644152345057463354694 0.05410067551491842124944
0.05640677918047361238951 0.05403907316701467289377 0.05748797145994764129506 0.05577746921552028530611 0.05535219665156076995771
0.05763186118376738970026 0.05400058850203800359102 0.05214399769815769580816 0.05297692857395429333334 0.0521382197497472082981
0.05364821655449612120004 0.05204671907973897754252 0.05399395859400132891004 0.04956072923159497017886 0.05093031881431780982794
0.05071569192587687541218 0.05133389821323074142523 0.05044476839558701547483 0.05014789408353653721306 0.0510712383442772852038
0.04923754729852226202924 0.04816462158065457077605 0.04947793292923644697945 0.0512461670168378596868 0.0500663969580546278082
0.05150644930034860985435 0.04907684870277807115402 0.05082198205493734105564 0.04985795077526983948291 0.0503492780802524339534
0.04928829915893950114336 0.04721844465143824193243 0.04716016311743061184547 0.04773797351206565675596 0.0470967040318859830883
0.04725128774994093866502 0.05127266931156636980971 0.04679032864022295012951 0.04706671237246014272149 0.045887804847806933084
0.04640202212669233827746 0.04677902000545410693411 0.04674411703379885429932 0.0463466501319906507006 0.04734893778202511199771
0.04754772454174351764555 0.04639789259966399515012 0.04710237388784151157939 0.04539092232224757605952 0.04656247410114990048502
0.04645329112520211328752 0.04520077427851195567277 0.0474801171908686148182 0.04440871540682822526946 0.04699438898644257150972
0.04444010471242063747832 0.04289826886609980627352 0.0441004139849031848164 0.04493173742075182858224 0.04167361895649521891238
0.04512138954092025783238 0.04379434910135957675914 0.04420997079294867321275 0.04413083246512354562707 0.04529499633628216587189
0.04321300243321794798401 0.04314457265088581655599 0.04378838216956584816764 0.04384084308113603278834 0.04399806058945852915709
0.04468620836503665871842 0.04075314652765798378864 0.04242015372478271512113 0.04455450773876066389301 0.043051044433364896169
0.04283163104807836268906 0.04402896829690913782507 0.04254679244702043450221 0.04183432342112483603991 0.04261449936033216701059
0.04150629838731239446004 0.043726477806921466851 0.0405704047766508521522 0.04197948101362659195646 0.04253504718673052631406
0.04279094279413384743771 0.04129111947648890501572 0.04199314502645794255908 0.04189981462919048493809 0.04122148848596806497424
0.04134869664579825937478 0.04355044918481245502795 0.0441419879125938136033 0.04316359880217449790374 0.04238583760346411460906
0.04255203722895547352456 0.04234158551293721456377 0.04030376173442146159331 0.04172080169260976301171 0.04267772852471041905575
0.04095714816671959523919 0.04124514761803327322909 0.04222107449372553694689 0.04095469311186764049815 0.03995269892827506275079
0.04066759672054521407292 0.04096270241438183801197 0.04154520600790625323162 0.04175262106377981147221 0.04085020459910438522799
0.04015101873341015564778 0.0425471851283322072268 0.03934748536621616998854 0.04286185187185174993996 0.03950142328015462250823
0.04002507531611992214193 0.03962635204388496867889 0.04004589070770307041025 0.04082876363164469890599 0.0398401329009078347676
0.04008516238278107129966 0.0383671481820221163539 0.04035868017106712668518 0.03958801646775664262456 0.03992232412438956323797
0.04003963544754888387311 0.03969840807098662383012 0.03894388053069126887085 0.04088170611698910272835 0.0383450550674613727109
0.03910457489914523354635 0.04059938196048831077212 0.04030582547474331062132 0.03774692067290178615346 0.03892564139199124889634
0.03958006800535628783022 0.03822049202144735258191 0.03826212731607036426906 0.03937054819569547892133 0.0394741643301182096315
0.0388071971520372871467 0.03792113188721559641214 0.03923585934019941517947 0.03817342471408213810946 0.03796396582216222254091
0.0378409108466277940841 0.03835419159400123984005 0.03746246834227390937189 0.03808368005938930767051 0.03895093258809725206282
0.03793712944701786021762 0.03758067119597825744837 0.03727010365078662484928 0.03667905461595623306525 0.03998073095150416617072
0.03773749347406402110394 0.03930565569357197946987 0.03764941041883093642006 0.03852861691523608994592 0.03862068917000127665773
0.03722188772529295280878 0.03725800100201102221797 0.03728909941574447273194 0.03795693122141492042987 0.03725643980903530633197
0.03822137186654935014918 0.03696710550045644722017 0.0370966932936263107945 0.03880796472580220340953 0.03595400624147190860036
0.03816610600003701725402 0.03848534665012108557658 0.0363299746018429584038 0.03783138046256671882528 0.03790679463045290575884
0.03744710293300453074483 0.03722017318007155711745 0.03768477683522063192978 0.03765358869641442091103 0.03663677637931412461869
0.03711313702176149281753 0.03657669040276601696293 0.03635162756296324293448 0.03696763447763998927664 0.03771653937774643861047
0.03542078753618928960156 0.03796744229705075607262 0.03594274478504908693077 0.03716752323885141873205 0.03566937210828292903475
0.03612967470625261245942 0.03595580128373734862812 0.03682920099029476923569 0.03871652240865589011953 0.03633296361301929094934
0.03726070874659390824712 0.03586467338680474070678 0.03675508247399478928275 0.03823466885333500625554 0.03579191485032642838782
0.03508382234337011768011 0.03642667114251111476486 0.03796981358899564201748 0.03753864341196122555999 0.03513784733046035335668
0.03583623337748516324286 0.03615525036106854994689 0.03614181366565036995775 0.03648805785620269637182 0.03692726911669943351546
0.03767818980988846266911 0.03603123373904716653104 0.03684009524885298314523 0.03464748812723904974886 0.03647986160434758123872
0.03552298444636534102692 0.0355167585303311703071 0.0365124781347685514743 0.03477439366999783565415 0.03519253309829385722995
0.03510676185575268420935 0.03537373982919558151883 0.0379745530063434130752 0.03670367810585314222172 0.0348162778297381111936
0.03689564815724533791697 0.03651192520941245328592 0.03644406582124713744886 0.03485167296391684932377 0.0362979667095174179936
0.03534224961947470683432 0.03734062684882791249841 0.03519307270595245507039 0.0353375065152705253313 0.03473137137975695204473
0.03626116244909141639319 0.03528036794660108915744 0.03422485501723975670485 0.03556374590410425751141 0.03486061369297813183898
0.03390782264793452266405 0.03625306117247163728567 0.03543328023683121191789 0.03618847298331824557938 0.03527486322805053337026
0.03699022035817621512077 0.03440458937691647650636 0.03589079876498389720663 0.03544468804215251955814 0.03463855786608469738974
0.03451751416441808245628 0.03642181861904290191001 0.03492135453976612236016 0.03522638800541442322123 0.03543067113589463273948
0.03496373463195728836794 0.0349735442544397839848 0.03625612689013285594442 0.03540631289183197166759 0.03586794798748507706598
0.03522225770493496443958 0.0353993876356254455473 0.03314107743328333077759 0.03344950021223452168995 0.03499344536768909941227
0.03545059582652126950464 0.03496893301316832819436 0.03439529964450929733211 0.03620694633856671312833 0.03397740081950398338684
0.03548159317301306792114 0.03532543992916615388511 0.03514484653815003190047 0.03565745011270812087067 0.03506247438709240299426
0.03471471450418520815484 0.03367290440981856453062 0.03458248589207638112875 0.03572240770858112202113 0.03332885493065691762116
0.03538227796325480595252 0.03498831507201914658989 0.0350108644136541274916 0.03376493067693215471836 0.03515185117083642618585
0.03378108384692882909528 0.0347252796225000007202 0.03352738467481536366321 0.03366467298533738078392 0.03431713220932155333776
0.03465781779733062561988 0.03374198611157827598639 0.03486261366067913702871 0.03503115047871441234406 0.03498706622409573918642
0.0340505159943994897831 0.0349785204066806257317 0.03413616634427264068252 0.03354067343158274872028 0.03492921421707650964095
0.0343196425663569518183 0.03518321791680327492724 0.0347456412217986496116 0.03474009325692029026555 0.03471028294197966990176
0.03510771865498708843578 0.03440048644252146486933 0.03466872461750125644642 0.03477447261983374060534 0.03434542831994703143694
0.03398852967627410265328 0.03361041437747378651801 0.03395184591546217961477 0.03365293926092780690817 0.03386990705348978669686
0.03378734736077708411539 0.03461579317960780666219 0.03354766272701802803935 0.03356681260513794812228 0.0346408905232766448079
0.03461116667683948600054 0.0342638383489139650151 0.03389528031913686956234 0.03402807459421788860432 0.03333200093751165909994
0.03439187359972092211668 0.03316643159571113635975 0.03363000334845464567302 0.03358374226367265291682 0.03376179754128987714479
0.03382787689190010216311 0.03295859493058788530773 0.03305771551175320371874 0.03321182089550266808287 0.03264474427655866123343
0.03370644544587556717952 0.03407370802485289867922 0.03532133339645537883911 0.03478580406845592498666 0.03432354009686966467285
0.03154599981762500754412 0.03356204870168580378653 0.03454053123778741407612 0.03308873845260330154305 0.03318730991516934819563
0.03250160199467590910194 0.03271186852106141434993 0.03203493577677856557484 0.03362238831524560350728 0.03310128313315982562237
0.03517039176434889891087 0.03329264539243007720026 0.03356247284398268526662 0.0317260263602970049579 0.03310396172479281723389
0.03365181746477875074364 0.03241426980173776895011 0.03287555742229591321246 0.03280170277830990466228 0.03221691615568970240568
0.03248293163858100018881 0.03399043359214422299619 0.03354429278571689765354 0.03256232448673837542863 0.0341364140348370120881
0.03251734418034319534785 0.03283263572366999089036 0.03288781180338080228909 0.03301035151521297672517 0.03332009084282380045883
0.03333644779402699515058 0.03235706749991007491474 0.03348745334763920944443 0.03368064797427876982949 0.03322780463761228209041
0.03359679546617901774175 0.03364266560336268141462 0.03286338510482494229548 0.03260216794303971016289 0.03253554370269329254484
0.03066048090716090232521 0.03248789162406307690079 0.03347493904665969216561 0.03296603712367227739799 0.03277467669180583742516
0.03295661646910699738022 0.03320824232475874659976 0.03274263128089888175154 0.03344664166902563268158 0.03211781757822968624838
0.03261548038768946611299 0.03345276081297814813054 0.03291350804579511180048 0.03347581511252462754813 0.03332389558004997948126
0.03226562312143638894257 0.03235931289247552522514 0.0324290865636107164538 0.03042191269623667482236 0.03148996301404184683381
0.03258692872696809100797 0.03379473930848879426048 0.03209821116663045398321 0.03185454588071118947612 0.03308727132866198794581
0.03284035089908203530751 0.03177816087090105934276 0.03151448861387458333372 0.03212758732656276206008 0.0332045303601734009824
0.03325695999805974856223 0.03323308770050601573809 0.03285082598788798685652 0.03161922678304605882627 0.0324748002749189190741
0.03260101351976842087854 0.03138686479317728816874 0.03269575546586192538179 0.03180483251739647798662 0.03230541164197119063939
0.03182957898200039492664 0.03144532024865188263307 0.03140547309607551185184 0.03030565071442632707477 0.03265232742980289648571
0.032536355870108307764 0.03248340928113077619166 0.03211561479826183923558 0.03133848610469247564225 0.03148425812438786913772
0.03287770399440510110667 0.03159233524413892352234 0.03231123411937242978498 0.03204361451998354037851 0.03219865140637653833089
0.03117047451321952947212 0.03092541225903449111923 0.03129462993628479017261 0.03169294298547638277785 0.03186662174525461271868
0.03099600464361600832275 0.03189501512022278884029 0.03108302678881400687994 0.03164260768944640589417 0.0318871260278491691631
0.0325265455184778132236 0.03153414412933103899706 0.03138461333451401935601 0.03109741128763172934857 0.0331924418631835832505
0.03157016471604346535829 0.03170628658007663969176 0.03071221754494393371693 0.03153788807635834329224 0.03096097216756681091976
0.03169859041816253109047 0.03297254938518192485253 0.03129781269199591320351 0.0308852048233069186034 0.03189989518609963325968
0.03170230249631402624777 0.03028060535546079484748 0.03005047032082092811622 0.03048514478625565654601 0.03200562267138876149097
0.03234067248026713248255 0.03161404073807944081764 0.02990115441139841456764 0.03174574319562381563564 0.03210114215533740184005
0.03137781908719717433032 0.03148623124457482214122 0.03091103866041161260525 0.02991852636660604497498 0.03206179380268462525416
0.03088364649345882659293 0.0315765033013654175531 0.03146426012082767509348 0.03048898904395739087314 0.03156542818475677192325
0.03119768966943984103701 0.03185507533156450160616 0.03069462430814526299194 0.03218484602469694200177 0.03194537206746830837467
0.03103120354645966944007 0.03067846467742866775619 0.03174886823954389120095 0.03256897123051077924671 0.03118294340634250247368
0.03145947839942391660584 0.03021221812198339809474 0.03229725303410720810282 0.03131825269449706877767 0.03044081690657419667079
0.0312585124918230358726 0.03097485230993008223366 0.03134183126740237163022 0.03058504463964746566962 0.03082724849368731825927
0.03099630094067670760261 0.03167762946667204010387 0.03007748379291946480563 0.03058593243045904311317 0.02901526849521240611351
0.0315473554504761000139 0.03046458093075871120803 0.03088630653976104714631 0.03007898514358809879954 0.03066297628961010129922
0.03113933006717652801632 0.03034833677209609198444 0.03033462269974605135525 0.03009530529983102734026 0.02966844432651314505955
0.03205629247944372789414 0.02948110665844648134448 0.03059667523456697721396 0.0305922718853372695158 0.02948580064494105840156
0.03036746638660836605794 0.03075308635840345861112 0.02973687423064286586283 0.0314201180859206841145 0.03089716482774751415974
0.03010924281841829974748 0.03026705718559585811533 0.03023652036455507646773 0.03088345723249499505392 0.03192579261918342820037
0.03104567011492095907066 0.02924439585332205479573 0.03096980817579825240315 0.03130946024054093168587 0.03056181468704393180968
0.03062674224463513700245 0.03020928912542159006094 0.03095743953085152919136 0.03009359349332167352098 0.03002368393229690873847
0.02973316437911465576205 0.03178227451688381277606 0.03176142620254028547944 0.0303676425687958717603 0.03098240035492441299403
0.0293942188341318709488 0.03055754833638687356645 0.03055598367020058783727 0.03016368518856688690777 0.03015834576541798553451
0.02992639890560619062021 0.03033787339977990840656 0.03136893587494443691455 0.02972001644231028055776 0.03135550143728302319168
0.03125380971036081229064 0.03095154945558872480738 0.03029886445591479723904 0.030145436895466216215 0.0306832400264117031996
0.03014117087360447533317 0.03017600861310714907559 0.02995534983924048877402 0.03085263499389574726184 0.03121321081808051817186
0.02789091854930919947564 0.03038853629055084104582 0.03102348972397676873936 0.02964116642759099737314 0.02936411903523884758815
0.03045014163411729340991 0.03027361682166223796897 0.02922542661561458587904 0.02930125003429391583598 0.03091712273155674747804
0.03052101119604316847855 0.03032229257934341420944 0.03032756024993562074532 0.03139856029140473958616 0.02999589766101202689685
0.02953263019507360379046 0.02834032852708798580488 0.02970280754703816944451 0.02901694548789789801502 0.02847495336261040080328
0.02998712211268029365074 0.02977588839223483177521 0.02963112983521650964369 0.02894058132840717986745 0.02887166382956192142717
0.03000235584013346418208 0.02897077735540572879236 0.02944840317477175062333 0.02899170868159894540184 0.02976973149368704329998
0.03056895157798069501132 0.02785968845031877236251 0.02810708831790756020985 0.03030276916533941600207 0.02947314693627096221507
0.02893278967583870139868 0.02853812459056521283474 0.02924793545591371224379 0.02851484778034422615245 0.0287827815178037689503
0.02978636165183057640804 0.02930206298596539291057 0.02966973357299229618889 0.02907075814355714049597 0.02794296592810234514115
0.03034567041756561570076 0.02923909685493030277681 0.02971850691519592468914 0.02957029191172235241258 0.02896676428279871748361
0.02971329182645553179665 0.02915178137991603080081 0.02987404917174147148118 0.03047907850789955200299 0.03000920795493179291102
0.02962646042936858958861 0.0297780758443498792809 0.02957131171060712812593 0.02872054942840461533304
