NaN NaN NaN NaN NaN
NaN NaN NaN NaN 5.020493706618776030837
5.05440900010781302143 4.929581918567222054151 4.928361966008610650647 4.980249133933183358636 4.923118971287411049786
4.899888896253421499694 4.976178322414004817631 4.936949412728220742963 4.930524512127303360387 5.064569420743628924697
4.878487441949066472091 4.868201277579265351392 4.995088077885409205692 4.89719828816764302104 4.874172637369016847231
4.85290118083626076384 4.925483537992006333184 4.907797431267792553911 4.927193243809879774631 5.018951647330526455448
4.916872635340068242726 4.989603572855854096701 4.972019873337996109797 4.97624175547045677348 4.931640149244508997128
5.054234743890017256263 4.990940132376935345349 5.025904253845723701488 5.012542166503967777658 4.98979926044561583609
4.983236271512675230611 4.972447775728471519585 4.99958192280328095336 4.921607275636177725175 5.035419954928944008543
5.04184057504871230293 5.055210501555165159004 4.963465817201423213589 5.001017308193248744885 5.021882624275241013834
5.099918007253416263325 5.054796337777195169849 5.000992052508324015037 5.129598963860725113761 5.105992257377574894406
5.075953232259303504748 5.045207937832760336505 5.032759092009286838731 5.075516160029088119643 5.047261712143607859105
4.993055564716153860161 5.061732314364812523877 5.064990928505474165888 4.993045986906578193043 5.049507541761031781391
5.023116036906640324844 NaN NaN NaN NaN
NaN NaN NaN NaN NaN
NaN 5.009272573397784533711 4.924448114401461573664 4.883270040860750782485 4.893448404248834648911
4.807685419094687162556 4.827438665803230222195 4.856416503787369443046 4.81229371277212347735 4.871682709280439560473
4.799524022164296077619 4.80258924845301571338 4.760373151567751648372 4.875252199963821198025 4.867034775795357148809
4.872518571472265414002 4.859310605777249492121 4.854525405529434678442 4.897367668156535458479 4.960119959750194595927
4.820302849829672275916 4.905417443343932148991 4.905640932152985023151 4.950172283133190020976 4.976925488274470232852
4.984051561484651671208 4.934461759547350112598 4.877982079390895897575 4.934643821399758323309 4.946208342531968504829
4.885995135175844161779 4.894930725452002917564 4.916082697541241941508 4.976533733459259423171 4.947795830774933456553
4.970859739272711408375 4.943408326090907856099 4.985357719881498006487 5.00442827146714375175 5.03591030262024741404
5.017381208196265873767 5.110155344561453816254 5.146823838050297084123 5.024069582110125331553 5.039574544790140997463
5.034179719681022291411 5.037110161558771004309 5.010890064246016351035 4.985669757475652552614 4.959198567412521185815
4.916263087476099080675 4.962377356788769233731 4.979148039035321104961 5.000317269331366887286 5.029434950569913631568
5.054219277420667566503 NaN NaN NaN NaN
NaN NaN NaN NaN NaN
NaN 4.862002755951163379677 4.878424682228272857287 4.919453008669069760117 4.927373206610731415367
4.900797467282357544605 4.996309851796948642288 4.958370732649242995649 5.016492239705478972667 4.954110431131701020036
4.975151926319586692671 4.896861387862052161779 4.862731825162254217787 4.89080800059654219325 4.934127951967371750186
4.918877828291087439538 4.975971262102765635404 4.966535868705457268391 5.073535353317587315303 5.009201971137544617818
4.933766628673390997051 4.94725440225443957587 5.006494067145679238706 4.975135336679122666226 4.997873081436280173762
5.020131455351309668345 4.887222513535433243703 4.911808933985971847846 4.898565503090872574887 4.837022115994973781028
4.872862604969693478552 4.88412013876475015195 4.855037240047149538213 4.848554275062535445784 4.851530467411961033974
4.859798155223581161977 4.855335004950751986996 4.84849500240300734788 4.853808162878006093877 4.854136969627865560994
4.82862272767701750098 4.829221527907238353805 4.879188048724674153789 4.860866904073087191307 4.821672486199646279204
4.833789933052790921408 4.980271648625207880912 4.980286529538405559947 4.903533371097684501194 4.949925900961543057122
4.961398549815832836885 4.948255589438750767783 4.957501248595408860353 4.978958971607006844806 4.92831696117799822332
4.935081134686711834547 5.019630944469369637773 4.99828063286893797823 NaN NaN
NaN NaN NaN NaN NaN
NaN NaN NaN 4.879138346863898689776 4.856077730118140145521
4.889592668735664560131 4.924339525253107474612 4.935026170168278270012 4.84813112597131290471 4.925624802491379128355
4.972115151451220960155 4.872427903281008276792 4.845982542851962726616 4.873178120729959594826 4.87402722813429445381
4.875840304791650758887 4.925409817722983696342 4.853988545769160722898 5.000867748965363901448 4.954071206187923515074
4.961835607955603855146 5.051587521496744059846 4.978062445968779670125 5.013877271234374433106 5.082586484994222608691
4.965425296527664400514 4.975972762305839403041 4.891907152993664631424 4.903822990978326856748 4.909962740332274755417
4.976753587230434483502 4.857430052946249965373 4.836556475579367742057 4.87284128560689300258 4.918846731303323061013
4.941129034142136333685 4.901229664868790969479 4.886984271159132475759 4.877533279018582135222 4.888151671374012963156
4.843350085480698119511 4.97169686673983690639 4.817005791090919863962 4.863521760997080001232 4.869885980122036883699
4.854613229626031589703 4.852210706417709573657 4.841358989029595605302 4.836581908572636478993 4.876921419279614866582
4.837631948093417122436 4.854936495972596688375 4.94055952017731048187 4.990094653709648220286 4.954792015371744184904
4.882414391266546971337 4.939706898486184272201 NaN NaN NaN
NaN NaN NaN NaN NaN
NaN NaN 4.96880842073764039668 4.951830504208875716188 4.899412879491108263608
4.835943401644112960014 4.895264926043021880275 4.875893502952524549698 4.83650025662507943025 5.017981973560000419354
4.92139594392225721009 4.934941905613981383283 4.925514892931460941838 5.020191043517509221772 4.941960540191046469261
4.840206171401395529585 4.884648474668820128386 4.925147043562035698017 4.906517664265488853914 4.972857754550719988629
4.972450889953472952243 4.953992382454883269816 4.991969147937504125423 4.9876413138717978768 4.990593534004667652937
4.931128300925772478536 4.998632783779021870885 4.879488479939843692534 4.91580835233006308016 4.993320901048669213651
4.85275712580973195287 4.963260380974115371089 4.93344020038677211204 4.932859504610449974393 4.961626332873371403309
5.002327418896974187135 5.076134012079693391684 4.977006939155998566093 4.924953728344448222742 5.07077889675729487351
5.008435465304317268931 5.055835840579249840232 5.067815942419042762879 5.036864036242239883734 4.991834318609204679262
4.975181525694471140753 4.96024480328415418029 4.981396345868103203713 4.962198697144674319759 5.068916498298304595949
4.939411423430194680861 5.002401719178744876615 4.992816829111784926454 5.0086118373754082711 4.972869810545855528972
5.057206902280470650624 4.928489104584794056052 4.944879229612956450524 5.053869062380973886661 NaN
NaN NaN NaN NaN NaN
NaN NaN NaN NaN 4.971551360473721814515
5.023744083385526693064 4.984291174482258668377 4.990376827362201339611 4.890610228954582083816 4.985822502529655864123
4.979013546720985061711 4.973451134902312276154 4.952237233633463908689 4.90928793304727495439 4.984208560662682252485
5.041679194169067734776 4.861634669252427265462 4.952171657553473771429 4.932411494464866485998 4.9600742023414934323
4.977780751266599246208 5.037172877367233070345 4.932184203052835336223 5.012390657449786957045 5.143398867589561440639
4.970429431715995605146 5.084250205149299262075 5.083482891140564952082 5.027690672076272626612 4.957711322138848686336
4.846814980397224026376 5.033728911919671311637 4.981847945012200185033 5.136506405217115656114 5.110506386933070466227
5.092713501805801179501 4.905662359608979450343 4.904101849810543534147 4.957916173347638455482 4.96838913027221540375
5.041681189880587332652 5.087304044787703816155 5.043117513336894397469 4.984715159003616058442 5.009528755825001233859
5.121487032620858137477 5.0926584598839106377 5.031785745529095521533 4.963401094095791776795 5.007642210863916254482
4.999006083793601007415 4.952657284426360106977 5.111133202749902793016 5.023963533550181104204 5.017423678986966173454
5.046723202148029940872 5.0503148034816609524 5.046135986349518987026 5.155939890150748716735 5.040737717668663186998
5.050545557630534254656 NaN NaN NaN NaN
NaN NaN NaN NaN NaN
NaN 4.930541935230151828762 4.929468311276929526343 4.955426497257922058282 4.930546979457965939275
5.037184244080541439814 4.942783121183418337807 5.017504235478909890844 5.011843788290346601855 5.025248601367215961488
4.992481628224507694824 4.984479621066285837117 5.022391055948969729172 5.03126620556919590399 5.014842991091319923669
5.017969924034833439919 4.941257696215350492253 4.948658595256502756854 4.940433889107723963718 4.970277221134723255602
4.96460320743991179171 4.988139248125679436896 4.989091541946234720228 4.985361744288385743573 5.061601937592887345829
4.990818687537648123964 5.024954094738365739659 4.97813069316601986003 4.952324770484674232307 4.997133429050664155113
4.966564521066396231674 5.031080892398625437067 4.987662935707009026487 4.877708351051288637734 4.951643826486706423395
4.990910818353548883408 4.939414144796042016594 4.964932665837938685627 4.941414000274167328541 4.892672683846771342075
4.992330832235291282473 5.007077016086356024971 5.0282987561885050809 4.963074939489199088882 4.969866201579998588045
4.983129995459742112018 4.977724283630980295356 4.903564878801608628578 4.916394044660171047667 4.882440687188025485455
4.958770803635917268082 5.032974565931668031737 5.024101577233095028419 5.019008021841302458199 5.032401155097362632773
5.050067625588887665344 5.000214723795929572248 4.938091154278451355708 NaN NaN
NaN NaN NaN NaN NaN
NaN NaN NaN 4.922930223239203151309 4.926769773386853401576
4.984797171362009393647 4.840777949370528965289 5.020010181822667227891 5.00799110169587002872 5.050892692376048209724
5.033129773829241315752 5.001532147641676750993 4.980796112214576076838 4.995063569260271840733 4.974078273347002365767
4.89790252685481508621 5.086834598478359836804 5.062247438351331396689 4.961687502585332865124 5.084215377168029625921
5.057388587238137667157 5.121849829492758132687 5.08476093939388729126 5.037706950934100369466 5.081606239018325865686
5.016807200999167548616 5.116925711044911118108 5.104746366598295281847 5.098355293111143105023 5.111458950746451179725
5.059734638971917775052 4.932246536139579085045 5.05961365644679350595 4.994352976981570435555 5.054722879300030058403
5.048220416595526671699 5.038721324547907443048 5.038011130380673385787 5.046340247980639404091 4.986645180661074761019
4.987703625964805986825 5.066662177131354916071 5.045685828993535793074 5.040556641544871929739 5.074109604706640297422
5.066627459793846099956 5.097363606106206646018 5.037601619088398763324 5.076375599013747574872 5.029014021274059054178
5.130135599245762456633 5.020251875120909090811 5.082483639161590183164 5.029998294535340086497 4.9737991930058065293
5.065097349053139019759 NaN NaN NaN NaN
NaN NaN NaN NaN NaN
NaN 5.050015311325243949625 5.007397579187321312588 5.020541006504343428674 5.01013572472788215606
5.006744372624670091909 5.024240065244566899594 4.976458263676285298516 5.015871378829570126356 4.883326382481548932901
4.983277736533385571249 5.07656709174664033668 4.966861624450853440749 5.040620408598821988733 5.020747688911028738801
4.948717238264137563419 4.919516446434656131714 4.881352821303176270362 4.981098431579449758999 5.004405774080085578248
5.052472312597272363632 4.972875940085700996462 4.947097489028923433807 4.921437472430712389837 5.004597526275172292287
4.991605381884808956272 5.069986764762933084683 5.003157896331003939849 4.98031197551013171676 4.941437971399913919868
5.023448642205228686919 5.010904889163146691544 4.94268713780182533668 5.047938773604698781128 4.934489840909879632136
4.968385303408932252012 5.170165370744419064408 4.937354029370058405846 4.930717611832617031098 5.04765198019732519441
5.055935238063324455027 5.0268205317545158195 5.000659414000343971907 4.994865500355675891342 4.949864596914300918229
4.933661126394680351837 4.92852008019626985913 5.014643850336857333616 4.98146106305455216301 4.972850364352529695111
5.102454381568469088393 4.969156152547849814027 5.006936297940026925346 5.029920493399436587367 5.010210238292548190486
4.966259286803459183091 4.998775331762026041815 4.987929211136080454025 NaN NaN
NaN NaN NaN NaN NaN
NaN NaN NaN 4.995362575567101615093 4.990509993776337971383
4.985957619092787673765 4.985331982458017563431 5.011425631115681511574 5.000136951812943486573 4.979857253207969236541
4.964390047063632849245 4.960520525580941253452 4.938804882575817956081 4.930868701101986495416 4.933683218160396677376
4.92728821279888951068 4.91127869814518991376 4.973383189385523373005 4.846192067099749145598 4.980974897441813098453
4.967822228781558102639 4.885334114765274904357 4.943302889135071431781 4.879397878581636760487 4.848224954339636738609
4.948017694825515455648 4.955717380410566086368 4.875798907856132125005 4.955734374117938934035 4.874101106938319993844
4.954019326222392827219 4.952818796864419503834 4.987306777108907240859 5.043341151518142773114 4.953260893110742024703
4.951748534491122732959 5.04695225751102505285 4.938719844925983259998 4.92906067240133438645 4.964407157472508380636
4.935450043425400501462 5.00725502475140071823 4.966823647984340617256 4.912580607075622829427 4.961162499234650802293
4.972350172330741280291 5.014328585595898779559 4.965681871787908541194 5.037339089263535463203 5.044310440091248182171
5.054257020267395539292 4.969706470955318700078 4.938033841258951284203 4.957950857948745237991 4.985714898395194438763
4.935003954693121919206 4.963963471750447276065 5.025631775132511691595 4.979007768431999991776 4.910406029990864951174
NaN NaN NaN NaN NaN
NaN NaN NaN NaN NaN
4.746855260091461303773 4.754199133927058618099 4.740493779975667010262 4.772500825064533991338 4.75106019843477689335
4.784910077401792527496 4.804478755450504401381 4.814923325781549579006 4.820704274725914117994 4.822866951820236280923
4.82676616706288097447 4.800329815658613163976 4.819868158850188599729 4.817927670284057661831 4.888278215063935228102
4.854272167441188834403 4.878926336185071654938 4.842782435187957368328 4.863476263917640096679 4.917012839061675855135
4.989916716609926083947 4.98461116888079125431 4.984590993788049928526 4.983294941972811642472 4.979537829581084373842
4.997283095969721422591 5.008128933430271878535 4.987843889550843456959 4.960933829914340620348 4.931310324963037672319
4.933700549295478410272 4.927323761416258385282 4.936306660652471478556 5.0060605533774458209 4.940639397649436936888
4.967964074957095910179 4.926998698604872828355 4.987727452352245016698 4.885586595085404049144 4.890846909456667113147
4.918755324459353595046 4.858337103631654940727 4.850107426615746675225 4.9261188552604187052 4.993546741981230496776
4.934863151687682858437 4.926339772835870434164 4.959058883605149681273 4.973047371004912342585 4.951353857584890327814
4.914450278265608318407 4.995897463425755802291 5.000160779979176517429 5.085632841146569660395 5.083401057646310228222
NaN NaN NaN NaN NaN
NaN NaN NaN NaN NaN
4.9900641668633900494 4.899267831897839542421 4.918755916201413391775 5.019875303889381967792 4.948559459571232110875
4.944454670567676402015 5.040040892211201217776 5.006630148093770493745 4.947978077722593681642 5.067077818719654125346
4.919091500971232377992 4.939923801186916207939 4.93898086557613691383 4.89926613700616719882 4.877745418835151447468
4.901555634568694586051 5.047654330945783307527 5.022293828430738571456 4.996666475787837846667 5.001461867627704727113
5.037441142781924341421 4.98691118665013100042 4.987068609715664457838 4.973386374826023192952 5.021511126864927732072
5.073853495054322593205 5.026652532996805256005 5.070043386621814640591 5.030929969579764460264 5.019609589709571828564
5.127571471056506346997 4.987583636482949778213 5.010212207319986177367 5.168488270737323198034 5.053204557552335884907
4.978715900876863997837 5.065270908999395693684 5.121738221106638455637 5.145841888253371188 5.120646792241648981303
5.085794592330302954508 NaN NaN NaN NaN
NaN NaN NaN NaN NaN
NaN NaN NaN NaN NaN
NaN
