0.0545441317039585607529 -0.2160255891755617219108 0.4508700527422802029065 0.256981775339075513287 0.05531723740469110528473
0.3371421535538207114868 0.4237129574105291118791 0.3609126944000433656612 0.3409079095840675810436 -0.1051343277380795554476
0.397971053706317190457 0.3533119419981331499336 0.4481015670071797352136 0.3688239579324575911912 0.3108312262961787642013
0.3329099116336372010672 0.3444430459461982896308 0.4567625494445577416514 0.3307561171713270242734 0.3983673491501691366068
0.3506816933451223916585 0.4012898010439564511209 0.402396814949125825045 0.2852000774647529546257 0.3210123567016493484338
0.3831546082156912502725 0.3440304466021469331771 0.4122265073243119304358 0.4023492953775262281901 0.4192923599290447889132
0.403134532487225527575 0.3844056245192999932137 0.3896895920821011882751 0.280074735633937477175 0.3409085326095216417208
0.3634611589885108351439 0.414613532561820929967 0.3392702654524319960672 0.3733621101181527901502 0.4148046861589506639767
0.4243037067759204417072 0.4388096775817494354932 0.3232014691044731713454 0.348850785524614070976 0.3582694647601255000247
0.3845509820741294659818 0.4003659169468943845871 0.3867827211441701718009 0.4133174466252264034338 0.4086741305806769197773
0.3887969490781282844161 0.4736815060588360770666 0.4051229338603000718066 0.3995509831488958107926 0.2114078596195490544751
0.386934856574586816258 0.4567293652192556119296 0.4869230691262583787804 0.4454755714801804655778 0.3884242187056585748905
0.3250878559940753032009 0.3436212442899292951459 0.409119348606645838462 0.3649776282869647836549 0.4453111306631490906582
0.4122044802012963526927 0.29194777392479132061 0.390840799792358695175 0.4223869355812183701282 0.3919357306822383035794
0.4434163169048638830638 0.3627814214904093170766 0.3813556966554076388398 0.4585424878462550091207 0.3845014592468581904328
0.4012222834377700553254 0.4550618009983045664235 0.4521967438453529108955 0.4156954697102934748187 0.4027011230835098598568
0.4498212799332639288963 0.3868052393707697711456 0.4196076816293876077246 0.4058207867048042594149 0.490947644208249656117
0.3077485796436127407638 0.4144171885952259715147 0.3828983148112556911258 0.3759432020267823859605 0.425531637022532882586
0.3347581572916630276993 0.4408471646839689506159 0.3888833573830042245056 0.4431988985918426937616 0.394519566936418319969
0.403955396906126806833 0.3934344934483786637713 0.3970467387782157797638 0.390035787758042373774 0.4782444638793644786645
0.4552802401006185162302 0.3925036675075427861081 0.4550028539735657684417 0.4298815929919565514972 0.4460391269792899349156
0.4597174786604948937274 0.4264649782437461289497 0.4569541399874889608945 0.4193816000229710350133 0.4282374136172133471945
0.4791226281395599140289 0.4312160965547887081506 0.4215847423126495852053 0.4780865888627244819631 0.4342167842278505385245
0.4220334562657510613093 0.4424283635782254031632 0.4280447594711466741124 0.4243640974301361445953 0.4507487952867187952499
0.3826030974402774287313 0.2900212663200844032119 0.437218617035188883424 0.4282461539279742712694 0.4702261310665503679651
0.4242353767275363618516 0.3939936985507039302057 0.4478679980272598504243 0.4212239505740993927851 0.4130803088984260074135
0.4251603413492190397527 0.3583967880678151085583 0.4412031734235701829761 0.4280219265134023731711 0.4499943349441605788819
0.4336790788629966142409 0.4546315976272626846466 0.4631162084572297277241 0.4489996788840864838654 0.4133107696627839056092
0.4368912109091844242492 0.4590815150644897979504 0.4159565978883516534914 0.4263015808000461537297 0.4229908041585972444665
0.4391000183561095671081 0.4524700582332895626436 0.4902649986824489936055 0.4461768566911376576734 0.4668461392189464098657
0.433737118180102187992 0.475003717868266839286 0.4267318722966135235986 0.4180669650789762270549 0.4854028138108104073467
0.4622252264743256788826 0.4581313345097729472499 0.3888845304468643293561 0.4611551931291217876208 0.430997038451618130761
0.4824898481915899650652 0.3936980484927923851224 0.4424709331962194958088 0.4661525776234007323318 0.4590621899428551366817
0.4505056570060835263725 0.4363145983473623590321 0.4491528452419650818683 0.3703881949859764155519 0.4313561498626041768034
0.4381778300150963034731 0.4161920966929086307395 0.444967421226438231141 0.4927046286524924822992 0.4454811971065703590789
0.4439640154511752534461 0.4891117143197243333219 0.4190108963833896194018 0.4365221779449771077886 0.4367792528409311092474
0.387323609176608241178 0.4676285772577156718555 0.4831608008115877428423 0.4313479951503783049738 0.4594450893912245814654
0.48536541307275360424 0.4626828604541325939969 0.3847841599976417059636 0.4685099962598935907643 0.4492060018123443798643
0.4290479570862580915858 0.4420898563128591307603 0.4546292268330240360363 0.454198733613326632863 0.4277993299461661513838
0.4650072304413508939014 0.4337585108939693290253 0.3769081428615463913445 0.4316876078580163533793 0.4202311673008750081415
0.4661363835996127358285 0.4265466322859672865242 0.4418503779487404914406 0.4746653185480402270535 0.4468747834850617106639
0.4444696324216388383377 0.4194250667664847220806 0.4645048423403187465297 0.4320222846653992143651 0.4622787077933074306735
0.4358613503047392701006 0.4271104739823242679719 0.4427120824649126706873 0.4452533441874602648802 0.454227156316702129768
0.4597385451715305659803 0.4598110071532134912609 0.4286309614670686385374 0.4379780768295771231635 0.4374812785143892268636
0.4766526721548757228319 0.4681473107374441444684 0.472968958635843150784 0.4331436978767298495718 0.4552778468671604406026
0.4660849879773651949222 0.4330673661357789527848 0.4644807801717926731833 0.4544101751891697071883 0.4442560853196905190643
0.4539360848830949479726 0.4457837871936898288538 0.4673435751362643442164 0.412718015659348791413 0.4659648834059403887942
0.4377584166067410298417 0.4508368893959640022473 0.4135466760339930325507 0.4673653433667605550106 0.4691063203270948167578
0.4245320611749774375454 0.4491470985643532531917 0.4677257714642178987319 0.419295001473841411066 0.4474612819831387255931
0.4802532659009657312055 0.4242347979115845824083 0.4887024776198849451703 0.4724368289348433447294 0.4982317211874898732482
0.4346046542420813896257 0.4936561493972079772696 0.4550398377312212527812 0.4755275277481632034693 0.4729003950361862496088
0.4615114201052238351863 0.4403961113143070593701 0.4624838292673673634248 0.4435449588424111855289 0.4664010127890360069003
0.445933720559396007399 0.4649147341185647097639 0.494959711082921138825 0.4372728013501535615504 0.3958406796358680534986
0.4550248129666004670568 0.4352034720805978973424 0.4550645170100625636067 0.4637450221465262978349 0.4854945873165413261496
0.4559984299294477239073 0.4396960294551081060987 0.4502053311327814388854 0.4222096413984435803179 0.4437782117128798997641
0.4206168765065388948088 0.4629494293498977453005 0.4197245148946649462296 0.467504836810255175461 0.4518193677991346746126
0.4578974373989752599812 0.4376466390818469220925 0.4359071562952093192855 0.412553336221212985091 0.4857003076813481423635
0.4166366830070247773143 0.4108088208811681019128 0.4746440721659582751002 0.4589711058522661368819 0.4454135907647301384493
0.4710214318291810475792 0.5068486175871008692084 0.4634965555374602752536 0.4161232486209018865964 0.4540953280609150710667
0.471387715882730151673 0.4287793795029856691592 0.4839471204006224880345 0.5023728916165917102177 0.4691099457743501122131
0.4341598712759322520327 0.431225784548532498075 0.4459571709329296917979 0.4815652473396414001705 0.4712696795800584981251
0.4910532126909176176 0.4371851241139609878239 0.37861774463961744841 0.4405813744128250220022 0.4388570570531682979443
0.4416346553397869079127 0.4749022082998431981693 0.4781013210405005708914 0.4482228004563880707778 0.4364385277061010870447
0.4272649352371080122559 0.4865472395778681624634 0.4783575531710496098192 0.4671820431141851526213 0.4308797227164674614741
0.4463754860158781756496 0.4082399812037618702654 0.4336017890329262880478 0.4721378496157351278839 0.4302113186318663462515
0.4365195207659840481718 0.4804811903433114372852 0.413503077875899904825 0.455402226155459055601 0.4913682153871363755826
0.4607425275312250212423 0.4712644293867113698404 0.4367929077186228914442 0.4562932658952233988536 0.4553907242595761073467
0.4647841009785887989025 0.4588257691280206440609 0.4287930859438361941294 0.4473444198206662503203 0.4507841261539574095885
0.4417728659838810467697 0.4837347022042623456706 0.4784672494879736448503 0.4678749594974115910695 0.4851579027417783906984
0.4915308157274007605508 0.4687625626708713522106 0.4945549033129210125814 0.4218798908174051232045 0.4912070166667752979528
0.470165977456649786248 0.3890338620702434857535 0.4941374656043624469248 0.4652477595027054158017 0.4534652320014890269917
0.4522014827656951618806 0.4525875697286600995994 0.4591187315855362882644 0.4698233195979055198954 0.467976395179008908265
0.4377589981968237342613 0.4369423723468425779792 0.4726216306596652261263 0.4526426792303501200898 0.4536191663176312727224
0.4605672900166872252292 0.4362025027353620409976 0.4592725825396781202947 0.4469387505311530617291 0.4708631174231073246439
0.4804771518317528800068 0.4923453002623777163826 0.4325837862787323961911 0.4342715677387493644623 0.4577768683313262476631
0.4538896502639645502697 0.4741272604229611609128 0.4530650043743970067922 0.5012561489020164184893 0.4852482435670067428823
0.4660042411040118404131 0.4115498979118081268602 0.4823050224013259446032 0.4729595623921667435496 0.4193338398614120943186
0.4595612663427006139294 0.4811604252562892147793 0.4714356443961903453399 0.4319061378638417991738 0.4890332196751955851077
0.4482202026526513893856 0.4682305558721509552988 0.4697315895628423887409 0.4484770671532954389171 0.4415275984938521469658
0.4513153908818909876288 0.5035625133107146655931 0.481565249327184530248 0.4608273341631659580919 0.5176484679928299303953
0.4934520620235989807334 0.4654055163086612267875 0.4195999661968352056896 0.439740953382596944099 0.4537816436966011224285
0.4455885822009557073464 0.4578532100111599723036 0.4237541886128126655819 0.4765390091118896220834 0.4711522737166758956207
0.4607176372988860402202 0.4763898000276678423859 0.4754341710506778118095 0.4239423323145347088925 0.4978399824367942816394
0.4514698632016209134399 0.4826833049714402967822 0.450063162242957282011 0.4946357290434974518512 0.4527286680572203958484
0.4409219429155470937332 0.4852841320674114999889 0.5040669156147353779929 0.4919573746532381885999 0.469347662427308853772
0.439747877958806931975 0.5034000017280081396009 0.4620438996228489192397 0.4634627266524495303734 0.4456793603948063231535
0.473138111248160908584 0.4517469082536992308619 0.4537088026324177514326 0.4906103221371394540462 0.4751315732636468558425
0.4822085277480471776634 0.4548102768566451015175 0.4326870833721827014351 0.4609953106858062366058 0.4914889269103452362764
0.5088398259783614152596 0.4360378055734526747678 0.467545786701370535976 0.50363306926284578946 0.4183275307764848238712
0.4939577544272732434472 0.4804798076334236833773 0.4898111836577345723498 0.4329999670620880980465 0.4544298998554565649499
0.4486563665514394783074 0.4576918914342784083793 0.4366759332280205629928 0.469585565644599134405 0.4454333465306548056617
0.445454552126025804526 0.4365603383643720247775 0.4431738878085113020333 0.461193371057249723588 0.4564975910034045902819
0.4663125068258199834581 0.4525429140115924675491 0.4200985088130839706366 0.4549650308244549412606 0.4731969425416427954545
0.4570750769812234048928 0.4842537759327845692248 0.4612402566230726086438 0.4248433802185425101072 0.4713142836457236972691
0.45576633965583790431 0.4652463805319465017796 0.4796128666347281854776 0.4558808249082340613434 0.4862796363008698441455
0.475100220404868600621 0.436355150900608279585 0.4564151095877151953495 0.468220039763221518303 0.430374129870526145325
0.4738567860998464387201 0.4448593106796127627511 0.4625635313077310351026 0.4843229414104255892148 0.4536798198533963377699
0.4760948153962348827761 0.4461737092812865235203 0.4687146046336873594917 0.471937071610675773492 0.4684865737042184785643
0.4519259040709843744388 0.4471226311522031870993 0.5010563726277608154192 0.510753779262988261145 0.4996620066365439205569
0.4360587364266512166999 0.4450936847532822038254 0.4556797946235042195973 0.4570555728567231579262 0.4882947861310008574875
0.4670010508836368590124 0.4617235387512038657931 0.4616577872634929358142 0.452928377774352131091 0.4825669042295235855455
0.4824639395570450850492 0.4804211206858917115881 0.4532321666778590385505 0.4439658312444595411606 0.4536284976287900949643
0.4539819257562142662543 0.4692792418773450990876 0.4863411261888279657484 0.4493552916264665353374 0.4392953532070993372116
0.4714238019198712659197 0.4518899041513511627421 0.4656573996466493170487 0.4695070819363378888944 0.4761168700561765887436
0.4576937645507736518447 0.4679776258781281894628 0.4745905292200188752005 0.4783112744192516418984 0.4673830573414878841731
0.4531903427662308248003 0.4550873335357928373135 0.4535816473157238126745 0.4749608792582774019486 0.4260944366235147051647
0.4722570761177901643713 0.4650366622943354344422 0.4469077893525376654615 0.5023958047188813447193 0.4640196100612685170539
0.4856284145078552660912 0.4237765925460174054606 0.4481390719610068296141 0.4641597785911801277159 0.4750874121819481654683
0.4721812576830339835965 0.4589325414490701415815 0.4964685035134903112741 0.4442465628380218300997 0.4544031815378636873781
0.4598788412380310219874 0.4688232714213829699368 0.4417706531038266271061 0.4606214213026947890128 0.4698742214770059155704
0.505915029049845310638 0.49329839722756402276 0.4707345456680164796914 0.4709884269401725109816 0.4617980414619590190384
0.4368090507801618005423 0.4344995926177808165392 0.4781517784541268190068 0.450514460297772867392 0.4812925125452987562547
0.4645426359802768967455 0.4699184743572819566992 0.4551933056437880709133 0.4721940166789554416127 0.3951722000425765268794
0.4717593180529626173403 0.4303581443563287423082 0.4964122564820073746361 0.4475176571192280849942 0.4428048625575252139619
0.4683136161927263230176 0.4973409433188552553062 0.4573014943975149959599 0.4826393407775096955348 0.4583148026682092868178
0.4593953990692790645411 0.4641185087276096798981 0.451433689165494922424 0.4573997520150789308779 0.4677887972614719336306
0.4539793776265215741184 0.4979337988827297056815 0.4874562689031396445216 0.4440763395700228488572 0.4533877910366898578154
0.4899708121601430987901 0.4806032309366380927962 0.4568228547952065676796 0.4699541887084942581865 0.4430335175927193058776
0.4431358737208748732606 0.4227608107340541376828 0.4571105347373147775869 0.4869538326673931716293 0.4669056672222087200907
0.4736215046858428534549 0.4549457867914351583138 0.4619716596040516209953 0.4705631479260747873639 0.4788498122654186728298
0.4569063412074600427637 0.4522728098911749650135 0.4658669115401860016945 0.4530278131828092136324 0.4528715346769718874675
0.4645946987153476426258 0.4547256676293747190698 0.4534358685142981792993 0.4670990149365004118209 0.480402746313506101572
0.424170243926403900403 0.4471455043542159613068 0.4819882768907207126752 0.447668307890872252397 0.4141316877396820084201
0.481608495304043482399 0.4661168754887006770993 0.4728531784692586170671 0.4639574133178002157685 0.449012510336294523583
0.468225552873193617831 0.4573216683125230219709 0.4770004630604931517013 0.4536912538806603389929 0.4528317977294820106948
0.4551091850690464069018 0.4632176751429638583701 0.5076991938113691871237 0.4761597302103390827455 0.4812352997728236991826
0.4517603706038029187653 0.4659313762526415825249 0.4539253994067812825186 0.4466413076263189285697 0.4546203971337011706666
0.5155987905769549017876 0.4686956629005717411829 0.4568128145970442588464 0.4201785766946442568504 0.4493795147569238923602
0.4836875431646522893736 0.4922948699460277244278 0.4401901497161542220482 0.4822706203078561126851 0.4921318259250044846453
0.4285105171001569179801 0.4587427708750918542435 0.4765712437544926682875 0.480923495338224815665 0.4539883745812828830246
0.4285239072988971109623 0.4598447170544793793923 0.2075583788006123420189 -0.01763171932333467209486 0.3218805736489587232541
0.4254198413070484074971 0.3395963341626191400735 0.4102326126368687209123 0.4285706007360233771308 0.446870215510135004866
0.3154858925023196758453 0.3476035405825885216125 0.3841105981422910375933 0.1339224075149381409933 0.3314290858399463468587
0.4635823645426700445604 0.3136061412521577440593 0.4641113001659263326282 0.1487318035551659645144 0.2986577382390491197661
0.4032267028480497339515 0.4319022674278477635923 0.4559602319328209807381 0.3269957703689835293304 0.4492298121821284295763
0.402656141324711724927 0.3994039904517230343828 0.4405218310319374830364 0.3237803536420493788484 0.3907522000640305526176
0.3678105863794037255765 0.3842141808796937230142 0.3395595444376388050145 0.3393394970946915223386 0.3289862654064135694121
0.3538570421858651671165 0.3985868213411070670738 0.3932418633247644623729 0.2676728933439111446368 0.3843109676648391870302
0.4156858352927191302406 0.3845220584944383235282 0.2357171744323747486494 0.4051091337405929859727 0.4419547168573749740261
0.3379563034029082202458 0.3982760009639236820078 0.4280373489619233584591 0.3804245191674296422413 0.4736415575446873971188
0.4023524741561009254731 0.4074505954400269858162 0.4200909200607583215969 0.4753581977909359657097 0.4764585208579223407632
0.4064041515948033089778 0.3648185780176228520943 0.3948960947679365784957 0.4279735501678955111871 0.3971713750725011093934
0.4264546089566967346229 0.3042751729278143635327 0.430908360632013098801 0.463094498310576807576 0.4838303328981440887269
0.3691520440665173041772 0.3722507480033216964443 0.4409409900686939720593 0.3837989756597192103627 0.4004431721405583011197
0.4445813736415794026335 0.4538199094389039900399 0.3636918368956723601748 0.471396876978182721718 0.4661862228623044890341
0.4075161481644550276471 0.4467444219331411781049 0.438453430770716079401 0.4125662719328009875319 0.4231506451586957706645
0.4047382352712521891291 0.3975764760007033382649 0.4631574121333996707506 0.3469263920660519695538 0.4284403439575907857062
0.4050958518449848666521 0.4324700440549475444207 0.4358847983500064304785 0.3945344026501330647605 0.4206871036835599375614
0.4005159521249908594065 0.3767090273613730722069 0.403233651105145363136 0.3557764329309558437586 0.4070516963640223861987
0.4865487421824342129106 0.4075345730258328469375 0.4261426934009834299744 0.4092006225349191783636 0.3578660097021213459811
0.4736857538262357891767 0.4274717266681449800991 0.4482951338960660669919 0.3876726264199364391239 0.4838811759912899357339
0.4735628687501474698429 0.3944998193966243182906 0.3945818326614822235676 0.3562731357973754620083 0.3935916654887093302229
0.4381729111689318112433 0.4892247636718157211 0.43684108832827012181 0.4902700737904251426791 0.4641149039529655073721
0.4102483830315357127283 0.435288125916636070567 0.4489740025193941774795 0.5007596034146004626564 0.4515211039144478299967
0.4395528766261826425499 0.3902417459962958523612 0.4361516189982191371577 0.3950808138700824256873 0.3981763518955244718356
0.3784642134265147617178 0.4722499782642898824569 0.4511795445567847173685 0.4129334034746651727055 0.4439968478703638088412
0.445730158661186814939 0.4539476447314772511454 0.4130580608355697846967 0.4385016391095744592299 0.4439496032581459195043
0.413722236403403997862 0.4293031318802775775367 0.411675224954967167168 0.4224890825803924165882 0.4060449223782710004294
0.4076607894295150025243 0.5070197382005485753353 0.4329159044794193000882 0.4589515141612481308186 0.4291328083580904229066
0.4102600017616405136955 0.420679040614097055073 0.4585674278175848050942 0.3967784932727048130552 0.4401817607534285747839
0.4462765195372700444132 0.4188621200430501789747 0.4260883292623106610719 0.4397404709782981591104 0.480241914744136966231
0.3621981437395830893955 0.4226846894845195934387 0.4454101647626077520314 0.4684940975264486051621 0.4550653298238928057273
0.4811578868987497203946 0.4361055704238386288019 0.4914491086087485749445 0.4337476642798919201915 0.4125321856856781765899
0.4729537794268282580035 0.44826663210820022476 0.4684355627357014162371 0.4342680544582315227409 0.4238416047797774477424
0.4582934900241238396212 0.4535035026625164333858 0.4429698564123994986019 0.4529809942274734546608 0.4230721505616967803576
0.4434322641932254560615 0.4807654597335613844145 0.5235215648471096550054 0.4112533879466360176025 0.4541010419758386706945
0.4319654941887040577875 0.452579351902357207571 0.4538628433438937070932 0.4321942171571787616458 0.4310533450875655425705
0.4472141161136090614647 0.4358794535719614504643 0.4424015748329336306099 0.4482022801240901355158 0.4157742371091914246328
0.445738475705381054226 0.4806582096945526405563 0.4471793610454715683922 0.4382880409948340938442 0.4591660992549634889848
0.4569350018359141230029 0.4889500844175020954907 0.4623067557390669879425 0.4627185275521275564792 0.4299390524475789066017
0.4482140838593857701255 0.4134428570008505943179 0.4257038202275581495471 0.4893478761085061079505 0.4021253514053052535715
0.4456600005169811251626 0.4521709853556886704595 0.4696290513343022721138 0.3822577730020386144183 0.4660670946557503024898
0.5018221888529849072924 0.439869406432231713211 0.4427094082338658420639 0.4585508423424361490461 0.4445358239372898534469
0.4621085930265274588358 0.4480361636772012268182 0.3944907029693310307472 0.4057219267244814298046 0.4901528725025933730386
0.4408864549839365265527 0.387591898474784590789 0.4566091122852546924094 0.4414081431471799654709 0.4720184906375117228627
0.4319655641760690167885 0.4217672495800527943111 0.4680608078383509673692 0.4716670742639205715641 0.4321570995202181908468
0.3815424970443440089163 0.4230955508964709954611 0.4597892102799869817886 0.3816972475434017852969 0.4246038644257447702834
0.4337884232416864271897 0.4683800330704300241003 0.4563098426342107050147 0.5016514519581609654608 0.441516667966238673948
0.4491402582711973012763 0.4360823936074897377857 0.4699206749280416817172 0.4433373051045791934932 0.4731305228684227204283
0.4588123433997046141108 0.4365371926978624528282 0.4091601287255701713264 0.4772546906821106271757 0.471138511307235052783
0.4442557654910314068886 0.4536471632975397905163 0.4533084933828883666962 0.4596747100417435394348 0.4552905834260965178828
0.4541034203521904788481 0.482147624017724707457 0.4614950717203311625347 0.4725170303684022576896 0.4666913245950960464903
0.439418730461049400482 0.448727953050458927553 0.4412055474530173770908 0.4386081833705657850864 0.459482139507364106823
0.4761684547648293297506 0.4626214835608795650224 0.4247957936584212945696 0.4607820992537646764831 0.4695713686520420759862
0.3870026262163323016452 0.4749179244083710504931 0.492835569972208287215 0.4599313777644684075874 0.4431220178915869500891
0.4524818598351147969083 0.4324453482092171507922 0.487920537526078168522 0.4436978891004971226053 0.3961005730806202995709
0.4742089925416401174907 0.4886764775578481545537 0.452735562423348669725 0.4242559463644798301019 0.4962791903087858669252
0.4630580770477630836446 0.497784207119607247094 0.4748476984386279520223 0.4440627677768935188674 0.4631884975924115965817
0.4774173237114328616215 0.471044326719600614517 0.45824730428451487807 0.4841247972261935039739 0.4405802890172640928768
0.4345079220057120328313 0.4362088209220114642939 0.4416615414371768966184 0.4276209851900897307431 0.4599576470224416846477
0.4791193018208844689454 0.4408113776233230085566 0.4566503422403394019113 0.4975675752507883187192 0.4366984870594150525136
0.4457757806869860894849 0.4467535510658710018461 0.4409278573777626886177 0.4987029874784437710744 0.4517349691343197082283
0.4754626186895865580517 0.4483097339519431789867 0.4716201968382041642691 0.4890055123627547462029 0.4471875951006138438792
0.4394275662029319962087 0.4713246375087669082227 0.4304031654015951224856 0.4617533085991993302422 0.392058972671025796064
0.4144907314507183526686 0.4709451895071859461872 0.4058393966996489687915 0.4938550979249685113359 0.4786184373152081450442
0.4842112457994683927254 0.4369524542862468496907 0.4756790751886938450887 0.4941589133684499701715 0.463756075586185034787
0.4492794571674983972187 0.4617819303520104279315 0.4777199033290966956322 0.492521819143332595381 0.4207927405408666832187
0.4581883301431622368405 0.4281915940562851519147 0.4701456495571936233802 0.4326655638222987043662 0.4545314910372270644778
0.4299372858917621109676 0.4786028676503832901545 0.497891841165628290522 0.4398713575220261629006 0.4201376262100588454551
0.4448606764017088988084 0.4376415629617588787248 0.4345986201664462922345 0.4246937337678846624556 0.43961208692377323759
0.4596533292695454964161 0.4634168827075190177922 0.4418897590162025879046 0.42383348552693556055 0.4744995173352805628575
0.4432764414440173994514 0.4296283576255499059293 0.4550828941320552156746 0.4747730282902825615921 0.4829967019705673769714
0.442742149503480675321 0.4831948489878916674911 0.4656230705766924993227 0.4981678558002768930635 0.4390821578206792752397
0.4499551702476943804143 0.4879095211280043420388 0.4382198674171035590597 0.4737218461426102034117 0.4487385008307321343501
0.4419635590610447861692 0.4661986204338893213794 0.4669252120995999177921 0.4539904228447275147396 0.4265545747252507124969
0.4525339642901605730074 0.4666862734723487005084 0.4639338651182104977799 0.4619313932035269409937 0.4599791874785132406167
0.4233137899164363671112 0.4653993933462103882448 0.4710332229295959294291 0.4359959756865821045579 0.4620101422963097670404
0.4895490332283580769968 0.4372754407822463385003 0.4425945813252439853258 0.4287730218053608099993 0.4247081751624161016778
0.4506546967162787242778 0.4258403842078339329724 0.4452897273543528489093 0.5138733173514073993005 0.4477741622222956019428
0.4373625274031229248628 0.4622916927199509640189 0.4377719647995833573972 0.4687029326686730779095 0.4734004729419399315482
0.4734456698275012476174 0.46145746739216320087 0.4748026937155567228643 0.4673874983666349014477 0.4588329485250559058862
0.4742963420338010549493 0.4529488307941043623295 0.4560902908626882079623 0.4922363250005183377134 0.4622254094020815662347
0.4705712512936187641444 0.4810729622644469571924 0.4408664353528274348903 0.4343188961744723353142 0.4748077852201770254759
0.449238345500301061719 0.4700138099410056669036 0.4779911912650000038738 0.485341699945533555649 0.489381897049006364675
0.4518453616558138485892 0.4847342188703756549195 0.4882177534820183462116 0.4870581520245947926284 0.4678435763509401490445
0.4725567721727331194082 0.4743824667452614662899 0.4820438006483553916581 0.4437770603065448460356 0.4525285099073719230489
0.4491602790579580228858 0.4688624038080853040356 0.4685367753977816018818 0.4492500077238406053226 0.4507802438323782467933
0.471673716722034785942 0.4395399624416747585975 0.4416869057742831561342 0.459593556829693272725 0.3917930415243293662542
0.4431725487791509099367 0.4703760535183419966287 0.4344994559048125370992 0.472847551581293878975 0.4597753923919389307251
0.4266342583867710480661 0.481083433888454647942 0.4856486364799439403583 0.4586001926259719585488 0.45271750522903259073
0.4757578509986987169711 0.4723932538520684842887 0.4312415207771867486919 0.491171560152494857121 0.4528361818460814869347
0.4253948933615976368827 0.4577796549570225526082 0.4761297430596798108127 0.4647308692502099547461 0.509765427796282311057
0.4718851660258684965754 0.4774993369825705769038 0.4670448174416678144283 0.4554546066529858716621 0.4594957589881686343958
0.45202530749273622801 0.4497607906458776505509 0.4435290959830785473272 0.4389158488951937497902 0.4481301850552479870693
0.4551946466124683343679 0.4485784451813334960946 0.4662694924391968531729 0.4505878082419394470293 0.4830241687535055117309
0.4324016020543849925239 0.4812771235090081978214 0.5118208668828692076147 0.4951836790617412109583 0.4807951966144965449956
0.4334617276015176323689 0.4746530740101956302723 0.4575966161471359261448 0.4597391585887725118376 0.4509990596058200407192
0.4710810259705214275705 0.4760435412059136339735 0.4506186040011451177101 0.4485095438304051440603 0.4624758557441521200637
0.4423675388235566718897 0.4499439355135820828302 0.46181275913282165968 0.4900707406405381272307 0.4762961680728002855645
0.4575826502439887533136 0.456294916782662207666 0.5019756581714139853645 0.4155091290331700548677 0.418476282012622269324
0.4901130865997183616578 0.4843365823661417435275 0.4538442261237337627122 0.4596305023813358481277 0.4524380142271416938016
0.4360098694836574972911 0.4539770162634500505483 0.5011458960984871424671 0.4729139015811485990959 0.4550412055119667509295
0.4360627957591828307571 0.4758142559136679938803 0.4453862842681663436473 0.4665330781958146322275 0.481185541254158855029
0.4869149772945635112897 0.4375522175283759196418 0.4294812902272431842654 0.4640754816850021224894 0.4750979045811537515576
0.4756246235879052486339 0.4484602835392099695611 0.4485214745423851678829 0.4692913626978263419431 0.486117604681157944313
0.4532503941599280161689 0.4632661695706825621954 0.4817887726763525613194 0.4430395872107948940233 0.4420525192314959106454
0.4530134664476497818875 0.5087048405906368087059 0.4748160773153566327487 0.4421719279522678403005 0.4829988517321421315209
0.4256762411151512881524 0.4587813330836009728664 0.4690223770859823226864 0.4691140714443498005437 0.4778600063379283002796
0.4465103252798003907742 0.4887010909958836579747 0.429570050817789983455 0.4646893355964016869564 0.4584143775589823999184
0.4818580393615401469276 0.4293344071070032130777 0.4511669729014877727735 0.4709252883521177768245 0.449569307593984834881
0.465074379453830843989 0.4709474145710992321057 0.4517927376736428635162 0.4627641279332274093505 0.4757862523560713041704
0.4333111317001329121368 0.4629083228907159841548 0.4934900917037360890127 0.4446182570902344477481 0.4730895984603255000067
0.4465463484840379027041 0.4487743428464647799103 0.4910068229200496014997 0.4724889487884899041958 0.4584321200446923039173
0.4581754289032403670845 0.4688664063483105048924 0.4541000991735754666045 0.4558604059541275232981 0.4802016597024996724663
0.4519942879067266883197 0.4544608991494876737427 0.4559104148561452518607 0.4666586617571726325338 0.4422779997935715745605
0.4556867637779998814196 0.4599419708674515328006 0.439162406136866412254 0.4361106541160014726799 0.4627171947903525595081
0.456953200401907955186 0.4718105748676904021011 0.4897288006549971317583 0.4627858489210883718989 0.4771387066624608319643
0.4770170169864469955634 0.4685986760618227608965 0.451442894129497174216 0.469206440886442033289 0.470729837409075257959
0.4616071652096502275775 0.4574007292806987479139 0.4517069709367274032985 0.4814807277489523973379 0.4239962269894022584005
0.4851360247952726800769 0.433919945379242111283 0.4475947697075839948333 0.4663963904499531243353 0.4420634463826452753565
0.5001988331124480602341 0.4599724417969449641319 0.4575525138062494501234 0.4982527878509996899226 0.4551654387048043037822
0.4538997160617007087247 0.4808560366117111684048 0.4822527114087836186407 0.4412050981209549305184 0.4710571744895191148572
0.4486230938395430745125 0.5016172408112639091726 0.4648029835020051070416 0.4437733752607004311663 0.4281502332777928909735
0.4818713308642089132583 0.4661756187099246884209 0.4723050873781552971842 0.4882777811177194116077 0.4485988421054976083013
0.4809215440875670988241 0.4850965149139419563262 0.4525774076999953265954 0.4939807285886039234235 0.4351163458979564468976
0.4435995893011400181827 0.45469360328913976943 0.4602219187482542439582 0.4881540251237528882378 0.4695666123847376249856
0.4870428733942187560224 0.4693239411379190872964 0.4619738454056261378611 0.4523774613358516050177 0.451649567535683360564
0.4710783121259276562398 0.465663807744366331498 0.5022141282715998356068 0.4476053579172156737798 0.4452119864692326012268
0.476820318495443373763 0.4889809070420273462432 0.4608849548790424077715 0.4556395868472876697908 0.4755118100555735805024
0.4773309255502290460171 0.4563318300861962661941 0.4429033980137095372065 0.4802391422833632850242 0.4786875904793151947914
0.4850855633202203476273 0.4574767089660458641021 0.4843874148405767354753 0.4279653378626572801657 0.3950751493424640159446
0.03824063033831771180049 0.1452692977824698861156 0.4142634940449445579702 0.1236747385676191801629 0.203613046130134173195
0.1421183602661977574133 0.3571555119661653510121 0.4023858428405375775583 0.2098366110417013707945 0.3056637990176371832973
-0.1484764368025032477139 0.3625022978884738233951 0.4406387384608452806312 0.4287113789169275657187 0.3958902317122942604577
0.4111967072921683952202 0.3361944607681557894985 0.2671739023469836271651 0.3685661781310357598684 0.3622440605916600331327
0.443745731167044465959 0.3881533811530452071636 0.3979773798151851060823 0.4320828371410699308974 0.3731708131427428076776
0.4403479491139095092223 0.3791273515403344451791 0.3464686557876552885915 0.4292543943469246392475 0.4143075405466969396429
0.3493761439726058015687 0.3824079336986673238741 0.3289070276257314850987 0.4345359477233708411781 0.3420357418777195124271
0.3926512930342615503854 0.3521986389660008986979 0.3951625944783576649399 0.1389033950319246146776 0.3119588354461473311829
0.3356982231974267594232 0.3583774544203467415926 0.3347080013005521159641 0.3403334507343603321239 0.4514279790343519449536
0.4099855356598491318287 0.4612354799060897625473 0.3637609687902879640475 0.2869567818054742369682 0.4361749687169363398631
0.3593660175172655457665 0.408208196363520570138 0.4431033603708758872308 0.431764431066480158794 0.4286181886902378224136
0.3707633771539528000361 0.3592476492708441826451 0.4751864554123036987754 0.2739267056072176576009 0.2766944145611862637679
0.4304825299363162494082 0.3216553439061112795727 0.3723425474217826880441 0.4423007993620555744485 0.4133399308128941074258
0.4377654571304770425577 0.4170550440433316019551 0.3951424354401337213361 0.3579770903401377490916 0.4062203596422132023669
0.4506642775489301255831 0.4368330331235744656837 0.3489995055439160109856 0.4429954425387924166202 0.4711520834412336045105
0.3715186369878054062355 0.4473438673375623175765 0.3465970507174081505219 0.3903790624788532892531 0.4014656116600784918624
0.354791107796920857087 0.3889325437269995355827 0.4125428120756488570287 0.4399776643560659450394 0.4177867011654303741608
0.3641516000290412335971 0.424964401501897293123 0.3687887358696231299149 0.4333120237868023916228 0.4041868840223183378946
0.4378769722145859910611 0.383541814282763127153 0.456839657820521716225 0.4068170265611564806463 0.4933600607953136374384
0.3671984409837967255896 0.4319142537485489707905 0.4235395155372128073168 0.435315327338396507173 0.4454829945544352409748
0.4390012969489301419834 0.4216217338724213559153 0.4352399686700572645215 0.4525457390755113218361 0.3813511888239980440751
0.4548310175817958378452 0.3753737156390975493458 0.4115692382054222941967 0.4247111626270087536561 0.410706381151403843166
0.4154030186446156514002 0.4178356066660461332063 0.4333036892595614197887 0.5038171279460654794491 0.4208369010724413161739
0.3962860455788869695759 0.4018729275974938230931 0.3931014893526270648216 0.4188594405518148988676 0.4426419056588778988548
0.4546874931537082109578 0.4404962750038725616264 0.4637457666056499228091 0.4235375934075618076236 0.4023889803072199788936
0.4606773671410049342256 0.4764751297027591259159 0.4251505487716059628056 0.4496039270958994693572 0.4273313380470052380566
0.4634086820203615619818 0.4566422307641558875346 0.4301104367071100220699 0.488783300066712111942 0.4336852948088075199173
0.3822262742726977857721 0.4326628387879909998226 0.4120505220926680700622 0.4989097497810177639366 0.4272064235746308447084
0.4577018918651197254555 0.4787918260274641735208 0.4565895462996226727981 0.4112350008223268349461 0.4409435742745176911583
0.4683748414043089614012 0.3837005018281557933157 0.4468334005556615640131 0.4356376442320639141847 0.4677089138813144142404
0.417777921588941891784 0.4327076105684778406513 0.4074877872277827828285 0.4244990689646110926248 0.4006646505081553066852
0.432191887835371046922 0.4569487307215790994341 0.4785352913502569083271 0.3971112206491684837317 0.4054309266574838144237
0.4200077722578523520269 0.4124829560146639484408 0.4563302695285553212123 0.4572118482167430997265 0.464222066715899828182
0.4135122670983673587308 0.4334327384856713205608 0.4683398070500362497803 0.3950061095739741401367 0.4459065021699624153939
0.4170654275249990883268 0.4034337721889277306175 0.4079939521927926082689 0.4653313281118950373028 0.4470717777059375341864
0.4237753447372700765783 0.4358548443892657497933 0.4552758150420390670376 0.3993795767972830312864 0.4542313769660542011053
0.4359167817599260974504 0.4610936091349072118994 0.4591810305023831806359 0.4656430409359685329562 0.4409899772787281846398
0.4695336826784946016033 0.4204881446799242361578 0.4753771223700288262037 0.4611012706004337657895 0.5181408409598606823465
0.4687508065494122022621 0.4758493301656230856089 0.467363841450949057954 0.433281264673477439775 0.4221712945386109083756
0.4556129931585448100684 0.4163281210557999711952 0.4395836959956819778306 0.4703490707581852725561 0.4602946689637707478049
0.5123738447535719497949 0.5290703927269241324538 0.4709100533710661729003 0.4397204108302195657565 0.4660583719067220576093
0.4556931847462697415807 0.5018913106529981904558 0.5110840130606847386829 0.4869084218373785910572 0.4260984913544918484263
0.430457323789202983555 0.4086488432128634884499 0.4610280884409753698883 0.417851220154349223268 0.4464807671937840449772
0.4722853183954510702947 0.460951201466150428665 0.4550111775591917373518 0.4034977063537631414292 0.4490482812816403712652
0.4986042022077209479036 0.4327696632453138514407 0.4193081664702149602419 0.4140140363644967957946 0.439907667619927722491
0.4457782570314784975629 0.4447711939965545702158 0.4451770538741025018403 0.4287491015419259143826 0.4252899830384361257174
0.4418780763353635787638 0.4545251819575422125297 0.4736203710010049583445 0.4612112346273176122224 0.4616528769423978162401
0.4428572851838951107695 0.4518121747778631180914 0.4519842180908258955085 0.4571584011134036118484 0.4720040619524577540922
0.4611579815119253855649 0.452648059793768375858 0.4054037405939220350959 0.4402897871680115926551 0.4865167934778296121578
0.4737089762889684640967 0.5062752959690874909882 0.4886351288615100596502 0.4399222535150179580477 0.4210301157903017510442
0.4521581650867834145657 0.4537754558609327082408 0.4412668698275470924308 0.474362219356848413554 0.4287914290349593149365
0.4340963092787622490398 0.4154365756284224553418 0.485557183534911007694 0.453101406210954571474 0.4478847966814644698808
0.4303993636940327549567 0.4476525449611123974591 0.4664287844854730358257 0.4274898412997102381539 0.4550524281631997958186
0.4993580538762760756555 0.4501273202349150848178 0.4307625029556998441649 0.4501722875653288435949 0.4791011447335277173565
0.4779941998992536245083 0.4862822755411794206637 0.4734704654614302343774 0.4569273912429074879782 0.4781386527981660305997
0.4845525876531230902167 0.4184320059801304725333 0.4704246827264988994877 0.4867195950760858647044 0.478228118626095488608
0.4960550742183528760698 0.4183733302488822913823 0.4541214747375130755813 0.3803525328091131307851 0.4619912600118884493661
0.4714129286382814920664 0.4645281398208472856126 0.4514635008559357287616 0.4681171849017497499368 0.4446589231118742713278
0.4518357087584198850116 0.4632451578460143326588 0.4973413175939556674088 0.4576759034300572070997 0.4695371640932784473854
0.4466922450501966679326 0.4455356962233780748761 0.483173433997616086355 0.4612370944429823871324 0.4655683760446202024141
0.4465838613998344697187 0.4367750639319734062838 0.4151435044107069094466 0.4223744406302646359208 0.4657775144301565251048
0.3965146693085397910927 0.4426932039129874985051 0.4823923492877738583573 0.441013824861642700359 0.4281110646983020684431
0.4669701094005699326672 0.4529382367605877535155 0.4538565163709510907886 0.4437089010026549207311 0.4624751765563264171988
0.4523154684882002563029 0.4567087585959178630546 0.4314989769882136005918 0.4654076885577287936435 0.4442758362316707176909
0.4490339981143199876712 0.4500547821908909007504 0.4700397211635999883406 0.4699822895854988691333 0.4720278017626123312489
0.4729782086373288674253 0.4602118803633856169988 0.4415741923478631036915 0.4564479158884639509175 0.4208805119459979593444
0.4758787580082138313209 0.4610881899821955842711 0.4649223705308557774707 0.4401799486434706532023 0.4561727373872989099723
0.4790228497314313327315 0.4433326841313762756158 0.4707121477916803575781 0.4789707200009710730271 0.4990163426114555544899
0.4673053340461443827536 0.4645399343916764567375 0.4467596145022984521766 0.4628357843495803924938 0.4690614878216888827822
0.4361616521584193439942 0.4219459391208629228665 0.4392286148491628128276 0.4490834027118221216668 0.4355109022607445146136
0.4774781161866520351467 0.4731201663899939346969 0.4809036481731219780933 0.4696597390327197918403 0.4297827089976296588425
0.448831477161365177686 0.4898157380932927629225 0.4815940488728852608702 0.4851826307534717330761 0.5024850296816429917612
0.4315479144804533206958 0.5012658060376532498381 0.4508709197335858398503 0.4325849355964232478833 0.4681997586452048554229
0.4602912560791635465662 0.431939119316854136521 0.4446300473372741257627 0.4623119877972163838109 0.4518429335547516356719
0.4687067156693404679224 0.4696630115745976108421 0.4493156544117883899325 0.3882185084310811884478 0.4499634163892744509461
0.4298856040773502695806 0.4404784599438626435663 0.4375646962828437236404 0.4537876014889619114001 0.4752960602647652854635
0.4894887228413118407389 0.4996695402875021008171 0.4469014568606535786621 0.4660868256917567453712 0.4564405879856092695945
0.4445996189194837411307 0.4680156470612722996449 0.4867985567626214593595 0.4721112203339677404479 0.463740364107302571739
0.4751382489043547430185 0.4258659888466663212547 0.4685088284106631584258 0.4536246477787362896272 0.4665842606309731910308
0.4710907046587856639164 0.4554194869722223426578 0.4284040807526812155714 0.4495950271091535555001 0.445894886650803345951
0.471837172409703020648 0.441321659636653707004 0.4549445959626314817115 0.4688205522517170931174 0.4701893281742465791062
0.4682045766538029951676 0.5027235365998320437697 0.4772731930214879625396 0.4804283384896291253519 0.4762858583815644530901
0.4350431853629724288091 0.4812122394957168980412 0.4555401673655206096214 0.4467831814449587657379 0.4398096261310237564679
0.464529378588323105248 0.4776543158346198136854 0.4163351148839823379078 0.4485667852003599187505 0.4769872730297350926776
0.4567679810062267309334 0.4552426389889578373094 0.4544600989740624208402 0.4514668873904985058054 0.4625897730242921612742
0.4650126779104947760679 0.449959553257114119873 0.4835823798594402478379 0.4896896739476738757979 0.4583134831042865453554
0.4152589610248583196217 0.4565842243573406400436 0.4702054514691865749754 0.4377246914666929611393 0.4828539164422837037804
0.4629399741774453125309 0.444160906232490493295 0.5018567643207069162159 0.4407457536281024768066 0.4548321319552580122014
0.481020431754491994969 0.4833354937314242594226 0.4370062695109737660459 0.4634668594535072960738 0.4365652058396450874156
0.4663174425578989756858 0.4919090039277008719054 0.4310776062965620547551 0.4941977708667307234158 0.4977776758099785037182
0.4970060087571955276253 0.4956092932172621035036 0.4230682371321051182811 0.4901221621279260864945 0.4561712180606655175907
0.4393752755762536654771 0.4759149293840749805895 0.4616913844274280753766 0.4670244679976954249589 0.4542830277967486729551
0.4521844113861911984564 0.446304708792861437594 0.5009721422422758196902 0.4463749738398173905196 0.4585192744520334429126
0.4735927899812040764438 0.4995590747233296102792 0.4494509567134677419098 0.4784839184192428152009 0.4511377436319030098666
0.4767949114880442040842 0.4761692580240082794951 0.4199509739722021017805 0.4739261966330722830598 0.4555082867778016963989
0.435898520698453306732 0.4825407623162792369875 0.4057005500246582685442 0.4356648613687925664095 0.472535449269497531688
0.4138596124535907638808 0.4348561039991510890346 0.4648898990061581248945 0.4709538390362689730395 0.4889066185389256413707
0.477213186036677561308 0.4480042816905494551527 0.4792184792422750638785 0.4452820386353404380486 0.4309697376955818892696
0.4720782756124119461383 0.4984704318003442269358 0.4851743403965169676439 0.470050246347362699062 0.4475132749665807208039
0.4561661680837779120345 0.4864356986036720287281 0.4807093709369890111027 0.4608748239276621028182 0.4500970111703997411645
0.4237369010884128872618 0.4613425373286302866305 0.438216145735575990372 0.4885089149440456912643 0.4706150337243066861248
0.4762050392827850697763 0.4616580152754749533095 0.4542551884636184533761 0.4573110717113154644053 0.4141232860380951730228
0.4492913340142801748023 0.4784246495107933871971 0.4831572219813448643144 0.4437266275263697101749 0.4584179346891076867188
0.4745506383015901108458 0.4730299542993919303946 0.4536311511185600608975 0.4636088978717082254022 0.4467408855241338239139
0.4463515048211270097589 0.4544576978417673163158 0.4824923612153079188758 0.4616704043039966953721 0.4331428835057388737617
0.4656008048925986408939 0.4869568609636067968438 0.4525562618225840161301 0.4734703243437046182862 0.4318187458963649305588
0.4691195831485307499165 0.4180367113483008378871 0.5057157575374601199414 0.4809891726736709727241 0.4851079284810045910703
0.4984147970166568075712 0.4478724805841963751973 0.451331823542177434927 0.4575966712784594325747 0.4643128032432412011232
0.4283806598097548712367 0.4650144374303096794776 0.4980117320893618915179 0.4881015491886840917957 0.4722942357512830979793
0.4332766414623306361342 0.4774792675603128921935 0.458897256630281913381 0.4836511853880483546853 0.4508533491833744411004
0.4791857172561495570307 0.4464750107064587858474 0.4524198484406418141468 0.4420073183379530923354 0.4660976629981176677653
0.4580632465111862949847 0.4770539957319999135876 0.4625283803712688657228 0.4838633906035152976166 0.4449392198707742274166
0.4863154834346853916394 0.4703416145082759403095 0.4651173438284597616565 0.4715349088721221826326 0.4807945079842911861867
0.4712315867456423057469 0.4581594647363476657809 0.4435926987455528491822 0.4869612573729220628138 0.4153807267735704633616
0.4468472035068629666377 0.4465763558789845322217 0.4843203054201654644828 0.4919107681059519676658 0.4821179289075511742446
0.474723306077151963045 0.4316100830089499296172 0.4601620917096487795028 0.4956584033115872256481 0.4721016688778905123769
0.475304134354376350835 0.4495133291753675708335 0.4736697265790678068598 0.4462854268313766192833 0.4701608032262959424585
0.4868842619012647143784 0.4937079149840595260201 0.4280843284658819025701 0.4665300139546504909482 0.4693277880958970915692
0.4630477599339595795591 0.4573495647477586745211 0.4398079729793878400734 0.4635617638084671421339 0.4834606576229215635365
0.4493320970668694402939 0.4683484105091261229248 0.4455837998485763784551 0.4613449182294892536582 0.4869939789714140543353
0.4733848949833456276615 0.4476246781895482085289 0.4804713908434471991704 0.4341370611499210663276 0.4715262333876443223701
0.4971699558231141291564 0.4631339628366836214113 0.4537945676425251262387 0.4640168492642890440969 0.483477630349055054193
0.4569646559241392069772 0.469051533764235695223 0.4765970670159905830943 0.5186631459466722882112 0.453266352399613881019
0.4690945252434571832723 0.4929463881312125539402 0.4809644872113276181658 0.4788113262941532388695 0.4297622919969338317614
0.4912889724899640042644 0.480446645664594385039 0.47817507904214040515 0.4657304723257890133326 0.4593697095091092696961
0.4422747262591616990157 0.479599958354749056344 0.4332842612891679712206 0.4715691005813607006303 0.4361487487757702008473
0.4707978477496324032359 0.4593540908717387294402 0.4020350387868097397082 0.450342601405224307598 0.4880003839087704853306
0.4725695916292680376358 0.4509444759425406124009 0.4717140203978977264221 0.4515836805875228510132 0.4621490161969431520461
0.4660154268064287119699 0.4797973163400666707368 0.4683472433444830773652 0.4562353145736093296136 0.4466174388176059606437
0.4441481562460943832704 0.5090899530455760269021 0.4451081698990916324377 0.4595402858112413446712 0.4749840297363986385548
0.4463860686548104528271 0.05371440368452108649056 -0.1374865052024582534607 0.07238416313012656366777 0.3939246810096884710006
0.11725855114874114693 0.07289893030001996787615 0.3012854053591786929189 0.3992533251540659189338 0.07026996465092137655883
0.1553178608475496436103 0.3945721573745376020703 0.4353466609180767776799 0.4182950296306816029279 0.2760086921935409054463
0.299678848107889417296 0.2559571195344083616163 0.395527400442887200338 0.4296064410542248523939 0.4519984641029116678723
0.1676533206768723027746 0.4066306515853239655911 0.4573296136639123932177 0.297202641121831701021 0.3990671876175291288291
0.4319103429560384732611 0.4039202293671750321202 0.4041952084158551561366 0.386373895345834994508 0.3012636872075359906198
0.3854280965822800553156 0.3940990245885593323827 0.3955595326704019476516 0.3647996693448742888677 0.3361815962839822535813
0.4444623965691186229243 0.3465667437468536449252 0.3075993935703815185256 0.4755437058943640660225 0.3696548390407499162791
0.3366148351979652564303 0.4254995629842255322473 0.3393611701056746809968 0.3872633334914102887225 0.1922650537109324986318
0.3963137465035051487661 0.3949864477256442296671 0.4028353221367720338186 0.3961296979535589013466 0.3277915546257920142992
0.4162827493559676517165 0.3693257821535942952984 0.4334135277852985135283 0.3571221732515281743758 0.3469090331121377213108
0.4418106145826734554305 0.3446951044223757198992 0.4716375165772602739978 0.3925960185518560519036 0.4652421388866017082364
0.3709839654698221522722 0.3769596703610774146576 0.4571252683267244543153 0.3873692632722395279288 0.4504341724412259106991
0.3742773027025873000539 0.4034931346823120157374 0.4267919701837676882406 0.4743180301638446616508 0.4467301475960701595547
0.3802829973886754366674 0.4267203364380022789781 0.4132757386071275185202 0.4299614887536950535996 0.4289700484476703934433
0.4592361169486315897181 0.3393129530658476333826 0.415133619627682970421 0.4556376219053340226317 0.3989501469814851208895
0.3536607054423500096085 0.4528776589135266039676 0.4083838647724576942366 0.3926942292185950367234 0.4551607261988935282382
0.3535883393823822662405 0.4033033548800553647062 0.4281445797784131368502 0.4283839330656329380531 0.4125254441522663295672
0.4145701166031155460168 0.4180160016639319353615 0.4701746977372752711588 0.439886295919153735845 0.4223111193165337007294
0.4550132025238693977975 0.2809199160066416234294 0.3741043412299160930701 0.3843053204993654992094 0.4155008327331578543706
0.4642665659208911055345 0.471186752947341191966 0.4825586141704137355113 0.3560925955071988502354 0.4398153556196930935585
0.4602508556423292040982 0.4286862925856151362858 0.4792663812238240339525 0.4753264087614813004912 0.4624034462337182072034
0.4732997235045143247234 0.4505276022340094499441 0.4525175317933708973861 0.4083629226129414369062 0.4413973913495769507698
0.4254266624320009460014 0.4572991670944404063448 0.4364053300421687486832 0.4649943930922004198258 0.4208602602593168318101
0.4537309358963304561918 0.4586107708864018417394 0.4349290581568275859681 0.4280044677058328361774 0.4492469879667582155491
0.4227604102153365572825 0.4360756320560680854292 0.4975558285446416983966 0.4543281047748511380924 0.4369757026003684430293
0.4548180047057593933246 0.4125473040543090053056 0.3278353135595424294735 0.4163851566813738247497 0.4704479219184398153253
0.345277949053513055766 0.4486599814623470905417 0.4381043702835656361572 0.4198116756506937718996 0.4390819149797822174008
0.4526156825506801872905 0.415193115641680932093 0.4445324712597972238726 0.3608511623427088643723 0.481604945993461375231
0.4445598179061885923957 0.3975446284581108380429 0.4445750281415021820663 0.4029217295797162812221 0.4289393994355277794917
0.4646376141502068235489 0.4695868412068716635233 0.4252896525683358963654 0.4840940512585354404962 0.3950213957314084867178
0.4347786071049626888119 0.4271126500059051478431 0.4182146781192136453242 0.4506578899138917182476 0.4378089223792576700767
0.4563475782214539422377 0.4255938868486692783222 0.4088413710897585984227 0.4234039500858070015354 0.4054854264527655294259
0.4516954684995882485232 0.4505408153240742508139 0.4385662951532084963269 0.408389292402974168894 0.455979226944828841539
0.4927648955174788736322 0.4756281804483007968898 0.3464583306380992211437 0.4382637590628228330125 0.4237485131079080646899
0.4567504980380863166545 0.480550663057897897712 0.4584946780912069752567 0.4756121700839275323602 0.462490377671255226133
0.4627754543168610124049 0.4453269872942536844462 0.4670113841612253402502 0.4162985332771886870518 0.408490929285602266674
0.4633973052321098129447 0.4382681187645898757133 0.4604409264820090719184 0.4255515928005803028 0.4679004809569056733132
0.4600471430905900271924 0.4487144887794154435312 0.460506558891419615076 0.4136541966881610576934 0.4308710771425225405373
0.4366407881351413999838 0.4341334898795395358384 0.4190001429679040545473 0.4698389845306973899852 0.4599044295143350780108
0.4443308553593451892816 0.4624316662629507912463 0.4402119595247535044358 0.4419553533824054913914 0.4459483677110440691393
0.4389198353416252085246 0.4645736985041250544093 0.4170806276573555404497 0.4151313027378309428173 0.472052966813058083595
0.452856074265409191959 0.4739049044439125890626 0.394407711244448400123 0.4371561688978984894227 0.3993621158617813859948
0.4769402821846024931318 0.4601638777611180564087 0.4397880762044726332682 0.4586478368644461012238 0.4537116052611102068326
0.4421328939767004695405 0.4836861108414036158898 0.4321165219376393307193 0.4589917411964508642264 0.4334688122658335585058
0.4271374501218646591028 0.463739912321804725881 0.4618308699882989754038 0.4272735989008419332791 0.4825832078277081937934
0.4529120691089131289786 0.4033671775872364473337 0.4274173213717548103219 0.432399085888391543353 0.4544075656945659735797
0.4745480581656446039673 0.4589269908718975887751 0.4549795785303835660152 0.4850674348623959519777 0.422203879290713235406
0.4383181954614787101399 0.429532115567120786892 0.455419893654961660534 0.5043103187096154016444 0.4534051379679102655729
0.4867859814081436642397 0.4470082974044248258494 0.4621178990028803612589 0.4535269702356776733154 0.4757351769047906131505
0.4041752901945208642509 0.458538783249148429455 0.44020476744648218137 0.4035517671161806263491 0.4443290686641114262123
0.4317689508622752359024 0.4708006130830629798467 0.4862085867073091538515 0.4974029123955919229338 0.4492399173928552369439
0.4606556311524546698521 0.4212638090578245675388 0.4602626169220823681982 0.4464772615993854998351 0.4656191832896631743743
0.4554814755299456119353 0.4498828189691747025947 0.4470593580689972701414 0.4347241472666360517785 0.4470127993764198559568
0.4116383947856877001392 0.44322993246172615045 0.4839353320186215445808 0.4503687365368603812144 0.4547169633427052826136
0.4488718571353025876824 0.4380586742327022831134 0.4076072044632906843376 0.4590338391453887001425 0.4330606764555606225109
0.4485547070119470514094 0.4484192704594403555696 0.4257115354941966578473 0.4495189689136590560636 0.4477068996113419130367
0.4634949118962880532102 0.4230725146178267448427 0.450422255539042193373 0.4570342042641420410298 0.4799185760602869832425
0.4786357921918001356865 0.4519275316902182648704 0.4817646464196917999168 0.4719097992351649617504 0.4844980626136760060163
0.4492925094299509147788 0.4392402492164265703778 0.4214609211367993935049 0.4795960451026731741209 0.4413957372557228420185
0.460561463758135058999 0.4364896400239962059864 0.4698902010891441993756 0.4527465634227713642268 0.4502805636537701161615
0.4559287528312664927732 0.4296532095950558183262 0.3934549275577141624893 0.417611965921483307973 0.4672544232228861837974
0.4209359313249186884676 0.4887963460966231465932 0.4505601401181144605168 0.4447416272750304711003 0.494553450635350333453
0.4628926636717707321367 0.4541018220290921059146 0.4568102766972464423567 0.4643273630240883909082 0.4391320528159041725047
0.4285174328866606097144 0.4435744022578844147908 0.395340122482523592673 0.4812490070369323524879 0.494663441549570592759
0.4456323225857618530732 0.454333070590023868629 0.4823767157525180038213 0.464034876084729097645 0.4751761247649318176123
0.4865007951912849182285 0.4631796330653120130627 0.4016792647292976026208 0.4525925074621842680855 0.5220431450703679754355
0.4663517223993636773294 0.4432879229029459966505 0.4501037256280545073572 0.4797055385182910081099 0.3969365367407166056424
0.4554632530707716786544 0.4335411227189371885515 0.4754610524914147928754 0.448388574420811314436 0.4766922702023027591522
0.4274281333765885815268 0.4722923934390351741186 0.4592109588228429073453 0.438766666944580274734 0.4396308230850562437375
0.4908403923978638117021 0.4680530307222001140666 0.4481895654404004503135 0.4722788995568623082733 0.4827862852649069669297
0.4499704311677355517141 0.4696980205677792619134 0.4976553000626833811459 0.4275207888910459441689 0.4711337694939459752597
0.4625223370428152569467 0.4150989538258607058907 0.4413991628007849499227 0.4666519860771046190884 0.4377502742998370943717
0.452851847445128075087 0.4625835578359763777812 0.4516183023983519340128 0.4939541195074962365297 0.4843092413251048333755
0.453176428274717102429 0.4917311489538422342171 0.4662135768944276059678 0.439672403363758235173 0.4517329403970795631551
0.4407329561074287416211 0.4848554314367455875256 0.4822956739939970316478 0.4739442957436407199978 0.4702722691208490179982
0.4761284537858643250985 0.4508474165961909307931 0.4575286007529346110623 0.4415770682935124535895 0.460032050172401008048
0.4387876923909113657807 0.4721149117446604148718 0.4718462804199536897443 0.4715136425410464404706 0.4652180267938459956589
0.4718154949011131860104 0.4352552067395750179379 0.4866316930166818544023 0.4675003961361937077079 0.4630379827750524812657
0.47070260989708184729 0.4303736785144877119436 0.4251984833425778154137 0.4876946822989524088499 0.4526076466589541436036
0.4626869998028438346616 0.4639513569170934381702 0.4840825914904372528902 0.4942910645895453591869 0.4579126493872141545616
0.4498922477406057107707 0.5143580049963536460211 0.4654946554182761708773 0.4834227385012376809748 0.4997611455852918882492
0.4935291616451525364972 0.4741963169653656828828 0.4594366283790335403481 0.434233787053234343567 0.4910224450288828701439
0.4514618663069040471747 0.4637094106631086121162 0.4693431269072055878055 0.4328218255366101940851 0.4392276599045529250631
0.4586049357813740123824 0.4661704780030042072347 0.4514796375851826693015 0.4772692413774179409636 0.4394643825722052699057
0.4536885774436077434224 0.4978925220099316151234 0.4828645553359067199573 0.474626785675317797164 0.4265148859182499307963
0.4689907810984084157724 0.4883636567705516018378 0.4972052382119003244298 0.4771069596993616213076 0.4520978021206308872237
0.4542701844344503858686 0.4508899261927651891391 0.4329909351085759472433 0.4727947925092115255552 0.4152675339769947293611
0.4643329229641471878054 0.4753061667236403442516 0.4718898882936286565126 0.4500098568438315460583 0.4300783376010996472694
0.4690484710776027799106 0.4898807584102946588445 0.462540078430002776777 0.451359124160230051892 0.4509526706858860700677
0.4491779634082348482416 0.452058096338854686902 0.4729629511712582501382 0.4893984377167722721325 0.456673960699758241244
0.480670664870723907125 0.4751189047934323839151 0.4580893179888805288869 0.4463552652780313212411 0.5104287246734277028182
0.4678261811238294543003 0.4555690927811873458531 0.4761690822536067679849 0.4700955922789794572125 0.428519589623052421512
0.4712538422871581089701 0.4609769836652267693822 0.4705379478149607219706 0.466855394191965533679 0.4139333056212342598634
0.4558880035532871244364 0.4828973851751703350033 0.4676421679454126345554 0.4800318344454450047998 0.4274405230115566056703
0.4868587224096241894422 0.4860361647193442435899 0.4724651304129688922373 0.4595523341001568895514 0.4469122073578724596565
0.4612980979449292640027 0.471719387752387420143 0.42771417716441140211 0.4281324034050386084793 0.4456946023429451120279
0.4626468752487506441717 0.4580365724222388856823 0.4940074952009228526073 0.456299035487224557972 0.4502340144797893906059
0.479448513733755077304 0.4320194013883652539576 0.4276706779776753286626 0.4525150232079046541678 0.4686416289027921511234
0.4698441834856113552554 0.4847343175382286539765 0.4206302739707932780711 0.4858753305942416500507 0.4693361006029271864648
0.5055500594557433835519 0.4514378418003351378651 0.4567687192335880830285 0.460907090820620479743 0.4594863267233818548974
0.4576458294696116868572 0.4833014582871499320582 0.4699033532574051763575 0.4637922526076055373956 0.4421741825555717264606
0.4604536767101839456195 0.4612442309143866547849 0.441040999208943240717 0.4620765201470185545851 0.4595024538208647979509
0.4628358244741862526084 0.458434394352164042985 0.4875734175146104742993 0.4533890052062244935271 0.4703239825069323587492
0.4676471977304341720583 0.4702690856063614921467 0.4840617275836531785416 0.4594412581732895128894 0.4336309089436092834013
0.4614716765277935284217 0.4837472579919613324684 0.4782748723408271618318 0.488380913634667623846 0.4927379993251232992435
0.4622771175566844359395 0.4687923753878903698755 0.4392653686115892686104 0.4399790187550587927667 0.4676367500121954012826
0.4648803048831318673884 0.4843891108293758573922 0.4490512586012289086845 0.4671468324383565295932 0.4412925450705280083774
0.4649997170478539776362 0.4663301417496295009357 0.4615362339107688671724 0.4821066215738837312799 0.4641895939448325014709
0.4729770066920290227941 0.4229839044638057932168 0.4592589262449363607388 0.4644520693476940076394 0.4746400904908424367434
0.4537869531897195662928 0.4582253041280531791202 0.4685828829929648553509 0.4259629226462697260125 0.4527101184473100725647
0.4747391442064823885438 0.4327867457452417854213 0.4145952697175969148269 0.4739868626787291927549 0.4574414089680764461399
0.4651486730326853669126 0.4672959458928883647033 0.5024211002633586220512 0.4756785129569035541763 0.4342146131764331173919
0.47097839609708308517 0.4603237679537925397533 0.4508294071559034721375 0.4951933340705489405842 0.4647879891002005270373
0.4936872221757848677726 0.4943706361191254061715 0.4689015748825883234119 0.4631968367634388128451 0.4618126381625844434353
0.4436707018698086701924 0.4439650123357451461104 0.4429879129003536641918 0.4671845699806052576442 0.4774537420427201750428
0.4563712033608701701404 0.4662796568208820158219 0.4904039294241114288475 0.4714428474767156096448 0.4630574535935521596208
0.4697899873993927610805 0.446794254307872007459 0.4595533960103821424781 0.4739961944338149102407 0.4460042562827221113153
0.4517520013303526482673 0.4470875059168232246165 0.4660224886080585604553 0.4561125578397461910463 0.4675889595865541092934
0.461564711633187740869 0.4890937002690813883987 0.4639017369057646389408 0.480340995931306025124 0.4615896839043983623796
0.4388429878438705467047 0.465661869591385113587 0.4766682688798851708079 0.4074237824070359725859 0.4132848722644730243836
0.5057904321044601747559 0.4914675547895633322959 0.4319310391922670522291 0.4863670485416223820963 0.4648443993836281484811
0.4444715093634726832406 0.4410239652022863166003 0.4814706307587813816085 0.475115640377463455124 0.4513268411877207619831
0.4500991983550400310499 0.4644655124448048844066 0.442529595408779174992 0.4857600064437442299869 0.4773817581520754527169
0.4515985765578077737459 0.4732170893646402975996 0.4468352694184383744336 0.4773450664381691521676 0.4648772855969983686109
0.4571221140693573214975 0.4795927407821504173668 0.4466114869687694000078 0.5025787688217248083689 0.4269872189696615194521
0.4721363311214112901126 0.4341115735609234471681 0.4697241756669849332972 0.4458812655200052876836 0.4808700420798262542554
0.4671793743609322646648 0.4787425182854034844127 0.4530938795301645560798 0.4715762608000542144282 0.4717159075253816169493
0.4487241343832534812286 0.4524267249485257047503 0.471191614894582777584 0.4576343762350302268871 0.4880651299907715623405
0.4608994295255033346592 0.4786558578668634322817 0.4750953930111577183659 0.4625072834980378799763 0.4693173497529576354559
0.4606359824637554778448 0.4621446575821704927378 0.4805415256231505560791 0.3259663328034957396895 0.3626084105447850980397
0.4093637172672687229991 0.3877008658544220387476 0.424637994962461406967 0.4095347075582367324387 0.3571600327658607798575
0.4128999408228098966234 0.4025782766907268217516 0.4016409063639482801555 0.4008179296365363963872 0.3632789438570315776467
0.3013801490649880010508 0.4149060381824930532346 0.3374987214464102991407 0.4339212597095478129994 0.3495888001871111927521
0.411991475385282135413 0.4049568599743082475406 0.3185849121423363627947 0.3226093705664451194437 0.3737230717798456502976
0.2980994889041294615417 0.3606440797717503921049 0.3326031210586107844662 0.4006958808953602901859 0.4238467758184903955154
0.4257320688108285899887 0.3578634947500098362205 0.3334129614410201170038 0.4201079528476404645332 0.4134242445954957045906
0.4466577584410520440628 0.3430082126137520281972 0.3915927440868510189809 0.3813105769327294614079 0.2737880859217338147538
0.3522802317808146899125 0.400892257173810273585 0.3623383573482586439418 0.439003578937774530111 0.3595397421116814373754
0.3726704622995187787815 0.4588690464420743242435 0.3838507085968147491961 0.3696643434673351213959 0.2484095026295153885165
0.3477539538245106309766 0.4109124873663050347972 0.3670658831271639832572 0.4566357230563242719512 0.3956667919134012612048
0.3814805303726164775746 0.4239484037576393693492 0.3765802918992264269882 0.3996176707131434135967 0.2973709184712265418682
0.3422669228820082731879 0.4370110891166865685342 0.4086263065008062245198 0.3285969131031795109621 0.4313877356418818198591
0.3407875950785141938582 0.4131152793147753188308 0.4123114912991771019435 0.3918202540155965030166 0.4207028672656081824677
0.46343048728023872318 0.4509594522140548122913 0.3553517374956922658669 0.3863591194933847505766 0.3873637274566728572189
0.4137042619433590751044 0.4081653412763921462414 0.387034119642016227747 0.4553635086114125041235 0.3405284065139803084676
0.38485902494032986354 0.4314326043272206367973 0.3657347958411651389632 0.4883361859681329408822 0.3230298551863611256074
0.4027099845916216058761 0.4150694992654916370967 0.425120678211062918983 0.4374574239049979218485 0.3414849239189332030797
0.4038115124482908879777 0.4240487044824978735136 0.4366152580045784548091 0.3577786907217918588309 0.441194161451835376031
0.3341533097832615206713 0.4422814781500126746216 0.3820038000214330820015 0.48051542230056459859 0.4773661870727562428485
0.4458781723297616239599 0.403801378595532278748 0.4070906809448427976506 0.443894383826936855808 0.4659927090133150762163
0.3760201429783291970921 0.4104302889986680691337 0.4587338835228129685362 0.4649516985869046048485 0.4346768958474475641474
0.4594307034981245374539 0.4253615039695867738878 0.4074573674185650862256 0.4054238812032320282697 0.4293246904391340712515
0.4107908395692584924141 0.4547425418591566903537 0.4240291812352561806598 0.4248855337409679910898 0.3675826729974235318466
0.4143909973726971895935 0.4735598282786672164058 0.4228077308939573453195 0.4349656898284149919576 0.4159550336519619029296
0.4438057962623846441907 0.4001964432146888350772 0.4338220601998097891716 0.3692402840913925898825 0.4513095656765267471577
0.4199521487978639666672 0.4511317326132094351898 0.4231183677188815606129 0.4168021852416438077782 0.4016265460715987556384
0.4215508351788444518782 0.4408940175385778204031 0.481557550412713419874 0.4195119097999058244142 0.4362213419507175449219
0.4228318453782382579931 0.4820000871210888271357 0.4806949620263870626147 0.3800275240960926947942 0.3887827703564637471523
0.4593479216310919488464 0.4292023830987618526756 0.4435621196159111323531 0.4094106742230543827255 0.4561501383725192204643
0.4565128551076945151443 0.4016882531987586713029 0.4658710296265446415553 0.3790772326632438904426 0.4888694179173714293718
0.4439186611847225627514 0.4648385450530166940197 0.4420840009545296545035 0.4318844186846478860886 0.4219067740613271499939
0.4303721100392969844961 0.4545209457943484854248 0.4535028537485882860203 0.4960086249311966288822 0.4390783297313167743425
0.4395380291900877756106 0.5034789433207728093222 0.4656093058376759019623 0.4678630397287869002731 0.4446306483492073469144
0.4270335382205497354313 0.4394395665879237689033 0.4283059763102036732185 0.42554605207233442421 0.4419352496567223176349
0.4463892130843459815637 0.4096172896992902878743 0.466692966173164025534 0.3679210017532646426197 0.4147801741954761367559
0.4297305885429967275968 0.4487562311401256942567 0.4180502789751745496005 0.4225390970432211235064 0.4171980647390310936728
0.4742976580387174290188 0.415845909051595352679 0.429048784435674013249 0.3773121909910850946268 0.4513644088532046683149
0.4303908609200067791889 0.4300954025402608515982 0.453508599372709819697 0.4322083199438322420605 0.424754599928178211421
0.4192799397216934176313 0.4735081496986747739975 0.4401795505586785228758 0.4726119522171712827863 0.4159367351492280207026
0.4771780361577871998335 0.4227462035789582017742 0.4498295850638345250161 0.4220007169123986545678 0.4383268117621582082855
0.4498882652191207864867 0.4778283704755215688387 0.4506317680330035879699 0.4549548212183283646404 0.4409943230357176724432
0.4538556142706391960395 0.4703432013489906582393 0.4472375263110647813924 0.4583834806716533538662 0.4521584482038522034841
0.4768188307464150121895 0.4568454306867176240026 0.4500349079285377862369 0.4697958653001518825043 0.3909489404273354673514
0.4323322486959493282654 0.4583614398135378298349 0.4219610039440983006997 0.4365017672663940584421 0.4570088806981447704381
0.4384058935645446242191 0.479551847372721606888 0.4979830476621837087592 0.4032050240961190801237 0.4528522449276522476858
0.4290413611604620980344 0.4259287075122733523536 0.4160900547855417297427 0.4578519096151075218337 0.4710922622174852913979
0.3875996061803542169777 0.4163103974610304347515 0.4773613767771540672413 0.3983766598724720608971 0.4377599488741462652186
0.4634511365261336779398 0.3935222080695093271885 0.4565120255964723594566 0.4266775406174175278018 0.4830186063562871279231
0.4732697930364672123105 0.4459466359122290501915 0.4507730133197997979266 0.4620895831557907951215 0.4636738745734187427949
0.422225769842880405136 0.4462455210850745923601 0.4478299620463941366211 0.4283532365734181723838 0.4554082622309034156238
0.4778681678499922536041 0.4791012226530956263915 0.4853685724373121845865 0.4262151420697820047856 0.4601750545704966777194
0.4305996061127706497906 0.4655075879674132055541 0.4842825553542836058973 0.4632627328655450349437 0.4349663113936599878606
0.4442722766140219659015 0.4085716659680861395643 0.4611772852957191082268 0.4932588519024643236577 0.429040686779854241184
0.4508869452751237405508 0.4759658880112775936055 0.4374338696886105881667 0.3992300143058667427631 0.4596364307653729164294
0.4591075485542321366061 0.4462759144330639138332 0.4447753246120327852431 0.4526551145214272597883 0.441271399038885181465
0.4279539082192191368215 0.4643265795202903278849 0.4466827905678593113592 0.4594620111120382155434 0.4668914945552734008238
0.4129465383088938845724 0.4684873807016558533434 0.4607105906712995468943 0.4534831094284489938495 0.4763312189209266134249
0.4335243055948599932847 0.4535606205299969051481 0.4323132600843261341694 0.4694689940033532349339 0.4699961617154737592017
0.4449149193505039789898 0.4772628676235097233693 0.4118513547115649764407 0.4531737464815827065578 0.4374561339106112778374
0.4481619045570179316051 0.4461958582240552195763 0.4603409043813921353028 0.4542327486340351216931 0.4699112345995988260228
0.4688087336471096211454 0.4951060066765874401185 0.4595394290468284292928 0.4306399130258920515679 0.4827085704262032983536
0.4473578825675109671423 0.4751563999915322522583 0.4574045395860839580138 0.4516501101893750647065 0.474587579333456244246
0.4647313644964136680748 0.4657367938436512422307 0.4609764724239049926702 0.4626731687838701034821 0.4490984166906827890209
0.4988883576252179929966 0.4965945146403323851025 0.4728552240845891319054 0.4439133785004076848679 0.4563461343563146588309
0.4690679639254239363666 0.4572979234025270067754 0.4782534466399910311196 0.463576997458679029851 0.512550968502433423879
0.4428032062425553139207 0.4817826703481436489973 0.4574025185232031831539 0.4669903082970556784659 0.4490619399496531549687
0.4963791968207401650304 0.4448855225518195677381 0.4324333460774527071457 0.476396044510237204328 0.4324903346829247485772
0.4846571679526771037061 0.4323475091759532151769 0.4315982634139333140588 0.4267045103333770295073 0.4727002778667706572868
0.4600172513373804727976 0.4770143443201025346134 0.4751888195613427345876 0.448587923403797106392 0.4634964667481189515286
0.4686869878755292040395 0.5016118253071302213186 0.4686895620135706486131 0.4918823121606304415998 0.4884458509296607520156
0.4738701570562283138521 0.4590518198769514279789 0.4679145758225074502867 0.4547869041912813714568 0.4990575089100260930408
0.4567368094197502004228 0.4517857401025699992658 0.4492053867244771292455 0.4505663641996882629037 0.4608945205857341576028
0.4639674018736783533967 0.4569546598212411714357 0.4718096442715577487625 0.4531806856374850922542 0.4522645109412297137474
0.4618464002108206845065 0.4483829271402640648247 0.4857736240513538250596 0.4513038896807925470789 0.4606624195924680087444
0.5006489376411580316528 0.4634559624623438844893 0.4357385621427192767818 0.4575236734404458105452 0.4730388861671308009527
0.4391646401294831414397 0.4677061850871032100407 0.4625206660629378463412 0.4871421113979895189949 0.4715831635016414780104
0.4553471691972659773917 0.4469788740995934706035 0.4466851981082583522564 0.4752464001325317766167 0.4664158144879148593098
0.490409124301065535434 0.4854573715972057557089 0.456807947331706321048 0.4756674914346228910667 0.4533542295923824183568
0.4609096844278483540158 0.4795413902416176266108 0.4727123219002507537034 0.4608340879624735486608 0.471192022609746297146
0.4672591480621631765402 0.4975984437564845985769 0.4800194289421693683018 0.4593582149107610645977 0.4633704224228474832792
0.4509342941041989405448 0.4772571121598732646341 0.4781677043077816047223 0.4753196968127836874451 0.4764751440972120333228
0.4401722030969227317243 0.4814828302359305811642 0.4781381798905679492151 0.4755986523106683350193 0.4664741504583526654493
0.4353871873484213561589 0.4501192992620282606886 0.4349476148983791312652 0.4947408611838306491393 0.4578954430097952887913
0.4229593532242660325338 0.4361294135482879918975 0.4713175880579555387939 0.430320769527383406583 0.4780860469795445433228
0.4337302514899261662862 0.4873352261104370031219 0.4733714763178571982571 0.4815877412099391907674 0.438423069792060027261
0.4150453716380102520134 0.4475764181491636017896 0.4978517299833617459903 0.4747794633132949582155 0.4517998042903276778581
0.4316932189270512587598 0.4306862072465159063661 0.4943865192651130668899 0.4654598637668901917053 0.4606067269363868232901
0.457123471066180009359 0.4629710572238053267746 0.5058537337488234753025 0.4763068098448322018612 0.507372227081347659805
0.459379676642986012336 0.4464694752761663720797 0.4641743227725393383665 0.4991372786913216286209 0.4739075507869088821344
0.4861650433046869057563 0.4674870805964717601633 0.4829700700156486781189 0.5075381016565613245817 0.4946416998683141330595
0.4757917248182172431648 0.4145086036435152165858 0.4956580096824626524565 0.492195494867041949405 0.4535621633857911949583
0.4369865371576311385837 0.4896334747309157853223 0.4635344818608456152198 0.4682271764471843678024 0.4780687764617936319489
0.4759734958833948814672 0.4553198593576351371759 0.4192712366040498572772 0.4415484783371961818865 0.4381214662271749604727
0.4844181356971775098685 0.4511019891030630390993 0.4869276004601853502507 0.4319449226539786024226 0.446535804231406818765
0.4638888944289205618077 0.4708495075015776132332 0.4520751032669025892829 0.4489453787609022916705 0.4598691017340312270356
0.4728912350735308134375 0.4613170899268219660172 0.4965072681911221197382 0.4508751048470218680819 0.4350468208230771627321
0.4836179331314304219447 0.464850580628704768138 0.46201781658993806845 0.4760799138479165359961 0.4713855865309188319934
0.4657811579488348452394 0.480293287684041614316 0.4897085983558433497365 0.4648774704150834824468 0.4909104831890879760969
0.4618361411973573305012 0.4684128977404702909304 0.47847793056591497729 0.4556462313786995843579 0.4817981067769888658958
0.4823439567940317473926 0.4634756402075606018798 0.4671997592144342958953 0.4461016787465227340093 0.4686442134633559408741
0.4865317139754526398754 0.4290653681828528465125 0.4870763272305914659555 0.4743619415925668381107 0.4685461437129840311933
0.4777289430903731148881 0.4625100465480401767948 0.4506026958738607035571 0.4647307021198104348692 0.4649379118225849816248
0.5003937112046562551981 0.4873475294191622064766 0.4307549367650743699087 0.4704485167030413306222 0.4521492882460441675718
0.4540806162448065008697 0.4582239940963906410509 0.4695891705856398701258 0.4292019170859787680072 0.4533824956577351961151
0.4374540920777190144975 0.492644577039736186741 0.4843785534717915397529 0.5016739494953347255901 0.4807201179677826341496
0.4497032979876762204263 0.4554114161588047604567 0.4774354064245192597049 0.4492277772178619454913 0.4724090965727478774738
0.4562444919663902198614 0.4683856614734104306663 0.4612791872506565860057 0.4848560608900379653718 0.4915575176178288430151
0.4832806271824193200537 0.4425962893262916919568 0.4511276264794082946352 0.4757002259384261466657 0.4413564370631840039216
0.487867989752246045132 0.44493834841997448315 0.4473911446114262613349 0.4814724432926451025416 0.4713589702823475779958
0.4501536708949374632205 0.4612060276628739408089 0.4583801730122182838123 0.4534680848050899326651 0.4675161063310205311616
0.4669852902214533529879 0.458421870008047072087 0.468142314953838178937 0.4605263766945948966658 0.4676654870484819870313
0.4324858349345895858207 0.431671762266457870183 0.463942901847663680126 0.4814401861388508674366 0.4558193716701564590643
0.4627962950287384802373 0.4518839532239639078526 0.4491428121114556804017 0.4985088021342031772143 0.4855384975556834570298
0.4571830897751048561339 0.4723634619252214394969 0.4539505766289695376514 0.4694429792297842296556 0.461770832599383063144
0.4154497381712652370744 0.4536002717021229146965 0.4370096765043871567258 0.4422270890234457074719 0.4797861007052640625048
0.4507187103438837216807 0.4404664259496560152485 0.4913920538771107127118 0.465829615898845417199 0.4470035505473939352328
0.4896707334620334362008 0.4801642310835239069178 0.4470679595025486841031 0.4248917947023566066278 0.4517248886791926376638
0.4599653147169121547577 0.4507716574741715276353 0.468422988529325012852 0.4801880711749912933328 0.4436611795768814481278
0.4923043157171894113056 0.4927197246486731407877 0.4790310668076929179193 0.4415848429070157177279 0.4521563134278985818248
0.4602398797904828087191 0.4735874285131463357068 0.47600230118676162272 0.4714548541953874627453 0.4611878150137376231044
0.4714612041617635140867 0.4799280572576072323443 0.4479339376409396944467 0.4704639911201899393767 0.4569513387905648205134
0.4488483437487059690696 0.4461509640979324786692 0.4553349944962796214121 0.4527653997970612631541 0.4535704845119993278146
0.4334835726460112836911 0.484661002627155557132 0.476345229683871884685 0.4845171884709917886624 0.4797771675641704369752
0.4721019210055307224749 0.4680732630736390564863 0.4654206239100063813297 0.4607039616713966001527 0.4760172669944870427194
0.4773512745609535534719 0.4977333408624234900586 0.4967703192902691022859 0.4752857539793400309946 0.4566672418994942028725
0.4624754420219607808917 0.4647092829656250256853 0.4356061762853585817012 0.4791054951286189966808 0.4589287967908916021642
0.4768424758595645185366 0.4485733685923987690281 0.4712362402829277097105 0.4675617953037750629264 0.4728031907112837384233
0.4753236971316447401215 0.5072497711309806867064 0.4525154306776878465612 0.5147593640838830086892 0.4525697747438309770374
0.4693637062990761443793 0.4574506968388622474286 0.4882045149486445301257 0.4577616735498243882851 0.4430257808752668391428
0.4884310861912885548541 0.4707171328892643669128 0.4795687368397835159683 0.4455839017632556298132 0.4796217997136933974822
