0.2073716792670103614693 0.005941045436349632474782 0.2799535609142208003597 0.3756581315110357754961 0.2120969712492263847814
0.2866842900358160806107 0.3305694713075579271866 0.3954183375706439296238 0.3063255772537146204293 0.2018529182195416549206
0.3766271075754638597566 0.2274767034971352797079 0.3723416258862539129915 0.3927919582624013750127 0.3380652632039127802877
0.376557964551162804856 0.3298975514847062306956 0.3866425329782539055401 0.3716224092887160379561 0.3370148055056522706785
0.3796252016042744870106 0.4006167976047484979851 0.3670164276620521137673 0.3691089731987858835183 0.3834025296618183142883
0.4002926725305813726585 0.3872401467184902745799 0.3988424046170681025458 0.3551511439004262360442 0.3903203986357926535966
0.3942417189815521916252 0.3764210085704989827704 0.3825082437946216717961 0.3284057228686536600293 0.4020172884659938272733
0.3653232169741155721532 0.3312650396864217916537 0.3807207619516901897505 0.3909515272207579328345 0.3274366664463074783065
0.3672965717152885112284 0.3757035893474250376478 0.3766934872346248130981 0.3345298380762162238078 0.3754086743117459046282
0.4057334202526768351937 0.3684041593080921161985 0.4131086820746033838603 0.3836269863127424462057 0.3772860280618619555071
0.4142048686131483137274 0.4274972082131474615529 0.4056784709411775380339 0.4039831863968704195322 0.365276355037110367352
0.3909523830336560923371 0.404894945517918158906 0.3956410069806935991821 0.4498739727704938462516 0.349247273842263783461
0.3476494429303063071757 0.4251422553010857363631 0.3885523767523310079142 0.3940043343062532010812 0.4092902944060581305052
0.4123597579561585901864 0.3922014088328726888477 0.4292175066840663855139 0.431960068894611304291 0.387873493069129549049
0.4052815938748273172365 0.4170964084162644969211 0.4256081406676681666568 0.4104387062557376952832 0.4241023120618879205246
0.4211008518653959753486 0.3989617472121148589181 0.4326375806374549992661 0.3994827014015319144313 0.3820104325693163271893
0.4511316297216803050674 0.3639872918385123057305 0.4064769566248389032204 0.4187379352179646518906 0.4284208740425416439557
0.4004361715888205552893 0.3885465389943493219604 0.4121490531021273495682 0.3963644077312321045703 0.4173476125556804805505
0.3835946769609701045844 0.4291738858037242865251 0.3907032947464409988747 0.4502359792122689885474 0.4091776338137420032659
0.4169786978819260414575 0.4042608170539533918308 0.4034020990116026217365 0.4213126536900362317795 0.4424777529503279849266
0.4528279010650795854964 0.4335457828120276579931 0.4185237004645609992792 0.4377860150061044786085 0.4424138849233135717398
0.4258576982636989582964 0.4303024817388377831762 0.4321353266749803356817 0.4313777399201260132067 0.4445860861678234687844
0.4365243162112950603415 0.4437462822444668830713 0.4245378030227722199186 0.4435557188725110511207 0.4445555763515618430404
0.4348058121385989793772 0.4286924031222610342873 0.4321648362895971762221 0.4302877103893859578321 0.4272777297250234807002
0.4309946165624382596882 0.3981347330305329279554 0.4295403015805606683486 0.423979913028317223489 0.4445192346307096920022
0.4166239635478003466851 0.4432939726775084743338 0.4485240458346195779882 0.4360424186440939875453 0.438913650630088747473
0.418979845905549375118 0.3979537937657784407719 0.435946199861218075533 0.4366393078161868168685 0.4389832532714753599024
0.4294422979778048654609 0.4267345333429272136172 0.4288934981304847737782 0.4379585985014280979932 0.4705101804442834989572
0.4184468357402016391866 0.4418100325414237028454 0.4288160632495414126275 0.4407916915907065247282 0.4286053566234241940514
0.4291132646258754568258 0.4436697118848649257217 0.4347163691902888316143 0.4339828858836711211744 0.4503709094541624158303
0.4352396870387685856585 0.4493362361842428431835 0.4535388220104972778479 0.409522567366153444901 0.4418898360638867095496
0.4334594220871283432039 0.4397877544104266678282 0.4363857181891049874523 0.4626356479103468921643 0.434812852298933516515
0.4601944790475376301231 0.419074637170322394919 0.4260856108344912573926 0.4608801992704645300591 0.4563690889210125223308
0.460313428302109195478 0.4334583726812754056468 0.4283700038261875620016 0.4384880571185778008747 0.4401873267853554372309
0.4456456842236186655093 0.4149264197480405647056 0.4312252632248463335429 0.4354993295691417798388 0.4630042898326554023924
0.4526058045630769743894 0.4394830598580626856986 0.4428619082750836488671 0.4470020191974202194984 0.4339127829665213598176
0.4326567827648061803636 0.4439898050150153929749 0.4531807892699933337788 0.4324159960207136221833 0.4506827347133876560115
0.4368674549880181001704 0.4584448317183862364743 0.4153977991014689008509 0.4575242955664939881189 0.4609042449141261266199
0.4550581935629676166855 0.4468779725353406728772 0.4445157585326930393954 0.4565753607482774256709 0.4453702035461931107996
0.4512461445631479328711 0.4374053819443547430623 0.434038467410681971792 0.4404272041612754540196 0.4396367070966181178626
0.4473134511932582157989 0.4613614248869913891937 0.4529779481364992199666 0.4630024221245306326189 0.4456635566091197708793
0.4599371150770233396265 0.4230901950415732470923 0.4602900329315074978709 0.4774649309482235093327 0.4578300273278783638631
0.4473915270017325696017 0.4325369599124527786316 0.4419743498518758917371 0.4449195144406924429248 0.4494179460522785829468
0.4461339516791831272258 0.4337110537809908406004 0.454143024199241573946 0.4491897508894706625426 0.4185329562527471680689
0.4604995887659136810655 0.4594570117456258095956 0.455030949455932864911 0.4394876176323138095015 0.4432359261191516908163
0.4481996799707135270552 0.4530391624694258267958 0.4395448067499738709074 0.4379283282895195528184 0.4330205723305084464236
0.440046873080772393827 0.4335737389323390811313 0.433294262717659417472 0.4381689546115273281579 0.4694931172092973170606
0.4426049573855438401537 0.4576170307885099597378 0.4510788180333248909015 0.436843181417801262878 0.4514354672211878249932
0.4445332908480030265075 0.4584161770384213019369 0.4742168931744983328969 0.4365725718695214752074 0.4523694513153912466485
0.4570056137329162049276 0.4601980476917925666491 0.4683738049949531245808 0.4654616842554499811513 0.4487612780481925467413
0.4391670566475676107387 0.4602204108406240945506 0.4491051623968846939761 0.4588656218490215765726 0.4693095523420693360173
0.4497627352026718483557 0.4586786184478554573296 0.454522849599849676494 0.4566536756397280294451 0.4626337117114375785398
0.4439101213234494802684 0.4458302418997810989687 0.458568786752961032871 0.4508121779716410260086 0.4405221530644244931629
0.455602941131972138944 0.4542887340118980099568 0.452074859687755903348 0.4408977677412511675392 0.4519314127529078795042
0.4540790182805553021339 0.4642386739805648976365 0.4578171819313280876962 0.4498309688941515838145 0.4453596265824679711898
0.4554779711169825162642 0.448015701921138764785 0.4242489682640047110596 0.4619051536108490507715 0.4644905876025750002256
0.4593484800039795978854 0.4501121379428299484893 0.4426050368150860614413 0.4491854336638974043439 0.4576085100355312129672
0.4460062531007633612745 0.4506075983512624061333 0.4585838438876438383218 0.4642662254019837009267 0.459104830932441365654
0.459064836983828328254 0.478913986341375941258 0.4568293441972815505103 0.4619466836915510632444 0.4418247833108999156337
0.4550000834222389656247 0.4324019329581365589377 0.4634396826612266484524 0.4704514445829740543203 0.4584121571960365626452
0.449420195643784659012 0.4630357313775796401778 0.4481972037988398160913 0.4575742205535384132808 0.4511731706308578226938
0.4516103414239569513455 0.4417132557769724021668 0.4276031532351837749495 0.4681694331209207970979 0.4413042173555513647543
0.4563624746324582703849 0.4712051099029477274627 0.45754002893462925039 0.4603594255018545466918 0.4550682404626397170588
0.4473836536015983744718 0.4613049420106393738727 0.4580682010174599305685 0.4497796638018707326978 0.4537210515505263885849
0.4367956999410980145626 0.4405630668163777463597 0.4625183959002763245394 0.4756700363061802105946 0.4522063663458729676492
0.4604272931531986357001 0.4885091993208083294142 0.4488618232305510158398 0.4606429341567792046241 0.4707002750684197711628
0.4579025768337374735495 0.4580812422434417108263 0.4535291085049218962055 0.4692665268382857912677 0.4445094670872296593878
0.4621572910672528955445 0.4506216485985459763164 0.4582039935166815070033 0.4354555798841557301415 0.4590838460580033419944
0.4597853365626557997636 0.4678145448261236682974 0.4543101271695801357531 0.462640372984764847164 0.4576504405982098067085
0.4632142481116736654201 0.4504650748336274657113 0.4527133168355333414645 0.4524008966656599683986 0.4726474512995101906476
0.4615003963232854888865 0.4453961760307784678581 0.4775812411885455022187 0.4662531908523406265488 0.4541276671300003564546
0.4523104021308881339536 0.4745809768306034626129 0.4632377539920385367544 0.4634158055141575083269 0.4696163197375329279026
0.4543064832961416499302 0.4537903652028184020573 0.4687177964937561669423 0.4496347406665417434368 0.4597550229517489150943
0.4565502319104914330516 0.4548196836593434988494 0.459150144481116240236 0.4532449050789681965767 0.4676647555960568025668
0.4684560672241478429534 0.4683836870526682516491 0.4538245427166994194756 0.4502620178600243439071 0.4378306336969808310045
0.4620332073297281905155 0.4642557635729932519197 0.4533263175339793393803 0.4600226178618497252515 0.4686168716501962205889
0.4700646104585107232232 0.4532292721388556100415 0.4681817884951832708929 0.4632841953506345866742 0.4416337993669169903477
0.4611915495061492120676 0.4585590321778004740949 0.4652164466923981445134 0.4640069579467587246313 0.4631216532899633531173
0.4536345984577009327054 0.4794456089473954629732 0.454356364239169252528 0.4593855591967503371187 0.4601717741579743892189
0.44937587655788174823 0.4679493313180995150979 0.4730678079204924668666 0.4625766350317574437945 0.4742814782478319557413
0.4674918428435627104633 0.4704166401996567881127 0.4529959866104578125601 0.4608303305852233799911 0.4607221957581619786737
0.4723091806094055766785 0.4720527822361939018769 0.4624596152425773376571 0.4811254858496437636362 0.4808641832012944816732
0.4655329800618623892206 0.4543325320804997846658 0.4602150340336454981127 0.4539725178942535244175 0.4602092910056083674419
0.465544190488916764803 0.471958590684459555753 0.4545761107774919373981 0.4476346558072268888573 0.4631904391934570930367
0.4605236433915376181858 0.4717351899325920583372 0.4676305247643954832171 0.4691547708965351781707 0.4644514140649067535094
0.4727723429702650470574 0.4666954730146029017845 0.4508408240201325911656 0.4540593379274522889411 0.4742147898464671440522
0.4726262979668151009705 0.4530521839009252205166 0.4539746898897099036674 0.4630546999391015328129 0.4602105861743155945653
0.4646198279848539058889 0.4541882939817493136658 0.4397118589408788302819 0.4568526429972928348811 0.4745594781539520523594
0.4699568780813809243391 0.4738335808568429619037 0.4640092412623102458014 0.4487642820075713467887 0.4592201235937177772328
0.4810379267696957006351 0.4683690144068412553047 0.4743923720558769763223 0.4516550351279413622052 0.4706337915996278709052
0.4674543522268041484402 0.4826948222767082352647 0.4700623141652707226434 0.4378462520963150583775 0.4739327676337580230737
0.4690139825813691154544 0.4504635929131014515647 0.4624392094849061884965 0.4789664241829779678383 0.4664764117936691101285
0.4622873242585216480016 0.4628839581532339653158 0.4543936129512976540568 0.4583603859080309095297 0.4519715571837091827589
0.4523297818837516692803 0.4610843657702636266826 0.4720406092581586610102 0.438904855653755199274 0.4682384502519544855481
0.4576031767112173631595 0.4613614144877499212427 0.4765454044573215197644 0.4413046862895910749103 0.4760833564238954318526
0.4754821835091572190812 0.4599543165615606055141 0.4704389275384357471665 0.4431223229348183467735 0.4596994862771131562518
0.4653166688231778480578 0.4362438159418929317646 0.4520338062898342501583 0.4661678098717509932669 0.4650683783868535536854
0.4699473048412922127071 0.4674579041760421604934 0.4602549871008896897884 0.4648100783680677028364 0.4665739319885479075012
0.4483210545405673097541 0.4655705617143833241478 0.4780348273812334847221 0.478113059309351273729 0.4748658567636190319661
0.4651856436963148211383 0.4438394725236024518367 0.4657622125256143941208 0.4721379542407836416018 0.4812512022189964766561
0.4536963617449256691572 0.4541007749835793139148 0.4645754287230676182752 0.4431412175799640529306 0.4739549984274444849319
0.4823776538519111145575 0.4735979117040429176022 0.4622905166326558568102 0.4477936089141745235054 0.4595620395675636404853
0.4478932858193345745157 0.4582165130237936256918 0.4816843096610909924493 0.473255494828480394176 0.4428329919002211290113
0.4576411875782854798977 0.4660477459797195964875 0.4642509759956451875773 0.4654621666492252396452 0.4650844839566337651782
0.4504854254619266029636 0.4642129433276939720621 0.4624122363987905326432 0.4680659031555666205193 0.4676339722431504530853
0.4707086412871236413835 0.4645445431895592336424 0.464135047826634061785 0.4657360046024878741378 0.4695964251078119655602
0.4593824103870527975069 0.4576005277158942119442 0.4488333726308859072951 0.4739620429714196947479 0.4659899215904657610032
0.4818007783588512116246 0.466382847445216353055 0.4648598037007814487431 0.4491781523619955418525 0.4675025035967106945556
0.4616188958864241853597 0.4509790415658359030715 0.4779743859657824556209 0.4666488553307461817354 0.4584414578274012552761
0.4575592795294505799042 0.460728619552623064326 0.4566849937001511428036 0.4640878351081048069915 0.4673279895276182815955
0.4640509009680011676124 0.4742694463481852973352 0.4571888043196539186397 0.4535702791072608874856 0.4619190283701897214996
0.4579419855843704367793 0.4438883705970561033283 0.4669536140519541800309 0.4497404720775227682239 0.468604364175125576164
0.4698449621605679804581 0.4773926757027944778322 0.4644883696364796588085 0.4563170711622105413241 0.4511389446943095959952
0.4730972990597649974198 0.4587636083535370778996 0.4774299609533017019203 0.4560512189593859400105 0.4663729635769378600862
0.4606836746342703459156 0.4683038432129724704112 0.4449604850009550305323 0.4676118639680764688116 0.4581695840031617117383
0.4533735670945774898222 0.4595452965052761462594 0.4527328494578573003793 0.4584870424238023933761 0.4766042065357460888464
0.4695838239758273191526 0.4746862524259399807036 0.4750443771359434408375 0.4675969535625227324616 0.457025968166366147738
0.4566521117052329548081 0.4695944436827839130189 0.4710444232678137055359 0.4512843192281840165592 0.4574278501375492189673
0.4582892419690627883178 0.4553945933203812357348 0.4573746400062822514698 0.4744413029354561661677 0.4609966309701597486637
0.467071095038489092488 0.4573464649283842109462 0.462592878443522370624 0.4703045786609287848279 0.4630024922644970231111
0.4677139115543792469154 0.4723533153238286264042 0.4495084030006675779312 0.4561223699220074978555 0.464317800436800820485
0.4760610378843057599596 0.4563966199112551302974 0.4645684796261658755512 0.45610240798002582574 0.4691686680497622607966
0.4532480445553623282784 0.4565849301619672728769 0.4575578513912448297418 0.4684249099171896024707 0.4650829760870381912596
0.471232527199521855632 0.4691591889645653767893 0.4744520672310487685586 0.4742596931684818772901 0.4659879104024407525664
0.456897260721231934788 0.4730887811608032733623 0.4694519591244333267532 0.4676153097366725353012 0.4654296613408074323459
0.4659158616175800848858 0.4593850310788283874963 0.4843839950789082804405 0.4576366733658024932296 0.4659741697797746828869
0.4526200066949483402645 0.4635519315592004363502 0.4575305598387546246464 0.4498396138422562917647 0.4618084841854303568276
0.4904235232693007762172 0.4629535365377007716248 0.4599738469881032854047 0.469535718848869521036 0.458236733489483072379
0.4747815206546093236284 0.4675422546476315499575 0.4644994717291801578085 0.4746929232064404091673 0.4707605830117915779454
0.4508897770696320694839 0.4602502486581948049071 0.4830574313937420760645 0.4702303422399517485175 0.4622420177324217949177
0.4591247822442597326109 0.4588718897817581909848
