NaN NaN NaN NaN 4.577702678311574402414
5.020187451353511853824 4.705776845294697530164 4.86129383970109074653 4.200622400137351775129 4.735065526472617136733
4.712941503723143021887 4.733850315439722677979 4.617269709899772145434 4.507807015829866870149 4.743332283691625406163
4.677802694283228035488 4.794462660131409315056 4.75580273062354930147 4.563726400893629353561 4.923651674416191781347
4.78636386963939930439 4.819557524364694423014 4.830436573146696055403 4.749687269491498220475 4.792364798114423507513
4.879142622081198865658 4.688706717408258839441 4.755794788806451123264 4.783705380861619893551 4.707228116221574332201
4.823480027277009085651 4.716299493740305770473 4.823525131247451191996 4.70823563583589344006 4.624665748947302645888
4.709212365648505205229 4.821170687200561744135 4.837008855225055192761 4.8452063047242113214 4.720317307491065150771
4.599093741138334578977 4.796231094190268606781 4.73927095770120843099 4.843943469607698837365 4.632405181092642543206
4.790348224117687792045 4.769861954373145529473 4.756267529850531694535 4.710033188373764723167 4.706579210120360734493
4.786604592947002245751 4.684659021462771910649 4.639445113668703157828 4.685825274898504311238 4.861879852033252902288
4.747967794742386615781 4.855190351196122300337 4.731791297808499052735 4.79069632617062968194 4.817768028181269812649
4.777006684033485939267 4.762213946042428425187 4.711994013299499073355 4.683853068431345967326 4.751240160848760218926
4.828899036053632798371 NaN NaN NaN NaN
NaN 4.765306162430654524087 4.803591632911037301312 4.828947372963876993879 4.679651654058299747874
4.81583410491492269756 4.658562587268107790806 4.794188709917287738449 4.708188924602934477548 4.903999700657521998437
4.748461090483098168136 4.705247005008212468624 4.69814373705206200782 4.453247158614702883028 4.658815240193081130826
4.547882009357366861479 4.759628194678256818406 4.60529000811639299684 4.820962062448895579791 4.813009119668556046179
4.812907919425866154484 4.855362515364592290723 4.819608632556273697389 4.757707123281293526418 4.762539569140358253208
4.686694190173528618004 4.84468183107256944453 4.767079779244363990642 4.81078897433630814362 4.773165867117427296762
4.863587101983684490847 4.901908372932407331746 4.830129352605792902864 4.548223423003848964186 4.753909700852874564703
4.780509359504838684529 4.813104712553671227226 4.820764794012213805274 4.696893359134765688623 4.652750442080860970862
4.778553824311695841232 4.712861915682341695799 4.890706558791198865777 4.914206616443740571754 4.665543358943810225981
4.748121417248634124064 4.90189631801527792021 4.663600429061752095095 4.762048660332332872258 4.771470813438932978556
4.784980231041076947918 4.614072061724369788749 4.644119532653812498779 4.64328162697697699457 4.684850286692124221588
4.682823323605991738816 4.720696504148834904413 4.722239470615748224702 4.803553055959032924704 4.663229262908708427915
4.74860066068597053146 NaN NaN NaN NaN
NaN 4.871361702389938486135 4.635379400991592291348 4.868968093636166116767 4.678584455198167901813
4.510234880743020369209 4.843779976630006700589 4.618029799823727188368 4.531498313874908312471 4.614500423220135871816
4.706587459689076879954 4.492977494344361666379 4.699991085734589013612 4.49027937972391999466 4.552831893132777807409
4.885184395517383038055 4.586141111838125006273 4.696148053678863121263 4.770933375453362046414 4.690031442126584515506
4.873130405902015738207 4.791848175050741787118 4.788907208013487348808 4.714804109621497651972 4.707331857866678070934
4.613672552983739016952 4.740966811067142572256 4.754953285841444277082 4.598556795177711542522 4.725921912678367142746
4.717169894742791136366 4.752199350651761022846 4.741547058798583513806 4.768619530542399509443 4.908921618528037100759
4.706165208888855921998 4.677153229918036281276 4.717382433169856170707 4.745061530284277573344 4.696349002700817898415
4.670028555241366952089 4.695926648237545464326 4.687590535959218485118 4.774261411337355376361 4.700740538731283280072
4.717400407593708600018 4.684045412271768960011 4.811339883441276832343 4.767229660290847270687 4.678566604819139662652
4.697170901599742265375 4.773948620698318379141 4.764229923601211780237 4.697437897472463319559 4.777068774126172812089
4.792146369551671725162 4.738318415857044385575 4.751205399613366964218 4.640242037684146225729 4.902586521476915315532
4.764880304100767460795 4.76336576665988076229 4.797319975303609318473 NaN NaN
NaN NaN NaN 4.880660222364852529608 4.616919126628565628323
4.802074974252432681965 4.763038822952967876745 4.837753683567965978796 4.726523688708300419137 4.643209231000766656905
4.877347938947498739992 4.753720955556919314233 4.843627994788042734342 4.662632130474592351277 4.840806980109564783277
4.911703185760068812726 4.767847031296040150039 4.708215008739086826495 4.792967474043901887626 4.691156503214803485946
4.669139594697215400743 4.614323380546506037092 4.742661391055441377773 4.845542504178180109875 4.718223525878821433821
4.745580560920305224215 4.742090923309524086449 4.754177254792114837301 4.890393875977789406306 4.846779379895659545241
4.83201655270951047072 4.757875462705602132019 4.77159348884883272035 4.573297205323514802444 4.564666213555293339255
4.584737100230767303799 4.667978388335466632952 4.695966481098581724041 4.706117496974167480062 4.720609289057600577166
4.768905204629930949523 4.709900806913277726551 4.553506648313388360805 4.734456210487601346415 4.563659261431487479399
4.60033676905507160626 4.606363657449850990133 4.580984618207996739159 4.615470376743791014462 4.628016437740461341832
4.611000846128949781644 4.628131721201306447711 4.628873557793188986409 4.649103794365953667977 4.617212689959347748925
4.704907454164502844662 4.654611955299356118587 4.697896395700118965522 4.719432337708054703285 4.731391902980449870597
4.748390412211680455812 4.591589198598494014902 NaN NaN NaN
NaN NaN 4.382708234604427488534 3.641888827611301060472 3.95355752766599755077
3.674247148853975186711 3.558097310629715792629 4.590806004364103465321 4.720345547851686696106 4.701371443337787781047
4.681649523487544151124 4.76888205738326487193 4.765491690971367155782 4.504144704566769519261 4.519349588594956834697
4.72593605521331117103 4.600895403494398294697 4.656385045031329994458 4.603814278755145039668 4.755538570321681923758
4.815322970777701883094 4.733550201845118543531 4.737652731482420165321 4.761520523387641645741 4.775268815540758104987
4.85591537404434880898 4.736920777684208161418 4.792712409609372059549 4.756792716650935837208 4.675625573332715667618
4.798681458063528637581 4.950617568193948159205 4.728437985279822619589 4.852820193043958063583 4.864035536560985306664
4.844446382232811210145 4.813875451798242721679 4.869396101273217425387 4.78542466996816617808 4.811813399819999226281
4.796936715262781980584 4.715944470618794959194 4.823547981810929030644 4.681459791286610716554 4.79397894985709882576
4.781946291629998846417 4.677864522272042080431 4.737481878435784388159 4.778548350245079845422 4.807279548460993368053
4.776723020789212625914 4.935849142094613561937 4.720653393373135386923 4.67931594841319231648 4.688543313520584732146
4.869015311183954253238 4.816107356337822054115 4.647412618316381305306 4.812088420214681860898 4.776955634383693194422
4.743898103718465542045 4.787729314153482462757 4.792825064671608181754 4.775898772152729065965 NaN
NaN NaN NaN NaN 4.66581738329662787379
4.696171856409256051279 4.540674613984043261894 4.705765173230795461734 4.593987181968554267542 4.654919828899860334559
4.643000434172947166189 4.735782838302635688876 4.162278075064810067829 4.738168668377399583846 4.731404034264181213132
4.723511667851515660743 4.678115569910533899645 4.570037227567116389082 4.734627769230127292133 4.851569800117302655451
4.776925675008933502852 4.85187925223836113986 4.895355863241506177985 4.784954391491116787449 4.65496573966692128721
4.831813764039282865781 4.70463361298000659616 4.713811360400956829153 4.721448391273681544078 4.740252287307567868879
4.629384037656947725736 4.72120737930304290586 4.827835312280683410791 4.786827315154524420393 4.398111100501210124492
4.427576078715786955797 4.72990705443784520412 4.814321119374763036092 4.760851810408147422038 4.45439275605685569559
4.792709293183657237591 4.81685779024438520679 4.718745043223539603616 4.620008310972426812668 4.512042854800930591352
4.47610582581826399462 4.86368506900552777239 4.756877151464252051483 4.746945693323501025418 4.831683249542552793798
4.735236475481924500741 4.629107724804240930894 4.749474893006894404834 4.75259001280722070959 4.75985344895943907062
4.762310851058829896942 4.748312331722691403968 4.722259070054851015641 4.638847326898786427307 4.764991360369776884909
4.604865565027323803804 4.75804919197953513077 4.849613842265473095949 4.750190711736215654071 4.793127141337516050612
4.586235907084289742386 NaN NaN NaN NaN
NaN 4.054337201527636658227 4.069486202469966507067 4.531360128226753047898 4.636537594218529179102
3.772052842764207269965 4.102480695959466849843 3.919995339605125028726 3.909932383913732767411 4.102181906559316360017
4.238973396957478989577 4.604430598844491129285 4.629364686611479484668 4.140008611390189940948 3.549135067555133193906
4.281869575650052439642 4.601078200678128560241 4.752894655986754202104 4.742067263298597623589 4.786084339293608103105
4.799588311639840121359 4.573578337458329201581 4.599628593735405779341 4.403442257738947596124 4.86849762471658298324
4.667445812267554394737 4.680321221527670161322 4.802710997836846296138 4.41594153044017900811 4.797275548881352769115
4.744931426386039596821 4.625682382279864945929 4.66235458113113843126 4.708207611188947261383 4.694196798797729108799
4.684100793215718816498 4.770725623971158846359 4.696633380530056633972 4.817760909674386304857 4.732264807903230341424
4.75724781101687721474 4.789797759517011144226 4.819461548017161867108 4.712161874285945017959 4.74103054773888565876
4.803090945925348798085 4.976109573941491781568 4.871894511417350415172 4.985492243759622965626 5.013808968605426130694
4.92045668227919197335 5.015633470298089591211 4.769675737482535815559 4.736932575104967568791 4.806005237379009642495
4.783288057624458744499 4.782551322323775444545 4.74579957574635180606 4.698831296112129685127 4.664917606185820631026
4.801323378407246877941 4.835906912711104510549 4.828075499547508364628 NaN NaN
NaN NaN NaN 4.889874688302462857337 4.676138754473031511338
4.720336361897941479526 4.816085858527439533816 4.669881402078792653754 4.655823493693894477019 4.715316244277229174031
4.347794109970502418605 4.541498203511128650689 3.656980057337207323798 4.877602524614197854191 4.424706196888367415454
4.794939920910977093627 4.474624666010635465341 4.606102266078943685557 4.402272440418408372409 4.498480993452099951924
4.774022802139254118003 4.371053822514387121601 4.68763302064160569671 4.307533437531906983509 4.776598508191274738977
4.740339983593845119003 4.331341740674426787905 4.523989253747240368853 4.725721369230279300666 4.860177889605417078656
4.673543188340655518687 4.669580403419997693959 4.846777468857343507125 4.79299452064432696119 4.715417030791764219089
4.733562676651006384532 4.713065123515659315956 4.802926558307254900626 4.903674251791824367785 4.49940910191555332176
4.685209810218774251211 4.69229058565416323745 4.905820155590369324727 4.709908194480733278908 4.599303217301783597293
4.790565993791135568358 4.787564840938387966673 4.721549675752179098254 4.803210513623056066024 4.694243967975062048481
4.791436434126159937819 4.529671870381312359655 4.682489908733388439543 4.854086631633269810493 4.630175258778455038566
4.584097733229551607792 4.535053877941312983069 4.516496517421288992011 4.75078729294446411302 4.769030564952328354877
4.910536615376092761664 NaN NaN NaN NaN
NaN 4.862044504729449378999 4.282443478450008278458 4.642636033268575879163 4.41655053642710981876
4.808951238617736656522 4.371689809243768820579 4.837270829452268827708 4.411605993208627118918 4.813268249956219158037
4.820214179473922833097 4.718678414626402251031 4.671976118086127449658 4.712474873171894174106 4.706487402757340454684
4.440539006164772928287 4.497212830708123831869 4.756099708299159622982 4.815823556894009982443 4.568528582940957427638
4.833446015371912096725 4.370831681571992533009 4.818701824279669310158 4.704798890324018323383 4.850174176180824581195
4.737434949981326859358 4.73102474797213812252 4.864152100067539841177 4.719935941131313761332 4.760029465681958171785
4.735787517853621508834 4.802187313172247229431 4.684908921906708378913 4.664697157010661676679 4.757054806690465653674
4.662342031626525162835 4.734441753407688580069 4.707674139338504204488 4.679575406741475873673 4.655773088223261524377
4.681517389692266384316 4.704561335545456302043 4.741274404293089439477 4.868078171690067179611 4.656253992251603079922
4.769614361700347693329 4.825483024599228620843 4.639538550720590848186 4.715815142787201708074 4.729246409341175905183
4.53023426934897255336 4.804553143870487375011 4.783887673142965368811 4.79255259966438540431 4.776033595153150734802
4.441642477911508457566 4.649374633841417470137 4.817832968433910068029 4.811922407806749291126 4.611421892921430121248
4.562962227944809434632 4.650975429482897993694 4.801568036217268797827 NaN NaN
NaN NaN NaN 4.531397886807638997198 4.285618343044108158324
4.747380239458048656331 4.123148869904920132967 3.941820794184143217365 4.067284257551428083843 4.449200253133129834282
4.590478334532585691363 4.40724172446318540608 4.363699251823980773679 4.690913892430384812826 3.907749046270661441582
4.582095957034294286814 4.641210693782884533221 4.57033354095760824265 4.597992908580262216844 3.826937737335587730314
3.801162130693040541729 3.864797023419398680488 4.534995208298873592412 4.733432055496028745267 4.629150468689053887772
4.458141590859046488049 4.457114814148042114539 4.574141886262353295933 4.748580817911143725496 4.848595327970448565225
4.662216366684811319487 4.709951951705152239924 4.509986161391939418763 4.611410820918736774843 4.736151390558285712018
4.722338678955013691052 4.653320339136461925023 4.770881112981377292215 4.845729753594601341149 4.698817450366022718811
4.659102211072747579124 4.582384839288780042921 4.606218429063975605686 4.647463442202725225627 4.07700152015513506143
4.848429340774504936462 4.347557117100566692613 4.704211608319995185923 4.80934059221544085716 4.744036323089140694265
4.698812020653495125089 4.387964254267277652843 4.784923672507818359634 4.694652509679795748809 4.623622611708612772929
4.736256990544978506819 4.710280098665947434711 4.770144935019586363012 4.653701944851751370891 4.682333944578117801427
4.674530526948546871324 4.757609324281544260771 4.791057791132948828761 4.797288642948784875841 4.789982911044057267702
NaN NaN NaN NaN NaN
4.057723763141040329572 4.729593304392656349933 4.541248077870274180157 4.45776117398258175939 4.068305471076525847707
4.557386133446126308399 4.670401745130453363686 4.578827981134807600938 4.506124932793372117601 4.558496737564203371562
4.768163274381442384708 4.883823972136041469128 4.666705551084810110751 4.10723270304623166993 4.882709916790573423384
4.816205513080120681479 4.356380337615633813186 4.81249332904935389621 4.588475823200190539808 4.790202889177658462927
4.723747836251307674615 4.709119987109128047109 4.820438677013618722356 4.792666563689682135418 4.809809561599275973265
4.744122107061564896924 4.715849011343594021639 4.739392568979944542207 4.490397812343958960923 4.737068497974661340777
4.69235133893687805795 4.549142180181867445299 4.701370125428646851162 4.458625681038348886887 4.727668527677971077594
4.790694312522912667873 4.645485486599819857645 4.517258864145550667502 4.621372808856391678489 4.662239788096551151853
4.675620218047710885401 4.562688985502895810953 4.772955154097121344137 4.720261462936231389165 4.837118035315042696709
4.865578478225591751993 4.742355638586006172375 4.732623137822320025236 4.756370957145243494324 4.696467026831764535189
4.778929865303453539127 4.717731697750604524799 4.692432129035859489363 4.689304232237121006222 4.761397470020668265533
4.72017455498981952644 4.743501680401580600233 4.628930567785949357074 4.741975357109607713824 4.762552814483314911342
NaN NaN NaN NaN NaN
4.628988874233758821219 4.859245697927223162083 4.843573527687457414004 4.53679524545705703531 4.472986622438370751809
4.709347987089876674816 4.756724106365119553175 4.85646962803748216686 4.546933847231119152354 4.479746901609328979532
4.814024858978021015332 4.67404385673363975684 4.502103193126388624989 4.704144153259694149938 4.748278646869622754423
4.695095480050593295118 4.742174074488889168322 4.589976547162088138521 4.784848349867360184362 4.661939323630908127427
4.705054102596210263698 4.739295068089736773231 4.776205699979077401451 4.757632832170036962793 4.797841262486311819657
4.511470878027277642275 4.770540380342009001424 4.706263619398072250988 4.837095787912366162686 4.819541707416411746578
4.692968417781641754516 4.776109720320515172887 4.750581613856585505573 4.893660790887599532084 4.834318645012720239151
4.72104035702700475241 4.786650841445341697522 4.601610364745182479851 4.750258564812206429906 4.791426367233420968716
4.633898891804221875645 4.819059395216433117071 4.670154167543513423766 4.829445075516635377255 4.668902171956006874609
4.720033270336263520051 4.674647475046509015328 NaN NaN NaN
NaN NaN NaN NaN NaN
NaN NaN NaN NaN NaN
NaN
