-0.2196920592696242069408 -0.1285018089557723730554 0.2229103633966758313267 0.2335295632811542898555 0.2360257248584319011986
-0.1182292470511192433724 0.1408280469544202773147 -0.06136400915249890647418 0.09507177480126409452321 -0.1107799367743491220084
0.07053805770594745450097 0.2702490157648726465389 0.2867257336132711387222 0.307794730379245706775 0.1792820244508118443516
0.09367819124298891464431 0.1176188086991629550004 -0.02259279333963516017691 0.2957246631645865098115 0.1946086603669430481478
0.1770481303279820006757 0.2197551227360305392544 -0.01211746727289601636979 0.03416032805525959920034 0.2179702766740593544714
0.1075305013225320849291 0.09019125475107100942118 0.09161417447885421283527 0.3255780566689309152295 0.3056920059828244218281
0.1412483911717737905533 0.2134256399258802061603 0.009276626752931121586143 0.2461460258602351514057 0.01382715713071722488103
-0.1255999712538057311306 0.1853153188859614775019 0.01982991114130661092219 -0.09166976816896112156829 0.2313695603859943217273
0.1063516013848450070256 0.2250667063578702109528 0.1928941173646520623741 0.1829761656915727119355 0.007214551216921644312408
0.2789106351587941623471 0.01046346611583886219987 0.1113941799738555477051 0.1816958244478461548255 0.004058476533838675619215
0.01531138545046294326124 -0.07092897086550369045721 0.1421125580454617731707 0.2849454173815570978689 0.2326917142279417427542
0.2215639855204177555148 0.1804424404417497851405 0.08851130365127837795747 0.2152115797849414313703 0.009408596036987910971039
0.1986746488657636089403 0.2448733828864834427552 0.1636864515977252410028 0.07761839005396667379166 0.1031426494055602549604
0.2039151445842991849933 0.3030269605902912166684 0.06690348691588250684692 0.01526665231430736520413 0.198232389359535687845
0.1667962648359839483714 0.1977664797944590491241 0.1359132036598164894325 0.197126593680258366259 0.1423862376027215381757
0.2543910409775591019432 0.1996969145428979797163 0.2349827614354163540789 0.2012040720217383171775 0.2653676724482554316609
0.2604555191716706463723 0.1678778367342070587664 0.2377277744297086603531 0.1480329304954330904565 -0.01329846086680526277835
0.230636666860240341359 -0.1135022441689205047188 0.2217030341183213182354 0.07320769619293018837247 0.269530804751136721098
0.1213259148604056147924 0.2528051607354621088675 0.2528622271270785093478 0.1567159501164879509272 0.2569046116716248162604
0.1542945600220937685254 0.2876938689907039825577 0.1016038349266782520042 0.2071951397985629939047 0.1486215077083709312777
0.1907752047763643654665 0.2225717237000601200769 0.1280252956397466557181 0.1918000011949879679563 0.2015392366273373037089
0.04586882083523847325468 0.2223792584156156215691 0.1765332347534449564108 0.2130769538877936852828 0.2964501690246669207696
0.1464890707999161045816 0.1270711646816940210147 0.220670374759316195723 0.2356906908904910225022 0.2183890980451056729184
0.1814427675198846678928 0.244760330302121603685 0.141368913646612193169 0.1204768174946770215028 0.1119011980717309062694
0.2057486875078602950317 0.2223115107449293303965 0.222790245325381414121 0.2721613971076470295252 0.1441413985237381401028
0.1251262789253696772196 0.1431894598825945164045 0.1219467085930738131649 0.2377354699786685399143 0.165365842887187280974
0.2498318703246776573135 0.2070960447476719312743 0.2183533333425819733531 0.2084173960173032469356 0.113438855072973313054
0.157107508335171147662 0.1505359413660269651825 0.1429404128991552669348 0.1170421430912688548487 0.1840813275523162650948
0.2157038864973973013583 0.1941518317482468780621 0.215718080485957530712 0.1346142536012611690133 0.1696985695735302723808
0.1436223206397669593937 0.1571912313615646261677 0.1930408800596348506406 0.2930999143061613354533 0.105884025244159837853
0.1500041313404950615862 0.153542229524905815552 0.1977286480894222542304 0.1694315306692855682691 0.1497728417886048657426
0.225334528954488300112 0.223673848733793562138 0.1783757073689425098895 0.1431090728343556717217 0.2043625422914137346186
0.2308528428766882245604 0.2230097834409272283818 0.2377346982983267742462 0.1104643718031479565633 0.1075294688561346106992
0.1827426429430867027559 0.1775188500637339128474 0.1437480377849194579376 0.05798814558999053347943 0.1832294023655999248845
0.1797935985390678448326 0.2237174039295583283238 0.2028249597781490165538 0.12217189517513259156 0.261044366992779108827
0.1314055177395877793689 0.1189314360225906669344 0.1920589503240573703291 0.1998468448491290960778 0.2065555444018569164477
0.1853205280525374865075 0.1306904249748801483122 0.1937040832801128209528 0.2170692059167642906647 0.1108068361836948151344
0.1586404574949158707842 0.1951860602458171667362 0.1903138386445504814937 0.2145125307311460116644 0.08925877986389084417507
0.1605761947443647974509 0.2341273962832855493055 0.1711828334065856882518 0.2325511233906161767671 0.1446952113365333469908
0.1148659719554864788726 0.1904001206211799190893 0.1194900549871506095778 0.1744311703631169219175 0.1134391866302006113276
0.1674634934756328574768 0.1394694218151640019432 0.07385487809538610060045 0.2037199901523636946798 0.2185097706950711315965
0.2352709532504985434631 0.2051716366788672585297 0.2202232226991205354949 0.1710876472994196928479 0.1045463838966411568299
0.2409816132424333900985 0.2650732294426458857117 0.2264428862881618653713 0.1967894024448137157979 0.1504991312208291964758
0.1403158611067369387904 0.1474215915920450148402 0.2175129048504537143671 0.231282479888653663691 0.1314349980623735481
0.1465009633139633393739 0.1458136053708358192971 0.1323579346618150298642 0.04167793245053881545648 0.128920938386537509146
0.1659704146689507109347 0.1986589252097720192936 0.1143251745158415100256 0.1660332299731956673394 0.2130613872051312640554
0.1643344921802441793712 0.1091150636125955836198 0.1436293284054432906061 0.2001052637780590948147 0.1031972176389891054926
0.1728532769181514161527 0.2322347866055417264786 0.1768900090734103203172 0.2221455072149444431862 0.1382873326714880723998
0.1544054280680692836647 0.1791771803202974744362 0.1757414924293422830992 0.2225559912774958126747 0.1973479392390120323864
0.1802736158683382605705 0.07839991361136314229618 0.1666519237903408001689 0.1821593575235505857446 0.1295797491130470935339
0.2154735497599677973568 0.1651030301092586971556 0.1180156447875171238371 0.2122669068444280604524 0.1428231125433992720897
0.1260975952646729014717 0.1083602383914702704804 0.1637003172685417284882 0.09835656342833191956299 0.2354122682928408705205
0.06837516532564454074805 0.1488401450748865206819 0.1276976137718339732174 0.06811375656627760566408 0.1674247114518109535997
0.140189721581292364716 0.1432372001575954734154 0.1886628801701550894876 0.1900532472115118443057 0.1244948042814095906516
0.2142144430201245730583 0.1176383998022598881272 0.2297599973082624646992 0.1435577963803419121458 0.09523342228376042994942
0.07759805299105403120219 0.1408990221563187483778 0.2559307838826127001752 0.3041746143132009194687 0.1532066334723543310492
0.2425783135091514330917 0.1024020687423787961956 0.1992331930427553854379 0.084681768411008412345 0.05828369745148432451431
0.1266599604443027493605 0.164127519612784045222 0.07922599105598043811582 0.2083924119966296395479 0.2033117514707804274199
0.1807153664838347106869 0.150514480439614850571 0.1334207751698110455685 0.1574752790680438163662 0.09442743583028055665007
0.08464952367847544678625 0.09281283254654026926289 0.2084971037822503925341 0.1703958822662271499482 0.1293957065753323920632
0.1708532154636815403315 0.07823235521658974955805 0.1693229814481944095483 0.2087023891065686587165 0.1731276729366037492319
0.162387470133836531172 0.2042706493433656400605 0.09981371234365435385349 0.1532567892598202252685 0.066060664014098657848
0.1942854819084572637333 0.1790025716027859314927 0.1632069078958028329751 0.1507797026668877271582 0.1767220147118313822165
0.1688797951385353768305 0.1497854878702924441569 0.1194837096526524394813 0.1921088479061621168142 0.1648522745414135182163
0.1430773000940729622332 0.1556993198633931652086 0.08672641629630831183739 0.1587375823780029227006 0.1518315734482368895009
0.1677701833670910136487 0.1332352472513457786185 0.2108780289470958413389 0.1409125334913353677635 0.09404689936895549440266
0.1479746087516095043313 0.1400979667985370324956 0.1251955064463775302297 0.1991227826750895102403 0.2033865069851525930744
0.1932970757584403231899 0.2321354493788722606062 0.1748680214938456434215 0.1901599501106448764087 0.2224912995203756072016
0.1596362305329384889685 0.1170676459770074590017 0.2006261146311446308399 0.2601897810203975813792 0.1876805460772374700706
0.1752640553113467836166 0.1763724853652521018521 0.1752190019209601545835 0.1247057343026561765376 0.1742691641813703118391
0.1947965360227137676663 0.1319003771989276652121 0.1561496841907864807641 0.1207143872336188389349 0.09451513456536454749202
0.1215315462197983781278 0.1441474104030873726323 0.1674736274395415280836 0.1100692484318446101588 0.1862817587377298411688
0.1184199164867695275305 0.07553989518514796219772 0.1631179814101491321043 0.1563893460307067273529 0.1455880320070346845007
0.1511568185642482298192 0.1608775088031794697763 0.1180131293692041200005 0.2126054209467871103367 0.08942659666968431897427
0.05561861042565522522674 0.1693179621218433572594 0.1603543148216493852143 0.2157895736459417845854 0.191316106535009466949
0.09698803343405594523663 0.1200692122699638653138 0.1236452970666976486358 0.1836622159646265350919 0.1247558443258954541388
0.04362738522726972156818 0.09163521818676863273101 0.1303386865548243900292 0.1372494212250435774436 0.1285131746966684251898
0.04289566568715876687667 0.1447571064550225161671 0.1352512752689015163021 0.1842370514504609591011 0.1312031448328438154594
0.2247823103767960517541 0.200194460951929803505 0.01706796428353686556623 0.1703613102203921647604 0.1021989292015483413723
0.209987542735864535226 0.181431601015547422362 0.1794169860114734060819 0.1211759043909852451293 0.1871608431467982058827
0.2127903860310244588128 0.1730188003672256946697 0.1148286558974608712047 0.1566392193577448577191 0.1997892293245502881582
0.2022828210907935131413 0.1311795753037605372082 0.1848145051178860243102 0.1760076021699954196276 0.1780082738192547697764
0.1920760089796782199567 0.1200680746939279397445 0.1334743241995557938573 0.1005324100397711195587 0.1942851538918608789164
0.1729108748551582419584 0.2830710191683469822976 0.1728312619235801150808 0.1780078256729723529261 0.200872714908394728317
0.04726097216845405457608 0.1304600865400664111426 0.159357395633780513089 0.2143176766403523669791 0.1373623908149253503019
0.1234954787111580964964 0.1730900329915693869332 0.1137028809079877605948 0.1988562015190434573153 0.0833612556440088275922
0.1933057583401059931205 0.1790939263938606251791 0.167347508013159618212 0.1161886112979527291289 0.1909307649741460999326
0.2313131680543376311743 0.1366326321768493168296 0.1234913139797060438463 0.1607995589403255487504 0.1050568058072688382154
0.1333332120842897761115 0.1607905926457892376025 0.1173378828803088164134 0.1473015809889369753805 0.1393754581378593426777
0.2171636779333472322406 0.1242500168884030919969 0.1839726227852341855495 0.1690928751018853370969 0.1667735096761936985921
0.1481042623904698929405 0.1296370747938761780471 0.2341440531883734743612 0.1705693842912070212758 0.1568344506292650430979
0.1453623463294085038644 0.1330039210377384484296 0.1291754470386340669652 0.1877959977499029375902 0.1097732551986526777776
0.1259838853665084523747 0.05070367059583728852612 0.1484529626529986212624 0.1715153136161534641602 0.132928731210798345419
0.1808266024726765675013 0.1358023524295439432574 0.1609768224959377269645 0.1196147913177507404736 0.1710804793022481229414
0.0829172404013260450073 0.1064466940889725876662 0.1143119949856418321454 0.1571747528491073686574 0.1800466776474928809471
0.1857264647773685106724 0.138743797818681430245 0.1115673057707143867034 0.1324024800952662561659 0.1733320241176338760702
0.1339129982438301003089 0.1117227490234053988161 0.1490315701069770959464 0.1490856485591481317421 0.1593538664702739415802
0.1512413158959038939066 0.1854575870427407346952 0.1415113457926244489027 0.119876440622803767666 0.07167691125492063608515
0.1600719139923808542747 0.1297894546838823937041 0.1900277993081125604835 0.05779990082650102861672 0.1092668434621035800092
0.0853027006285803773844 0.1670583744383921653842 0.1962817557410210245195 0.07432121856036946749846 0.1155566355715666321258
0.1559798268222311878883 0.152551320082855351723 0.2462557240735603336645 0.138310865057182319493 0.07992963258144385185755
0.1037570114862988723825 0.1058563421589156366975 0.1198999330900214627116 0.08955612200505246034421 0.1694656843865452733322
0.1009264907631310659308 0.1607529518416231095745 0.148754883963353984333 0.1892969766044204638078 0.1454405248565310837527
0.03963396992994251688547 0.1572981403568595171194 0.1259610280853920294408 0.1488231784168076166086 0.1052019454912207080399
0.166719333677551345696 0.1924891202251619026775 0.1660323400925212689039 0.06529320565786096708383 0.1520048386265186735056
0.1877222524324272945329 0.07758074849213561496875 0.1084814344245767225861 0.2203983600198908543444 0.1531058606410448108548
0.2015628968288111777518 0.1425069800423000021539 0.08203703668030354334562 0.109875696946867926207 0.1060766549297986888201
0.141725115455138467313 0.08419059759572186663057 0.1166115198986530099301 0.1618370836006604029933 0.1664082720526151859541
0.1480233058495608322591 0.09329888236183730976236 0.1118864294677236331799 0.05157233660983658041221 0.08333449084266777995289
0.1605183681819649654798 0.1214526976887177062148 0.1132170720233547367428 0.153775765101852701644 0.2230750036913782818893
0.2155684243748273443142 0.1491498450017955390567 0.1878448472364577237492 0.1014803556021042219015 0.1861871428005326956079
0.1138548278922614787056 0.1281059737698924949623 0.1492369755244057905053 0.1813019672942479953992 0.2237742696236703077162
0.1130438881194281985909 0.2023374603768274548887 0.1085601404807118725016 0.1620964431716501175096 0.1568516987381483873687
0.1141706307730328412431 0.1131641481277037702968 0.1145865230132462747603 0.07316124268478851888631 0.1347159605794428782755
0.1856306589463894984871 0.1254547515566687421185 0.09716513566300825910371 0.1051453305297137402752 0.1203526176807681036252
0.1790229136142873211934 0.08954793475047355399976 0.07638401785278661759726 0.1976043158749442030242 0.1820813720740489249916
0.1600508153117508602925 0.1221836432900917229771 0.1779922886121714509233 0.1943446242930354506129 0.09691798692938898007743
0.141548405860170478654 0.1318593167918405695271 0.1139345469843833363877 0.1103668398437392395017 0.08368619658701009766943
0.1414138462757478231779 0.04967766807176739185525 0.1751824173991078370527 0.2209441026168320332257 0.1265672010026104576941
0.1507910307115539472189 0.09126482756680971697438 0.1243947619316711078463 0.1648250798891457979956 0.1145343737384656168654
0.08972068702519737926071 0.1411622195604057550256 0.1624804927311123137201 0.1658335100482396240462 0.1319912152662902904421
0.1107316268773749917687 0.1798629033489238249199 0.132759202948274201983 0.1406493840290392038916 0.1553985309906078804421
0.09685767021221695916022 0.1844524546338322801287 0.1126097126023004602047 0.1800944864115790189363 0.1168848674870277826177
0.07167932254937932345928 0.1117544496607336956817 0.1514948266487470551755 0.122849320979582551927 0.158681396613283676178
0.1411141920957097173339 0.1863478612945435042292 0.1472470786030446454618 0.1980538356510958830636 0.1900279109515370656869
0.05772652556101953713608 0.1678750242992875507664 0.1824809225348563990199 0.1203398676740266431962 0.1638976638188646972605
0.1499083174908929783076 0.1502224247074377128097 0.1061870184527321792078 0.141320652134571178582 0.04817794687649498003301
0.1540410874487256887022 0.1346353308501323509105 0.1508286002344798870656 0.1614614901101564803376 0.0761908342737422777935
0.1101892137631566292999 0.09401295437133812271657 0.1091878880227129394731 0.08614147676621369820182 0.07029034780320217445926
0.1647680457191942615669 0.2022026174040708335067 0.06007062197311215795414 0.118059385894497284597 0.1500267658017934713222
0.1420659030962649893581 0.06602055741097050123312 0.1401869964689302361371 0.1192121122520060361172 0.166147350571767854488
0.1280623204764417266688 0.1838493040631797859064 0.2077470069133685315332 0.1792250886597549497381 0.09585211727808831683184
0.1712930865162530791324 0.1021123272772507528661 0.1079187411313446004479 0.03482376087500394651331 0.1715477274782266914332
0.1068709697308934114535 0.1469461818783128759236 0.1136785618446690127037 0.1097440697572311663066 0.08374767674727859323447
0.1802391383098072841218 0.1423126307419378677732 0.160033589837563827718 0.1148479542455378976662 0.1120294170973535619051
0.2020211106311553539427 0.1736147136230874465923 0.1088233454732223937089 0.06004977553875932155814 0.1691604063114163780668
0.141913137621187124271 0.2039668008035466773009 0.1091613640822120256946 0.1692187606573636038387 0.1379524391556210261012
0.1310963340367295726363 0.1182977875109618159932 0.1040554096934606237435 0.1157010797960886516744 0.1171850181997395046185
0.120418446334185205715 0.1432685755123375426212 0.1475978484252847278135 0.1464337899103280160595 0.1594477868252056618203
0.1429770002127044858931 0.1589189833182081401652 0.1568308187553744403875 0.1206265232387665337077 0.1598299877033089455569
0.1833705508882791657133 0.1612030277780224785111 0.1058668227980761877838 0.07872228627063182493373 0.09874949731795096274922
0.1116708556960477882747 0.1383288904458462864611 0.1607967929082813329789 0.0916960651297429735207 0.1387259688352088238261
0.1182637649875562246837 0.1511804401146489562624 0.1061736486529621381614 0.1116637277425881757953 0.1087588084436071494965
0.1851535478991788163938 -0.250571178139283035069 -0.2487513655683569191446 0.01987628976311320641579 -0.2288090067072550137794
-0.2034712220263632243 0.1774353331808197764552 0.3171385018184137982722 -0.1949757834564636582719 0.1885631240751303450143
0.2314048265580896102112 0.09844294658830067545896 0.2562226872176299186101 0.2981392978626284939736 0.1149538210528694287538
-0.04124808533318459480288 0.1596962446448835781787 0.225535051687737297943 0.1637621506620036970769 0.3107041298661188388763
0.1539811802772242110837 0.222082731143150802211 -0.07203626007025867861167 0.150809320658031931206 0.2838364961415370535391
0.3121286865209424998824 0.3046399996470066651177 0.2187238175824789132573 0.1803725700623317607096 0.1544303188218227873563
0.09950910605229718042253 -0.07523427617036090864211 0.06626480385518908333697 0.2107434686268548906796 0.2807821828837445132798
0.1838869829236594033439 -0.1153730902689791837368 0.2841285586455916112314 0.1867903690118001558407 0.2969182750848521901155
-0.04088486490128656614118 0.2939143466372323709734 0.2306567450558585918863 0.2567015722556868495552 0.2199511051689738150294
0.2382726949657749115907 0.2243932463219332484883 0.1120404917585598597585 0.2152054391598868521296 0.2569319029652699093447
0.3040045530939018969541 0.2937245533265642194465 0.1188675714383951587116 -0.006573919808600646626229 0.2873802225553457323493
-0.003803462946240883900406 0.158415645187062720245 0.2177846455869469621813 0.1836054168644027373425 0.2420120287828506910888
0.2659392368201463074939 0.1353581185283818932863 0.2011674915950841247003 -0.05381322074482922102057 0.2275692287261668611542
0.2281308339657165118464 0.1562760437662939483339 0.1367066319087452130887 0.2038365252117605719295 0.1062698856790061235911
0.2024068224845618213514 0.2770663819015737883156 0.2333741647163088683836 0.1370173860677710575562 0.176994815782162140394
0.1614530879143242503293 0.2909628386883049699918 0.2155579002179972836206 0.1312478005660165647495 0.2122640822039924546338
-0.006631494048847027047988 0.1670534348134139202013 0.09699121866119683743612 0.1462375572661178679823 0.2125331995025126485821
0.1919298433157374805802 0.1563278625811054256545 0.2440363120784831696408 -0.08309164099692202543057 0.07328571278066170480159
0.2023557729106434666111 -0.0052704488563624189712 0.2568972685243478548678 0.2866833352825450265122 0.1123737356614483012818
0.1752713867241497969207 0.1616493247476414318875 0.2241357526865142280048 0.1694260963203311487479 0.1949672344935010348532
0.2003981947031766852607 0.03286744684506429092785 0.2026440718848188105028 0.2350680139787262035167 0.1111026859195497484833
0.1598968393148306743612 0.2708770888530974696451 0.181155886294436907491 0.09465888971680418151333 0.04962057167541605168237
0.1674664087563125514091 0.2314344917250227839922 0.2208656886315075729144 0.1644705334874887736607 0.1304939186297781050783
0.1484085162600126406307 0.2169899913178816031056 0.1968446516944132029803 0.2140402440834786312873 0.07671964986741461323128
0.1266109132687849303522 0.1734359311070471088012 0.1564255882151977528061 0.1526746068340160134014 0.06820400357766571997065
0.2210042091572160249946 0.06357110564054596624217 0.2283766812497488585265 0.3227425606492660414837 0.1528141778674871054111
0.1836737787398145249629 0.1281085864073413516095 0.2232847863795948406551 0.2094617882816738052565 0.2210620840032617717696
0.1611914605058706040364 0.1526567537562917020733 0.2099791165778286672339 0.09149836918739401303569 0.1696587477506950880635
0.1449446836379114644799 -0.05545853509018422444754 0.2014072798654093221504 0.2000917596336114490096 0.118578535275311189312
0.1676117889244903291779 0.1691627568388026636725 0.2078429648662332429598 0.1553055496951439851117 0.1748985799620142445043
0.199365457471093160402 0.1612270156336613469161 0.2159143024333361193801 0.2144624356397121234252 0.2163581373366349203113
0.1325832860904737064978 0.06511874832315363292867 0.1696905908128023832138 0.2009548044550384937601 0.1807448296046973712503
0.2374295154838694799082 0.2215842496261763716614 0.2355854577798779381226 0.1604546017595597229288 0.1642737605368074504941
0.1846392353463908175826 0.2300548517928736047544 0.1804407263233623881504 0.2132942027880613267143 0.18289549223003595535
0.05159766322861795290189 0.06834996975393779761188 0.08942662085387352577381 0.2323245622904687723853 0.1420979493044501051902
0.186140401113488340723 0.2586822137421651013334 0.152044912947904814482 0.232537758080493983659 0.0630031412547546326719
0.1788099833755543155434 0.217244992270903158893 0.2011170788644248419441 0.1258803970844075692526 0.2234013293041164360808
0.149567038233673593739 0.1824263261697312010767 0.1882797395145324181875 0.1305776683097880641604 0.1219021695152516793215
0.2170860441260809570174 0.2085132998309874585718 0.207622401359850272673 0.1953776354475878218597 0.09232640874616974968614
0.1927667149998446571857 0.07283717163197017674392 0.2033796310254083472557 0.2188922155561414673031 0.1226627534540494085524
0.1475142854002085557319 0.1367781590288368043229 0.1139825811152825052464 0.1470205313984332406996 0.1705219523676647919164
0.1810036033455379722579 0.1418782617849583815861 0.235386642780786997653 0.1239550595805770788482 0.09841511379781067714312
0.1821374429309180753567 0.2406299820417742707512 0.1552984205201383693939 0.2170041886842355438603 0.1896141644231224554495
0.07838522355048506418118 0.2342715813618396203388 0.1003256333654843901471 0.09079747036224584955111 0.1374694998435860016084
0.1775494740910725233185 0.2442326725235799966818 0.17371345972163559912 0.1383325104840845976018 0.2223165122116772807193
0.2195951897057793755774 0.2028528768232965295848 0.1568796893421504357047 0.1038214157948405963472 0.1902784212686640941126
0.09638666860847457107386 0.1232463801157357430327 0.1846136485215766898094 0.07476892711799519586346 0.1069927802251664783473
0.1676195223992670846336 0.1874875107002717256055 0.2307127991257046373264 0.1400485557821679882817 0.224464685328289531574
0.1910095517466998682465 0.194349226131866559264 0.1950704044879936205348 0.08214583013047249693273 0.1571005491807877241239
0.09135769969170967619299 0.1853829076814756948721 0.2254362557601719552203 0.1805320898418698027932 0.1329918312434658911325
0.2066377688561660264099 0.1217010452399840264581 0.1761439853150470469245 0.2708522468119660686625 0.2268012946380273675562
0.2356373802453883836705 0.1827314735825501801347 0.2105564521679940959142 0.2688464632107492313651 0.04655856452522792732207
0.1373758406271481102845 0.1703287812725222394317 0.1566201118836592076633 0.1104163959897346142247 0.1663520036916535382865
0.2005505936482493145601 0.1753863734086648362709 0.2346432034336934924212 0.1006905234014253691655 0.1461781818792922960082
0.1630368536046923888527 0.1414665808809119629252 0.09258494399598300728105 0.2098060951726521405902 0.2433907702166332731597
0.1589757789020517508849 0.1175147386333720150864 0.1591670683329875213285 0.1916330873285130298456 0.1701270090328991790862
0.2096035326698640066656 0.2260879328469189430972 0.2034770094697645470561 0.1687856833818466018027 0.1750566272844239212869
0.1294608031029796657574 0.2285833902317543075977 0.1731258341523176369492 0.2225091403950580082327 0.1415239240689700472853
0.1699458726166221678167 0.1671751129095599142094 0.1178123439881765543991 0.1579844190986048613201 0.1287582807449020594337
0.1080777811022308326772 0.1923514706183024614017 0.2340497463421139789919 0.2067985255254782273049 0.1237499641884592660457
0.1345661768426540949584 0.2535093045385526377977 0.1693168481299282823738 0.2027713845685123472684 0.1958268406821002394214
0.1682510616946336357014 0.1053576259560496664047 0.1122025391942880756524 0.1663560338178291519995 0.1277700954742858052704
0.1764040127643911048949 0.1444502098272980872284 0.07773380835750444417531 0.1837985406036435342969 0.1242927005608639168255
0.092923002583389605058 0.2386245571522214170557 0.204207526794273119819 0.2111082068598084948707 0.1100779697234436221853
0.1262452083517723866457 0.06738874224717840422105 0.1547904512494336637385 0.1295357629389373432804 0.1434114734221586529017
0.1810416782211634600941 0.188535822703239874798 0.2055793936117664977292 0.1355472008509974735091 0.1611425429225033512104
0.211692136542560527257 0.1793571023166230793411 0.1639949672473495212444 0.2265621000391636885585 0.02314817586745581204366
0.1566302061479551699374 0.243141645260825073338 0.1518378346412680435229 0.2402275006497131548677 0.09756407969271944924383
0.1937144533342915198038 0.1292488927264283937735 0.1415818511655052569509 0.1383276083826356639417 0.1263449592180244662742
0.1673662023596198533681 0.1017283168235003087965 0.1851602186365251256905 0.209768607148287350439 0.1467524903995265084244
0.1619879836111350890349 0.2059224684968135321572 0.1658531103126550942939 0.04019772004294115685941 0.1918894270118007006065
0.2079367620000826255566 0.1103679615170717331907 0.09347743960969914778225 0.1988297253011883369833 0.137007987523996288548
0.1117953519837049658481 0.2012094419106320031254 0.2050882386325930950566 0.1055833355334240136747 0.2011079012201925086956
0.1841615132899056817006 0.1937134695615133905822 0.09541550493508207941851 0.2636767329727022213248 0.16355770800099592166
0.1391550111898146036005 0.1236867908819032357837 0.2145021098387275004793 0.2207346534715012020822 0.1191971082682264232444
0.2006487361088858389913 0.2308869931752742521436 0.2424085467854966702284 0.1689264361613311282717 0.1307218084822955317392
0.1787753618361813956472 0.1030131652038360351442 0.07087401607894608379645 0.1824329059164678801253 0.2243273221102772552182
0.1883029667183068189829 0.1902487112835321847459 0.07633302537450256664009 0.07694177723989828465712 0.1372507539975925672238
0.1022369698235941898323 0.1557225705005995941566 0.2221425235433666656171 0.1457765767876926243929 0.09661194529232014494013
0.1162368734627867578046 0.1337218079144247839807 0.1837848576648060672234 0.1861903338790770745526 0.09938667577213589066076
0.1643442185053542725637 0.199428005131118857296 0.1516900563153174841258 0.1725785070418870970066 0.1435736775309895962849
0.2228848488658125570616 0.1149657022391538385708 0.1364477836660360210441 0.1050457669435185814599 0.1336492548866688168108
0.2190781513858564288899 0.1288117100038398132877 0.1329589295348556632348 0.1467087143876704413703 0.1397327015410446404697
0.1774970068384621457724 0.2101639975665249848724 0.02869981779778869174224 0.1436048558245866246796 0.1577963303887263968317
0.2123483253493299860448 0.1851155327715902632058 0.09716220865208086143738 0.1853208018521540767498 0.107020222919016624874
0.1501789830616296617105 0.1383447559084664824081 0.1049145631569430303642 0.1367345002494897709955 0.09733193729123924831104
0.1779471867077741797925 0.1788093649476238389262 0.2054038668412735135771 0.1144006658495968498102 0.1254323620394777738518
0.1748826738925032819871 0.2057428311464363501759 0.1056565082857539861205 0.153338176453803209931 0.1706018818218336396964
0.1350836192585233297425 0.1704064595424205630358 0.1420437704922664634566 0.1609139982637035615198 0.1313669759502491540815
0.1528671753348360973224 0.1293167285685141998375 0.1461308604105755470925 0.1259980535751882846363 0.1530172376490799013293
0.1771776762601292298793 0.1083336591777185192731 0.2294736124728473103396 0.1724457363469330539729 0.1810184511141753604946
0.1795937763284333743563 0.1256112633177225434977 0.1185338949979138772894 0.1304514966778525519864 0.1130202593244632458536
0.1508653954733831514812 0.133507566959202378376 0.08616264193499297008305 0.07435035819799677703212 0.1420114779866449017387
0.1596735677783356621706 0.1435516623560001148174 0.1309587071984180950412 0.1858695192633625370426 0.1266977171365622489851
0.08595259751548031679214 0.1409899176585032443132 0.1451525114012776895844 0.2244039196139423208987 0.1453697339684580924768
0.1487195281065407104215 0.1327041390203854420715 0.1392715950318065554203 0.1049223404191482467152 0.0878578918421465543398
0.1058130069465744033108 0.1339606823413329317329 0.1761823841486848951643 0.1371329895348411820333 0.1451988844547383028516
0.220195507260471740052 0.1992272040794021981114 0.1620483447526250564419 0.1220922945913206492108 0.1237950340643267643781
0.1728624277674902232071 0.1557865285744063632567 0.1694515444991108732431 0.2419218521428795065642 0.1341095814199785296594
0.155701529327371107625 0.1401397213199827018748 0.1736111123233718966929 0.1306250985283650689617 0.1744198269434351356022
0.1475091543239269997745 0.2001620602957772110386 0.1446204407758947818596 0.1706666125081468532443 0.1065050216428256313339
0.1297343667152713042601 0.1347065372326044507822 0.134642506865881944611 0.1598442737455560425097 0.1694190268138509314344
0.07675167785516848195648 0.2178288321024216267485 0.1438495062994913920029 0.1719368770834346082932 0.238912212675837482001
0.130680814645455584122 0.07111081451226000660348 0.2104385508425249962094 0.1210403679003427129812 0.1130881425649838539771
0.09764074636735518841757 0.09925277484105690661842 0.2167313363910214341068 0.2070697598499336433697 0.1163129041849745720638
0.1115952363999933166783 0.1818799103316746934578 0.1430099686017243798553 0.1831854129445561474299 0.153076367458513995512
0.1431377534946765839319 0.1517847930112745657993 0.1382573948891410442474 0.1375114495700650862897 0.1535808237643260520944
0.1600736770511090589775 0.1138640119009256546079 0.117757123034853597443 0.0476800662968502181327 0.1744876915355970670163
0.1058505154352962079889 0.1623252646155608769352 0.1442195754913687122389 0.2215399308951997436878 0.1256707449870863024799
0.1280256416198171653953 0.107664185974920112443 0.1272051254652850071913 0.1245201158930858836849 0.06156654093193675986173
0.1135644156130261456239 0.1307051086823267649351 0.1123890972171904256705 0.2022988653014146931408 0.1801221492823638636871
0.1368591506249807465689 0.1553023195840774195453 0.1416188231688964849209 0.1872550399220367645103 0.1247226732913741947817
0.1410749565170387187507 0.1691356873646218395013 0.127894210025802784747 0.133661060465438547018 0.1096829190112991320172
0.1755730142558256656748 0.1477879983101615668506 0.1629350684700945073313 0.1054177404181235316871 0.1448548678597689209901
0.1595775877883559568104 0.1179396996485152226963 0.1490559156657057515716 0.1907308269151032353861 0.09274925580765813748485
0.1526642566708848181012 0.2593707743758520978261 0.1770340641241789914062 0.1558937527241227860575 0.1606571963195684293879
0.2441707397616270924789 0.06768193377940588673081 0.142388096924768725593 0.1182685004245057208694 0.1127775387348753100003
0.1138478817852912605701 0.07967143235650384069935 0.1807455554635793715246 0.1747142331036516949005 0.05095720440620144647825
0.1106850842999014955526 0.1616745442214993777608 0.1387072150755674360134 0.1505680224323482363502 0.1078049681917115504293
0.1524590525344000913055 0.1125807584367099212219 0.1978801278381641659543 0.1797584267507992827895 0.1733651435421816322524
0.1178263552081276477335 0.1363594900966004774823 0.2163153231957251065865 0.1179590856819426047952 0.1196466730980482451319
0.1480387625137827845023 0.1282028288984097263992 0.09060251479896652693213 0.06165530904809055773308 0.1827501604254840039676
0.1720471322230426036715 0.1051224158483168580336 0.08326761053648912280778 0.1066405135411197940831 0.1375646445483737490001
0.160186700815529547981 0.1435426641143834336489 0.1441221952062810285344 0.08800151581033147096811 0.1393075046757157597899
0.08435054138733270867601 0.1249432088419272501856 0.07215865917275536556286 0.1386773690188814744939 0.1611681228890678996279
0.1503378381938680341534 0.1345685065863229112892 0.1617424769553193475424 0.1627548425200921189404 0.1694446931960064961498
0.1475895322961337796652 0.1328020607540170150429 0.1292831219089114747067 0.130307065364137414365 0.1381516390520771131456
0.1874101360526392867634 0.1160364211526839356425 0.157393983172282425631 0.1172229667555805820989 0.2195522839128222214455
0.13140330857002130438 0.1596906649566971758691 0.1562766285345744687874 0.1269770224798603686089 0.1668801549766354974658
0.1423257432602079708417 0.186471364086528007542 0.1356671935893855873712 0.1096531916743873069642 0.09338313359797133228479
0.06248420916255542634232 0.07209745040348189415447 0.1715123052209273635249 0.167044824218861742704 0.1165418100138023438372
0.186063825578106301073 0.1336471581964364385708 0.09898411820321149912072 0.1303680779012935109229 0.118390507894884533524
0.1400781543253309391339 0.04832030528389768403441 0.1347397379452767718355 0.1482395595042631242233 0.1163633136664634498691
0.09222369428507840027898 0.1449109278419770940882 0.1264035004042239063171 0.05624953420268557352513 0.1168454816759908060364
0.2027896674533724019618 0.1010260831248408625038 0.1323263600705063269825 0.1104341770587860260822 0.1479382494188909991095
0.07793641516326274554238 0.1538126319284986165403 0.1627835591259922942697 0.1791007521580436911979 0.1095116095762946883951
0.1314659426456772362002 0.1003916223474400903903 0.1353184616807535933791 0.1865115198767208770647 0.08896223491658231119494
0.0665424236907024985177 0.04708661559060807466626 0.1395555794425898110678 0.132047903500332269866 0.128592172194187531753
0.1500792221150167304877 0.1392958850999351239075 0.0522314796606307904514 0.2461033407271315809339 0.06066688282994189829189
0.1978070176866920382164 0.1160317694232757407269 0.07184919338611724104471 0.1146460301257641312134 0.1690037904145386959964
0.1452553251298268899294 0.1290913115379346831624 0.1648787496413156583586 0.09954803446836980873602 0.1472208190015595608013
0.1010331523372818285367 0.1410536964259107295394 0.1301089069432000699944 0.1523586257242412755897 0.1066538544556529521934
0.1507388368144265688997 0.2005660611270006221662 0.1422222420682564270056 0.1153519783852445662609 0.1020109257510111583356
0.1001393497913816155176 -0.2266635997624574794251 0.3281136097956559027899 0.2713575383675917995774 0.1199025309797706329018
0.2435043501904420037985 0.1572178669074184576004 0.278208223311944780054 0.2303650406033825592811 -0.05374513688186688398218
0.1720987627048322921031 -0.1543009505495925581808 0.291477705503681794319 0.2010257557962448482503 0.1914841426091879184046
0.2141020141388385311654 0.1384639883857032016667 0.07460220389273922170226 0.1178167911561173730739 0.1766107993877053805587
0.2571574178378768782416 0.008741994546166028529077 0.3136173273289341034697 0.2314625634745108295753 -0.1356379011784978882993
0.2122821527646414907498 0.2741506396171651815941 0.2673905997193028460934 0.1635303764231319512135 0.09868645056642562363169
-0.1499575899671236611788 0.3133470507809100746854 0.2188515094959234130734 0.1745756060795999875523 0.2826310411314288395523
0.06553879219106208131596 0.01451148890866316501502 0.02834637102596982219382 0.2290311056668598854724 0.1157586929882672560632
0.1698851755276396813255 0.2009325500353799642816 0.1007201480004941834823 0.1265250411493435700461 0.06070250487580658438347
0.2273024171153162076298 0.1274685508356147578546 0.213982345708766730219 0.1132131732686194325321 0.1855132004679254098534
0.2067481135129589364663 -0.02591346259138828031499 0.222195647299783388684 0.1626887308906227458394 0.1337798334106338749017
0.2742096099085764571157 0.2725388011305311386501 0.1902839356758395661373 0.2319922790024585568247 0.1488145934758022259636
0.05688678434567353420226 0.2723525471008771403625 0.1470522493231880001296 0.1646872036957919005484 0.06642488556989614711945
0.1345219275377967926843 0.2497276838969169354687 -0.04641586267741968502287 0.0641015737679482000555 0.1523067836194410551443
0.1474130877460040622839 0.2140732575079543620333 0.05672383109521981353618 0.2193118364103844031288 0.1817359968879943832309
0.1613762352640167041518 0.1891122099800699729588 0.1550328476186798587477 0.2081355595150575499286 0.2342853073947134268096
0.1575473762851453407574 0.1662357808989216034767 0.2766579201714429725456 0.1364225363200083640525 0.2666472460718854464723
0.1823239003196710783516 0.1451443231338032935351 0.1242367126543247740633 0.1531258764816325335101 0.1792916591154544991848
0.2671405567474069431277 0.1302595603603376728241 0.2558846182435378091569 0.239902992445427593049 0.2397002639746523833253
0.1458087744081244807592 0.1209541280771857102438 0.2972777491600552268736 0.2262625413400612406356 0.1499047440744557257997
0.1981718465969889153566 0.1930914347309705403344 0.1457200497173490871816 0.06479350490999286060756 0.1268681055863089546243
0.2564325491496190490004 0.1659885022478606031449 0.2237337730628617404882 0.1745031954775936589019 0.2521664320757197597089
0.1051263094851810769859 0.2064850391576301680274 0.1825761249036330913231 0.2030370551001546008951 0.1706543955123016043096
0.1760248906595310580681 0.1595020087452552748353 0.06771366769257133877424 0.1659843210398993240684 0.1375729995259495630489
0.237442042009993831142 0.214084570790987915867 0.1525697446223498454643 0.1818831418198333382819 0.1436231383434193042969
0.1687965577669860162136 0.1916965760987173472696 0.1927333534950105009553 0.1301922908550395274752 0.1166117734727635246728
0.1851147943527816919218 0.1911121027945814343507 0.1526029499875416195476 0.2295458461130917005022 0.05424979857318504988806
0.178739540071004676669 0.1701132335232545256254 0.1397694342130923472745 0.1506530944826131590553 0.1255956996065568098686
0.09072075894891853953261 0.1336415399918183810613 0.07192654207331339311082 0.238191990071252857053 0.1720805939200777678888
0.2079420913808196214045 0.1939517034952631113764 0.07196850045504822601661 0.19641337847423645524 0.1363692842154301532176
0.1958148010489720869387 0.1805635041480482538834 0.1000260380359756645641 0.1604725012976781772789 0.109405334586380922901
0.1370008670963048236224 0.1833589265092473163943 0.09616875126203117130075 0.1554735734173485484089 0.1540077218836670425173
0.1727597710091847704739 0.2243685887831294856198 0.2098612399475306700136 0.2361927729960971167333 0.2245172290631707312514
0.1722977726396110742524 0.1201476699529818309431 0.1459321537364216825328 0.2277597025578313172378 0.1051881743163146087916
0.2129848698938465179076 0.2362239318366023410611 0.202234497588913209043 0.08058978137580269374141 0.188832995834476519148
0.09913416813721888376509 0.1262389200449633985812 0.05278160538911330634804 0.1205445194835691458124 0.03755665252044731311498
0.1769766831249424410277 0.1566035776375331867172 0.1456926336416440592725 0.2023781057648046943775 0.1814203561027538103012
0.1879023781496437228711 0.1749209827944722683846 0.1373195510959001885976 0.2603666235874760315205 0.1651769854597697761989
0.1942535387264002766372 0.2119714791581761847983 0.1893251390748381945972 0.08798526307748541497311 0.2342033347978187129979
0.1861652836857492498979 0.190988783084371976928 0.1691764617207889842554 0.1585911957013137751904 0.1597247583171903240196
0.06099056665450302422427 0.1949847448275457972855 0.2087329994917610231919 0.2218089462345519680131 0.1827811055004691098702
0.08830637831092751077744 0.1315721852105673772559 0.1426136172120130995999 0.1508714714944910662009 0.163625214444287681026
0.2026208179812905296746 0.1360671552764028957583 0.2197008875935576310834 0.2057733627128876252588 0.03494851100877871541428
0.244647063522941909941 0.1860876727622180482058 0.1725275061402849474668 0.1636928348897100093939 0.1314749226142298832443
0.20605967173504385892 0.1548555432424101041544 0.1162612130190055215184 0.1574126242487084992305 0.2232457694392807334705
0.103718048390469802511 0.1597278417537030537066 0.09904564894547328302021 0.2441080028274984492498 0.1313937860088684184134
0.1420932467958901102012 0.2284817630856232073544 0.247176021763852227231 0.107444694996284118016 0.1619035677035868814322
0.2043198707067384323199 0.1678817611010523791482 0.13816930419894152271 0.1650222650247879507823 0.2044320913005636397575
0.1192988511854984889915 0.1331527240671098177849 0.2470145512799396814163 0.03587926322376368271083 0.2982114311709720411159
0.1650597835323369122484 0.1254296466926252129337 0.09293804132510116722266 0.1945787651700260079135 0.07053305555495543999189
0.1904302505004459300508 0.140386726211562368194 0.1255115031739078845785 0.08036609618701799628848 0.1244395472771738370144
0.1951768881514016062972 0.2058126137997925153567 0.1745544606856973546272 0.1799441743123433024021 0.2330718000036192671942
0.1613857985933178085247 0.07831382659216472308383 0.1279020738083067043611 0.1230600242670565336311 0.1755580037002056337236
0.09959425953358394534298 0.1969524363087886420498 0.146195053553863224538 0.1139161304937203467169 0.1465944173692664831421
0.1460032509290851154837 0.171768809147125695036 0.1068301577962888770923 0.2138524621679117887485 0.1328629893901567549097
0.2690890226017945696668 0.1055313709444593572861 0.1537746014837134689301 0.1924105041448327391151 0.1584593814240101150581
0.1014114491031420650646 0.2100997007435590757662 0.1590465189073076157644 0.1372813077390111491383 0.1570220224552432153331
0.09898553526016846959568 0.1018371092188239401821 0.1434021548318821781542 0.09408604406817525078743 0.1098151643781451747284
0.1264262139522752959042 0.1854101137117890318873 0.08813638848676905168666 0.1634504418180283413786 0.1443888622812655453398
0.1985620035511969638797 0.1726845584239123376769 0.1295059506498000556629 0.2273691628141500109539 0.09218349698824795934726
0.02381871177256118798926 0.1684316282284684662685 0.2028271923497268203196 0.1622143002584072180028 0.2312390522228705558305
0.1362891970144592956871 0.111301577823486375074 0.1954618080807232205487 0.1732600845954861412679 0.1477341861718878268661
0.1498009330389924176341 0.1289284631102025346916 0.1997396583085009891256 0.2174397745453598707055 0.1750905201180825432328
0.2086879816509845386729 0.1316094557192989678018 0.1471359237323917878992 0.1475521544134839324602 0.1995777980243998439569
0.0983748337048616361411 0.08034377456130509242982 0.03402123802902935062464 0.09273090209965498265099 0.2200817852711205724336
0.1373244950579593226525 0.09305697996874637278886 0.2492520886513043543165 0.111003457787973991433 0.08919305135960116370786
0.1688881800493608753566 0.1898975604851528276029 0.1661418396678075448669 0.1981469626227654601269 0.1501908544616916418857
0.1193980827796143340258 0.1082722938215738006651 0.1752313723833519854001 0.1873784732916078665799 0.1477297702488263586584
0.1730283562734146185491 0.2068326499024464026899 0.1492146152972620987143 0.1147346256169293338134 0.1605063632923374727923
0.1694355809047787819743 0.1835031415361290108024 0.2132883903603332576004 0.1882412423000515977467 0.09044601265338496343116
0.1545270278041591671681 0.09175008755621744116482 0.1981615862448467269008 0.1124775993657652767288 0.1684513858941865671603
0.1451034231697003185069 0.1486961393743974624293 0.1579403450130354158443 0.1207208269242133064081 0.2122590123068052447852
0.1675942823490780553275 0.090061581993294587134 0.1672787274836129711719 0.1359403865833330171675 0.07561252910823131057061
0.0440740937020391854162 0.2137605390869210808535 0.170070939415270044881 0.170979064280150555577 0.1674935042372643345665
0.2137228709744760923872 0.1840159432116045545857 0.1094621052049288556507 0.1309441466000874076947 0.2067568309532591408484
0.207235024522711835937 0.1706070894482039357332 0.1405217857080927057467 0.1468024929826886038065 0.1016545037256620237498
0.152288025054200387709 0.09676755797188468788406 0.08670177887929506055364 0.2198524414609244748142 0.1449016504749040812339
0.2020937929493793749902 0.1250984904278873433014 0.08488518216519011505561 0.237423108994008064121 0.140562264345063192561
0.1786260809214340605777 0.1787736025343896473228 0.1599020085141298896936 0.09811209692746220012438 0.1154497742903646123613
0.09440323574439263287772 0.1506539461695376447281 0.2329251534393952938196 0.1161513202965830243718 0.1914682125767469822453
0.1678369411688708789931 0.1876749157258583156072 0.1044399908586688824341 0.1126732707986262405075 0.1485054964339615757307
0.1103507738779263697149 0.1805313305833696480018 0.2062844100815853509712 0.1350278400150702606819 0.139220010262775056864
0.09979114970332024492361 0.1143471555276087125996 0.1207395768635823041226 0.2197978505704185347991 0.1852404021614905971216
0.1959532818365736783761 0.1432983143689204597049 0.1354840020018678592439 0.1383181489860345614318 0.1555399080124688360183
0.1576764921834210297913 0.1590207095591065489248 0.07441331821634218635086 0.1135909578919425400034 0.1819880581253398577068
0.1066483635228397675032 0.1020499620837017756836 0.2338284510790751558051 0.1240364805385118507353 0.1481383390228705188019
0.138605071349511138612 0.09639360908132443839236 0.0983379571107324407242 0.1456022767460169453635 0.1087925661043997460631
0.133097481581960275232 0.1878715722292438883301 0.1343054461514572028857 0.158587168252365767751 0.1221257909328594404297
0.1359445928177172857598 0.1084631366639859512135 0.1159180539671267190505 0.04624172619847289472661 0.1414674573010235580917
0.1211117380509796198629 0.1763974064137626140969 0.1361001143276928948556 0.1352032840008449421365 0.1334833337765677085951
0.1703918850602227086366 0.144344047813655257384 0.2203648274586708921685 0.1476591010762478839435 0.1674492791673683200759
0.09495582106311874215354 0.1477580592449161678292 0.1540461987565568680036 0.08607854454634411567326 0.08788362342022182360779
0.1529097667309954611259 0.140680646897498318193 0.1599913444499357906281 0.1342621746892000422768 0.1547406040477403155187
0.1083392455403152238036 0.1308826266712622421462 0.1763981820325809801719 0.1632505068047448992807 0.06810590326903676050563
0.1372210719867447414888 0.1148940064427853846585 0.09351305140339599697441 0.1798970351954639612657 0.128739970932934016945
0.123281182652597812166 0.07671584008798969234189 0.1407670661717666804602 0.1347488695956733928405 0.1641443314072921211277
0.1186510431285186240036 0.1767972254609332383168 0.08147351675033565054918 0.2162500577452167449533 0.2166682614867400935577
0.1626005521933008568514 0.1535421029117160218735 0.1069086503918178221451 0.149026522076448786347 0.04579672183318476280656
0.04957917428038712687188 0.1408716288348930700813 0.1186872770012011579777 0.1867028968368096286667 0.1014134758383882090049
0.1227715511475059168012 0.1082731408504689629702 0.08790409083517412847097 0.1391595889219707227191 0.2275568212460445938206
0.1566927565381387166266 0.08058620983536612936149 0.1403471828748931726771 0.1770630008630305618489 0.09387657810927758916808
0.1522479203715012552323 0.1066906493098296743183 0.1153967373245263633441 0.1113300998085180459896 0.1083536708345983479163
0.1510173627779798077864 0.1802476234368065588498 0.1504672696289156286209 0.1502265301904984473591 0.05927986361199891890417
0.1545739736355697668824 0.1553385454644842234018 0.09188910817415064935521 0.09703723394393898304955 0.128476936698166371853
0.126229255132823514618 0.1422263352291907589908 0.08318048200017549853591 0.1345421212547581180097 0.2065448974028846196305
0.1529628806991810141547 0.1343932140287736609618 0.09294175075861645096698 0.04055132919653630513279 0.09515914583491040523722
0.149958246582027332483 0.08220388534659123225268 0.1343894287719950841886 0.0933540249273415029263 0.1388552884885165816797
0.1724998133798092692093 0.2024307712243350598769 0.1491404797666243120524 0.1743989716137212542257 0.1199469353982076241794
0.2029476054651247196592 0.1586558851205354947478 0.1461201854313007031383 0.2354890041127194744153 0.1322751153614694086258
0.2020882099058878555997 0.1131148191073963055198 0.2405738737751845213175 0.170985567990265735494 0.06592555638149563690398
0.1216846277035608936412 0.1360979385418065179536 0.07932272295445660925672 0.03691204275112501542733 0.1047745862839886965556
0.1093224930629380503566 0.1439779234994893741817 0.1534490191650361989861 0.1515684536621542677359 0.197519732631907696252
0.1442908559184538641595 0.1252586991597947341237 0.1040257005715539417867 0.1851837257979102313588 0.2267835813093513619432
0.1100549052859571830254 0.1959693735458176711006 0.1485697365754231336066 0.06433566651909242151142 0.1519812328670746559567
0.1113391479783175236351 0.1814212902638422664214 0.1509016567137828612744 0.1322517782672841812897 0.1185819618772133016149
0.08854483155732674470872 0.1167154738783627992982 0.159397642746504364375 0.1348279298459949537836 0.1013212215226084872421
0.08263955145160595261444 0.1786138137242958001671 0.1351987208129441786486 0.1187375953770952452526 0.1188265703162542652471
0.119191129386687980074 0.1290042833414925260715 0.1821076811669757322676 0.1005765268078140095565 0.1319810216745493092194
0.1442283036623075442861 0.1527271833265885780939 0.187845358411380947139 0.04405565203559390352606 0.1318684701087852184642
0.09140364566685281466629 0.1270486734252583571614 0.1563721644745865446691 0.1577612530408740720844 0.1346336544704700433073
0.1703904206703548140922 0.1592021447971187220194 0.1583052813163238203842 0.1454416246280373081756 0.1871195621457132363119
0.1283042745850053456547 0.1122856252611358629512 0.1047871025494417490664 0.1144383036022598720827 0.1178699603834252734869
0.1009268086867947528118 0.1214247505888658290596 0.2046921012621043256541 0.1753270942073947569195 0.07964798907478772005408
0.08216241829933412788023 0.09724519566027492456506 0.1363112503476595904761 0.1848187718665223744363 0.2007216774804923276054
0.1192120421348176056986 0.1482205805365650330696 0.09716105939269986668805 0.2086695088288441357616 0.1422033434824379327654
0.128080868044378903825 0.1856008162787693982487 0.0970725007917281473846 0.08138373711599154736174 0.1186986286231177939454
0.1559101556575483438216 0.1331845337616338609266 0.2046228250291561301388 0.1328653612181953658222 0.1290888924820164651575
0.1138896411874910363782 0.2084641548577200187431 0.1533628470549854017069 0.1029792108491295044015 0.08939071217757128817727
0.1002431869132694441937 0.1594456860096373496116 0.1744780866927051199422 0.129653834901623132847 0.07125473303197563113009
0.1253435639654050248737 0.1279976902550816475479 0.1457719526300207124603 0.1312232360712664858138 0.1236708695843206640141
0.1277021590075328172365 0.1606774335515389617868 0.09396210361329465632352 0.1059860669891665718723 0.1150882189354725387842
0.1606388241568506014545 0.1184002633639960611056 0.1675476066164799382463 0.1119545210645671168281 0.1083179313145627847836
0.1118779902508382217974 0.07788621527116385001577 0.1010829740089888434396 0.1051129458605770672364 0.2000462968038834998818
0.1664193312450552852955 0.1888018248984747182728 0.06029692907720770461699 0.1453285880397101048622 0.1339497185726877259704
0.1481492281943928290833 0.1715709370810340472779 0.1253765516134164592632 0.1285094956642955088544 0.1797834093315513748212
0.191875532722419361864 0.2107097187200900056947 0.1032150417673924902573 0.1149231388179954987949 0.1124350547396367056008
0.123198758264200458612 0.1294905307953952977584 0.1101159718359560890644 0.1924189313022680036802 0.146339359602156215967
0.1207215634299584755551 0.1134961850859908943923 0.1040415320933316400964 0.2277852148480980776224 0.1319218385969287143933
0.1097920404697166618657 0.1799331837369105568936 0.1325820419582708908912 0.08726461392673880157478 0.1390457270449688698122
0.1034466838080143474832 0.1823705318932928032272 0.08820846987012571915887 0.159770918939062978037 0.08469714158073823884187
0.1285710042949776976684 0.1336117826703187017046 0.1405279380297100033648 0.1452296861217255985466 0.1513746536604388404079
0.1152015730644696533957 0.1437712864432977855067 0.0507392233325242997255 0.1513079397274241510996 0.09320844501467138998319
0.1792050419886963286142 0.1167966931500185184811 0.03937881876437424044646 0.2798031720839487257457 -0.2190251869306686360872
-0.1881777503988412147962 -0.1218661792836175927768 0.17947677266775421967 -0.08674885301346879629136 -0.0640630656194327435804
0.1353087981282443119646 0.3467918207225513249625 0.2190446141934083157388 0.155963524295475025605 0.07259355303083260546604
0.3022035502783101956759 0.1864723296515383710314 0.2873547731560796014705 -0.06612719102898106937616 0.1632195802535556794499
0.01896092812217815143372 0.233341749368162931777 -0.01841803284787858069338 0.1431867091496820398877 0.2047307679439442362757
0.0783157801922979290854 0.2397923841706429970433 -0.05441443857110248027986 -0.09568509616942322271171 0.1013475493779703306974
0.2144364282474913174781 0.03973121177610020038351 0.2127945516564078709543 0.2290613615553301896099 0.3331591625965615866001
0.1123632524991244191481 -0.04626481411032021956453 0.164841464958332850621 0.1262520958688333194697 0.2471841344252797001424
0.1233858117129500858722 0.1910324312950731351357 0.2447851074876099264355 0.1985874701294718103206 0.2783341403657280666017
0.1436395191750203248482 0.195524951034459187893 0.07357534281081674898406 0.3074673535389588763245 0.2065146919394654778657
0.1172375653179531657111 0.3241698097831960390103 0.07028738090581052033734 -0.05546243748353182206889 0.1715146952195393537099
0.2249701646490024076197 0.2965481477858002423709 0.2988620405801241664001 0.304069965747928105948 0.2225961362803207110872
0.1984715509993008053513 0.09623631139381717825021 0.1887601715858729101161 0.2810682917085105536614 0.208953106631738050325
0.07207889490205283966606 0.2555099430434052409922 0.2377347379304103058839 0.07145847220258635945633 -0.118369151259198890358
0.2369885843502192723786 0.1403849365829237527681 0.2598113048622687770717 0.203657709766914107874 0.1247437296245013232943
0.2666803458484258149142 0.2097803872217028631209 0.2574856337652061122334 0.1849130672646496220679 0.1616041240774319653895
0.1075614142136178119635 0.2267248619478660354165 0.2275480544228148105379 0.2818330537847502648141 0.1315395309784827271304
0.1065990184646368327259 0.1301818240387728475849 0.1917110265206458108445 0.2706059834630559768343 0.2220602685058962744158
0.1927802646458586788292 0.1356134576646037814829 0.1986655160369263373177 0.1882571428193964557796 0.2935595868163848320975
0.2406765642913929470481 0.261801460989907419652 0.1439355100149449784297 0.1845132614411431337675 0.1091628497274233916547
0.1899523618199094876502 0.1881926547188792209209 0.1099976173143284718936 0.2823356599020808710421 0.1902332492981675116095
0.1576721266651305297657 0.2481585003302964886895 0.2089806622427486659799 0.1573793092472490218192 0.1845604292184246930653
0.1756693136625884776869 0.1491166264708898292479 0.07161955604264380603752 0.191820151794757476349 0.191800089101418685944
0.2181950739926828974902 0.2209755754936949256884 0.2197021036160390627945 0.1818854530012536940831 0.08589825059579232757745
0.1920140720260378464079 0.1377163334022750429408 0.1613038788519781940867 0.1826223071763362904019 0.1036817870055479900993
0.05073402123614056957734 0.1217794095317041025428 0.1735567319948953524111 0.1656064151592465949481 0.1766668902038107391572
0.1824380066696600077858 0.1783472784352812534614 0.155292971208631891411 0.2427872938838859240285 0.1945183445282680501087
0.05866672242523252728263 0.08087546340970634684009 0.2435638258617104923154 0.2058354580918619614049 0.1925856829641815759491
0.233875803504218326978 0.2324812301859374985558 0.2028553751641178348741 0.1278157302876797296598 0.06483720963974011486375
0.1982403243828500249979 0.1303164722867941882622 0.1688964228460733407733 0.1820969801962888379165 0.2340991531210824261322
0.1600259687718228462927 0.1167487761109379379443 0.1023143861192997716714 0.1798609790581543743659 0.1343229341349679306639
0.2192319853460790723965 0.1819120838544736329379 0.1889628147211700193164 0.1704333157006316934456 0.1172767097532725205644
0.06667334948681306883156 0.07875594295227708596663 0.214973130642950926994 0.1563283775316826051949 0.1421111029047548712789
0.1958895669313993337379 0.154650066506140076994 0.1807745901801073862281 0.1639413755120267268683 0.2021369629156796188241
0.1712788094328460686278 0.1196551753704678117129 0.1482264798977364350652 0.03561647799462894919964 0.1630883579969986119096
0.1145003983463892399675 0.1890161990489633014878 0.2312039998502541937597 0.1006354564711184340631 0.1814133245518113335404
0.2953142446765913975426 0.173391487346944178638 0.2303278718062989338655 0.1676590161988482929889 0.2198543302916238506572
0.2253369050613396040728 0.152475486842002461163 0.1227767340226872810893 0.1803678513647778980378 0.1800978041800309903397
0.1679661337915465124659 0.12240122474211147241 0.1668650333417512898748 0.1655392791752229031399 0.1776371367238793463894
0.1312690775973880674687 0.1049013928061651862444 0.04880517194367575001257 0.1119126550163477978872 0.138958680300579090483
0.1502979628658401844987 0.1609958428429449361907 0.1848631759446524025492 0.08932814323494794872538 0.2051669980443786289737
0.1971327004774459934477 0.2334611989590126834848 0.2426115996700494437111 0.1627815661925143264632 0.08144620131114571615072
0.1729930455425605362318 0.1250905941742734839295 0.1497564132021651228666 0.1799911368010953527374 0.1665795910820119518636
0.1977354420927736888824 0.1664027845399135840943 0.08336256304642440662089 0.2216374928338386007809 0.0983215686323797161128
0.1464458740689189575335 0.1641879083096313418633 0.1957557519174412397067 0.1466857215056545371556 0.2407635567485988115077
0.1453860345986096591631 0.2247608065488908291041 0.2102400296414819458324 0.1978528883098485680048 0.136241662090369197724
0.180479984106895696705 0.189536229366951886055 0.2333280395967428089143 0.2133254404960700789662 0.03493599758836900270875
0.1634276323162942856637 0.1697646636492047556022 0.1432004834503578794003 0.2376074153754443585296 0.2104342038177294815782
0.1466568102471318690849 0.164977665899842362851 0.2133645540781075600201 0.1716346518182597646884 0.1746817746853837338694
0.1202712372659331674374 0.1695813168604816678631 0.1315693549609657508892 0.1083651482262587006922 0.2071673348598032926571
0.1766250580964564831365 0.2458495965267730176684 0.1703461383940192697128 0.2327374979968263035701 0.2360463712994342599938
0.1555377861646238535354 0.1732946173709959680753 0.1730434414188171954319 0.1520138483036899690326 0.189370806408770353535
0.1454091504671903845036 0.2122392528280124257556 0.2540120582204951071859 0.1166801174765067922179 0.05941566549218357806694
0.121173840980832725478 0.1238814920491051740914 0.18629661983873854747 0.208508140590287993632 0.05052554356856221035033
0.1608044110271524551603 0.1816013059701148679714 0.2690344056007036854794 0.09062016773895041621412 0.1955533882911378862346
0.1946180220607167110636 0.1747847000801607542098 0.1688273269958148192771 0.1171246825208219072278 0.1346644689573196496113
0.2072550320575596294326 0.1034544107121306844022 0.1563382043798175191629 0.1089471132891406679466 0.08618325626546202711253
0.2592612376031657728248 0.1391983958367724039107 0.168816827792522244911 0.1364198745983386806824 0.1892086456037399000429
0.138360699785210650159 0.1360694953787454364313 0.175839793226082424793 0.1840873357768227080999 0.1480043266407611579627
0.1212025379632953731024 0.2150250392003978106015 0.1257957810179018143248 0.2334207854055641573332 0.2255884849811718995127
0.1543220818805504379601 0.1129116440578592506228 0.2386319887219408852896 0.1579607577530033890589 0.2192964478353478241512
0.194951212040974347639 0.145723191295164450354 0.1641117425835772747345 0.2160118165001966850092 0.1144894882494467136524
0.1967462111337926200516 0.1937367228521821582721 0.2322350450550942357886 0.06432873221061680135691 0.2269451269367078194428
0.1743799040591869908834 0.1625118112946526693907 0.1789322471285552385023 0.05591781678558620932717 0.2427445892468970134459
0.1485122569478006249177 0.1503800666757200144019 0.09887119467170119024857 0.118901972548311696265 0.06303211101960996820548
0.1568262452356899427919 0.1253289651953841954413 0.1064843448415121185402 0.2073854412078782738504 0.2097575174530323938171
0.180212789033801279448 0.1434773573652122768962 0.08944041216617233669428 0.1022667642840020263417 0.2175510683446010007369
0.1604595060214584201219 0.2330474116203458123664 0.1725334678961404633046 0.1657076389555058593128 0.1537051685675773216033
0.1451186227795797367701 0.07371652258168853721898 0.193073946014486824696 0.09107305389358197333927 0.2003921695751502973781
0.1343987659053535732578 0.1914080163502276110687 0.1984586256143607285729 0.1143165261633562884702 0.1532484532276618960367
0.1722684291254011068606 0.1323424663760578712246 0.06672119883978873400299 0.1407642342553486747292 0.2577943920362259500045
0.07396021556469022095737 0.1752744526188071971795 0.1755369781166174203424 0.1493365750439407391159 0.1464714132808934698993
0.1865499239456467062137 0.1784260302939683073831 0.08920370111005881952337 0.08142836691208438226752 0.1882611292406091707541
0.1148924537415599161916 0.1494293871058486045111 0.1420226423289445150111 0.2144509255043201834123 0.1998180517343301765276
0.1632853856965653938094 0.2202833690076199946173 0.1873984660994801598743 0.2107550261728030893682 0.199521054747889614589
0.2254296212350112571521 0.2238647294344188742876 0.1685841693881223457563 0.2200595242198400136591 0.1129295127227706169171
0.2036509430812300514013 0.1287943072668311927931 0.003055041637563342491607 0.127321909346434586352 0.167163735912845085041
0.1325404970422345285463 0.1506232411742910726193 0.1068404683012835337808 0.1305495984162569622633 0.2081237412063330072254
0.142204836034230952535 0.1954184974444185263209 0.1409984536022327317184 0.1250875179306220330577 0.2125290168921349642783
0.2139101629184101127645 0.07927852576567398501517 0.1632092332211304563927 0.1409279175577360376792 0.1305684335305096477331
0.1177049857191222459463 0.1011576940842353750094 0.207290192094190556249 0.1867461280813957069658 0.1188924243156320448289
0.1309862349847317752882 0.1003459974035560697825 0.1098046828011206010878 0.1860796148105933744965 0.1276350453408308660563
0.1698282712486845480448 0.185229049732276440654 0.146626868051362158063 0.06222206201592769825304 0.2293734911982765189986
0.136176254166995830408 0.1148383060685961715164 0.1762356080889206644269 0.2141137689686906930842 0.2642473209532369970987
0.1087363269243668689734 0.1381949244542743371333 0.1636930283142668252072 0.1773411534130862887704 0.1184780644606299032651
0.1781159511170426201776 0.1573745130639079004009 0.1277945102388794440529 0.129302190054331911373 0.1833417109849670989519
0.1226950005521983688705 0.197617765015440344234 0.1301487560479738792019 0.1217606900950995579835 0.1550787092173263881367
0.2237095521050876945068 0.1616898360302534976007 0.1831041656006691387137 0.1259454694334191104943 0.1444004618021084984658
0.2068107526288929243208 0.1546282836100341950836 0.08852719229457643723702 0.1343633012801276893633 0.2139161495106797206134
0.07698394136699251988354 0.1074184768960840530294 0.1586249087931420609365 0.2013327810557085928433 0.05485432947059726976891
0.09266979778592311645102 0.1739589742829788510114 0.199603429257981745959 0.2301613445434779192666 0.1566949433373981681594
0.04730988228724379573986 0.134216376048315405578 0.1423535086909246683007 0.1119880174596888655625 0.1125938040002825990538
0.1507445207015560006969 0.15160645446886419907 0.1391466426705043057943 0.1413789760239259618579 0.2251949392982290909515
0.1089270174563271437185 0.1726614294614513822612 0.1658392097726019975834 0.1389189731780891279289 0.1231715172347783576745
0.2070035015400022715415 0.1606055455996740766178 0.1020933779337960950473 0.05234577235372118997336 0.1601107967872736903558
0.1965934124395396498386 0.1941063245113949786713 0.1436351262874537015879 0.1275735366985640550919 0.1752811252946631093153
0.1735358120695442429859 0.1085012289899733028964 0.1978933460895158924497 0.1037471999360827790149 0.05891612745073963181008
0.1961179857072870014179 0.05919784173068746296886 0.1765068796430146746967 0.06420272177116886913595 0.1705966101711004490049
0.1079381164450052971171 0.1503031366734264295815 0.1318432122229456771034 0.1944401855029440073785 0.1633059147087805029752
0.1682465474281744366447 0.2241447735665764717794 0.1438504755054533512659 0.1284986003203799631578 0.1803487111892469463292
0.2435258363555688476687 0.1298573085625419065714 0.1953712904235969383127 0.1673411590648983815477 0.09975233531508552464739
0.107361892112538326316 0.1406138612717943436881 0.08322149976588531783417 0.1146551940437539052198 0.1326667325727906299182
0.182479683690853822231 0.1685236931454028586064 0.2018604742627956860623 0.1233198235814348120432 0.1561794542138543739895
0.1226967045301078085284 0.1981135290281852701089 0.1764926664184070237429 0.1646853124357199882333 0.1231096466043504755739
0.1479196554193888402118 0.2272664475602149125599 0.1781442405642516546571 0.1464619085338949577846 0.1751976808264197882359
0.1076950836278908613108 0.1634703414279252975394 0.11254385570258076954 0.1751508553303926241096 0.1477305868470303040763
0.1489739639212594168871 0.1094914485192564068683 0.2142118714769665199782 0.09414844779697141563535 0.1083240833523321788867
0.1227434092561342782179 0.1306097510973830422287 0.1574815445738750596671 0.1751547490086080294258 0.1746475248228099019787
0.1072760775770981306332 0.1099845360328676191486 0.104121417422537942965 0.1039938731114234543584 0.1148844399086172973767
0.1698882574268650302862 0.1273630393320520637346 0.025103934355362976516 0.08655726289936545303494 0.1382191123604077642728
0.1672280932530572639116 0.1654526753462280674878 0.08683472027765780365538 0.1750339559281580692485 0.1627590808420997514627
0.1674939102031300364182 0.119013692129333673031 0.1794123846087593288079 0.1751733824982137921467 0.1514655551651098996935
0.1854666963151261338538 0.1924060339875896252781 0.1383396398903997681629 0.1642917017817939473456 0.139676169895388641029
0.1565653552206462129082 0.2066180351215134991527 0.175768250969440292808 0.1780798148779319245438 0.1391399460777172081283
0.05108834058912066489189 0.086326933164288841005 0.1017067376335304695889 0.1568187367503179607819 0.1300536132161733415824
0.1821598083640961762697 0.1194621954398588786761 0.1570737425439389378656 0.241691740715516301119 0.1099194639459444428065
0.1586564256025630448299 0.1236547599113388823389 0.158391681340368239983 0.161638907089670380568 0.09655661723233745219463
0.1108443017775151001603 0.07320210316388336968529 0.1511534168901481345326 0.1683522037433045903665 0.0876918705137945536654
0.1225521014770845074082 0.1419875791878529858181 0.1390566525008093690108 0.1294667438124858793724 0.1370591904284945705683
0.1425201358533401407858 0.09816222179519937252046 0.1315112542127115646817 0.06834791523805146262749 0.0983259015101530103875
0.1400841664550683818291 0.2249307050719750455947 0.1550601438097896078716 0.08545528855993742012309 0.1253818534474008816737
0.1506917047557776445643 0.1454769600954255170944 0.08298600715805611038878 -0.001194756659380077608648 0.1420416881783638507475
0.1285695937399614907637 0.1387736475129333901801 0.131120380624974941508 0.1606722149595403992262 0.107946630569336732286
0.09659895782876004588502 0.1434338466015844526513 0.1097133506082629134104 0.1392282879130201378448 0.1666359857197656502148
0.08409253068135008613027 0.1366547929657607463039 0.08418240021128210737178 0.2491162802956520261333 0.09786882536312394020861
0.09770318757474509563377 0.1281114802896425597378 0.1646455764288339285173 0.183829899910904065452 0.0823792561075722823416
0.08071485839522515859379 0.1891780485792102228793 0.2349569070447340146668 0.142225814413000417602 0.07155785604326451998514
0.1272331769423268310604 0.07786970840752739653201 0.09813488004460861613421 0.1136098458162078939093 0.09991568455816657312596
0.104574703430682591776 0.1264273730150593522126 0.204257131666393809688 0.1826130654771414285609 0.1327702898370964057495
0.1147492374519639563024 0.219333630379437038993 0.2032036399578486252082 0.04402700273365218325283 0.116515217581665664337
0.1063818015805849809263 0.1468260533120569477639 0.06686206772717515067761 0.1448653484886097964068 0.1151909628759674869558
0.1292763329590150001014 0.1041463863851846693986 0.1473195443800373871657 0.144949710791357683215 0.1262580568208306053268
0.09819981470360361619498 0.1880276388525347341929 0.2027907709933014501757 0.07243586013153892333438 0.1735519997481838327946
0.1293108628405849613863 0.1228556170073217268524 0.1222955887807840036352 0.1619183262035769343967 0.1587180908824023239934
0.1712376613075028974897 0.1576027398708633731061 0.1167469867483099804639 0.1505802081048860652235 0.152398313618496511479
0.1501746888619434616707 0.1401372002380850689818 0.1452512124628073109101 0.1810154241358117310767 0.1696937171658899901061
0.1646314538140548899836 0.1453843604104887998751 0.09631737141716692485183 0.1567926586167055491572 0.1459561297007826718986
0.07170808760260398428965 0.1461976997598824212776 0.1207212719240742804239 0.09390724601443796448752 0.1910546596606947367114
0.0956852938319263657263 0.1288540247838094177091 0.1103928120460150180682 0.1558984557901762768584 0.1919765404987981427531
0.2008672382739902506632 0.1060586772560840190804 0.1731064150950726299172 0.09985593255102936938172 0.1100275697966516808002
0.1268538373858875134559 0.1083603192444157065077 0.1599404713694898838572 0.1291859677787303151142 0.11766354673235213113
0.1204444000852215868047 0.1481094603552272903624 0.1965267308058301909401 0.1510200631600746579153 0.1414941277183652257321
0.1445658867889373089266 0.1322422750344336150885 0.0960167602826829391649 0.1242386019227003507437 0.1239937323894693410598
0.1422319179493054253083 0.320203799699907587506 -0.1256225972501096854739 0.2079107193787677054786 -0.07426059291676613549615
0.2949711410870240468896 0.2703112247708174264993 0.0992589097074398768461 0.3277599946645974315906 0.3248828325050798215834
0.2422241651742682855275 -0.03316260494930814428649 0.2440593783214551060201 0.3167607815639941204466 0.1019269081529238646366
0.0814093716650555881964 0.2140349419762553606628 -0.08363236984698099729663 0.1249438508151320542661 0.09168833556251770877665
0.04646845978145978245388 0.2001384811620961490242 0.259037466616208245096 0.3071833992359698783936 0.258631571940547977384
0.1521284494373918716459 -0.004367473321149904601224 0.2047943460011767968787 0.2431149590439508900719 0.1585142076485358542115
0.2950545311200421516595 0.2180405938935842391491 0.1671406504846950080712 0.3125202505921667039956 0.1686939733332598334581
0.09946941085879890120935 0.2634974561346589139177 0.2928081489062208109253 0.2485451929024113382205 0.1460998576283926153607
0.3416270131320206515646 0.2995750727567089710668 0.2254517494471041938464 0.1950492685965385941671 0.2489095001837517695531
0.2684389811708095541221 0.2486566762059117530193 0.1293663076789582089265 0.2169842899925000512251 0.3037380543333992877209
0.2119644539922989345815 0.2394430239157138706751 0.1233206985642549685656 0.2078040837285514419452 0.2558361762525443450222
0.2161886430027444849777 0.1069494875838978564797 0.2002150378734885161069 0.08471175656342123938547 0.1801526478530552366486
0.2561770882537586779826 0.2865524151432664590189 0.1995790686557165904969 0.09226095893830726923923 0.1807377248537329617051
0.2199289060650319593826 -0.04195122781114473536901 0.1139217720301630015767 0.1795643635548467287322 0.1973840811230355707373
0.1032090599167804073621 0.2037806568022757502945 0.2488351257569755559107 0.3154787843542136704933 0.1157084796035307006079
0.1538017303960436121812 0.1460214097585029735527 0.169363479798585764291 0.1960539128893450666613 0.1743850434179771979881
0.2423017254697661937435 0.1594919580739834197303 0.145849621429395504002 0.2375006236518037994188 0.1618752256046161186465
0.1279629544066483992637 0.2574086351426821406285 0.1953473130125547296831 0.2820247145669155242054 0.1136280267508578412095
0.2207971212237027081038 0.2623327200478137721795 0.06122938463676711601247 0.2215609749535721317848 0.1709827402303178423004
0.2407349939635239910452 0.2198716480654663574246 0.1991508114186009703594 0.1555866518084808303168 0.06470136740984326617632
-0.009598383443746744472791 0.09966315225108968167689 0.1295592018716476279128 0.1595066699127356546484 0.01724819423472969889821
0.2155789370380212510714 0.1472730542787267227212 0.19004675210237328975 0.2191968167312328685803 0.2143198386190397763951
0.1988605591240055203706 0.2159223536587879521687 0.1989463041672854815012 0.04180948392912837985325 0.1595685251333761045522
0.1948535943339800013963 0.140176385803255476592 0.1203677189235535516243 0.1799696817023103134758 0.1977061313384863017184
0.1985987304188550073292 0.156565968259551824282 0.09446091861799467415128 0.2278436528218645562571 0.1354119721325629521758
0.1613500200241528570455 0.2524179491574143341381 0.1742550638497869786026 0.1899882480933731132566 0.1701147946964767510014
0.1563221873930787375606 0.1553457297733953357266 0.2001830536311791641779 0.2184601136475227134426 0.009188303154408283129895
0.1662958914624706741048 0.1587418326028355586299 0.1700458563094526531767 0.1836931218145964883615 0.04819401120129086085742
0.2186060862007243865701 0.2371145706926902074763 0.1978184274804656028746 0.1637942226258496947189 0.1317830848313576164177
0.09095949192603672295299 0.2615728233075525488438 0.2408633593390303306858 0.2236710031463581827005 0.08886445151190250357764
0.1632833234656120846573 0.2125696654746433433836 0.2054239657853957623512 0.1550183509764987699331 0.1769457687069484752573
0.08408380370069254428067 0.1429048781354382569031 0.1085001564213882441212 0.09063384622641375287788 0.1065608910829347194538
0.2084741354114069966652 0.1600943930891593758314 0.197667421476208915454 0.2134198271413533520846 0.1971248719452551034781
0.2320006703486271470993 0.1817186641192504170661 0.1749388033613131498978 0.2196953749369134900604 0.1664945752781032128897
0.210859820916343421171 0.15123830765302812007 0.1965176614060716864252 0.07017604378377009788359 0.08879353004117168657316
0.1533709120614422660722 0.1267580588680819464464 0.1609916309993404959222 0.1894129514531188718252 0.1722618350057459613023
0.1694718253099949667462 0.1946578226784387022352 0.1190164480862379581261 0.2379545648842480154439 0.2057602131548902368863
0.2904047435650979891442 0.2289405161138656219499 0.1896817303732973858388 0.1888796788604431564629 0.1345833181971639591623
0.1108802001294548478239 0.2600937153380696864602 0.1084284186308606817706 0.1895644678917107750493 0.1040235436361813953221
0.1881762196954024912721 0.1264612672746499855148 0.1642786682304038792246 0.2209524716698877122578 0.09173271574051483634449
0.1054273026405708468811 0.1029336743074824173094 0.1631853552005184115892 0.1601117488491774210058 0.1604258175940947162008
0.09465477174110636937598 0.2271886966043605293741 0.216583565315622839087 0.1511396603274581806886 0.1362070780723130536405
0.1502536881671482638101 0.1814711198141553682994 0.1108004013056289316363 0.08395029917869456514978 0.06270721691820818621821
0.1317709069236156493865 0.1476108578879153365726 0.2770707073520115026888 0.1678354997290051886516 0.1690817828225096020045
0.1997847976552372395442 0.2633420459310606975833 0.205216024036448008161 0.1835134671335532652314 0.1400646732076037404013
0.108626044837618188077 0.02395317149878998727597 0.1319048666568037320168 0.1182003437515724703077 0.1473402149484728251849
0.081100083876918874215 0.1468662594863065495865 0.2040640483151412720719 0.1199963612830361042727 0.1313085466472144469119
0.1280455521829620135765 0.1772561895443013069151 0.1020865747594554423516 0.1599388612023212030699 0.1444923933623825651473
0.211102814464436350228 0.139754364932340835459 0.1287921726381916209814 0.2012452262567817617978 0.1137070087658058753499
0.2106079468873399418438 0.1655319675019562009055 0.1484585313049022470278 0.143730391499678422651 0.172183507043947220394
0.1311892859608278227856 0.2548621058451361887087 0.2211158261261283453081 0.1416239074855769053407 0.1458176065439053259443
0.1327628346097164124817 0.1793926333166444286871 0.1501926791966945728962 0.169986962323906032335 0.1891909945852242314057
0.1126786474446685448747 0.1796366094975301863634 0.1929720109734530120171 0.1109594923059294552248 0.2464224090970825453706
0.2317075270057109281918 0.1842674022647127762831 0.1557206900338372057568 0.2559822453783081042111 0.1995184285676429580825
0.2128669613349301881211 0.1237783788005544366451 0.1974243225730632489423 0.06168255417295842590875 0.1893703441409756715874
0.1897190161392096063864 0.2377215639152333859219 0.1839960635017522105894 0.1837892534567054647621 0.122056935042557851423
0.1466836291972327677158 0.0968635573599054972016 0.2541732874927190577452 0.2429604507023438164648 0.1694365847671372438121
0.1544854284026454804835 0.1479367191977423445781 0.1637897133657207904278 0.1129221361831068831671 0.19996815310049506631
0.1772134006195401068062 0.1819851785114170727997 0.1326687434898883022338 0.1324156447712619422141 0.2086568508668196764155
0.09835702752032947360217 0.1793624195303389901035 0.1837538057176395234205 0.1731480369344005343368 0.1239275807857891514852
0.226855736838383170717 0.1483091482549524220413 0.1088791545727047227476 0.1249010382752432229969 0.2103369617115984080424
0.1470723186004410654171 0.1470498789301287190234 0.08509581115649228477693 0.1460613704333919016243 0.1395020820177441112087
0.147733687766162385957 0.1095649358942998446986 0.1522446197484733643179 0.09511423014036214651501 0.1341589350593147822455
0.1067924009951134456387 0.1848036774717408126101 0.1705901244765476720833 0.1685053012201790101354 0.1465327991162461984676
0.1131093847229892035422 0.1651556393480880513547 0.1935991303021204756885 0.1941203768694757247903 0.1530050163204322577482
0.1535913512089804311422 0.2062489249669027524536 0.1795012061709345962957 0.05985641909520525438815 0.05554360211671749425477
0.2052348627770917699475 0.1740591785895621856906 0.04392409870575846725371 0.08478195403439209298924 0.1542089767257136811995
0.2022141628149703163064 0.1027051929549714776035 0.1536389747579069153804 0.1839021210755651669633 0.05668014516246041439862
0.18507990951596303697 0.1493266764158248660621 0.1726915667464873349601 0.1181607604936527611272 0.2275268500584013975363
0.1992281368153698273282 0.1697202610885353846193 0.07544996738845084760516 0.1775765042951754912881 0.1793695758047366972665
0.1535425881944667836354 0.1710230377880509466948 0.1941751857055564189913 0.1812849082856528848406 0.1904584840431445547093
0.2294840579284880832667 0.1405140091185820561126 0.2377715465803284244917 0.1351212887429994735644 0.1235291814176076308218
0.1754476480735161492142 0.0859703023042776015572 0.1854143071072143766909 0.163390238732724429882 0.1441610032326492707444
0.07599251761000876126406 0.2850740150663303995593 0.163286915630309309444 0.1121587140551090072682 0.1008248171141776089454
0.1365563547703237123887 0.176912317544569763772 0.1914845291457581422101 0.1831805028924492206865 0.1396232798290583110301
0.1507282904651414956465 0.08893811895253084243151 0.18067737699695121667 0.1520984072820463495201 0.2143400091869506196574
0.1721430578616392481628 0.2469649283188907473718 0.1309066866456436994959 0.1384631270576817396734 0.1459137103076288410897
0.1213430313953843681096 0.1073131260649147766806 0.1274372753430347560144 0.09521988470629537404388 0.1731298765492647329101
0.1571863494862270338448 0.1734101574030987580333 0.1773359329009083218409 0.200678632026898395857 0.1472738835895299747136
0.09420979563553837088374 0.2168226019979171415031 0.1415632827750753497398 0.1882667881053034786287 0.2226858170237747680531
0.1885556589914459679758 0.1311429258397867336772 0.1145999351972998708815 0.1187929289314154646107 0.1665512625623045694923
0.1691967068582720112868 0.1257345177252429391235 0.09747293105863241713394 0.2361440936665596956878 0.1856491504767389388864
0.2098996223350909628991 0.2203287524609702230372 0.1053696249999272055442 0.1165510292310232010049 0.2015164617072941755094
0.09294217510365342105327 0.07863800714600223396022 0.08852649010441096533164 0.1109179111967025510577 0.1674781249255613835292
0.09754862439464899448449 0.1550603335932956572396 0.07051059738325546333293 0.2136804892918886256137 0.1862443624925706198159
0.1721579361419016962476 0.1584977319329428924188 0.1248186874902900561635 0.1328126997570156786477 0.1814807038589948962048
0.1669025578984690560969 0.1164049203466879511826 0.1200912885881785241438 0.1048948327376829081636 0.1227703428680594899269
0.1746849871204216586573 0.08909971257872845162851 0.1791288790600354396965 0.1670037347298733709788 0.08026701860867509197295
0.1550644669311251611088 0.09345198989413518175784 0.1861882389035356688556 0.1669490959258990991909 0.1487709849437978681941
0.1513158362035030291004 0.1476273794973340103276 0.07964917907848750866506 0.09069393973728186175709 0.04726495002958983754349
0.1253926458308570190958 0.0809288366049303875549 0.1711222528791224439804 0.1809832381056341865655 0.1376459566486993579826
0.1006514656999708545726 0.1695651751393767725506 0.1416720744286822653013 0.1398980713699561617691 0.1286972198476677431422
0.07744449083912929854279 0.1221576837146192834327 0.1736880194238935304352 0.1636929981392704624987 0.07004850444415164356649
0.17645047013653483714 0.1046505793722293103931 0.2058960083709582555844 0.166776580493618237222 0.1135110339883487612367
0.1845119873659422371492 0.1307713561644381905502 0.1862279567087840592698 0.1617131596140426175179 0.1485892116360572889899
0.127831040118210170764 0.1395079237256935389411 0.1094032865000200138716 0.1376720236489342163999 0.1987422152679553799537
0.08647220795642877877452 0.05455176852890727956513 0.1941839086367976030534 0.1688464705618427097455 0.08067086652161783999482
0.1212210697027535644121 0.2132008576690977985635 0.1616345329404557662478 0.1299230437600331911074 0.1683142583772864464553
0.05582546463688012328141 0.1496270957494911513219 0.09530826973469361251823 0.1091841726272636675654 0.1263148485028788847728
0.1132424843411982962049 0.1464261495316931949162 0.09315632165151278842874 0.1424996125778708599974 0.1265351715976662794194
0.1033111146493041337946 0.1252230467953652226498 0.1944189555934053292852 0.1115211104338436065575 0.1915222055925943356325
0.2142875913334031379165 0.2525088715260114802241 0.1577136873163961228173 0.1154730921003099958222 0.1319594267556297162436
0.1998843297581061329016 0.1474076334877756633279 0.1363938427127718289178 0.140949164496835976923 0.1306264752242000393156
0.1634995573112943134664 0.1052367586276537203549 0.2030561876347910799101 0.1165850052206948428424 0.03255916718826822736643
0.09428207112827588498583 0.224874528132760903576 0.1815479226873077389648 0.149995610694778791494 0.1797986472183401573943
0.1156896675737680152407 0.1504210238271399824317 0.1053930005698067717823 0.1198471067481001045563 0.1547525470314481121914
0.1485267053343095056128 0.1051386116292241934556 0.1529563832182873894805 0.1455245490809882469296 0.1898196213232136719817
0.08859820383206812310917 0.1536273335650521765228 0.1452215425097567458312 0.1359024225805001151457 0.1057492341899649995751
0.09363113032524149337288 0.1379963873678002883594 0.1135026930191577049234 0.1438431217064144174156 0.173868575008042897112
0.1019517921160068701925 0.2027995315122844977029 0.2083096716514445945201 0.1141511665201899033972 0.1033722945670822179753
0.1064583984775591823935 0.08741149192992575533978 0.1299804664528253217437 0.1038859324523599969581 0.065992903403686048458
0.09818149215062606238735 0.07600875723547666218405 0.1920860153490660804376 0.1096263155621957502417 0.1186376081690146827574
0.1791516484230659955745 0.1306193062274057237193 0.05777067345184820623682 0.1726259292866222649909 0.1664264439479137269728
0.1170351108776135629075 0.1016062843448367336574 0.1534478031894971894467 0.1432116718422174195258 0.1940761303022245365391
0.2055536398330217728869 0.1709896252200179267433 0.1443017304036167125503 0.17746467091193010579 0.1013249113354126873521
0.105805561472911660581 0.09128230253965809171124 0.1264465540389685394018 0.1757160518093046630561 0.1247264700794701447473
0.1095098112822815578093 0.09224466423972907391793 0.1696850784705205006375 0.07073490574823243504099 0.1311705791173559676466
0.1902819312716553523668 0.1988301353468842347372 0.1023255097708113819932 0.1065645004503062570622 0.1309211279222284307622
0.1560122018707119917469 0.1828314740253601800024 0.1538960168981876597272 0.08150877024245929691748 0.1720952966770273595554
0.1534629494577900155061 0.1331655458181605078405 0.131775757632927370544 0.1391521641679499265987 0.07122839506299302736458
0.1504815301283599915383 0.1671796187853435144977 0.1600790518521404137697 0.1495318136708923828504 0.17621149069147881705
0.1642785727058092004604 0.1620461845348423746138 0.09523654830625459533078 0.2230239817566319615594 0.1603978617722583432936
0.134548594743209959379 0.1259866956175053620548 0.1501638397475585640084 0.2399018087841669477633 0.1429378882246118420696
0.05979048225241922337458 0.1369711157651197219742 0.1354639584187928291747 0.09290516988098564132859 0.1743276206823328455808
0.1265908418248697375752 0.1037179887087175123028 0.05491508103667826906635 0.1645958016435571658054 0.1372321748209737735102
0.1226167661953463799973 0.1515716428515113123332 0.2271459464163553543248 0.1078800928555365967743 0.2062053049178778907358
0.1323792651226174399426 0.0794838884795174144271 0.1736758842117500367674 0.166936777265447949814 0.1079110282659161840213
0.1999586272039506062992 0.1462132605408427987737 0.1655228543825527920408 0.2128307041371931274121 0.1485469773776995350278
0.1627899772909650877306 0.1028184545036520819439 0.1710847211831850733788 0.1736306150860222052845 0.132302962780551480737
0.2200426315005086230769 0.1629410270643538438673 0.1982026630282066326227 0.1022276800137109364908 0.1156777957743325147
0.1794337167326034709891 0.1860846670048732498515 0.0994408387968577500704 0.03184580822452896115005 0.155806647642208945248
0.1635928248414481034345 0.1528864153987964380477 0.1840827787458990116853 0.1227116726961133691409 0.1444208516643316619898
0.09757002727687572041226 0.1617751179209754031074 0.2118577731052533608125 0.1228027900292848889618 0.139567870468703059128
0.1098402363483933774635 0.08311582307806435199193 0.1379730392917651871088 0.1078110089246390040918 0.2109049478419429413112
0.131979016397070908484 0.1379491467392322534558 0.1749413672642370076726 0.1311043663459222630152 0.1054254061361007410724
0.1284568554990472843969 0.1702938164751806593422 0.1005261360550607496744 0.1629926627208023448556 0.1463287199093160906305
0.08821963197387706900887 0.1804813939456490490265 0.093184119056900549527 0.1408345970005400460412 0.1543191685872479790298
0.1864243510720068885966 0.208803225310746604082 0.1969612020436184995908 0.1890862110299015852455 0.1818263755017838212424
0.1382337804176219653307 0.1170542181231793432694 0.1346951346482201383736 0.124631000051721549382 0.06004621218952452266215
0.1476084940827934177676 0.1478249838336912758141 0.149336192646709026155 0.1386969384420307649375 0.1767884292781035093789
0.132785835539115881776 0.147374900740572495339 0.1648954016571174963079 0.1098099677263332102362 0.1124600390080618406152
0.1664713047757911679181 0.1348166297146390635309 0.1489420880671726010736 0.07638299908501453017173 0.1552715524409615244217
0.08607918774286266172524 0.06837992267445601457521 0.1218551720625583034696 0.1007197440336563276642 0.131378524808623914355
