NaN NaN NaN NaN NaN
NaN NaN NaN 0.2660319002044627678671 0.2832693276245977220817
0.2894972228655883772497 0.2783816641492775079136 0.2928080631577530956733 0.2791406550625193938586 0.2854912514046310523241
0.2699579927371867915653 0.2953778307160572214052 0.2786096317454907489441 0.2980964800598018271671 0.2831205495637153513044
0.2951918441378118540541 0.2841796084100857155974 0.2952844786245147901127 0.2844431577782342013272 0.2793328419897208592104
0.2721123995395141603737 0.2785535021972488922692 0.2710643640320057889959 0.2738199214936299918932 0.2580483664154420986314
0.2625482241203694333542 0.2676239775608509341431 0.252177889385858389204 0.2590026538107381703924 0.2665607012802403974483
0.2671742082135187268399 0.2561980218456190727672 0.2752488154896896022095 0.2679482368690399574085 0.2797622690134187739552
0.2666575605173135410375 0.2806218683484006937157 0.289753898820898969646 0.2844662189837502408452 0.2931063557994763590919
0.2822081668952890476376 0.2835180761347621536395 0.299296141866478571103 0.3098068415196877922746 0.3063161749470463268707
0.2905248171997354411644 0.2799685049490625576851 0.283379914920003306289 0.273600611105691393643 0.2660153484164105019971
0.2664667233979303162528 0.2603139740987564509922 0.2895613676664749447376 0.273849330415469882638 0.3004625558064101253919
0.2882909384109691997011 0.2863579157580778411507 0.2917349242346299331707 0.2828150144054348280598 0.2677965810615648978299
0.2648447982773644571175 NaN NaN NaN NaN
NaN NaN NaN NaN NaN
0.2539095422956640923928 0.2790548337989071647769 0.2585654743900684948699 0.267719701040339874698 0.2645635295834732336751
0.2645786309541673930745 0.2747698160169702585875 0.2633605994132403593788 0.2762942994407114882804 0.2693754078842305887953
0.2606589952067683291226 0.2690531801365637076806 0.260438412338463431972 0.2771053666205494092623 0.271588106209128876678
0.2662491663198296998338 0.2756491619793383085479 0.2771673884382188091102 0.2759658668124678193578 0.2613274956405177151808
0.2686967657106130724642 0.2668732867041476164438 0.2777070239967727172115 0.2653723419276177164505 0.2641841462277323970831
0.2584549732825014989324 0.2802913700351724601845 0.2675560812246794983871 0.2792893503125587484348 0.2807897144338661887808
0.2705295299620924520667 0.2589736095025523821 0.2654676622980799427509 0.2716352498752380717484 0.2600379640682120019335
0.2662807432542504404438 0.2705345647835875055875 0.2690223017719861053898 0.2751086711839973442117 0.2769555118656786274478
0.2894521862577772997049 0.2782937826340277087667 0.2780399378066302218393 0.2804836145918725431869 0.27449454071266710109
0.2916922846660821022624 0.3106751038401361353358 0.3093270944895748497672 0.2989324944497355751594 0.2820431185350420477675
0.2904231527522208589076 0.2717980522412273280963 0.2631868171720321836204 0.268116500915450695075 0.2822702902397757340758
0.2751990921604770545805 NaN NaN NaN NaN
NaN NaN NaN NaN NaN
0.2584700277177208183055 0.2522709822996638817649 0.2497285147280068340336 0.2636197406359135908538 0.2639860168193793321656
0.2591564505608281443472 0.2572605460769097907026 0.2525720122154765934219 0.2578511287606767288239 0.2701721979285446328944
0.2580170093570980927034 0.2861231602345865598913 0.263558728606185177501 0.269064858948410645656 0.2663078061003092966708
0.2663319225074862184321 0.2799056069868356977359 0.2794378238613813292268 0.2944272184576308126758 0.2899766118299439421335
0.2901569568308414726054 0.2792038714477624861132 0.2725625762622430059423 0.2876838639762146487833 0.2880627914626732732906
0.2863420074803400550145 0.2646801368261200160248 0.2793956466987335685026 0.2690326447243432395062 0.2822045931081571534804
0.2690761234401688462015 0.2696991933805348296005 0.2700427201194567916609 0.2629809879886559897955 0.2706448782640553107903
0.2732686168164936146852 0.2704891587213590353755 0.2791416722397667138367 0.2481347972163741866236 0.2790035355535216976541
0.2826853213956156407605 0.285699273415320531555 0.2918370090353293311303 0.2960345189951274491591 0.2828796394018137649873
0.2848443420980699136713 0.2837722211001575955969 0.2819001939251471466896 0.2695325275467770897997 0.2709384980450855184841
0.2608828609233530548828 0.2610728479869889873122 0.2599790052968279918666 0.2566601555363542397359 0.2581005136618670925408
0.2640950189159115835125 0.2609628102349683120842 0.2666291202701405183007 NaN NaN
NaN NaN NaN NaN NaN
NaN NaN 0.2624618723212469029171 0.2677633830290315763989 0.2657609100776562316426
0.2628966246958357455554 0.2601546949516500006894 0.2555294152117864592277 0.2610695019120989890382 0.2540284635511632083116
0.2733877453058488060655 0.2696803686941656730269 0.2657521405657206625683 0.2647576211012123703625 0.2600344004025084143628
0.2637586576364041035525 0.2652913536383232906424 0.2626842164879699126345 0.2492345762520841168097 0.2634830655695653556236
0.2637793077160177079854 0.2656984778343987607663 0.2653645881928743399669 0.2591931610479724645835 0.2749448576051721770952
0.2841656996802149892645 0.2622391420798749206433 0.2784480514884289936717 0.2728072912914583092459 0.2911273466570995505087
0.2734474492828402047984 0.2852339577927092140186 0.2758149773260106796258 0.2838240404683042283907 0.293473377183519401612
0.2979708404235353325085 0.2713994950412767503956 0.2878695460103440351141 0.2849034309159930722366 0.2897211962758331482704
0.2813980751557507153926 0.2901931624257371722386 0.280413248523947999935 0.2588868534332546822441 0.3057413476257438422756
0.3033745969965399580381 0.3157262973984137910399 0.2946854536084696496445 0.2903907552461971741664 0.2603187756708250644166
0.2878728330991454087417 0.2806369935568738815945 0.2813234073159749937254 0.2740826078786580688451 0.2924561597380554434089
0.2844246763888183537894 0.2913521232332624277817 NaN NaN NaN
NaN NaN NaN NaN NaN
NaN 0.2662454432064700338145 0.2735644512661222771399 0.2623719677307880804307 0.2724573502610521114065
0.270339368495723764152 0.2771838254008964774755 0.2730012389566553454578 0.278725297494195944914 0.281535277454156074306
0.2716514166061463342317 0.2688428888501803726285 0.2689154836440948992404 0.2678764617214048904259 0.2660219715868720191665
0.2643700882303935406625 0.2628966249995095538772 0.2640765236055901410417 0.2611939052457200594048 0.2656388488708051887066
0.2583987373365942419312 0.237959123903193653371 0.2547469345982833477393 0.2513822430818429820576 0.2597375053900610741842
0.2728948560079089147301 0.2773890944887683063236 0.2769244318550629357922 0.2711457924771251692952 0.2770920341551431076432
0.279784313620471625228 0.2796079717473997083843 0.2735623402641910728583 0.2741710232379581113626 0.2815430013807754816568
0.2798462694337645051412 0.2796238490824025646475 0.2781078406855678197829 0.2890566805866188193619 0.284216685011443370712
0.282812816215398055153 0.2896800018929558961922 0.2950230805794836208555 0.3016315256467299033005 0.2921185288562844761806
0.2856490249382599988515 0.2664108523484040591534 0.2790826276532435423761 0.2767527247165736947743 0.2924931360877638941709
0.284060555269787906596 0.2930692224340293305929 0.2900155542529775365423 0.2951919468716241445883 0.297427550559701547872
0.299457452578684613087 0.2831160074162334949754 0.287960233533970710873 0.2744041681858952475004 NaN
NaN NaN NaN NaN NaN
NaN NaN NaN 0.2362627018063181982832 0.2780156223907181978205
0.2764061162231367108078 0.2904075052006884205547 0.2914981946895011111209 0.2835378153093308650767 0.267456285946099270312
0.2820051350959439928623 0.2907390065652729060908 0.2812677206753134151462 0.2921842155232367566065 0.2722312894199107047299
0.2796832997354725125483 0.2941077015993968646335 0.2742589151391248702971 0.2809058484552070522611 0.2974674348433848924955
0.2854787778509605966626 0.2786182673439047130515 0.2764339349885550634056 0.2947150088980658444449 0.2653840293221573776172
0.270759785168141753342 0.2509014910001822751262 0.2745845059753830863514 0.2865219153679025021475 0.2851279321410067901787
0.270144034177531466856 0.2624352841854205586891 0.270489560444188426036 0.2915339343188733667311 0.2843782187771949354627
0.2900130794709414039367 0.2988903786870611978266 0.2968587376290022228353 0.2826131102453420806953 0.2795263372850377292522
0.3007733240898789461859 0.2826415270010613767226 0.289315578374895687741 0.2923416500304890086603 0.2956735669206496663897
0.2989185936033226242969 0.2875275035110472221511 0.2898357628119601070438 0.2843719785763988983085 0.3023309872880572957143
0.2897050371177401495437 0.3211738364111337840079 0.3171145230513152113438 0.2816981005962744255555 0.2914781262938287431652
0.2811160689252892863621 0.2957488055326666920308 0.2891300514678282196357 0.2940685351620094811764 0.2601372650486541426851
0.2914826809421900422059 NaN NaN NaN NaN
NaN NaN NaN NaN NaN
0.2641322944304753117528 0.273410534458719822748 0.2734899733472080374241 0.2600862848554259532108 0.2631328488463912096407
0.2740280158839676905025 0.2697949281822671352415 0.2711674611590643713122 0.265343916244390909398 0.2603187109234918472644
0.281598781975212042461 0.2698543700874809769807 0.2648121788926483533011 0.2598333138204413916839 0.2516799798882395355903
0.2522736384307980306296 0.2450066661517604216236 0.2451039980592930600523 0.2398465666058068046507 0.2504843014128848577293
0.2534391632915692360584 0.2587613594697358299079 0.2628743819609953846772 0.2537360821615387562744 0.2688864659170287496615
0.2706898129563127253228 0.2722667994054090434553 0.2822853831460283013932 0.2764599949112848675803 0.2836989518360529816121
0.2661971025811426527774 0.2782305298385442382525 0.2953078022562715121424 0.2940353253830524926649 0.2841408990243176058144
0.3053082130209926470243 0.2883146942344626539878 0.292792266701723924438 0.2874680214411363676774 0.2998006244438164435984
0.3014660267849352814906 0.3038393817995422296896 0.3050824460814480221238 0.291704851171043333391 0.2858710045887587480884
0.2915601217582711179865 0.2997282118199385281265 0.287574467687870816146 0.2975293802513794827469 0.2795959453058675658887
0.2803523163882481461506 0.2913168486721677830076 0.2942995628577384503721 0.296891852495837327286 0.3047303912780209289579
0.3008769774539838959271 0.3138284111102628282097 0.3036911961980423568797 NaN NaN
NaN NaN NaN NaN NaN
NaN NaN 0.2588030498100465925937 0.2601654519736968929067 0.2591414593816479539079
0.2617536483830368854164 0.2485340225683903003784 0.2627280873715182596406 0.2688108564983213155664 0.2664453677366243056213
0.2746574666650812845958 0.2800831256858729023662 0.2695395015302542440772 0.2753249407970134177148 0.2546244907395398548999
0.2625407923987311265002 0.2515788765094675860645 0.2748820969226135613184 0.2426177791798689586944 0.2555844443629282092267
0.2531557814164703268389 0.2783248329342991045365 0.2709287200145152341157 0.2673777240949484212962 0.2504725751998311822355
0.2534726989404886277057 0.254138475070171954151 0.2658427257410571620255 0.2587145483149349556307 0.2579892555828774414195
0.264464111935199808201 0.2509423618511920639484 0.2533959946797592066581 0.2616517672298045438239 0.2632985288492815656447
0.2624152726648409372778 0.2538742935885029416987 0.2667909229146182004122 0.2548246686207918942912 0.2722558494152492181151
0.2724196143216310317392 0.266593910666743871829 0.2700248389292402850792 0.2760480390076369139329 0.2539010898486875889013
0.2694131962028892268712 0.2678206640312304487317 0.2600261096346971889659 0.2532708244378439887967 0.2662841432055471635465
0.2692785569801290357361 0.2554235999318389405133 0.2548620747957173193754 0.2567829855327617982752 0.2635775847095093715744
0.262584227147762194754 NaN NaN NaN NaN
NaN NaN NaN NaN NaN
0.2624792159837627258945 0.261884818805388330798 0.2606824674090943982918 0.2639871547548203745137 0.2553398450520977247535
0.2544019191237827381968 0.2569980849590844385055 0.2566127596675040756224 0.2469722262019050929016 0.257776706188979742862
0.2655841627811784677604 0.2754084670867559259122 0.2654926383722342464466 0.2796444464784319516859 0.2690691205365645655156
0.2821714581699684143423 0.2656615258839732374163 0.2731883481133020041831 0.2572819188880090535143 0.2651658327711921003811
0.256117783151244837736 0.2749316487644662410084 0.2655965182803730062489 0.2919658920028789239609 0.2690358257871358627078
0.2807096212517666278252 0.2752540113054574022478 0.3107846469171142711474 0.3092583552886921105518 0.3115450461119133040988
0.301337144991012273465 0.290549615166590280424 0.2699930162037537662023 0.2911505742532885521179 0.2809583740916778427099
0.2665434686170967126806 0.2750192181133948587934 0.2842352260347614234526 0.2849951024095332963171 0.2888694397940655966828
0.2791232958599557667512 0.28166022644865534863 0.2694894266862311038579 0.2602501104973833356837 0.2692609876526768641902
0.2600614549633701866327 0.280760287949427145282 0.2631778117938947114673 0.2791820386316604674093 0.2851650909489898966243
0.2773034674777042352112 0.2926588601992590743528 0.2748123661565733955037 0.2913970922831373711048 0.2948485471589861739439
0.277422778770551936578 0.2763511725074210279018 0.3081162392876217182014 NaN NaN
NaN NaN NaN NaN NaN
NaN NaN 0.2664677062617690772584 0.2608361456535385758393 0.2650550644346948425678
0.2658029350558148706796 0.2618819506750942882611 0.2619588797755323938965 0.2576825100889367781143 0.2602149177989520056897
0.2544938480786390622157 0.2567890668625703587402 0.2599413573479772976427 0.2795238313927644324686 0.2778013750668641979047
0.2715924949582759206912 0.2715625958468581013783 0.2794411428030672550626 0.2651641144119094017917 0.2682627472473221863503
0.2625290937244531552786 0.2577052171779932177031 0.2618263185401527581853 0.2528877583902345849154 0.2605445315838225139871
0.2506341615385456189635 0.248939026036692989674 0.2535948971808984486742 0.2541893750505187510313 0.2547371363445470326958
0.2624721012062992686609 0.2658277149785032156259 0.2615211122123392017969 0.2709775419099562099312 0.2600552083483065879399
0.2814601399270351134163 0.2857504756559330894028 0.2890200665263783497139 0.2803580824339521049282 0.2802888289174527147729
0.2613868652548911319933 0.2836493118828919968166 0.2633677121594656389547 0.2557144387019013587192 0.2793620112726245552359
0.2861621109766198101099 0.2719435325776091705308 0.2745314205533563867156 0.2736692410218055648841 0.2742665918467045993445
0.2686552557275261321479 0.269383080581576228596 0.252216562254434895074 0.2630235983775719432742 0.2524327475939443510278
0.260902920747425215442 0.2745685821592739883634 0.2767560585351969693058 0.2805126190225391558108 0.2759987303035116856798
NaN NaN NaN NaN NaN
NaN NaN NaN NaN 0.2621736803726624209787
0.2617473293224419905734 0.2518314803767594534101 0.2398785556681591324413 0.252722646100396575175 0.2611034263891739981567
0.2573568814426391848649 0.2583593804944010474678 0.2600833890976983475696 0.2676052558407270853813 0.2599011345550121254711
0.2824718305671483076225 0.2732764743110881466848 0.2631192512137305317133 0.2583338821967099407928 0.2726033380619511392595
0.2636996044092361768385 0.263399449256122741847 0.2596458790405831162929 0.2602916830779012924424 0.2550842610067049487377
0.2649229780206912576723 0.2604991504206954910927 0.2694891767085569322937 0.260998496931501899887 0.2824718583556821149827
0.2727075219533332539612 0.2805417278107156797695 0.2728845784405230512348 0.2840122376894721467622 0.261051955569415738978
0.2732188210008919537763 0.2516614796152019661868 0.2541786036198329656877 0.2608940695510476581731 0.2648240451851852639287
0.2634458826383552221273 0.2651532080682982850384 0.2603013594913943240527 0.25481999350592238196 0.2749799804106967671125
0.277997275646371111435 0.2691397939256365834382 0.2727164000265949739266 0.2727244144335864151074 0.2776401702672063320776
0.2593664935404524918283 0.2555224537667021844634 0.2506669075709289651321 0.2396403180629441131977 0.2614646588023075701734
0.2658775519546514032321 0.2753307843792746623102 0.2676233464659329985835 0.2631870964358078435197 0.2642767756416289914867
NaN NaN NaN NaN NaN
NaN NaN NaN NaN 0.2731371705039777331159
0.2700490235026933860674 0.265873042088074718059 0.2571192702841649246892 0.2572094681598257603916 0.2604340987607965951511
0.2649080518980924670025 0.2709037779652079813708 0.2780430124901136501592 0.2948618637496085437277 0.2701584901154482354357
0.2674446546917689238043 0.2728097454474812666447 0.2889370416416191522657 0.2835412717956300454603 0.2833430000707471418941
0.2883216190293235170472 0.2813728829104270023898 0.2788624890849955018091 0.2765655126111753459028 0.2768754690825570574653
0.2572433379418250787296 0.2789178181504463616136 0.2678401147954965755282 0.2645243993658465408991 0.2637764625404326324087
0.2835109681008575188699 0.2786424761529339155786 0.2921012868847728816135 0.2890691114089006252819 0.2941648326632239074385
0.2986613321970580381404 0.3088496810204603981731 0.3004354016877460176183 0.2774269064879063551032 0.2805683769673025240721
0.2790021653205616569693 0.2828280328814902211398 0.2670394321261898573638 0.2615010357400526230798 0.2759598676630175551061
0.2725247433480590952826 0.2744540012446892163211 NaN NaN NaN
NaN NaN NaN NaN NaN
NaN NaN NaN NaN NaN
NaN
