0.2221258960857872555295 0.2424003137821355569059 0.2373691706560830672057 0.2506853079060814559753 0.2567467942408259706788
0.2687469767091918426694 0.2706105975503525495895 0.2809702253932642168621 0.277845841464603338089 0.2867249709465620188809
0.2963922002744630579407 0.2916744653604499970534 0.3006735183900303698401 0.2983788619083612148053 0.3076067684642727062538
0.303364593355359812854 0.3069478013888798928477 0.3098124837950083088067 0.3112952819512365687515 0.3103364242497041458613
0.3108268139233719695724 0.3106993523714929872348 0.3074124189865769518626 0.3170096885454595780907 0.3110266821915020352129
0.3183874198171593450368 0.3177396030661885362179 0.3195014272911817498901 0.314165503341878316057 0.3200606575464375325168
0.3146849869631007656778 0.3162805344247743843944 0.3170784221281227055478 0.3184833546546617100148 0.3211248142441493480526
0.320344961293370533717 0.3222531868555709722024 0.3199074262635388521403 0.3223186081819769399637 0.3195386913501080949906
0.3264007477266703260987 0.3211264710237057840025 0.3216115875534189538776 0.3226013649563837515366 0.321885080755780095263
0.3217768504372918725309 0.3241983300769157860799 0.3261092110068423144398 0.3257236154077819967334 0.3248014881090109939876
0.3290003129413335836162 0.322395749779241458377 0.3306612945548941251417 0.3277020535608437534769 0.3282740036705927844096
0.3289114775940926715947 0.3275328956401694635581 0.3294619169992168972172 0.3288362828551302796676 0.330528738600325167063
0.3309002341660537971357 0.3315874808404830065278 0.3311531761824043074149 0.3327554612121964572324 0.3277780093222663060359
0.3296418765593780442202 0.3296834698831054288881 0.3299607915316044581822 0.3310851375486142389448 0.3329317307991258578781
0.3300129414921110782011 0.331562407152665994392 0.3320764663500084257208 0.3331527834326428738621 0.3331537361750105952218
0.3345413117376648814982 0.3345654348735808136794 0.331629050686023996164 0.3336363895805658508209 0.3329050652618369965374
0.3327563692239158266162 0.3344064335551745759112 0.3366285077981202578101 0.3324881083885453114668 0.3350810929929895487511
0.3345990956381835745859 0.334951608884250906506 0.3341213943503779093547 0.3355717339948424693397 0.3313317703027239824465
0.3322274333602077134309 0.3323127304557170202948 0.3341588043029248278337 0.3336370030107834727673 0.3329046109081852389266
0.3354774604069968857445 0.3353124808887760210929 0.333897410030248031898 0.3331234053993989419062 0.3369713740736871021575
0.3347752773585203067697 0.3367238883594571019486 0.3324704452672059273866 0.3358019070063316680042 0.3319429587852489871302
0.3335467168209821919866 0.3340689024579158727946 0.3324966314878985418346 0.3326588626182011565469 0.3367982302934877658629
0.3361029580409539141428 0.3353961988483960543483 0.3339565981767665947544 0.3350914597841123665489 0.3367052557260357681379
0.3357372579789615896217 0.3349459605804295803111 0.3351148784352080411963 0.3349832951553695647995 0.3347606992303925887988
0.3356717342185305263946 0.3363073978629505522697 0.3334843168739665131284 0.3355270719396460932238 0.3359496542784142780746
0.3354921626936866463353 0.335264820301962251925 0.3336489864035372399087 0.3355189408089350733277 0.3349275403010171237028
0.3365483547437230771315 0.3347754831859084956314 0.3346757389517799885503 0.3341520012803524397604 0.3346422834290386782996
0.3359762125342137251138 0.3360536071174933248074 0.3356476457706190075214 0.334426236656415520887 0.3373041090201555070038
0.3381612630600276392379 0.3363854578014720542178 0.3340507191838973932718 0.3348183817274956730614 0.3357809420454016535729
0.3351643467119627128881 0.3350519860533866522978 0.3358410303013465991739 0.3357292162392582768327 0.3361874603494596214226
0.3343028223669449738864 0.3350647948261377684354 0.3349946272727626350729 0.3349025826411483053313 0.3343532640318696569359
0.335852526360569170194 0.3351682928601731892293 0.3355759815022847925015 0.337161713364068527099 0.3354883738138570992149
0.3343951787628786087581 0.3347193677068785455653 0.3358357072416834343542 0.3371670169119223570142 0.3347933623997714214227
0.333778586807084609589 0.3354566698477874919782 0.3354159378681336178829 0.3345700292570646938728 0.3341938736724213709905
0.3358254455286240891532 0.3348521024442340232596 0.3353795738351770250318 0.3347561013434880994311 0.3341733157628328787503
0.3355696975818782679113 0.334473642138579441152 0.3350497106394395574469 0.3361474282784953082626 0.3361669166552602727727
0.3358088508619909151598 0.3322507893900828457312 0.3331847350183261280421 0.3345863501004600060185 0.3367179316801259814085
0.3340371450372587869282 0.3367474763459613051886 0.3340982415205482336518 0.3350852492221909617598 0.3369572758508611043382
0.3362769791740303215732 0.3333406715819038357296 0.334252505993085591296 0.3362495999089650244862 0.3352277026208669852281
0.3358656630314846291974 0.336028057705606508776 0.3341456498673990860304 0.3365919314915737925453 0.3355076499942213907879
0.3350650404822985706232 0.3359021907331622425197 0.334327681119452546632 0.3374110836731610274519 0.3343095867042095159505
0.3343426962584684081214 0.3357596851897470813242 0.3346109419708284127282 0.3351418122059425241943 0.334349520718973336475
0.3339648665383578851618 0.3363066901046219969729 0.3343495540262124143815 0.3353700758352031185971 0.3354988461189165049881
0.3361448090315917736071 0.3345982539243975706356 0.3351330021950976179035 0.334465805664314053125 0.3349986616625353907928
0.33571138917193360518 0.3353763651029401104964 0.33358188375699954209 0.333485226936264589348 0.3349029194571037093553
0.3337146898005820538913 0.3337075436289972385495 0.3339204276069279719863 0.3342894300187912448585 0.3347801715969811464646
0.3343406070272595953519 0.3335093607069645749164 0.3330862549031878283579 0.3325073134001167440843 0.3339074081921837300335
0.3331611847011843874355 0.3342303995657262549734 0.3350673295312400212786 0.3333220533015108233421 0.3338783828858188917899
0.3326028019979599403833 0.3334896833768524193609 0.3335423316920513303607 0.3347428044519541456836 0.3335337976334055154481
0.3344142818708588649201 0.3348784899540691029074 0.3344127872128704881405 0.3334039888624488190416 0.3330097659434793078148
0.3336059320204818878786 0.3333440227242938092012 0.3337149030384892745005 0.3331284170845847381059 0.3324933553687740017679
0.3332242620825811019181 0.3338288263107161979448 0.3327272763104616171148 0.333937270657747087288 0.333471255651955011956
0.3327771577872321584479 0.3327268936972367918692 0.3338203401503551104312 0.3326181121181202571258 0.334151696703629597085
0.3338123969075716956922 0.3342978269036058214247 0.3317686639774647949785 0.3334492281259017754103 0.3336554242632586708694
0.333303264479907879192 0.3337479248948942434083 0.3320394358785165311865 0.3343677225138452224762 0.3326251714810193882421
0.3332884965803289967212 0.3352014613151850785933 0.3327501453750670301623 0.3316299790055451390813 0.3332485661897076067994
0.332215867052132018955 0.3332951077105188453231 0.3334862700086607678607 0.3317797078670183252846 0.3327334362367230791158
0.3316519442023511676787 0.3326943091337639102356 0.3325007772269926165087 0.3328385550221500954748 0.3317904201909465666809
0.3314324142322498389923 0.3311855330796379948133 0.3313045257529914078276 0.3330887408077560785102 0.3319485569814569214664
0.3322164998360694343482 0.3305344974242177547019 0.3329948390968086036068 0.3316762002644070284063 0.332033067618777544272
0.3320970507247125724781 0.3304982030045905960769 0.3313251568114958245381 0.3305184813997130710561 0.3306853291133020067427
0.3315781273436007592359 0.3319732117200969723214 0.331900090188188001683 0.3311223513951539465516 0.3317353791833430598501
0.3311038671415786338592 0.3318913836914295090175 0.3324189470057478668075 0.331657879071858729958 0.3315792530716945574198
0.3299315661303167113161 0.3316245710640812194292 0.3316449727177614992257 0.3314655581090388269949 0.3315312760870400832225
0.3310413513123223183676 0.3315341287138174886095 0.3296264545111111665676 0.3319925582198313684934 0.3289831389240600034718
0.3312309100510149040275 0.3306506709830401291583 0.3315693159420993185726 0.3304412641911765313729 0.3328170910127859483119
0.3312369743987503833971 0.3303221792251999633372 0.3293114446872170697489 0.3312247332202672422952 0.3305980136488474441236
0.3311905532874266921972 0.3295589576850830315635 0.3296248490614758219763 0.3312549507134570636602 0.3303591049651914968166
0.329118907721369868824 0.3292433099234378657272 0.3308145538258785434138 0.3296042361445997159741 0.330174242369235704242
0.3298548318198119555511 0.3295633844858542049749 0.3302094366645350609346 0.3315441417993203465642 0.3292418662004552021294
0.3304425498314470521777 0.3294326350544040105106 0.330071319404593332969 0.3295797673979468656036 0.3298525210637054949636
0.3285160169186109868633 0.3285320489575420666029 0.3296015999337824076143 0.3287920692644848430497 0.3291130547874606127046
0.329580032792781141282 0.3297762254412750504429 0.3290433023788639221863 0.3290451707341792708661 0.329398799448741119722
0.3287753016223426416609 0.329477886895109761678 0.32921190904935104804 0.3293839411393695293384 0.3281768952955042006892
0.3296915964934981624346 0.3295277888116082132264 0.3295919755544715057383 0.3293932552115807488313 0.3284872996093117225591
0.3285800608300732394973 0.3283505614069686662226 0.3296264342063460750509 0.3286109534192166448108 0.3289534940097968984674
0.3294090018261488506113 0.3288787205732754403975 0.3268704901825585928954 0.3284320062993552058472 0.3288320637083135267176
0.3276542364779161942145 0.3285315549882754648792 0.3290348297251251552531 0.3274650141578680506704 0.3280997500899122676365
0.3297476717255609646173 0.3274140714108407235194 0.3268656422963051588759 0.3263936994297043092672 0.3267560121816858176302
0.3283337898318807179798 0.3277115306876948741532 0.3259177977007159388023 0.3264502723270400474931 0.3282758358476692284178
0.3277605991992020295633 0.3272039611117651403127 0.3273060112103757246516 0.3266373327980436891416 0.3261239349564791223379
0.3269496735387335539791 0.3276509995806395347806 0.3276631442642647940033 0.327149443634882408638 0.326339505675284413666
0.3276775076779037676467 0.3258929365557746149484 0.3259639079823318796869 0.3275967081225251154031 0.3250147290420064560834
0.3257011457273477628149 0.3255934505133893375195 0.3252644149739008505584 0.3260521280654153919443 0.3268579440179201212047
0.3254613190543907408347 0.3255350102933163847219 0.3246071319547503275516 0.3259183161789380167583 0.3260574214329274855828
0.326334864369441757237 0.326422967887986192892 0.3252759230801615664141 0.3253613180284613548565 0.3261818580278375012682
0.3262309033090702303781 0.3240331292909785498857 0.3260533913448235843191 0.3253537553922271619022 0.3248095323331555706048
0.3266942549777348547835 0.3264964833565509039204 0.3257168923844614982777 0.3250112523175658352237 0.325624257258440796825
0.3255944921354235188637 0.3254113566109602118104 0.3255735834318442267765 0.3253140388969957830234 0.3255843621610585159054
0.3244817807572930590254 0.3243054276213467312928 0.324906036747480697624 0.3233380179817911259654 0.3243198859372876663443
0.3245787401538758332187 0.323817160473423237832 0.3242338288770001408778 0.3237033921685719684014 0.3232457598475165228002
0.3238491923550192996828 0.3242824760419051877136 0.3227406372915064269868 0.3228768188423695728595 0.3242982747227382001043
0.3237872179263805993976 0.3231163078448422987243 0.3225764219696901635714 0.323437924718692371151 0.3230476925793857034819
0.3235604517920045997137 0.3244996130653622357087 0.3235999479526990296741 0.3233240296808434499631 0.3221180436994227069825
0.3230024296275163520065 0.3230452525741991376407 0.3234354205301407381157 0.3237607819616521442896 0.3226709246296068367421
0.3233864998874327878475 0.3226821317204497940878 0.323389150319690732438 0.3216777448160838548397 0.3224951589809424423727
0.3228123090862508037802 0.3222317310554644875786 0.3221637772139556155082 0.3221026537309992221481 0.3228260045780020348616
0.3216250299288709313394 0.3228740670466482276524 0.3214287153790457152169 0.3214619500052096623399 0.3224387177641976354181
0.3209291658077327302756 0.322432900305703762367 0.322264805026779455055 0.322271271232446032684 0.3219734465048928462316
0.321605044614602930686 0.3223845748132809219122 0.321565735112801009965 0.3216621344753655131754 0.3226658864757434574955
0.3225395946091041965431 0.3219177036269428304749 0.320886652679065853544 0.3213579213876623930091 0.3209607981782279795269
0.3205104213061510942673 0.3218713873277000425688 0.3207576703117210881189 0.321631516374385528767 0.3212192967845373670066
0.3211050110083109587755 0.3217717723104548954716 0.3203450740817254116521 0.3204925488719966852891 0.3209972369079474585618
0.3205518432267164818938 0.3211459127571646421373 0.320992967161588649283 0.3198212043078617616843 0.318982835554168620007
0.3195358373844008337272 0.3202243348609800088767 0.3208177064845899040257 0.3195249560886226913858 0.3204349679593676003542
0.3211962563993681074592 0.3202352185217615110346 0.3186208502069963199865 0.3209582029700982497289 0.3192748306270515312733
0.3204458639448110601755 0.317624585153626293188 0.318530088670042454968 0.3201484955412151056642 0.3195648487451808739124
0.3192467917702139779124 0.3189173841264497100134 0.317806349736377558024 0.3203211036001274436558 0.3204677997639565623089
0.318908437662540678037 0.3200025497260777784803 0.3189079886296971588777 0.3188489700320680242385 0.3179435718015550249582
0.3185101083250857501028 0.3175822555935076674238 0.3182641386491060764286 0.3179158863702879478375 0.3181515833015259309136
0.3196679070663439037325 0.319001269493733530247 0.3187541415944205036581 0.3188481198019824658374 0.3183754160024416801633
0.318527016081473601794 0.3199979313038163186711 0.3171427539220795788211 0.3183472732041235375711 0.3168280283185953560832
0.3175158062793141944269 0.3179320332916827362979 0.3173897466365649400188 0.3181680467719357752188 0.3180740754903702560696
0.3176366085064618594025 0.3172184303557773477067 0.3178842898639644420911 0.3172164040555871533655 0.3174770232643269185502
0.3171546340880879166768 0.3181382800295332602403 0.3150163314106084744282 0.3164720415483390780764 0.3171055795338663663152
0.3163415063351678879755 0.316234936194944804555 0.3165548160786950115941 0.3167292367439252798178 0.3176336540832088162212
0.3170300503974346484348 0.3158770588567954007431 0.3160774621326223332574 0.317545846390533681447 0.3158910219267842545143
0.3156135761471731138172 0.3165629237670110063263 0.3179097999706944621678 0.3165795931073360214292 0.315670778975431276514
0.3151396880847727177688 0.3167057712548219106097 0.3157468951850064264875 0.3166895552182936723895 0.3160444786934118455157
0.3162942474816172744312 0.316460213133079093506 0.3150690362023372270706 0.3154104701138211730438 0.316185355911414556207
0.3163815668780140533123 0.3150994857228002210547 0.315867846259710649548 0.315654593184867104938 0.3150274543633999058123
0.3161473316452954041011 0.3154024385347738990149 0.3148685906633835185353 0.3170408794738756030895 0.3149928367281782937148
0.3144389736418358727299 0.3153444294004287273836 0.3159149597393537400869 0.3156949309457468544338 0.3152150129415376977882
0.3153890417556592384862 0.3145604627388584595415 0.3154461503570268887664 0.3153516350976579563081 0.3138806800168760791081
0.3158877387073268927509 0.3136645669147311021874 0.3142390761718109604139 0.313443736367309155888 0.3131989971363791092074
0.3144590445177594673076 0.3130344178632123441908 0.3137623368299552462091 0.3145346874043464802106 0.313576746893256930182
0.3129866413482098597143 0.3140278599307546603114 0.3137513320594709775868 0.3138379931865270533464 0.3138422183577627699869
0.3134344551084620178472 0.3136356419716246346496 0.3127698406909700801215 0.3116467805451570982633 0.3143843568543111532954
0.3138408290298486669201 0.3144117332559773769773 0.3134886787407791808313 0.3123373625959296462362 0.3141983073657277913959
0.3134876767885099724253 0.3132070790104147239852 0.3133200454825739722509 0.3117477362301675491985 0.3126646418411092587242
0.3134018379788180430623 0.3113339972181630721515 0.3129519996721778496429 0.3123274699457350700449 0.3124831798438034713428
0.3120943634856160331381 0.311041500658732872342 0.3127712607030659897056 0.3122664265620831436365 0.312500560953256678598
0.3105077012139126901857 0.3117080299824135924958 0.3119066137914008884913 0.3115212656664020363095
