NaN NaN NaN 0.06044533541130667902985 0.06936134347192912663616
0.09437849445155334360269 0.08960405189170489448358 0.1228948398392320784378 0.1099363315287039816193 0.1029746934139284531007
0.1360850993355369464854 0.1288627616618455151709 0.1690230831538625799748 0.119565945061502892921 0.1313096507498256182433
0.1266558062511144167051 0.09628408745909661226037 0.1302573857911565602397 0.08649279521791884695059 0.1133511855046593352903
0.08349169877188405974877 0.1266362896655017222791 0.1576556299369435143465 0.09348320506155811948634 0.1041882547508523743085
0.1196737592969358138228 0.1633124184621600749612 0.1736003524707616652023 0.109402474906615004846 0.2095187204355239696252
0.1831264046522629862501 0.1209242733512434220255 0.1934481358869962475122 0.2069044301725254109137 0.1782575166440825420455
0.1740296207994487809323 0.1737030009101261651683 0.1727099350706285674217 0.1657757507228362625629 0.1766753023982313708373
0.1718493383668170115808 0.1950227724671210194352 0.182327219965649378608 0.1735735270155623621857 0.1692045761756504340667
0.1799116202907509454167 0.1564210164626860244397 0.2057016219566469572566 0.1656680328796535373037 0.116071144872218465216
0.1686667000407238714565 0.1610706615679741715574 0.1973530140272231059306 0.1657688986456296031946 0.1885420451256084872771
0.1481888342758170828972 0.1505202529900602492763 0.191926213354172398029 0.1381092175287897405589 0.1740032697311828802089
0.1700038726218682239022 0.1289888443877328649823 0.1871902381426562844702 0.1756493511976387755791 0.1748832132153104457206
0.2113339148231637154574 NaN NaN NaN NaN
0.07891881868741258687638 0.1033761560318111061285 0.1082928370376580046175 0.1169926254092862466516 0.08870019274965500188923
0.029482429162132388345 0.1339215537151283719197 0.1105958973078933899048 0.1172019589563801644783 0.1810454064282274178055
0.128503243425104690667 0.1648850619154830221547 0.1155428510244661394202 0.1704425261449789841262 0.1566167924778479048076
0.1549614391836846294392 0.2029446844907323022067 0.1604057291666955709086 0.1752090812677960240951 0.1746503387279074170912
0.1829026640752374477383 0.2187218048806182646437 0.1843932473275535777191 0.1817649326288757472003 0.2033338172676604493905
0.1718889211230456015578 0.180227541885241704378 0.1801332229322847311437 0.1817103607156595468375 0.2059625689335510267952
0.1658897742892974092044 0.1539484112867944842762 0.1485727125501340173397 0.1486396754884090065651 0.1827194612062001954911
0.1502767616516381132818 0.197281526416548946834 0.1578854561925427668623 0.1283317507529218026718 0.1486929816991003905358
0.1715322831977020845429 0.1787018859770906353823 0.1674936794219826774466 0.1975036858194197664229 0.144145129817247225068
0.1689816707401911310971 0.1781541676694438636197 0.1408638885287586961503 0.1416516118561665926734 0.1097591046903726719197
0.2188540713632959044954 0.2096835862721311005696 0.1576332965050691037323 0.1885134208744353445653 0.1947213928306799068935
0.1657926083211471168788 0.1455264323458418940227 0.1759628862305321339576 0.1953431331138889281984 0.1811394079961348713148
0.1854470882559466626827 NaN NaN NaN NaN
0.06198183704158475443302 0.07797053127310202280675 0.06102736184099137595194 0.04209085267261807733474 0.04367210035237598791946
0.003277875353865646827073 -0.001878814190980164326727 0.03168123270293855126001 0.07746868913400339895503 0.05695541530082830206094
0.09872681776126389363579 0.1024226264996109941885 0.06465528236585234289624 0.08448171740645434024675 0.1176253684471406935064
0.07463639682157255372807 0.1114253511034990484774 0.1557532634340809407636 0.1296969822511639114371 0.1345120776785288796429
0.1274465535309412811404 0.07293080035514909464922 0.1405959967306750491023 0.1366815979848392537122 0.1118587405811663770816
0.1072805408985088027052 0.1261787094993744307025 0.08859637639383290130812 0.1614479060931385268063 0.08664161761963207197823
0.1361774501601025477715 0.135375644955781943013 0.1736715743393165700681 0.1391851779478869011175 0.1962219662156845789713
0.1593554202863894098119 0.2308339003038421266556 0.1375761581053586979362 0.212320223599471086251 0.1199159941648889754484
0.1688258795942164380843 0.2280849108133249925068 0.2199098212113405337309 0.1902552653639158763976 0.2368477251025236374193
0.2446008707148376315477 0.1872419833787142551262 0.1386170026486461259729 0.1797403048456383822806 0.2029154628460219100816
0.2105918741221587398016 0.1949400390325597698382 0.1779056879214104547327 0.2590252042543126353991 0.1881083338618645128815
0.1367148666853015559486 0.1986793278615189284331 0.2315211938706176753033 0.1752976410064943368905 0.1739694163224728973294
0.1251627594663118903107 0.1851998423748908162434 0.1221254766150400988822 NaN NaN
NaN NaN 0.09047486773327419184998 0.1167356683122186822299 0.1007806562441296432953
0.08259445079193118710581 0.07372272666068713231624 0.1177900528634392290916 0.04436837555408792987954 0.1095747682270128142701
0.07681302190584701761189 0.08742715906490711175181 0.05188103580618990545714 0.1537712873432561799802 0.1093087617150506063446
0.05032935315676920207117 0.1384092718353695516953 0.1189517472353599503165 0.111732729875209171877 0.15801685654208508236
0.1753037395840986445439 0.1558326447534267855666 0.1691995158567453638732 0.185973060094664327524 0.1876745918072052488057
0.1717607049719580003533 0.1818724540872986572548 0.1884961546607428206634 0.1718279598127263607665 0.1936009433020972891892
0.1700490861366887596073 0.1915648576245024548026 0.1415325100688317183639 0.1603599553392935916918 0.1116306153521949562357
0.1470551645304573329387 0.1490326999481440817252 0.1467333954665157036423 0.1278675643320187349516 0.1316521632141277875494
0.1627080424174794093251 0.1851051053610263397164 0.1734890126597368187333 0.1832610812791619636641 0.1562660119139634151697
0.186333124168280017674 0.1716383329534471313682 0.1562228197735759660514 0.1578069216298575438984 0.1670726475480721617828
0.1649536110176849645903 0.168724520486183915402 0.178909789191521950702 0.1387808215994068838928 0.1496509856404711347189
0.1921738148820221758761 0.1242410678840205201512 0.1370768546515941654906 0.1903031559609291711865 0.1118306339551790873355
0.1488722709839880586902 0.1140933822832953248305 NaN NaN NaN
NaN 0.0296564509424213709754 0.05436155470825200508589 0.06797159189116243338535 0.04110267078824286768324
0.07463380966558864904048 0.07522368625569281208598 0.01692669240055928031596 0.0913644201488480883766 0.05315001041611067122972
0.07288148434461592939382 0.08682596568371514500484 0.06974003435812610451894 0.1214311475851796578995 0.1316400378406994420288
0.05551992416620204345845 0.09235368575124673629073 0.06856977524719456984492 0.09753368824921027080421 0.09332912329476236723558
0.1242882276493294663178 0.1390181828322053780855 0.05012099014368205651682 0.07480189645504015105715 0.08182208951898758964028
0.09438685700039446679899 0.1110649425716086491356 0.04762926240108532327522 0.1115589436417912944099 0.147837001585584493224
0.09375471907907036162033 0.1240389793743395252523 0.1508563304917839853481 0.1054498890276262951238 0.1105113317715637477612
0.07356561978087940156801 0.05656636012691460685398 0.1505762431047131255646 0.0997861887341950776209 0.102594321868170371137
0.1107283505402286288843 0.1675839174420890864692 0.145862706910311223929 0.1725681044407012809661 0.1792403648483923972456
0.1719375136052151975541 0.1546018861974637614853 0.2068988424617108357051 0.162157527579003785112 0.160874499101576667881
0.1766609784526707860319 0.1861843170245610634694 0.136054448103585134966 0.1850286293430095929669 0.2012710768382139081556
0.1723956515865178451552 0.1938438463652669974113 0.1730152452370638804791 0.1691442616306669533 0.1555348706003583103552
0.1912546503141595855002 0.1769677586807144598069 0.1709456152650437321672 0.1641929481605886864681 NaN
NaN NaN NaN 0.1204975380803895712578 0.07244161308329109816295
0.07703459649399634068256 0.169071835116083535322 0.1647513879558758498334 0.09181060970092007333943 0.1346983426451294485471
0.09166654583207993478577 0.1320566668551197420101 0.1343039654698314766534 0.09710558664833179864928 0.1354407128285837758064
0.1436880461181332668819 0.05708503569168650593202 0.119900938774756382621 0.1317020877533520706315 0.1117226194818347478899
0.09629474604722805530788 0.1086891610017733933446 0.1712171614158302934694 0.1915552596684367003821 0.188069307698090243397
0.1642103948563018445128 0.1722800085689809856948 0.1332113781217620918085 0.1840262053089688765173 0.164587853879112289146
0.1936046600712240106645 0.1494922596360143129957 0.1224276736820510691484 0.1303835194410693232303 0.1280043031326523472746
0.1237633337682330914031 0.1818206882471858631956 0.1072142346527242412479 0.183135426620581881485 0.1331012620329456719315
0.1588495761840458819769 0.1519033363200487374289 0.1770318603282617919703 0.1995993398196413415313 0.1676800327617862240714
0.1903226536111970457199 0.1659996468746285924745 0.1764591455794350671749 0.1729541625084602962659 0.182460705979297588275
0.1861507382840567326188 0.1275277141900983401968 0.1563540219566480204971 0.186036103295617510911 0.1300080860666407156501
0.1774476219833901746714 0.1925892584344947311425 0.1862207310189799291944 0.1535257578104623210624 0.178775985082334443188
0.1744768814767549969247 0.2175185594702576663551 0.1685223082452969034506 0.1910046855748833982691 0.1814376572428812450788
0.1517556795120017509859 NaN NaN NaN NaN
0.04923374052831581970668 0.04058551979459450176346 0.0608303013927611671563 0.07837483383041431161953 0.0713607028398760279142
0.05453656146007161698019 0.08573137964583699144328 0.06605662739148074336093 0.04018951855187768290589 0.05737851314781189371317
0.08621332618784097179265 0.03194087580765100214952 0.07812034942820422767085 0.1156157778910539279948 0.1142083485822219662831
0.06092207816271647674577 0.07542686238945144061585 0.1542065682994694097996 0.126047345413223377264 0.1366055434750231278862
0.1043067387773845694499 0.1199542965696212548643 0.07690634788305709956813 0.08996355083824758569477 0.09006850938302754516762
0.1192706050313747795366 0.1092509703393104991687 0.1159250776790409220851 0.1390838614955148266894 0.09813324689082203455825
0.1211634408339015700484 0.158431437978175743142 0.109705676168108209878 0.1439934939900626709175 0.153667535597098253719
0.1305191250058828911218 0.1702948063021859081978 0.1750848016611042390345 0.1258910117369412273725 0.1490474802502896600753
0.1845614974788057638388 0.1581325844242484346402 0.1778920808465750125205 0.1655376812075031456306 0.1943766384165266647432
0.1708595979197609637801 0.2068730097152013114314 0.148894747802710586404 0.1674236439453571645419 0.1667281482489873234432
0.1789034640422144661898 0.1449701792340521433466 0.1825474152575451980418 0.1728695705912549895888 0.183519363435020843589
0.1668837624005588549103 0.1668979474763156445327 0.1607936052403091953256 0.1355244326446702340938 0.155943151755802283942
0.1707819381081283061086 0.1913173078253362913159 0.2207180768557558681042 NaN NaN
NaN NaN 0.1202494485129437379323 0.09017725272845673878397 0.07436566425824105153186
0.1072036755290663861961 0.09766411126933709219156 0.07087989162287773592386 0.122645021579838336967 0.1156516737073103040512
0.1335117451740791827408 0.1046829426160584552985 0.08151837918349294498377 0.09881327087766057781781 0.1400478858143094917921
0.128142573361921502384 0.1309105277651618215451 0.1165279095213177101842 0.09402201055944220398075 0.1086092776437875134787
0.06090247149696341455449 0.08590173565871875305255 0.06422826671097672801558 0.1190023311420607965427 0.1383679260953666056988
0.1046189378094505573191 0.04054469893611415548529 0.1316840855491519524101 0.05106958028233526958317 0.07347349161647565018995
0.1501021282019209812653 0.1172157416653095557413 0.1528555592535705554003 0.1306437563809305091311 0.04341357562230606370601
0.1273344379620148236754 0.09478668552526384183388 0.1303679439324184063942 0.1343855638458753554154 0.1346495379527197500114
0.08060420224678935263718 0.1132593758404610018165 0.1564147370789158719706 0.1533126331766558325675 0.1546474658191291096099
0.1556501993080154633287 0.1901684464932398843651 0.1860331411055000661037 0.1759662772432878941054 0.1408724970439442225612
0.1238649389284779966935 0.104964921638561803352 0.160224747268115474963 0.1500662621249491679443 0.1576033543637151979055
0.1598150134216733408987 0.1775936864101810286343 0.1672892350288016083404 0.1763169899219880487617 0.203452092437536369296
0.1728959551557407436917 NaN NaN NaN NaN
0.02650827914741482951855 0.08301113873879026328062 0.09715462815590850120806 0.06445012373763303603624 0.1601725846654044049799
0.1209556466929307544378 0.1158755922149530132037 0.1611639328293095752009 0.1320894419536679798011 0.1623973704341036550236
0.1497951531637477240455 0.1744718690637191427228 0.06972312730339819131231 0.1262281212877913449955 0.1512302808442061163863
0.07619702679254358734795 0.1038968419922036839909 0.1322877186251719405785 0.06168516654749332112084 0.1250207923548967148264
0.1670396390481829196339 0.1861238099709119631076 0.170656143934651366445 0.1605511129829995387031 0.1652848399158080017202
0.161535185745358522702 0.2254885116977130010696 0.1872875646041078923076 0.1959166887456948724644 0.1895676600977546644167
0.1967946995081026606567 0.1785211147622723093509 0.2031521250672691791817 0.2503200919269332747064 0.143485128753634560983
0.2061813899011739337208 0.1797759107645693354982 0.1486109626829521246361 0.1742887910974584841917 0.1901963907511516338467
0.1832564806503363674661 0.157709509938532638218 0.1464534335496496253448 0.160515588676004183899 0.187221750147614940385
0.1676610985027040812145 0.1503209942440293378496 0.1656694681132241941945 0.171812542298027781662 0.1714570410472363581889
0.1646435459632802356111 0.183280590353942313131 0.1808215677145475208665 0.1845357616833308289639 0.1758758054997652808815
0.1642687977690781564455 0.1655240948448877813526 0.1638734796469708543398 0.1602070656322071573463 0.1676725602414757543279
0.1557683344683525039631 0.1671299814193193677969 0.1694210009808285732902 NaN NaN
NaN NaN 0.02540780144405303808686 0.0436839058140602934377 0.0464889351616772986131
0.03003491114349025187247 0.03359270771913810960108 0.06041004470153267524868 0.07103126925080777143151 0.08738316084005562367487
0.08951488434247537040456 0.07855355797065992351502 0.002425208340900942768914 0.04002923953528571276994 0.02452472558075573239034
0.02292917022757628292551 0.01754366425832773468407 0.07475356740590331783292 0.05803466428069200405693 0.09326959200456653997779
0.07735263003130012082753 0.05136187956810651239481 0.09335884685313849962185 0.07949499859063394180403 0.04899423958077921831267
0.006145352113584352619913 0.1107297344313322717824 0.1130959840963358664645 0.08916554643418095338347 0.1005628044535049336883
0.0612479911515817973533 0.1135364757382315570311 0.1045151463925903939645 0.04362893711605512342411 0.07906989770557461272293
-0.005490217157928278454704 0.09908758452797494786779 0.1165481312043220168961 0.08470394925727098289769 0.1208731329372122187404
0.09440877799051689001075 0.1325044682786995775547 0.1315402153934551177095 0.1235533607189354537992 0.07577823793384412531804
0.1267589739234974977045 0.1026979258265974387365 0.1556372906775330411389 0.1015853113516288902529 0.159853460252635137806
0.1151917046415258383263 0.1238222537778044807233 0.1334129148463542857694 0.112395065932493626315 0.1218664798997177306505
0.06018290208923613576752 0.1026422304368778265493 0.1267020246060235055818 0.1260988339007486080945 0.1151146428776265301375
0.1762506699903266249585 0.1442803918239191629524 0.1717998038207689537327 0.1491410730406165785489 0.1680298394203253165013
NaN NaN NaN NaN 0.07451014393892375908823
0.06027398072800456418907 0.07784252603824676208788 0.04098731750572050247516 0.02550686922193444450269 0.06068530168812457520344
0.05923187149387013766821 0.09069437275252419106142 0.08049196980814134205762 0.0137527093713755640958 0.01696481707165765212553
0.06028317052731637509799 0.080320128180827440878 0.003381409882664818990217 0.06072707491211033759004 0.0983739768966084560109
0.068645618634738739261 0.09447709229203173075806 0.1119511659895747052174 0.1309837693344399478512 0.04060242117436118486351
0.08155867539413909350632 0.1316309518565043357174 0.1211543815260252981991 0.08634178627338887079823 0.02571852236686874432214
0.06267257936259724993011 0.04768826828886301577581 0.1067316862211821204554 0.08855835355994827462478 0.108486656803891939882
0.1442527200670425946427 0.0911554063417075038922 0.1231045328390517473727 0.1280747806063442517654 0.06776050690313201174675
0.09278694838593504190527 0.1246394244564027475874 0.125357467070549843946 0.0672493430779719514323 0.05948747294213151820541
0.1394779721575533093514 0.09147306669727012229387 0.02252021581251267834389 0.0745539005260938136832 0.1445696491983525511227
0.1253630272860507821608 0.07485424158701919905567 0.08471710791102149418208 0.082837158964871232536 0.1357356080704691103644
0.1591981104409978531322 0.1483218523051866022389 0.100935817071392749944 0.161202858544602284363 0.1832409860339685447883
0.1965320696804287170512 0.1332789281658735558445 0.1016754019621097793191 0.1806825949694559896308 0.1160083633385558532503
NaN NaN NaN NaN 0.1141978223570522948949
0.1744687642065489430188 0.0999489598754933622482 0.1325463812273449948353 0.1105944688941458697862 0.07251475278216253095298
0.1280968026960524197566 0.116474993245487573601 0.162873507802362510466 0.1392912898468660898299 0.1352131207474182028605
0.1356450757141510476966 0.1688701847043676540494 0.1722925861363359956169 0.1214583091410303544722 0.1351278703677863957111
0.1400015536748748790075 0.1635957805935078224202 0.2078378875483975485317 0.2017023844313646230297 0.1881662888108691922273
0.1420893967833880555673 0.1482058621041411616837 0.1289472695437792471029 0.1570653176368454195799 0.1850162653515702304574
0.1245546289709961035319 0.1109956211149574489827 0.1855387957388720254759 0.1819290620984660433734 0.09234878790441611307038
0.1485734015092889936938 0.1169785287794088551871 0.1284677060153201488824 0.1887602143085068406858 0.1448509402239693266701
0.2135386401149473867278 0.2169698980308275848561 0.2064007013754495800661 0.1832737225914620460276 0.1921285831947022737509
0.2036366683992438253448 0.1980571485780301677071 0.1611145046094334953857 0.167994487119742214043 0.1854125743900003620013
0.1592716933263013945332 NaN NaN NaN NaN
NaN NaN NaN NaN NaN
NaN NaN NaN NaN NaN
NaN
