NaN NaN NaN NaN NaN
NaN NaN NaN NaN 4.056022340047227281445
4.411999264739462134344 3.907166063637995456759 3.885116332440821551586 4.040640923144644069964 3.614019250673438321542
3.673647013661839544341 3.917102934141063919071 3.787291761623947206061 3.697148147829684816656 4.08609440753458308393
3.854588930565230331382 3.936692331027888513972 4.188460420122446237201 3.691596508615113680918 3.712861621937896039469
4.231569868157519564988 4.139739381163562548238 3.894495936378778999654 3.94368646023296243186 3.987342686905386734963
3.685303345516301565254 4.113167443245108856331 3.773326087586204913293 3.703850300974673270815 3.606096573379659275815
3.983561449092337891642 4.055226338653298512327 4.265043901168487749942 3.53534045426586729377 3.951296686600695107217
5.103410738200346408178 4.447525690349070082164 3.996412855416078713233 3.767690511214210058455 3.96492493260171663394
4.095153414842961581144 4.138181694539184718451 3.683444340333608568727 3.967648281918071173635 3.664225008397201666099
4.41895524568818931499 4.56759055210074649267 4.034188591737227547185 4.455169665564451264572 4.560743554368650087838
4.151923169870606500353 3.860925912389082892417 4.294203859103755682725 4.571698051961464948079 4.009280930397770781326
3.840181910650271035479 4.168751028264872537932 4.042233847726151907409 3.710007215777473721374 3.802099133116770168783
3.709948191845995779659 NaN NaN NaN NaN
NaN NaN NaN NaN NaN
NaN 3.968354193810628149919 4.269000122021872734024 4.30202108471276911672 4.115863749450276998232
3.809222723549632316775 3.7127495589967951517 3.806084944417194027011 3.839728959898961679897 4.606576633685928179318
4.485674137066375521954 4.589784601715451550774 3.923869449358650562942 4.204609771214725455479 4.245096995769462644432
4.011095451184435667358 4.014330085643463164047 3.928941880800077335323 3.98646488701621048989 4.251344985584829316849
3.907498497601815223845 4.252840228948547185439 4.309309099627470551752 4.46910134231940325833 4.791520983162836699876
3.846427074957140312961 4.746908080311956545927 4.274118433914249948202 4.004508339154921436887 4.36650883091336439179
4.17996180092129687722 3.774689449569093913084 4.026715667900596429263 4.381795384188826858463 3.955808093474149522706
4.221864633748726447493 4.232130087417787400739 4.063859177647803022637 4.373615629412441307977 4.109439141060628131186
3.834111796323422804988 4.273275692592611640919 4.038817625738403194191 3.933004064223807105805 4.497492565262419361716
4.348205972946248998312 4.575084064185785948098 4.125805168365721087298 3.762369000293809495616 4.196417335343452847951
4.208657226459673772467 4.085765449950661043488 4.551626014287182719897 4.761838296060218134187 4.357553388709095365527
4.650531235113725792019 NaN NaN NaN NaN
NaN NaN NaN NaN NaN
NaN 3.917985364590980346122 4.233564759726579751486 4.210560444535152768708 3.884679961053041363783
3.600684952805200289561 3.659796653647816366828 3.928251825257026208504 4.041384240622912571439 3.557003036218275848768
4.584064437701918848234 3.585561848164291909313 3.854392372925457443955 3.77146420542585536495 3.888264373901680226453
4.097299249824043698709 3.753744090138449784888 3.826698187318990473926 4.381269926970376538122 3.981055405456229046024
3.816918589895470947937 3.917281462356183574514 4.223074906757650737177 4.084913978894848973766 4.273322459488496427582
4.429130409665087420024 3.825184521749123600642 3.838660961826530826357 4.504597103724140794156 3.753594457383967686326
3.763626165991812211331 4.613973236179378822897 4.37417755892089843428 4.076500597483595278447 3.96760900402163141365
3.939716354343634652224 3.845113251330590564692 3.877822552271869671614 4.377680148021519279666 3.894284618891712845823
3.834442495217869062429 3.960019682255567108342 4.012273263781945153994 4.216814189861458395114 3.757873952599430023014
3.804665282169898965492 4.152376790301269160466 3.92955105051794006954 3.664572607419335881218 4.090467699549370728107
4.071007022426019972272 3.908647697602593229504 3.914625656581516732757 3.895498779276937995064 3.721582056962822182555
3.805807935146102494173 3.890537978294947851765 3.81356099366630152403 NaN NaN
NaN NaN NaN NaN NaN
NaN NaN NaN 3.848376327813837427527 3.920697791511858376623
3.824156305173443293199 3.73337391692390818676 3.700008594720144206036 3.639239553192127996084 3.708906293891197858414
3.939805859976658997113 3.899631869955208607337 4.029480591098987929399 3.988709160730823377605 4.394883892719848361708
4.09725189843135861878 4.247971035287140040282 3.764075579000554672149 4.150383229263439055501 4.303708489413505589027
3.9054167546825584445 4.625045974547570715174 4.694452441406647302813 4.210345608679737061664 4.262461579355607987907
3.741475639190351643038 3.975488917589934612096 3.874839929062295684759 4.188638529695432488609 4.088499479137159831055
4.008530051750862632787 3.791731460645175744162 3.755769391888819530578 3.852619897412748350973 4.002028964426719959135
4.099203498193745076605 3.911952454898364628377 4.454715040628734357142 3.933097102490011209852 3.790606711167835651821
4.172987614729673389036 4.323687255486959202244 3.705072023870520148137 3.761809673418603061634 3.773532398857900815869
4.235567386574401460564 3.877596931133649782453 4.080908757669939213031 3.835711580374513651748 4.015633145534973635904
3.834027858329749793853 4.125820377774810587823 4.243208875377528777051 4.077201929467749508262 4.210547572218509060349
4.296650073298260430477 4.181969635642808214016 NaN NaN NaN
NaN NaN NaN NaN NaN
NaN NaN 3.91135000788422360074 4.202714405778888107079 3.894326623903188622222
3.717504368103423217917 4.239303506176374192194 4.996457758404280191655 4.575751251862619994881 3.87900641112787036846
4.622151338135904730109 4.544839592882103929128 4.134148113312811290143 4.553724753355832710611 4.71616398995323837795
3.8815311461915471547 4.420911605038083003194 4.780025324400685171611 4.3059916121209331763 4.4502279320376754157
3.88822315958529873825 4.286953634512471467133 4.448799387350333311986 3.949452569406620039416 3.938957778428400668957
3.84687854320672073527 4.31130427168876106947 4.586560618356930518758 4.103300757572770685044 4.172204998996043023851
3.857797296591007896183 3.966987769178906386713 3.724449401483226118614 3.909368200283647176718 3.708517079219488365993
3.915110223032057579218 4.551107332930659055137 3.800730298613669511099 3.879439021791278197071 4.144132614922376944833
3.955115851120444059319 4.029688678874399521135 4.164550285879305313586 3.971589338408989533491 4.107628745095025735168
3.946075961765441952878 3.776322835605644190338 3.808703978157304437246 3.714408497603163272771 3.791461524263524118794
3.7121313928363894874 3.907741226443306903349 3.695871168704232267999 3.949745134751650343929 3.890684903402245264914
3.609918209558476309695 3.875644996173392975436 3.98894076297590549629 4.111588474760751843462 NaN
NaN NaN NaN NaN NaN
NaN NaN NaN NaN 3.8123996098592201065
4.010132314854731205855 3.900471546781471676724 4.060333876906897287995 3.832896706350606752522 4.009709951814226513989
4.009231990586169303015 3.819516801752071533116 3.833333466767562480726 3.811628251939243039459 4.184651006758595137569
3.982873443678055291883 3.675192806924425958925 4.030004568021158029012 3.771384412762162963162 3.739258137840210771685
3.931318533520900881939 4.186762334123434570188 3.742793823508854700322 3.946777630133404990431 5.024109294637140621376
3.686303961161769837673 4.208933062505110456186 4.218664061400046350059 4.293547926688455085298 3.668572524804221579586
3.627857066862230528415 4.201925286890968003206 4.103514358351428192861 4.138330400904719041932 4.269197920149503389098
4.0366487832122084356 3.75696764243370351366 3.68820342997808570118 3.88778650084441590451 3.742907465039579051336
3.842783823240536023036 3.89630742054812628794 3.82521206617027953456 3.726798169689445217045 3.810089620834711698905
3.939848332849572809522 3.726312112440766100008 3.78543039820643301141 4.35529446794094976525 4.128580332110095341136
5.029288658018331581445 3.69468257965423552136 4.458599816188684172857 4.764538405428265122055 3.96819330963409777624
4.104154540872928969009 4.02407226088952896248 4.001200509453827436346 5.144014302326496590467 3.991157253937480220429
4.347436493222791575874 NaN NaN NaN NaN
NaN NaN NaN NaN NaN
NaN 3.917392587178758933675 3.807837125049768456364 3.785725599519172313023 3.85946645774223284775
3.794910922335128500293 4.080684576423432297076 3.82264945705965830669 3.643470684698224992815 3.670547829332158062954
3.69820303073252842907 3.755161202071491288734 3.707522127597894456841 3.70281718710767204783 3.695531188133873268242
3.673391061136458635161 3.688230430754701139051 3.684277722375441488367 3.680131250575267021219 3.748918907993787907884
3.796135483109206454344 3.614917987740521088114 3.618845554094296090852 3.678394882506720531268 3.655355752635601529477
3.684059123760868637021 3.785152541127803083043 3.839001240207609466637 3.716243767169383538373 3.633278447957955847869
3.667697384238416624669 3.655639993325461745144 4.352274704576418073998 3.893658261170841683452 4.491293946418856819491
3.75639378887180175326 3.645692638706305110929 3.631061342782923695438 3.628739309887646147246 3.711772445556917432441
3.723431237802675930482 4.08044401883678720111 4.249318436242603524988 3.962567625004350002627 4.277142400696948953964
3.883676867376376851126 3.864588545665711194488 4.010008573873571791069 4.103584000293727385156 3.952153933040895683604
3.788625924301321390431 3.793968988420397092654 3.718107948714801658241 3.679346840875784785396 3.640986497932369392316
3.660675006207076975784 3.903991475087010609712 4.009239985428205699236 NaN NaN
NaN NaN NaN NaN NaN
NaN NaN NaN 3.874895222837707375874 3.856979567925069130041
4.04218047409701419781 4.040851742861984341459 4.219845802756825747792 4.118948260629419877432 4.300372836970216994246
4.131322885554613577597 4.005925462918594526229 3.863814502263299477391 4.034996063053370995988 3.757701037236716778978
3.604818660606674107783 4.119540690456470422021 3.948860973348284897355 3.698783153411508095587 4.074013248148159682671
4.311574592611513878637 4.153558998283950920438 4.026235840539176713548 4.258531739534545224046 4.124756520119154501458
3.963111915794657491574 4.162772389002825867976 4.257595987733537867825 3.922490429750332463499 4.268006280435596266898
3.965872266760683828579 3.821885302055391342435 3.987046314725402940127 3.855881809893752176777 3.955476139221659970246
4.091494153217212215168 4.315208202715882457312 3.897099064049916794517 3.954413572889952543932 4.129434483210681072762
3.887195163691590682475 4.176576529894548528432 4.137814595916448290325 4.001936038510329751716 3.892147597964825678218
4.182120625692852478039 4.157102603822479203188 4.170543133658290990695 4.092465147760718124914 4.04708830358157189977
4.492392957891016891381 3.968830454714999067534 4.249945931126106302145 4.126987964312977652526 3.717598935838719143021
4.017637576155151712953 NaN NaN NaN NaN
NaN NaN NaN NaN NaN
NaN 4.395288591951179490991 3.670366849538160725075 3.758056805801060384908 3.794925226364496584353
3.942879422332738581503 3.560879679731904001727 3.612076750742049036091 3.904354796795709514612 3.744375438588788185257
4.543651751229512925079 4.153146363832656007276 3.669054546698847563135 4.540657345081552165311 3.85303220526048173511
4.12281424864622891846 3.791648220197242125096 3.68269708880892965297 3.816621178814683101876 3.781401069656083357984
3.957886598829881918959 4.123564471991599589273 4.006999531584459539602 4.32448416001261737307 4.036143044640517096866
4.143547954432662550062 4.392769472529563401508 4.062307378497320264898 3.984199666165089137593 3.822222759282247306345
4.134766782257478290319 3.568699628197261386475 3.633701745193498311437 4.051600055887093709828 3.686755334986141274811
3.678087174147360638443 4.584071856248849385906 3.701596203446690935834 3.629820878125693095484 4.014944212150610702849
3.899011586667004536366 4.000633917166397601761 3.613776383680802783971 3.627532084919654842281 3.716435996366478811126
3.910963633610613499059 3.977968952254688606018 3.609281720898163126066 3.731547149493468218395 3.760877063805448727862
3.566771440787808611361 3.627829651233547725298 3.898434946143295221077 3.775627285723327730693 3.850519549622523740595
3.605192654472638924545 3.963676766956223396221 3.953127602546514296478 NaN NaN
NaN NaN NaN NaN NaN
NaN NaN NaN 4.058161101994358865852 4.050969418251974651923
4.219175394046850158247 4.146958271104682403063 4.135380815538344911886 4.063284586298260059323 3.95090474651148770846
3.985323962837529432335 3.925790675110854444085 3.864771036280362004334 3.776970846416259686151 3.67995361635833218017
3.727261226957200079823 3.699273320963289091168 4.021207033000954389479 3.796615291928469027027 4.272547716074424961619
4.100707783290467922654 4.050890117457967676273 4.464897400650182923698 3.720734120771612030154 3.864858506902547841122
4.038411627542861204176 4.272005926484228055529 3.850445326581650284936 4.104858986189562131131 3.910499029950362359642
3.8748141408309044742 3.737076593987604056224 4.181868444322772049304 4.117114349360237568476 4.02862891952725021838
4.324982959683794092598 4.166140264286810612759 3.639514150116112123357 3.600131966732598165493 4.11270340067704509579
3.562907735961732935692 4.214200875927320844028 3.897472418034980012891 3.653785828259462409306 3.783041911187573269615
3.859151061814798389094 3.743193935814230322023 3.785447539628108870602 3.999664645186222333706 4.370120373859484708134
4.279299759655160073635 4.183125662292263235997 3.927111484266811558541 3.959811438658787263734 4.078212324864908033817
4.208016445770716984498 3.911024307730312621345 4.130053232753946979017 4.507653631029322482959 3.611466455388666396686
NaN NaN NaN NaN NaN
NaN NaN NaN NaN NaN
3.488393280366287374505 3.508045069944476068713 3.514107058999554666912 3.478100232120642676392 3.506554929704643885913
3.500593496511530400284 3.569696132314950087761 3.583741054381285096042 3.606854546672752181991 3.661352752149621192501
3.658846538670964321227 3.78975966739453085097 3.757809086898947992239 3.774576036536298140334 3.741143546283064225122
3.7553852739531285998 3.742137080334016818739 3.699330750023042124752 3.744980500990092497915 3.721809576972195277023
3.750234484579603844168 3.796412520983667437946 4.097072356937581538716 3.987462911962478706585 3.875239804349450700727
4.070860704591702905475 4.126855880398449194502 4.052544470941250587259 3.794454114819933554514 3.742106182669123981555
3.785282253191307511031 3.727603785276091930001 3.699158661287425875486 3.7811037426418043772 3.952743641567820986893
4.049510492006520578911 3.939864978626968383679 3.96233223710819926211 3.799533799878056505861 3.700524375239210961297
4.181328959581784410204 3.896696052750130867537 4.311993199341284110915 3.944118617883749067232 3.880951824629397695077
4.241656651962435020664 4.015745744783624004981 3.968126208543902855297 3.91347766635558036441 3.883005668757893769083
3.884973380432087619596 4.171301029220616740645 4.065483709853421778746 4.184651890126490414445 4.28544883180294089442
NaN NaN NaN NaN NaN
NaN NaN NaN NaN NaN
3.884277344167188505963 3.83541651129590110969 3.859406639538452310489 3.963160875681717154606 3.677411820576261813898
3.743241977760201510961 3.876359657463869456961 3.810157660126384460142 3.933896602186783386657 4.047331096334100486445
3.783328335710205880815 4.214888957391580426304 3.829273322361041564932 3.922074286927953234994 4.053771034351840718557
3.730984976473458392121 4.443985973132035027788 4.531753130657611094989 3.788838214240795032595 4.034855748770592498431
4.191200606033386399929 4.243086609518266882901 3.924926727746656407447 3.783173527559022808475 3.743082000258915797986
4.342904957093966622494 4.153570248982982882069 4.254676096915805061371 4.057858109090000553465 3.713205030868706568725
4.623175055097529018155 3.690059488853205671433 3.79825525042352296623 4.747508579535474559918 4.058041216270943607469
3.955258125191210893945 4.302999188810641584269 4.591289309481157765447 4.196373839016078299835 4.030134211784559994385
4.168508256177761772676 NaN NaN NaN NaN
NaN NaN NaN NaN NaN
NaN NaN NaN NaN NaN
NaN
