0.191302798443397509276 -0.07815616119228291358567 0.1078848916998940421497 -0.07702246652934431614401 0.1907099147025928809196
-0.08942565185529195714853 0.1832597465691883642513 0.1635855034341528735364 0.06142916975945043184248 -0.1130005789585784709006
0.01595673155477147706072 0.19033611676344844299 0.05868357444202499523245 0.2172653729966077251756 0.0260991404240114334423
0.08705585801109241850249 -0.108482818410557901867 0.1260909285575297633653 0.1781675325598117143322 0.1364476519503668161537
0.1914045493024623401102 0.1667417580343218963534 0.1335118996015497438989 0.1805712199360042791163 0.1095951788138322252619
0.02983714027908652283161 0.14171602612309189273 0.04001439991784389027529 0.1363146883936612041577 0.2087070381226508730688
0.06367126842585614510117 0.06934282707190334016367 -0.02551830788454378939889 0.1187668020640216121064 0.1581216112050989885951
0.01138540577256205547918 0.1437073710068497989223 0.007685751821093084364123 0.1392214323939673648045 0.0317026225388558277607
0.1587319492195845838101 0.03743164996242292347217 0.1261142899435662989571 0.1269813082945781268496 0.1973133115165719431161
0.126844883057847773733 -0.06208814618155725911786 0.1114840206421997964581 0.1205733316652778108757 0.1094814399466375043346
0.1995857150370041466214 0.2051573073619170073378 0.1210001813531608044761 0.0892780804223178153789 0.08525931362308854233323
0.1609450696234891453607 0.1386650710221098425912 0.08464990036675408557887 0.1404698482663792324932 0.1489990652185498865023
0.1185256121434493797873 0.05711347911317263270625 0.09627356558103625228107 -0.003526827553123489892434 -0.008022880090388598978146
0.03636306625569018374788 0.1555420462762419631098 0.007269214117475762161613 0.06400620675360479960858 -0.006956603604477665410422
0.05905768352342653099152 0.04583042385750005220935 0.1749811782864963971562 0.06817752695965462184091 0.008242791061247718015226
0.03143207228798625824107 0.1575890594611569217598 0.1401803701903007182139 0.1467666809272787364904 0.06521163802631980976887
0.1221992447263820225078 0.05143483813124543474471 0.04388669913617845169673 0.2014925898206943455371 0.05154378588710405856288
0.1751729848411126277963 0.1276437874142979655989 0.1469398828247095722954 -0.03445849308644342856578 0.1324628675049960013776
0.1373447320449607822468 0.04187966041251200977058 0.07485726900058460586695 0.07989453110086287834779 -0.001442464592958778071136
0.06796176091138941832703 0.1652434340913919719185 0.1290308709337734116573 0.02608188064026330590939 0.1533208015672527790851
0.2045498976193322882011 0.04245178304526172480271 0.1080418008616600700211 0.1167509415212187040556 -0.0346063516461546649694
0.1475462611234336918198 0.05199815383664686818666 0.09080358192917481474637 0.07656811085926344684349 0.0924208211091199216547
0.08329798194181706194605 0.1379958173884789363051 0.1700686013602845381154 0.160822036855909566988 0.0891321404170679759682
0.08070847913480884427972 0.1478151462415845385223 0.1902762992462101454549 0.1723054217175312707866 0.1005931458902566688618
0.1460329859983464373396 0.2211666710684647429996 0.1492581885666680041602 0.01253512444535688323544 0.1797506887042132628363
0.08084542195359965821577 0.1065995378401569104732 0.2012190736990729089673 0.1479169204276329085967 0.09700571479169722843849
0.1651592097110613222011 0.1149659336314580865279 0.1736108982713066850589 0.05745721722824601029878 0.1083298777904816850848
0.1801231080196403766536 0.1729864324810984899106 0.1354157812660268800364 0.1399946593243226178327 0.1725511091012485731522
0.1490805182530932637697 0.118522618393061426878 0.1723256835141151188662 0.1083155915084103027013 0.09606954646167679967572
0.05150188470372382004703 0.08713226610928266613332 0.1861698771181869160873 0.1374252612308292376131 0.1481882016443512584125
0.02235352592003192820358 0.07754352902450452333927 0.1772785423919703839957 0.1177397131733972646117 0.04217544562785178335895
0.04369787427345316749294 0.1324530537860275081208 0.08859320275750257045466 0.1282653349382595897588 0.176109466985408247286
0.03071872003373408988036 0.1015988219811965465045 0.09118851292534395358569 0.117360773072683152729 0.1826545795131927218957
0.1194535363974105757201 0.09841251573567344479443 0.09237184610246515492626 0.139807801603286208092 0.09694005031351558832053
0.134278534821374584407 0.1668109629687008210741 -0.01732776400113154868787 0.1602244245566239733147 0.1035017616570398646392
0.1798496317754851581139 0.2017585906873099188541 0.1401850325902188609817 0.1466340949388079406557 0.1345268649058499743632
0.1535477454512663431085 0.1813086192172838340131 0.08149160405229687043072 0.141600870795346667208 0.09434165857141005306907
0.1175275022286619702738 0.1330193569355923310926 0.1306629589196446061816 0.0839971637049485714277 0.148977445472994879383
0.1105381239783501667873 0.103528912155411045859 0.2198785044708061464647 0.1693018426725051150949 0.1589205211838289333315
0.1735136099304741830185 0.1049006478476369047526 0.02455288530706187591357 0.1628101546695625845285 0.1342533590136959498196
0.1455957242503596038574 0.1019026766355688173871 0.1744974411935647229388 0.1319695714752948112469 0.2063736993056774216004
0.121782402120609312135 0.1785653285308578253066 0.1729679021861634524715 0.04856869863458267849721 0.1730075505881933650709
0.1032711464611692636639 0.1172176368778877070254 0.1108020775942609725817 0.1144239169516548387806 0.1950814737242948793128
0.07514636817099605570203 0.1557942523958416036756 0.1190911028107687202882 0.09328379146778641162197 0.1648518633371875985461
0.1189391516050513353253 0.0869041482991773500677 0.0793904399805841348714 0.1148737550036176835455 0.1401145303444936707216
0.1603417103347266892133 0.1978193298777436714975 0.1259943622652039685317 0.1948787437896363772261 0.09186247625963700480511
0.1497847399048624073004 0.1583553246713018114455 0.1193840867309074321723 0.1692440700721279944752 0.1226914187220929097766
0.1305775275591027628774 0.1588224443194237722743 0.1461201948218481816433 0.1153315374514696373121 0.1315918538004204607628
0.1791415747996308038825 0.1577037311043837652935 0.1216846888103168128348 0.1278353083845100157667 0.1433655750624510116786
0.1697541719623894551638 0.1719924408119909431392 0.04557018369859162226776 0.1503721296539569651785 0.1923893416510977505407
0.1774010814188830553739 0.183721676949416407032 0.140980568313954279791 0.1501853395081246267395 0.1193533578635181668925
0.1705930570441895055556 0.1592429504169762255472 0.1441445532038899968175 0.1463669126928041352986 0.1184085953923677547728
0.126746262494071532112 0.1570469622882492144456 0.1627585661356198143412 0.07970784834903175963827 0.1708949563601253329725
0.1654998108834541403755 0.137733310031819100594 0.1384053530089587036311 0.1170384136624350174261 0.1206951411056343403949
0.1513994708971073965831 0.1080779036184406627363 0.1881637318906493328008 0.1398945398894929914579 0.1763748301152253949997
0.1783525638594592732655 0.1814425231599341714617 0.1494007855465666889661 0.1061583164511070015434 0.1298914651240225259787
0.153209164134575775984 0.2078315665711719939512 0.148912617688126275306 0.1465115651294382759229 0.1425234973496062318432
0.1487924097027380487823 0.1265641322049753658696 0.1562381328914826117416 0.1887711773457754482752 0.196427567206059111582
0.1684841477594259950834 0.1914960090638360701298 0.1508815358070243750621 0.1933322082213473069867 0.173372742010754893327
0.1474707211548148544367 0.1031410831314843457029 0.132154515309099995779 0.1308450014110903170117 0.1035399648356852275732
0.1200658507677625913557 0.1222253963126776338255 0.1554574457821507604827 0.1789146740562349846559 0.1191285810231714342722
0.2008126421202032219071 0.1798975035954508971958 0.1371756995261307343625 0.107293432864821805528 0.227416934459363978549
0.1859541949392091164661 0.1408245703186684072428 0.1980119981920091809524 0.2151094026518922674995 0.1451161954345764337759
0.1668215203018774961397 0.1635074705321172827688 0.1416751988484399871204 0.1364053300454103334616 0.08175368422942955182187
0.1860139242007511906074 0.1126179816654400561715 0.1703430041953543083721 0.1263843036003055586569 0.1526725516451597208789
0.1876277872962575365978 0.07057875657695028559502 0.08648946381304029040749 0.1722526669265253829177 0.07855605956202993400694
0.1992197054769617725611 0.1592954208345123690016 0.1339081715998821642266 0.1208274986686768831534 0.180635275170342751716
0.1690676769849340788099 0.1149804883069044242339 0.1307946309496856862609 0.189221424045725006291 0.200439048650694423559
0.08806921843068055144599 0.1630223425944017645595 0.1421259253085364326896 0.1952942598424002307311 0.156341449627002387901
0.1067798027048653952686 0.1177653832678414724811 0.1402284387302889789861 0.1591508640465298385358 0.1190515140228771417963
0.206327982853670793828 0.1232068029507432660452 0.1889086559312201096805 0.1487063094173679267396 0.1443511773976053902402
0.1262239143720069456389 0.1662063528249448918217 0.180191151282507067144 0.1458392255092069433875 0.2006101487554839690741
0.1127487460390135948218 0.1843411580263833171589 0.1679329837749614084963 0.18664079501537450545 0.1609330946595078914996
0.1930693470933051714145 0.1806327423662458797615 0.1683352996526860101412 0.159876880113876906897 0.1581304331864741563596
0.160966005214689733549 0.1225890899448554699491 0.1706905812113031772892 0.1400706981532962025483 0.1757645815440322112355
0.1276263200609855930079 0.1497353686273314166133 0.1696343686254316029949 0.1690630227156163789548 0.1953263984772108108334
0.1604420882119913516206 0.1253702983599166431716 0.1478169637200258124121 0.2041999036685546720093 0.1731407985858535725221
0.1165398501102529738027 0.1991232905287282084483 0.1474732106635495143543 0.1360970634027094117169 0.09942037606553781603491
0.1255631663990468827041 0.1665807983316309193178 0.125348367711403868574 0.1902423250299633272764 0.1881688571294648781862
0.1120670189103424446708 0.1768854879420759806941 0.1533716975693313333551 0.1124452055192886323898 0.09903383578784674678985
0.1796323293479168414777 0.1787465396758787516962 0.1531831440843487157633 0.2072282566234105449787 0.1509147011028528773124
0.1718486026014174883336 0.1877727381440877363339 0.1661307666499163004925 0.1644556458069520443743 0.1134609179622183966485
0.2063822728135930317794 0.1801602405340620993712 0.1962390297228195357171 0.1212386296776764155192 0.1445075040430741086794
0.1385337875718329059271 0.15179336558576053684 0.1701095018219745680366 0.1754361410356673200983 0.1688896569778575718068
0.1932683329530808236107 0.1859668522504031862308 0.1602288469159784123352 0.1889496543320567656377 0.2101257000312173328638
0.129124354831976539959 0.1694510169617388650742 0.1909023717133576658611 0.1593906407527855284556 0.2018699179702086177191
0.1496899506337054375216 0.1211114150798594940595 0.1707755142783725643696 0.1506042239509858549074 0.1419475055612999248034
0.1924419989440226130828 0.1748808365976640410988 0.1396599361539904438079 0.17214206987743280175 0.1942673346432884640134
0.1949985418978121831657 0.1625453706424036526279 0.1940900721841051779215 0.1904818332831941518624 0.2026688372589957320979
0.1259646875948800814893 0.1100087442772962886828 0.2123034882660886912831 0.2077511932363012570057 0.1778577149439143079146
0.1902882300542745042105 0.2175162123343876430237 0.1140613990328744886682 0.153586827022433758394 0.164815672168790255947
0.1558392487537223203287 0.1638506836677334765895 0.2115620765373460721026 0.1383333063118588335261 0.1900457062163216082062
0.1906572943785359020019 0.1385138495154357995975 0.1797452080672843066633 0.1090901929329254199663 0.1152988654702291754228
0.1781164576977693203563 0.2329110540297325837589 0.1004564624666229449845 0.1678838069242136188386 0.1718142614801783096823
0.1653327793389311461958 0.1673458183517040620547 0.1902005230194261653498 0.1713433323088794646427 0.1699400805669100678053
0.1238237611679896543748 0.1052456739893302267719 0.1491872161336357249795 0.1578354031232977461308 0.1331197662789037339248
0.1560308105201904660397 0.1710644797523306614995 0.1230579428429397631506 0.1844624229512437652012 0.1531451397145673076761
0.1657790400830314592184 0.1906136841050363461836 0.1375068664537214824239 0.15888441392661112328 0.1642511870445643729077
0.152648238845826733634 0.1768171367233694335486 0.1664493674922650767734 0.1725257969382202882791 0.2240187826469273446595
0.1666000464010677639681 0.1539068830944131938132 0.2209916000985260309264 0.1725356311597618097498 0.1475539129171958285802
0.178661180028346494586 0.1262347384271768069297 0.1404803863596722768303 0.1805591929159928166193 0.1532702375623474499999
0.1767524715321363015796 0.1647166590392590834746 0.1958063962678411595864 0.1425199917612436917302 0.1646136073726490733904
0.186091441597539097863 0.1583244563949945671322 0.1335878670361055065019 0.1730382641465677828752 0.196285877936902913854
0.1486986576256472958324 0.2132772469876831888946 0.1555003602628898529137 0.1916492373893200484858 0.1261971906581560720628
0.1439823716301973366427 0.1952376542705155648694 0.1983079857410129931417 0.1659353672829605719219 0.1606194794656947977263
0.1368262323585456574637 0.1442912271944439828175 0.1410387148385655042837 0.1620462191444083654979 0.1751832240110119121024
0.1925415731529700746893 0.1678248803929967558624 0.1576367070726069352649 0.1734726497968255010118 0.1864818902594557459285
0.1364164760656092212354 0.227988479846353092606 0.1991552979160708392037 0.2186017647228980231855 0.1402026754474705316778
0.1846923814275822084419 0.1592065517172805699797 0.2230396112431918265173 0.1227748823511499859373 0.1921946055378862816543
0.156915031460702097954 0.1578136268943064191017 0.1908505722819716643457 0.2087407822653063738105 0.1553481255397717586408
0.1380280433311826260301 0.1976962599053047053843 0.1839700818171937923839 0.1786324313584574108305 0.1256244527033252289527
0.1916878676516891588655 0.1792583670932043626856 0.1719953606564729731154 0.2031634959384429894858 0.1974493516696316786074
0.2000359995639252319588 0.138566071179945987657 0.1886697510976754199596 0.1582857114364903394765 0.1803121946605745484771
0.1591134578173892810682 0.160640979603162981082 0.130792904857347513925 0.1653230591718982955829 0.1411378866068562498715
0.1249996239792427049631 0.1723169355050830353626 0.1421815078956168154622 0.2027250512990691200255 0.1966540099082154935406
0.1868076255288727005599 0.1844367911806260584839 0.1722194636802004685805 0.147594773020745168024 0.20872987785674027017
0.1427632101375409801047 0.2347327594029224862027 0.1774136307875339435558 0.182461180604794909188 0.1596704209532688878426
0.1259484876125351315856 0.1692726354571705005281 0.1878326519483776435582 0.1594835899030648540542 0.1673617080908315901677
0.1771668846971659605494 0.1491365147264460955245 0.2050258346220119876069 0.1569161104215832103215 0.1668806258267301334541
0.1637115909964499682605 0.1770888377889805742615 0.1562373587971098154448 0.1353246943797542511945 0.1060328656467919572481
0.1801267459702900752827 0.2085266890099852776785 0.1776177293671045986923 0.1664712864940032788219 0.1101108997470702649535
0.231898440449797682561 0.1909344267305163878046 0.1265495605399327427865 0.1545107539258304407692 0.138063954345046813188
0.1560279040919763660078 0.1596995697797074786894 0.1737702508960981273578 0.1819447540764626558563 0.1854145447084846465291
0.127899455624152391664 0.1540826269512024226938 0.1745017027957189992282 0.1896824662022016660945 0.1682648175145773083994
0.1519017638356568999924 0.1832768454073658570547 0.1824689922318573354065 0.2126993395774141037968 0.1384901330449270495659
0.1374742632545195297755 0.2145816209021668696799 0.116426444200839723786 0.138507767393983405313 0.1752527585296382584001
0.175130051202150804901 0.183268258461235789003 0.1845717432860810580664 0.1936867637708845069078 0.1425412919366076669458
0.1282317157617527403346 0.2119411529852627540382 0.2037321985237584287542 0.141569223189127874063 0.1842906358352203177731
0.2022924913477445185706 0.1968304938780966184542 0.1376282023714789359836 0.1662384922214580895705 0.1153034972654499029643
0.1775856575599351616646 0.09871408025952815856741 0.1725040057184548669689 0.1440469353679263986301 0.1377527295301677334738
0.167081315959865195353 0.1967383572709480166196 0.19275228857660253734 0.1350596022567281950799 0.1565926655577599968527
0.1969223511024977835149 0.1971299270904208200683 0.1091810428046284392467 0.1333476355129998291993 0.1709962591490181149645
0.1477024071774597491213 0.1549361923670528606856 0.1822984533815635299625 0.2095825644838374413048 0.2395422940420643687087
0.2258077900381557645559 0.2156459686920797202969 0.1626282063733898441971 -0.02130924081190894991966 0.166840972844184004531
-0.09795860448903044581659 0.1088863462878693066926 0.2285818310652704410391 0.1193280173198599247719 -0.02999356385051692511223
0.1524875838816110995566 0.1744719107429114623997 0.1520706741426282870844 0.1111174871499627792026 0.1497590530974439448908
-0.03474985084913814054053 0.05070825684913334713277 0.05960167082750978534422 0.1590981695271571350059 0.03032152221571254857579
0.1058152044850831363654 0.1399291613314581905758 0.04420211621143880359464 0.08617609405155222945805 -0.01705001115202853592678
0.1817934515744451529073 0.1847551936300435293514 0.04902070714270780060762 0.05395530288443563249334 0.1054230454525433569035
0.1070007237463224125662 0.2201519984154268749776 0.07753543919495813063758 0.1669888432972734815252 0.08221831824411642009043
0.09970846884248923958083 0.03704788735418461376181 0.2211450876260788456218 -0.03840790831097391083704 0.2170993121633096323286
0.04712967976792043628409 0.1474100761581814134082 0.1104681353394186826833 0.1388958505521095398993 0.174119370119081767756
0.1489886942212258480467 0.1587497441020275512624 0.08612001618906209299276 0.1543779777908325934188 0.1334500980391643554235
0.08802966016559288231491 0.106058304450266219221 0.1867198064379204658358 0.002437187335694270939185 0.1839745027935675292241
0.1670078573711583358463 0.1521598068111827961602 0.1307886636758968657013 0.09723460194088474894958 0.03169927631216628433064
0.1769627804184018549094 0.1637902344044888658381 0.08553932939255025347247 0.1094099144039731158484 0.1244733239661682810961
0.2031597029049941605106 0.04006976764408076013835 0.08550127705451977810913 0.1493919535948148025195 0.121275267006479614551
0.1955307628799329844327 0.1293619346834814221037 0.1486908003538977840474 0.122479777902778280696 0.1261535919797635019179
0.08175213649984465480447 -0.1246297252251200304851 0.1467374081354500259256 0.1182699601078111423247 0.163417561228026114728
0.1190415529667196575803 0.1160962158380376557654 0.1733582268790615499299 0.08791196618532454154504 0.04149912128557072671375
0.1393215174171420767113 0.137865741504934358197 0.01267848010658711652154 0.1188503233460232871854 0.1777015552415526500329
0.1214205964766197909377 0.1089068516956500781712 0.1558025016242857996307 0.1117131791646133048834 0.1161282759720299595507
0.1389522250736261732573 0.1420198460802736817321 0.09075759469558197789496 0.1350520516194239906138 0.1404023786713328725284
0.05922256675987392499083 0.1295435951350601966325 0.1104113164139489816629 0.1481216011528613263337 0.1810611477640904354303
0.2272996152993447260826 0.1255127017186146443084 0.1708513684282048916696 0.1318000344264157741581 0.1296397912604654589774
0.1326097774236820459048 0.05965212886608760312068 0.124698515096058767937 0.2580282240273057414726 0.06742500363868082768892
0.2120998561595491271881 0.1413062355974726846952 0.01947555440477595489757 0.119189983778027627781 0.1610686693798796809141
0.09863141347898171651387 0.2253959352020418194229 0.1391829859191112961359 0.1393436959293893884215 0.1552622387638543932642
0.1502946727380577995881 0.0814577797847357287786 0.1448124812767839220129 0.1362076449280289758281 0.1417613868916025032796
0.1587151873680840985514 0.1580791676295604242242 0.1713884599271202902049 0.1598872841434993141707 0.08209026642639628834619
0.1752331641463255595959 0.1582498170594984487902 0.1142928900057316315975 0.04444289235945897420521 0.1035277340917278299237
0.103077951498306841227 0.09336923208554155639849 0.06264753302555937930496 0.1470477839624983462663 0.09702100769366935051341
0.1089762936805652587813 0.1401550632184639655353 0.08524673797334297864481 0.141013674086571755284 0.1474365622388613128457
0.1638222883781631500355 0.146706407156646984058 0.07180649650273342177176 0.116955794507816887573 0.1690132746897705928735
0.1000745691635933215524 0.1256903899451788653163 0.1092944707080111682584 0.1330864379440657718767 0.1787006825278942001578
0.1208217338391995299141 0.09832737234415417360012 0.123673863419680132858 0.1455266307275592529979 0.1144597684940534265685
0.1667077453859353575183 0.1324323699773728435503 0.09127011240088035715079 0.06519823974472584160456 0.1036239591232983453528
0.12691620044804308165 0.1239993461795265289327 0.202090599374469742644 0.1497811835812028757875 0.1663891075615444026248
0.1257152049463410026231 0.1465910952270399192354 0.06909528640536824473095 0.1574521453905352030844 0.1046029399832685002902
0.1630965525152377471052 0.1133559272979250132085 0.1672785114848855114733 0.104798174903937543756 0.1671617665643308214829
0.1544165208324790594663 0.09749782322584868432536 0.08288825937893998241357 0.1310389896175168655823 0.176092920633302396638
0.1554702321007512821893 0.09709065958791215922297 0.2071260467826551709969 0.1682897927914570046504 0.09058832669554275907053
0.1777326829883670022969 0.18258277532385105979 0.1864742965550368614114 0.1630637370663776397617 0.1429277715152491856632
0.1222788408951227812071 0.1562698767585633807808 0.1054125224121850445957 0.1356244829029931431297 0.1476067107291889612952
0.1467842396104598601259 0.1165904055725659332898 0.1576459587347637802957 0.1044520140125212159798 0.2037212858724361252971
0.2236313482448614442522 0.1012492477679184932349 0.1805366349164857497911 0.1163556711575071678233 0.07202575155587621902331
0.1286563778692804416171 0.1718380208222234917237 0.0846214972992426622822 0.06463585656953783897816 0.07274707385711512430682
0.1502351719246434458288 0.174733247151041604095 0.1466628262979453867221 0.1554141350474489424727 0.1452664940502174373282
0.1399508170641810267387 0.1197023862896443302528 0.1626877099500518564223 0.1320697808275337892248 0.1833478866072469071202
0.154729871517999828523 0.1610910966034766467203 0.1080340688982028007903 0.1242220426483496842351 0.1666096126163426616174
0.1423013537551769125411 0.09382280135952054955784 0.1448824100691432636978 0.1094962958912792105881 0.1243855356389869659672
0.171697454470554594641 0.1746462278532611434034 0.08570446602179633555085 0.1714111454674993040292 0.1045573637670064726102
0.168086242858195622496 0.0742786489619614992419 0.1088288673169267306573 0.1190180560346389415649 0.2280100257919365491777
0.1506670977475062789264 0.11660888522589511751 0.1484264961713061548032 0.1352159784885240967345 0.1701920393637005868293
0.1697496338712402297322 0.1435817877601951453315 0.1314037084306715341686 0.1247333227555975920797 0.2005671095512283896856
0.1547237247946624261186 0.1541978980246584696179 0.15146919990343457596 0.1558031263187049930696 0.1264217924705212381387
0.1370276022632062051798 0.1793168498237679431284 0.2208917794015839708432 0.1638983857881310124416 0.1692371930308572136603
0.09619705784436487217004 0.1650490045401115379864 0.2039622590386747091884 0.07684926340525582988406 0.137618498320371013266
0.104252762549096725242 0.1630293788541496702305 0.1505684351652319397097 0.1936651534368524774088 0.1487331809790319037123
0.1128600405488965063849 0.1514183413804174316297 0.1393939752347322091897 0.1438459750666246372841 0.1019552111847908115738
0.1527649736595012297524 0.1724894038941983676061 0.1457274195037174813194 0.1025274959954691617048 0.1092590689586442342929
0.1033167674016201437182 0.1392628258637893523542 0.07649958083193723890059 0.1319662735426447297549 0.1196885895394800419789
0.1664578362412993672859 0.1971244181818804508399 0.1289606280125538684267 0.138715729066991422247 0.1676885167646455787605
0.1582286051225709200274 0.1511127711124599648507 0.1935091232587982934543 0.1719653728536590098219 0.1137078836212903343306
0.08077211152451170550481 0.1365552122738350471209 0.1449066562121918977368 0.1133266803344841061607 0.1907125006903505060052
0.1827014055269207681853 0.1130522677793583119499 0.06184919533714830497395 0.160595142579790461923 0.1735028656893527199134
0.168562559899421704479 0.1274762798501067051493 0.1795889254354973707528 0.1477229243110963763375 0.09136258975216496325267
0.1453963811091751878735 0.1140660243135559331895 0.1551592884172487696315 0.15770334805410304857 0.223797701265795567771
0.182676958931618144133 0.2102792508303413798743 0.206947037888026874608 0.1134910527514900319135 0.1314853907655065268223
0.1552625207123514428087 0.09473764272307350076119 0.1225276604938278501855 0.1287007638027968248196 0.1403738853389866203525
0.1428472946548370037245 0.1503400492087341444591 0.1311380697383330296013 0.1523309213438878706448 0.1727179348228683186672
0.1387980730575046617314 0.131469572589415856223 0.08489093076609040278147 0.1340214534927005873843 0.20942302125924064371
0.1272195298409960761976 0.1467944510727799412031 0.1357684868136329603416 0.1237411778800603101569 0.1768297879793814531002
0.1643774934666869802502 0.09982068947737511577234 0.1628237520028407714356 0.1848837775037693587077 0.1389783059812395027421
0.1917976655005048658431 0.1554481815893078155977 0.07830615597885511036669 0.1825897507297787047964 0.1133928462525167907282
0.1898081392645814824416 0.1344261003550557553865 0.09686327986654895416674 0.1982587874629603286181 0.153655553302979835939
0.0973248495520785683599 0.1104558165220617532709 0.2158709999565180948089 0.1668094013627780258791 0.1250698942555496517848
0.1807880710779272148692 0.1557346160651035538169 0.1673591406890849730971 0.1864617261763944766617 0.1565093774838767215485
0.1563526478195867153165 0.09822133187784305718981 0.09998947199900974636133 0.1616345944996428474205 0.1349338485056872649626
0.2214242635406132309051 0.1719354121530898560355 0.1340997090691139481677 0.06154104144513534296879 0.1494498394357097748042
0.1317644799938731126066 0.1276975724248670118754 0.16351373660189050252 0.207751695944547482009 0.1758878965964554008661
0.1487724492888835847726 0.1479771359741763603335 0.129038524531986720234 0.1392572152370674387623 0.135656997555513081366
0.1771476987524763790915 0.1309140725242115832483 0.09719149251215469798026 0.1508157205610829720843 0.2333591316159716877454
0.1830751345861242052049 0.1868980008394588443466 0.1286364308345412932333 0.1958143618804912278186 0.1691390347931928106462
0.2205241062984610866948 0.1724989299152062949272 0.1510832914103089064106 0.2002293389390082389845 0.1608552519288852511448
0.1080046287944340654974 0.1638279172618860302091 0.1569371504707000042345 0.1421730632443874153825 0.195879924373445063468
0.1849480587598305025843 0.1276990966620709100354 0.1391614892232927169768 0.1579911046545451336343 0.1405472231340445798953
0.1614857119462562717871 0.163284170068615175353 0.18700084771280628404 0.1041926363986638709447 0.1879772950132665987333
0.1451666675433834485798 0.1320688489487450156812 0.1598621971509465167216 0.1605628214901750339116 0.1380067825830548489119
0.1494546872293384953689 0.1544791877964375725885 0.1625599079889317177816 0.1517871093902961321387 0.167052319900735046776
0.117359832235371969178 0.2087234917713052806398 0.2180168359297223190651 0.1252787587956560033664 0.1762725430742800303285
0.1361147047994955561201 0.1404962403095680045784 0.1485657302429880255445 0.1178508413638060248196 0.1293841734592728331954
0.1660150499110473465425 0.1496296880733429812693 0.1267861489464736646227 0.2081678753910616574974 0.1770183423064901340194
0.1421646426256400752575 0.1986067084677113625535 0.1564516566459920876575 0.1437879676676264151247 0.1157987130954063748067
0.1570644458494090123235 0.1330875832149227833145 0.1781663462076882031848 0.1369611696367846465083 0.1398797019051524204158
0.1507002587048618946763 0.1491685728833722912601 0.1197491426423705068727 0.1484300225657419480818 0.2063424888754039621119
0.1476874192971515953321 0.1682503187098555452739 0.1591729383102692962915 0.12849641323717581054 0.1182995835429946906991
0.1616313496208963695899 0.1244728997325909441996 0.1317339262353752205037 0.1208901782161346943889 0.1675454104664716170614
0.1546058301268717627419 0.1741865039110378765574 0.1355106604889634580591 0.1633319137620491690033 0.122411299380917409918
0.1430942568113503787774 0.1654750499534158314496 0.1862372164602123514321 0.2098215751842728848953 0.1683767962096484605006
0.1592860599462192494613 0.1872537006858758790173 0.1570037982509158158706 0.1341227183594125571542 0.1742468484163371134077
0.1435489965500320874714 0.157211176995858792349 0.1135393233759515868586 0.1949940150747187794789 0.2000923019044235640074
0.2090589669488884527748 0.1511914220178872114708 0.1768708043075780667053 0.1203867232975103646053 0.1450359150529341167868
0.1515158479744409536494 0.1607094604437883933468 0.1616184485206834386961 0.1210558408076905789752 0.1756068902256216479607
0.1457886043847470836088 0.2109376756547516884588 0.1831197431967542810227 0.1961937340592868339595 0.1903424644486965133794
0.1457085947156013805426 0.2405181446502267783583 0.1735490149052741071234 0.1200283126936622923875 0.1562174396984856994397
0.1973488828869964517576 0.1341527049571820950913 0.1451976661273798041574 0.1728157166256778787261 0.1965815613690194141316
0.1060422384780771026813 0.1477002632638408641252 0.2117368445206040949991 0.1628773111297393272334 0.1503025175099337862328
0.1562066224353613475007 0.1639189329620978352597 0.1427084821369466183238 0.2083946179734691150909 0.1651788869055605957215
0.2021960590416765624067 0.1026032184306852473865 0.1670793703675985675261 0.146943413978598946823 0.1207437324170638898169
0.1589015480026055859852 0.1617017992606318566029 0.1164791018315613907452 0.1400311461082490993579 0.1675163480440897134649
0.2153579110428842924296 0.2059202616561301435461 0.1561998193519669730911 0.1504956997314643996067 0.1810998897035462906757
0.2074130752918116327166 0.1764996229744616729196 0.1885136563649141283605 0.183165058119424933869 0.1683359814081181737855
0.1618166509862416224674 0.1626165143532699031148 0.1942999145173991693003 0.1071407820420688661311 0.2088607906510310530113
0.1696958694078616047829 0.1629111343020143709559 0.1608656322426319507102 0.1795045401291098796648 0.1449727957914466458522
0.175881816666276558081 0.192323560156488465589 0.1784880738677505906953 0.171922520744647561175 0.1898753042873343732655
0.1891442819681883880101 0.112178407064988827635 0.09095556627348670708511 0.1557575263639238150049 0.1786215998458901832446
0.1505619616835391638698 0.1817728128426663869455 0.1283335413459490703669 0.1784783820547720667449 0.1794026127025622474598
0.1719665919079896854171 0.1512527714714549109676 0.1615588416648205127846 0.1323809806716277626126 0.1466910847533356709871
0.1791506262027369456025 0.1683519820387374132942 0.1474554654154706656577 0.1840584209953778360713 0.1565390642994167746949
0.1424175769332451935156 0.2380033742920285022571 0.2021610014594832083201 0.1690909066847794406385 0.1869829179212261771603
0.1957742770195186332582 0.1181532996388446471459 0.147531634926661464613 0.1102438973192453874894 0.1786126855745024666344
0.1825604431047977704861 0.1857028939447694648734 0.1575510076042042628686 0.1728952975270701131194 0.2031704409565184832331
0.1385830952062710175188 0.1026266525952212599337 0.1756692057359068304123 0.1463972420533966589673 0.1658311729722308502932
0.1443662749415746404669 0.1387063946913339729239 0.1084784515420224026983 0.2032148997888009178681 0.1805581724958978673268
0.1699092112760819950346 0.149509943409575379869 0.1636839134396670947247 0.1741109830342707498474 0.1373932707973233857679
0.1874650914664965917211 0.1474673375905486694126 0.1575390710744473676819 0.1914179735021875605749 0.1702882118024502677844
0.1461208863466493812489 0.1611823420160098663256 0.1708156122993072789651 0.1831910452668396305231 0.2005129529470666138735
0.1329625337811238816599 0.1466997531255166964392 0.1818194878935933955777 0.1497809211626633940639 0.1636884899737094667405
0.1764155263823132813172 0.1047987474788915351898 0.1492091521738255210927 0.1461297674136150526181 0.1286902685077025432214
0.1647184607789751176199 0.1522969546636268045603 0.1727061302581575918946 0.1769880842605001669554 0.1655479375709542622097
0.1878920562337557664812 0.1460908984683622902079 0.1516111730355625131228 0.1820708520379737405115 0.1640783307212169417344
0.1999967128216306733179 0.1853772774194928918412 0.1725085327327093576155 0.1411622690729171514246 0.211584798784473393507
0.2116014070962789206387 0.1761783346998262445027 0.1564392447025490240353 0.1309292006764301574684 0.1842425019457475665607
0.1206499208467328720928 0.1648217633540959015104 0.1583989920776150139847 0.1424588521742082558585 0.1561452379116360922318
0.15336533431075616285 0.1926888891793383240536 0.2039080376418770379487 0.1299647471726868008801 -0.05131742663948856558731
0.1844844083929948475031 0.07642927164548483920381 0.08066180810410018831025 0.03466984050927653104868 -0.2082830068892484454146
0.1607729358930540808359 0.1221161259464161458199 0.09623586959886196168235 0.04939689715044879442241 0.1141629301780642258279
-0.04805505145283426454705 0.08005769863702277833184 -0.0723918798329142437753 0.03146908883920561394998 0.1250144459844944877513
-0.001225528242018020675524 0.1041824851309935684451 0.1700352612685698538986 0.2021542400030988950732 0.08702737446248308417207
0.2039631548441193376053 0.1706595496398710665176 0.09832870740186992752907 -0.1686677766735182326663 -0.003257572401307119724923
0.1882149224715813085052 0.08808672071977623196926 0.1025516146573044462542 0.1004091096376540231949 0.1484623514428129731346
0.163517226399827769745 0.08383005180628184949132 0.15867362223871564475 0.1620464782156322836038 0.06868723930933259835818
0.09423469843473154805569 0.1237701355685199983148 0.1573527852662656711935 0.103966826068755582857 0.1983372492677349385737
0.2010424643419866375105 0.142637592315379452268 0.1233389742669501881744 0.1839038406914510204171 0.1240177867467758404674
0.1476378422789701161388 0.08002356036531700633763 0.1016245753306259103077 0.146956827777398518764 -0.02353716678060190775623
0.05803982823315916722562 0.1214942185629660498236 0.1179892156246870466019 0.0920228115067794477655 0.1834587970159810843551
0.2530975960721237316697 0.01985802467532621698454 0.1897530353420885662619 0.170806369083316644808 0.01511708204935810657965
0.1989242752141723857839 0.1749009340407577106635 0.1139441318182208007226 0.1266008691671479113872 0.0364844545214068408101
0.002591561196449797873503 0.1191648748030216115046 -0.005293677233377678398307 0.06350970047042360511202 0.2137195254082292217301
0.1218795271249773215505 0.1117825869914573500008 0.09132631392183326868306 0.05189337028251308353566 0.09801926198611939089478
0.1205956781325732696253 0.05915943213383147158968 0.09703549770889918768546 0.1886791628769949047406 0.1684667629386261133995
0.15176267934154724637 0.1965125185378382433043 0.1189969244831858979916 0.05174750194215137905074 0.1526503343468288975693
0.09813071370090969969269 0.06327111523575891516291 0.07178380150378960156132 0.1185830578841131077716 0.1685138673433887457342
-0.05252348077798228709323 0.1125557162596287769096 0.1370361387097874805718 0.1169389065128269844518 0.1258706416535898264808
0.05893968608585705565295 0.174527816921269562922 0.03726518065544631719277 0.05406925218838026792056 0.09363951435824326152702
0.2133101183442773773891 0.1882722088109612390561 0.1239388316657653310582 0.04580139831213553280875 0.1729170506669187867832
0.08137814115507679968431 0.1988043415781245160101 0.1989634795459958027664 0.02348974959984987884165 0.0679572460751274864954
0.158060193671107990232 0.172167914191594217943 0.1215760464615084635032 0.2099339542181855589043 0.188669941426935938722
0.1585747410171411964086 0.1355706895652657728579 0.1605641554127050230072 0.178149590069005492321 0.09468902423367814291666
0.1584086683069150236491 0.08510081963375834557262 0.1250119588918631174934 0.08074972509153387212333 0.1222136831727562295002
0.08520442508970384187794 0.09338748735204892292838 0.1400714458266657247432 0.1055719494396963054061 0.074456320499561551296
0.02932977838121788444203 0.1880447447181611830835 0.05073699476028376009751 0.1940569417113769956629 0.09998642320606938860283
0.2410992636841299552319 0.1267622167494592555492 0.1605692621665751607107 0.1593264962584438060311 0.1731489185252019780137
0.1731860055292064604071 0.1246237924954624459728 0.1277488272650764977723 0.158149899990148196105 0.1766147140932394499213
0.1549998212376923201195 0.130606757497824826908 0.09110845765384613381688 0.1047382610655400864141 0.1282561821100456356248
0.0860384513641713338794 0.1063254579120763293476 0.1476447799704018737366 0.1072906194481289821052 0.1890455995745340123104
0.09029925175358162470207 0.09944746064584175648804 0.1105384863652795757183 0.1091485169380088104951 0.1163714443919684343731
0.1555600426316860740439 0.1575879040151674514991 0.1474199596526498678983 0.06289148217482126712596 0.1682393907746419781102
0.06514814896020408585553 0.07314781566214502428469 0.1280556152741140485407 0.09522954804313418786244 0.1866376520738647626363
0.1384845872461759330729 0.1607292524449971948819 0.1200476722357300407573 0.1252159660996779999564 0.1138261383289757427972
0.112766939805443860978 0.1557580251415873195953 0.1721139263968486932121 0.1303426109388116649335 0.1911327850681112661135
0.09881494422591853565851 0.104117183325904485991 0.1726903074854540254268 0.220211499197586729748 0.1300657259343551974684
0.1379628992059252767799 0.1488305272678294155497 0.1661834561955954636669 0.09536813934270907400226 0.1142503145120360996678
0.1285381388259533574914 0.145524468480867696929 0.09562407708531497907423 0.09509134722888414048558 0.1149001280637519384342
0.2259985091014295455203 0.1501947001437992368356 0.1935673127888259958951 0.1375894028252534206924 0.1688993130936038145062
0.1177620048926190238214 0.1726502612538217684701 0.1567055348187982033448 0.161379564769757372078 0.0776564188591713916443
0.1696162866451217665631 0.1466502681973386734704 0.1485685416179765572231 0.15672709474494375681 0.1502816619634726458266
0.1716662829547219437654 0.1527418822576812884595 0.0955853254236641858288 0.1668060726225155665503 0.2290551034451831780014
0.1210503994109331932227 0.1201827418345758485829 0.1720610039838622873365 0.07282729493013957722258 0.09878758190109110381982
0.1185486843146021512796 0.1601766807622929389421 0.1627087728030108260135 0.1341029248775507665137 0.1833065906998565530728
0.1954020363560473871889 0.1338919234154445359053 0.1205683013019059057758 0.1403024886385634273367 0.1516726568463888924487
0.1603725803646621483889 0.1197360367849205492474 0.1610434283118293841142 0.1030543177081620076496 0.1627308168443107605494
0.1510246107994964170906 0.1693456683772693316392 0.1841215102525577962389 0.1096874118091324679103 0.1517069006865855718136
0.1110771740985363048582 0.07508967247049774806911 0.166976476464361561769 0.07514885858109413008243 0.1653063822342644428876
0.1880970485145643522618 0.1317017161863783814013 0.07460344496737379704765 0.1722665650754036381631 0.114802914037837253125
0.1520300233556322044848 0.1725501853059337176166 0.1921007715110480684739 0.09673527100734166661589 0.1248137119336419353921
0.1536496034234502428006 0.2091250488173958532734 0.1118766091891662262103 0.1105477530874713898434 0.0831046163290001249635
0.1536586989581349982359 0.1503283825801382533882 0.1670929086213052416898 0.1473482311175445258478 0.1451232966528467616119
0.1322175437739017689331 0.1150348697792456936773 0.1334680119941100973069 0.1382631240222655100158 0.1041194331761793739899
0.1504291929779643099963 0.1473093869560286872655 0.1421124638534185247174 0.1253419266330878245608 0.1742500872546569878896
0.1227983327591340156903 0.1590109509788043273826 0.1558067517706558935409 0.09790783175472167476627 0.1707257102555875816208
0.1258937074514662191049 0.1334627376725260883283 0.1399271661741268713008 0.1746700854536727409716 0.1446045837331156880268
0.156599491290427911272 0.1241271817171094304921 0.1558738152935890686202 0.1487352326531198587478 0.1190625368052956739584
0.136198762782883175948 0.1203703082355138120896 0.1234218970935083564688 0.1607414908980592527232 0.1338001582326092953057
0.160352872585871997213 0.2079974380937642253198 0.1406161922484079895845 0.1041094862010231575367 0.1603482889217002493876
0.1136189825125694802255 0.1740178700654870513898 0.1379154699095146707766 0.1330162397825699338583 0.2035518360840973262071
0.1547952361478529270666 0.1513028889257140574554 0.1618641489356718865533 0.1721622500822506673934 0.116197978667141266218
0.1448439301129785250488 0.1194869489848390115005 0.1417395595220624360255 0.09459035161045442618999 0.1771254432343616069812
0.1770248976222959791382 0.1858378966892366979113 0.1200501508115227461415 0.1578374275801154302812 0.1409569447038938605488
0.1517133084127806619268 0.1611079737611097462135 0.1089697359755395777992 0.1206848560429423095064 0.1177957169886040128537
0.1432136646998697637745 0.0797485788898493613841 0.1557894806987257796393 0.1733769284014768929936 0.1401041016198021071926
0.1597821755838967072716 0.1278164490304836420353 0.07516921872070660148868 0.1719668202657409217249 0.1332983781854275850964
0.1248720190403054819406 0.1463550270560308730339 0.2183121939379116249746 0.1195150214919046827156 0.1447934344999974309864
0.1661444522568353843184 0.1356686589103007489765 0.1762733783966458078751 0.1396687859236924456052 0.14550383981509976139
0.1618582534327211996938 0.1363235752513679566178 0.08013802454875708358717 0.1349130285105397397682 0.1227535725479972916752
0.2163505740752372230595 0.08676499307890352119532 0.1185270747627920617795 0.1712227676153404709591 0.183494144389122010308
0.1025567175625992921706 0.1708863868075947423097 0.1606109804914224448158 0.1988640747609457803957 0.1702998138306842379475
0.1817190353204044539481 0.1209985489723739565671 0.1599526502249838944003 0.1608497440130045030848 0.1472787497583665505818
0.1894159312136332040666 0.1958751559570675870869 0.1379964011408869872799 0.1682699189967837571924 0.08154066215773919656939
0.1464413017697748509161 0.103323189389458530707 0.1835686989884932063255 0.1716474010733726740519 0.1910740505280567602675
0.1389161973927766358106 0.1356742371967253057985 0.1422212657849389327858 0.1261246502226608667829 0.1549633413406273085844
0.1477595157551304383414 0.1865622448936503363637 0.1715442822613054141279 0.2357256029347274961516 0.1594727470071151675945
0.1227994285911659655408 0.1138938829903586719139 0.1376913041411289007065 0.1823415605693613494864 0.1738769305952887755939
0.160867581124873926246 0.1341717413674249070876 0.2373199544292013962732 0.1678988568658250635224 0.129564175594146319126
0.1648262134390978406184 0.1442351052353241791515 0.2106418367443268491179 0.155432598466757415645 0.136642625882270968285
0.178751319954528559153 0.1218392888584014094322 0.2064234609830365718697 0.1676275339020424082204 0.1460377308881550262321
0.1526102443550812204354 0.1186178937851743997456 0.1380980739221765174474 0.1268022413307115237036 0.07697976537594733437153
0.1463884490488079337389 0.1410815976011335071139 0.1481882823464840126526 0.1899205636039509870194 0.1827894238776378299516
0.1707906145935904895783 0.1572737055087499447037 0.2081988892424597448194 0.1298354694310832335713 0.1839300354833693640355
0.1679095202715196744059 0.1340692813243287706548 0.1544042752289087050421 0.1885047600750194563002 0.1752771298135935851281
0.188110130568703598497 0.1774204036184188759684 0.1459604822127547052446 0.2071678226307902548342 0.1794685292247977792535
0.1988763053274976433382 0.202207686613286391486 0.1263727397452837075686 0.1710333643388140256736 0.1524517830187207267922
0.1474439549989114972561 0.1984808876332297966627 0.1976045943384169001344 0.1527320634985947778173 0.1154728188034326308298
0.145367388111573403453 0.186774993038049036409 0.1342517153057480316924 0.1283593102500365235041 0.1523408189237926146919
0.167387171489936398272 0.1180072229255975380102 0.2575305294240821107898 0.165320802535403071909 0.2049454195503190023775
0.1998425448823923922248 0.1190550033189033546366 0.2142290733934825719409 0.1812914859104121367839 0.1637915053991716718418
0.2306695168784808069873 0.1225995845161639147269 0.2000475367970390994099 0.1339767467378637222364 0.1420429236482426416099
0.1972263433247351260835 0.1759926000049946981374 0.1653967230928375109489 0.19561701617092713823 0.1259102512860474365475
0.1622388556251387892182 0.1572304944237738200119 0.1591907575282429376795 0.1782395351952062723111 0.2032362660219767247494
0.184162511421063351813 0.1169678159091625535559 0.1315532705135381563721 0.1663233907530190791579 0.1424047623087590086488
0.1885144240773195534189 0.167717255473942922217 0.1730762040324259065649 0.139590205011518697642 0.17444060434029781681
0.2095141858323958106158 0.1697077107055582068096 0.161761476034746692898 0.1418097719378584031791 0.1641884574907929161824
0.175114773917605076603 0.1422199235457201060839 0.1883733343198926435402 0.1326250122250247076572 0.15143934639621253746
0.1158131000896222839724 0.1447741410299070441425 0.1443113893899182764713 0.1300855405003399911656 0.1613152398084461147665
0.1761179883503961873803 0.1780867003381510493831 0.1803319549609232463894 0.1928718664121950310264 0.1456325003066441248212
0.1624573888681809241685 0.09977530140873620834174 0.1210383881881713363793 0.1338898302937104878296 0.1824619460107720636532
0.1537914754820876028774 0.115015021411655787853 0.2333144234654492832348 0.1680361231670920441061 0.1729484774963616633414
0.1490262657819901581657 0.1348422362177431055308 0.1924040767265858820068 0.1760360643045703332721 0.178124596443311272731
0.1933718940409084596777 0.2032245562318436005178 0.1487127426367817195629 0.1572556041664857073847 0.1757814010771882595741
0.1530587834719627227109 0.08824551294303982496015 0.1838076026942676577391 0.1812983479352948401608 0.1595309065483900556881
0.159792114301154281053 0.1762164315294777461318 0.1764606392527834355377 0.1482221788034503440201 0.1518686421679722176048
0.2309122104288759691482 0.2522810232598720614483 0.1726222431636643961372 0.1867771010261601027924 0.1910938744168769187759
0.145105829857037543773 0.1848756534987224253719 0.134476258452534275234 0.1977107519852148720396 0.1527083786974167134431
0.1801374400513565954274 0.1883141445566327010219 0.1599518340719063291822 0.132128545368034394647 0.1807182319142524862254
0.1692199544080726647532 0.1787377383907542138797 0.135253940793322424696 0.1648747070309067586091 0.2006069247998897853158
0.1694863303591604697385 0.1512857492434337147724 0.1197207579005966221475 0.2012222188930197219747 0.1781283051386809701544
0.2117917382142464055583 0.1596073376835104307148 0.2165777718115781125263 0.119874667058730066671 0.1771020936269427081822
0.1333552790822573330676 0.1344302154772616664236 0.1553358707163962071363 0.1577493165514691209061 0.1173685470278986453518
0.1022011046870446165924 0.1776181030190113196987 0.1742869636746901818025 0.1602015001053484211102 0.1862449893795559696663
0.1450931665486801525056 0.07676236790060519954437 0.2145077091431872029492 0.1655519838338246896292 0.1493065268910812037895
0.1944201395820619460153 0.1501933398439392053358 0.1198829923816837617068 0.1689847984041677186884 0.1675002152776627062369
0.1600069277064798123345 0.146622334159349443361 0.147195646390019863059 0.2029834741963418842658 0.1681514988095278717584
0.1615088046953238598569 0.1494099544390185829723 0.1327015300744613934825 0.1231510947028278263327 0.1310817065789051105718
0.1931257488982092984653 0.184886564639348466299 0.1689237893659076006347 0.1726581392483616250733 0.1852949681193284403591
0.1257606273017771170153 0.1362063488719077730682 0.1603280079009670455736 0.165445939977452799452 0.1535124128853170288878
0.1375655008944284274364 0.1554403633891701108638 0.1772680756425318027159 0.1637893113320162685742 0.1301618799806971704669
0.1806241699811863277159 0.1733068829016777556706 0.1312261576792080330911 0.1567122169319158930811 0.1686081569754074582779
0.1815178326390722296502 0.2133986381033303458832 0.1603036018847572574675 0.2013073317378608062533 0.1421919485626555457181
0.1298661310838736260287 0.1913384189383445788124 0.1505659420115232072224 0.15870896687233013167 0.1943003025038249897971
0.1344219247915408310678 0.1970130968793984138632 0.1358371763340323612468 0.180550021205696742399 0.1660717897835882472801
0.2054848254442691035671 0.1709928087285466080658 0.1562120656629104042956 0.1594550090043916901195 0.1601174141923480120919
0.1695305053804595507572 0.1594540570132036427786 0.2096153325972750225414 0.1980520102420741945792 0.1810281506910998150506
0.1714777301419999622212 0.1727932826295318635701 0.1238891047091197766816 0.1500925096488096022185 0.1380331000559051612964
0.06193884258184596813823 0.1990932240116106699546 0.1515590609934634180878 0.1322868967301648879253 0.2159491518543714960732
0.1265546540262257324549 0.1399767390438382830276 0.141312399731936017 0.1311521693981543557062 0.1444161745211368086395
0.2068891082105512313483 0.1985490805954338855432 0.1713681549251062918859 0.1657893749123586502048 0.1865101683820759026489
0.1536857060402235242158 0.1964029728209011893547 0.2050570451601321786406 0.185676081013888993887 0.1583707692612190964798
0.2361233284906547325033 0.1840282769263228701551 0.04703906875466176001899 0.004515245907224793749102 0.2012338391496736877961
0.169464334650803349902 0.1695967089249514059279 -0.04973935218813888697875 0.02100736415799971459895 0.01866954704028640429914
0.006264831995696346772506 0.1600987871803513651336 0.1566057831443981307462 0.07968256620033102588518 0.1398058670807256487212
0.1790707325244908498796 -0.05400556373578298957616 0.1304180154951047887479 0.1022733746851767905328 0.1472166604516336185782
-0.1774456181282935696153 0.1010487516604442886914 0.1305014293070557440668 0.06476777718318459109437 0.1437843607398874845593
0.1699363983553805468318 0.1898278255498403732648 0.1308470308814891069904 0.1224933788479517782211 0.0410030207421492737252
0.08187063802014116209449 0.09994939860271906395539 -0.1474270264656897533317 0.1076810520275101046295 -0.1493405607752979480374
0.195663532618655905404 -0.03374824161196127159101 0.1146852780407267152762 0.1337793107986796625752 0.0218184198527049851013
0.1727826134772112998128 0.1475784463257057699259 0.1781043238783348303667 0.01027314289253878493158 0.1367792988834227729811
-0.05416458159418734846779 0.2052715100383793733752 0.05450781137329217818088 0.2015725056278371285501 0.08449697717213185133023
0.1904646308084114170178 0.1059871864670329788538 0.1202003840618138669205 0.1741998295351204761872 0.1065513511099145799177
0.07229198737515078743154 0.1720539714689622856625 0.06349350449051324729588 0.1357942676826953687375 0.1496501598234760699313
0.08110874877831769635961 0.1474678222645177672057 0.1081176268520942507223 0.1501038342103122869009 0.1280483788706092695975
0.1045892747999286331861 -0.0625636270969245483764 0.07789299369607430301166 0.05492081608836078127078 0.1098867431930742877277
0.1451100457787712627589 0.08437446308159385344183 0.1162230087409103496121 0.1274586680521478665451 0.001400538953264159449177
0.2235625665508231829648 0.06201620630247183657557 0.06268741435066342571059 0.1148031968214646147963 0.1284254081347153686465
0.03830820674766434452696 0.03857906642542341391078 -0.02429786888378007020384 0.1461682991586810975715 0.1150071494008607642101
0.1983541849586736016686 0.1388047857463214906915 0.1037418053214009955321 0.1461191962535892119313 0.1838822154782376316895
0.08010390771351903749231 0.1917331939435059640076 0.1563736363187570033162 0.03201600299527416343404 0.08034590721408410574078
0.1410277690131217231961 0.1568390150260309534591 0.1582946627011751483671 0.100383049384752634503 0.09819243892419260433257
0.1162231036137810757936 0.1421795285582685974823 0.1491710273413872633874 0.1068128071563185926829 0.1185250430668794985323
0.08393691647349273143863 0.1534233739628216297568 0.07349526955937624173032 0.09929219197322226853064 0.04778962949910326579728
0.07484488229266796077699 0.04636672934624820607841 0.2093389987217260661545 0.1506978246165613932739 0.1125804265187138469839
0.05569830444173864275603 0.0600157760718301250269 0.08201149149893026402136 0.1756772423829709994791 0.1147908280979036271807
0.1507430031631916411694 0.1097983216207371048867 0.08856581395179470572732 0.1288281619300870040057 -0.001060961835000691225531
0.1248988429724577353674 0.1696362393190001538468 0.05921958248604630020706 0.1608382981009669476791 0.1253098398683137326692
0.1454792043223804287599 0.1251069395203900924685 0.1373569240333423202571 0.1249363761403048389553 0.1620348979939170430686
0.1343532478338280433672 0.1847727818795093512882 0.1546656169845107842153 0.1238271185645455074731 0.1375556738970799275368
0.2167747135984473827452 0.1379909916759286814258 0.1006138196422963482224 0.1845092016436073734109 0.1833617102487444250336
0.1096436106715240332843 0.1358428917417703607473 0.1890231342565827366009 0.1276596451088261308104 0.1297076863216033437709
0.1074413160218160023796 0.1440827560370082638386 0.1495419985571723175966 0.1371012157920753482543 0.1945118137845825989629
0.1131900807581094209331 0.1807923339950602004134 0.05297213000323001269587 0.1845888072306432758918 0.1102076769221165819523
0.1568335128835049996354 0.1470970893296246473358 0.1737907569440135802097 0.1242942512201833105134 0.1325134704554273568089
0.11953019760078269218 0.03259435215090726589704 0.107335369463739310758 0.1909547333392297430166 0.1181117199094460362696
0.1475167947225725362248 0.09603123785137698820158 0.1075106492128552471144 0.1264337629769874682406 0.08156475430164474016426
0.2047405115326793034747 0.2170835837252675926123 0.1393266652131317784313 0.1346903361731786596955 0.1322812486071411608446
0.1588720440038073611344 0.1820646703550067024846 0.11303310209109945772 0.1886102815533340915088 0.156793107658356523082
0.1545195875478279912141 0.1447375466758226703057 0.1024066011015612592816 0.1589076965388542816981 0.0881442277026891485292
0.1344390422742862412075 0.1673977778330413279662 0.1507083448239825707038 0.1681337016179137444638 0.1196981073637400638798
0.1810227094736968078692 0.1685924593048290509589 0.1340750446671281348454 0.1486537577587042635585 0.1686588192474091363326
0.2103467194081661273408 0.1441623538114420732814 0.1255506738424463086812 0.1644406379256205807948 0.1280678370222217699048
0.07294224767122274577513 0.1708030792652735219139 0.1516093540462125077717 0.1140081827167754996433 0.06473261277503261634791
0.1674369133936385312111 0.1336553335839462119949 0.1556343078128837320584 0.1626815806350285498194 0.0910544542657339556202
0.1573680146962530002064 0.138765164712856242657 0.1785954259592188453354 0.1069098516582309560397 0.1547202952778394813294
0.1187527103297076475075 0.1296931754144137471929 0.1554017024845662509058 0.1014071320427537559183 0.1082683590362579495459
0.1786535059179915063687 0.1694129391432165343545 0.1174294314145843676211 0.1046421892675973575049 0.1422305686477371433618
0.2413903319808203828956 0.1505769181306882420479 0.1494112518418777013629 0.1771304414415705019703 0.1643757290957252314989
0.1346820807112348861168 0.1528371065715879439928 0.198340189156742480181 0.178554153580501723253 0.1287239364532535845775
0.1262121021846428214896 0.1703736738569739395111 0.11280026206891337337 0.1175145646813664929153 0.1675754688086045496309
0.1242615790731242397804 0.09749658531783191028897 0.1544113046446943526835 0.200979544245883129383 0.1245814926495276697693
0.1513564231664174530856 0.1288307946669795256422 0.1591039599333533283154 0.2137834833992555416682 0.1740540979428978618504
0.152015793768028734112 0.1652097489435172261718 0.1410129940405543957915 0.07992217189116561371076 0.1498177430516400288063
0.1331380955812221378309 0.1459603122847272227425 0.1564498700385851814865 0.1221915933882408850097 0.1549157800283491315252
0.1206690277625371843229 0.1344800259907242279134 0.1281345017094839555671 0.206516963686149496171 0.1214653652036737224718
0.1555302225533245485956 0.1892782904792085219015 0.1918939903375670996688 0.1138656595406948301985 0.1432778547508280486689
0.1498860225543752755506 0.07479742043525769434886 0.08922398488356182710834 0.1511916886946529647862 0.1328315570895616248848
0.1909036888177649549103 0.1570787369416255241372 0.176999506239473303193 0.1417366503367042396277 0.14829149403654498518
0.1845316281073841602201 0.1372478916166589013592 0.1295454237591576740485 0.1525269663247032780884 0.2122887862477900178249
0.1550062217087881943911 0.1082424713789827686039 0.2183374217603469558124 0.1528348376882078529793 0.2033951806041498222566
0.1841349782724890915553 0.1433468934135941064145 0.1711449654403111031442 0.1744508450398041254914 0.1613888714323830353425
0.1834684370912622042304 0.2078565072270998903559 0.1498280332457945784874 0.1777125179971736079754 0.1505486184952748163202
0.1490299829898151795504 0.1045719543327885969752 0.1508386840564175102042 0.1884151313811590067182 0.1396738068397370968743
0.1788210564031048332989 0.1015480033039830032315 0.1035169918925918502994 0.1390794356139612442114 0.1117372171469880326455
0.1853907984798013053318 0.1793062431735016337697 0.1687209846944308644368 0.106170651811206592785 0.1600133919000392146437
0.135943607631336588204 0.141331565350536592085 0.1451914105987967551492 0.1894715458060814705643 0.157722102629814620034
0.2112260215416427167057 0.1616704382850260302007 0.1299047885617755637711 0.1589098329630984907102 0.2089585474956532351598
0.1420458592638325079349 0.1591045720786199990648 0.174967564623894733522 0.1681526769802390575137 0.1259100336255712937472
0.1573058382777216268611 0.1503534924244376846936 0.2234143553396386316923 0.09607073886669201256971 0.1485005315474550724453
0.06649430333669496817617 0.1375819968708087148723 0.1975824493478708365757 0.1315818920217117216076 0.127702931855083440249
0.1543101270744192954343 0.1541597199180721466938 0.1788064938982110441135 0.1366896753520263629866 0.1650512414676241212952
0.1792160251883662125394 0.183807981727549168971 0.166848010816170760906 0.1488037926593885340587 0.1336530316778436755509
0.1600226531994716205887 0.1333351583503670223507 0.1530559246728648015168 0.1804387625596538813344 0.1658237395081825216181
0.1264732024578768543321 0.1277059803655722358684 0.1812526259134080164337 0.1956840438431089734816 0.1522510593137420542575
0.1760104920385373028502 0.2024206398649590066263 0.1578512492148274048986 0.2008163775689160157611 0.149573142320621382817
0.1072513667621213390158 0.1608724657166723248647 0.1263646085526757278927 0.1390674955058190109813 0.1944386753544142532046
0.2205245718924969122732 0.1526519083524156272791 0.1278033857683384122428 0.1931830071067488219239 0.163353873006707589477
0.122729782276857921075 0.086070075900545647829 0.1459382784699206903056 0.1645077064126423127544 0.1457353392374305667278
0.1548474348075007389625 0.08743087441864731690355 0.1578727564363527346991 0.1261230534837274319671 0.1237749323941146895045
0.1693562520574728447187 0.179235774966071931269 0.1429194386711225561726 0.1600225801443939110946 0.1489900357037303446628
0.1381606169875508605127 0.1877518987863721622311 0.1556235772783761128757 0.1215047749131359378083 0.164750382663809674666
0.1953671059207548188486 0.1871204428124100538344 0.1556690728471236129238 0.1701940189274070702741 0.1623722458862610074082
0.08315060506983179555718 0.1850059694997493731083 0.1382764762958308413232 0.1655413132388091901337 0.1480815340514798350569
0.1835972504403019511798 0.1614564546521617405261 0.1816926090813429095494 0.1427920798919796174786 0.1639154092157410480546
0.1811267914744956741835 0.1563374733201688404627 0.2195691103614008099498 0.1847793741987090176959 0.1862884307937173189451
0.1763774632300812716945 0.1686313797004579950745 0.1678409045925293441304 0.09690968185833555292863 0.1799977040939149119936
0.2192156037866534457059 0.1607760621414474622171 0.157155717452227727815 0.1395739670840209778468 0.1764535473799610232337
0.1782161009270804286064 0.189577209252520445526 0.1811304634989917283772 0.1348913919184634713222 0.1566646089794238028148
0.1918905750528676346089 0.1254333177177867353347 0.1497382687450038996069 0.2028037465114728710169 0.1809100333355635747967
0.1566624813240149460825 0.1253191937656417120905 0.179150284827520295261 0.176482502206954494639 0.1478153454447286019313
0.1707450310493237310983 0.1026011836299828006158 0.1738911384719739605664 0.1143952537105155237152 0.1641832062873997688524
0.1650733650894230797324 0.1332358095919597973378 0.1593097141375433012378 0.1345073865593357786974 0.1409424603076635806875
0.1711377320568737425699 0.1364164647374437044913 0.1347214872082745096282 0.2134962853511826741393 0.2120010868728723352206
0.1876427263657858557355 0.173324041080080926136 0.2091426453982483113503 0.1590304888226951873786 0.1497920921850127706776
0.1330253367000809316956 0.2024580652227742638694 0.1769689234785901399416 0.1567709023851540373062 0.1844460939613030425743
0.1420033323773883804364 0.1849189051495306601591 0.1060192436374145369404 0.2037211541442725259987 0.1442016442321832625506
0.1537096978226878962737 0.1625400836411328708841 0.191660651371997309278 0.1514041857339195606968 0.199532305062336295931
0.1870358489223342968177 0.1804801369390577892027 0.1845925116721460201852 0.1888984261535134601129 0.2258876458413109911127
0.1512158849945404448523 0.1252176163993139190733 0.1735342517636268566683 0.1562654624719160001423 0.1502307291955387036353
0.1599465658254572986152 0.1935117413654541262957 0.183061671746227977442 0.1711648492055501402653 0.1528285927327164561706
0.1300061732472066466926 0.1739667265814970609217 0.1818704616383953198699 0.173250902188739897003 0.170746198905848689531
0.1467924307536207784164 0.1662238859526151135704 0.1501999804888632383815 0.1521118769243260115953 0.1564472427001043497441
0.1740942209089371972563 0.1937547549203615937508 0.1547691183926253322145 0.1640838250678758603041 0.1590472451184023472415
0.200632650536728018853 0.1439606009964769228748 0.2002722728246527639229 0.155489810349988655247 0.2297276167015399606086
0.160262377805449302004 0.1751874611415960014682 0.2003885124836002618043 0.1453791837121790886389 0.1446428401127353158273
0.1953333133334456128694 0.1410482392053782896291 0.1510826527412004183226 0.2025001813479562207121 0.1313182134514982446483
0.1145163623385093976115 0.1770979451563544360138 0.2061371188858652503395 0.194302454176607075631 0.2035215904726115632162
0.1176856266130490435984 0.1858610228100344152757 0.144113895346628023697 0.1694310311417482894925 0.1694115349602821340991
0.1846522009243446449389 0.2054474630334887641503 0.2130000280104154819494 0.05651565393969736755819 0.1296014401891417699986
0.2078389851713959290969 0.154796166221590397738 0.1622892125889969228147 0.1388764875273949261913 0.1984175166724042316257
0.201490199594244051573 0.1901181109634574317724 0.1229914308475126422104 0.1453328261255591447032 0.1575198916885073574523
0.1601767331101652813707 0.1120039452057326884171 0.1429074694679214052595 0.1447391591576825398135 0.1476892267972435279777
0.2095302684953307403859 0.2016339157426866035561 0.211837568545178628332 0.1540918439931415750976 0.1340515995711874797092
0.1584801821216139106063 0.1093474700806163213418 0.1974508801034308702604 0.119482542503439467807 0.1508016714675599334594
0.1610412601488540040862 0.1750150583492419142928 0.1834447237555918985841 0.09492089962048677609374 0.1133657569290234951032
0.2211459444126239737294 0.1943329449738170067175 0.1600541781041669164853 0.1781641035196666056351 0.1558179965580386572288
0.1539945766908206170598 0.1553262763999216644617 0.1352725215638330424905 0.1405555312901680675708 0.1424449433905060347083
0.199356639785996853087 0.1719281797380011189702 0.1369264516206709358936 0.1444441625170052034832 0.1606376715128468857241
0.1591511772877759467448 0.1649540505457561256897 0.1723169573871105031415 0.1909241682879397050687 0.1663767206062105319386
0.1668819572214156055079 0.1297410203684828400306 0.2212787413367405253695 0.2063536066098757282283 0.152001674578649131897
0.1714628073462605428734 0.1486381067204004258198 0.1511390249383058881349 0.1064193139989267622436 0.2001194526475940926868
0.1771171980986656069312 0.1835519640353280579337 0.1499062432084169449453 0.1781633261694240133455 0.1402969605131967056888
0.1949390830653976725007 0.2154496310051735585844 0.1738889371865671717998 0.1478002582756877958392 0.1517942106381242606261
0.1524856380518158360804 0.1912874107497103404185 0.2016118335734180810892 0.1875577726617430884826 0.1601510650180419381705
0.2336860386702218350674 0.1492577742979220856157 0.1877551869489193503426 0.1428066750279758934106 0.1490745877145675246656
0.1833407147516777080387 0.163201118512052739673 0.2386568452845182486399 0.1731635408411223708836 0.1493990333215222676699
0.1920151973364642161712 0.1458002652137918297992 0.2091520207989387147851 0.1981543141746265612735 0.1466492842480654756887
0.1423493361150272029647 0.170339686661054201533 0.1091232906457010876089 0.1848932246838677628809 0.1863781520786275403001
0.1779000465761936267128 0.2176876303015629621207 0.1647490176503109970962 0.1454073630076740397676 0.1885642475907146897729
0.1565195434425609988249 0.1583918838696782016573 0.2047355058190924725903 0.1579692450725120322907 0.1359995352945437274705
0.191674787611475133664 0.1335934677599571740458 0.1708429230885443739218 0.2223236262506849136855 0.1493462315064880696625
0.171048685020972812687 0.2112089350724763170408 0.151271145797423733903 0.1513181331780408811483 0.1669843828969824195418
0.1833284825823670027845 0.1559138635859043664489 0.201602630156806988948 0.1969483972039377250862 0.145439036848836689142
0.1475807295808921892899 0.1600346783985480969559 0.1873605870588715138769 0.1597142346266913759401 0.1536889514110272858538
0.1612409438571426600895 0.02803553014147444621962 0.1278675918830149138561 0.1583258614874787917337 0.07043858906658435892201
-0.06751761190450006333563 0.1909282833291851555479 0.06351610018564170234701 -0.112178997869621682737 0.1543009110344597256681
0.1968749352123390083946 -0.2012149040333183480644 0.1361554460158336532505 -0.1467928640083297486818 0.1301489708328679717475
0.1410489865711926638081 0.08835228094952010668983 -0.004562476572305802779983 0.08565204192213245193432 0.1347943986789960912898
0.06154108377204282886996 0.2160781040806288300082 -0.01917369837222303308177 0.1490736984476841442415 0.1309985567085956426059
0.007362793344928356131796 0.03965633450511624885637 0.1363592127084650995616 0.01849301408442402192001 0.1713875927130864562642
-0.009234285242746031671657 0.1568177976875764212394 0.18561152025112029329 0.1751572532549123817347 -0.05394465638722333727939
-0.1308348978389532735189 0.135872507801288983087 0.02532987724289879200024 0.06298558055580677494945 0.07314060509056768966119
0.05712733446905625400714 0.04606312219720112149934 0.1216684383515262979358 0.1673718595993843871739 0.1553854202955284313781
0.2037326428479223905388 0.08056456396602787450867 0.1291887505447772976908 0.1981683595997636437858 0.2060319921139101839724
-0.000883970932336183932293 0.01865315662768028681651 0.006901506676364810473345 0.1264531745878553492535 0.02184301538297598460625
0.1536243883079044802997 0.1699805802786679975735 0.1379103750766745573042 0.1858515569545363954607 0.1264578498169943443497
0.08874830896777337330139 0.07696692490096826433366 0.1492405788074735450977 0.07664947178308670339142 0.1588933868958708750529
0.1376042818814890711376 0.1110566882363478447004 0.1750547498680298796891 0.0573525678758558254966 0.1541201868709281830316
0.1438402203323613237629 0.1902612693173102720312 0.1345124456072665786177 0.1701865690166088906921 0.1961288257097419940322
0.1119899154756433812263 0.1317849545746992978579 0.08091744141371461085388 0.1029453211589196615083 0.1108237054356405321132
0.1436633693584969118096 0.129537368534115016061 0.1917451974223472466186 0.1166546860549165370857 0.1690462654649597384893
0.158254367359359798817 0.1281891092623255734573 0.07496116159606996953713 0.075113723636294371655 0.1468741923452918096693
0.1119401960193728562398 0.109317570168620911697 0.201324767445946906097 0.1638151855472891049725 0.180423518515420738817
0.1030662125432275089132 0.1610164027299224032141 0.1317908292931598557285 0.1573876714549434230328 0.002145840242944036836692
0.1689970144385594397196 0.1518445112720554490693 0.1301490564837441687995 0.1720235801999106806104 0.124718304132462085021
0.1409286608335216794963 0.1225653506293307715147 0.06360343406187481118952 0.1066663035311714580189 0.1013865955407115410081
0.1852840598795755522321 -0.01539306592041155691275 0.1735551561276778287368 0.05657601394264723249083 0.1892070601208743485522
0.1061712358852924253938 0.1375762424458741306488 -0.004144416520368234338467 0.09269012737346608854505 0.1569303571601976532435
0.1439992637348367632288 0.1405100758572419561432 0.04582867286636307241343 0.07762235730151581525327 -0.0002757870030429482115751
0.03047356534265543981377 0.02922468545773850706615 0.09720986891144137165277 0.1713772246964093970423 0.1669571303937471828949
0.1576261779179024824504 0.1690664492087273484966 0.1903321120437396762881 0.0981497063748699577479 0.1856518291730982761489
0.1155231468325298715971 0.1222643089046853287494 0.1646661253457639417785 0.118950943160868877202 0.1278019215699043031886
0.1170409457311350764908 0.1564782543721676966175 0.1438373253632284909376 0.1467614946757215821371 0.1554224798202862023455
0.1215266620058469276833 0.1063789686965092851079 0.2043804599814580680306 0.1523801907777223019202 0.1586893196768525415852
0.08742948113239840113309 0.1596179424221329801181 0.1889205241178016914105 0.1460608565849646489632 0.1907315608500535220049
0.09413393499146872900329 0.09523529396906300903414 0.1531059890342174323319 0.123116384805323872409 0.1064648878709357066041
0.1164093705580635240704 0.07581260686779514590405 0.04181788487942240950535 0.1124314358969585592174 0.166516131937639977334
0.1805517674432321473255 0.05645950362042489317771 0.1196602755901484266277 0.1405939080619001690931 0.09769208329425205228347
0.13612837743278227709 0.1187949982435804741066 0.1398973083875734713111 0.1328094602713552341289 0.1695373858312995696274
0.165957220151188328261 0.04912455626272822784006 0.2332357134379828556003 0.08712773291380805640305 0.1773405040544679678316
0.04807148529420798149792 0.114656797702294324659 0.1294440176079577897728 0.06719032191352969363152 0.1307910734983394329678
0.04875427669732703556127 0.0803443270795332481482 0.1660536191649671922121 0.2083959354787475737325 0.1160067169674503378962
0.1637376983048037248913 0.173199495222654209492 0.15244211320296299772 0.107526222535172619188 0.1750814001306466027863
0.1606221325396523513795 0.1365600665574186467488 0.09172707209482906798304 0.164912778343009963633 0.09338337838309762606315
0.1158486225717950818259 0.144457055184944893611 0.1528866185310328029701 0.1509371963804976846113 0.09654211686838175265901
0.1363894594808079674397 0.01503706320523826890645 0.1733845334175235508578 0.0992548050833911427171 0.09955308120361650026098
0.1742060937490065020139 0.1764269030084656963986 0.1643896917451913575192 0.13395177931129895188 0.1072704102817800680958
0.1221060331989409636355 0.1891331471296610056143 0.1019611828214468662868 0.08253056129604373347686 0.07744387089655115075093
0.1761484832186672178089 0.1826239402504131748017 0.1648373336331785676823 0.02673660698548416606024 0.1216044629967603929455
0.1962938837083359477909 0.1474078912134517416188 0.1688574144767703288927 0.1699130282383620738074 0.2086215636092010050628
0.07223743235317517386029 0.2101137047722206052658 0.1198442313910417361678 0.1084557896099699325632 0.1933092867038342932418
0.1666720481688896415839 0.1687884884584921751927 0.1931309422404639541959 0.1429600728022334954481 0.1726019561005555646993
0.1764790204922848104729 0.11912681411927317221 0.2063295137400270595762 0.1435546871169125771051 0.2142701204271365289511
0.1458382300577839574274 0.1122615259142799581937 0.07049436862947239257338 0.1188584621390602474866 0.1480503776249345870841
0.1229850751834729166712 0.1833980079617434921779 0.1572496217512099336844 0.1073977553501908044353 0.09401116379307718207148
0.136300865696850487252 0.1398165509564001929288 0.1289574025173531313104 0.14675338108413962801 0.09586272527410463761832
0.1098557150079966793221 0.1564672853032563482056 0.1274885922742320099044 0.1341091545846119503782 0.1701969618315676280318
0.1017009408716102319969 0.1921900307282193021141 0.1277759982521630977015 0.150649805608210396457 0.2152630485992552134
0.213261895013282382072 0.0781078501993874019238 0.1169961530446712999476 0.03434770361524971254985 0.1150087113186891718541
0.1230993450558851148857 0.1469327205960564430853 0.1503516987264466864271 0.07242353240108115319806 0.09862897682055565828918
0.1123588366859366305395 0.1584826742316733372284 0.09480530229565065081232 0.1748289984509725225603 0.1167834412416428047088
0.1622158939800104060502 0.1833513372924812367959 0.1743965652102438257387 0.153753043846515613513 0.1219976584688891169117
0.1356423630721977913183 0.1836847040921200380215 0.1662569606376118613866 0.1975962251620786980233 0.1396208176575942094821
0.1666843649370849111957 0.2078795273628392947796 0.1555316357752248301871 0.1153548930011947526442 0.1725179656038871300883
0.1202258989206304168329 0.1900039721563505368263 0.2024357030846722083073 0.1547745217382956728347 0.1386893511618105256922
0.1797103414823001676925 0.07450243514707310943379 0.1860675498405299499449 0.09720934515746727788699 0.187069162798386368074
0.1457657482392071823796 0.1367675333295176043347 0.1482808565559065594464 0.1495467041894803228441 0.1205060489758084801837
0.1827779900940574853152 0.106953618098979463813 0.1650639127031346686802 0.1870606100152824857741 0.1607954731781091328724
0.1668629675764044806296 0.1948862876855997905423 0.09670617762304020703645 0.1444764108059755081115 0.1530662818364351696054
0.1657038387995910799777 0.1956322591599368443394 0.1783266484918098193635 0.1737874360733361600584 0.1304261707250985169448
0.118544791525795084608 0.1356005531249866169485 0.1268948001618582788197 0.1557087004493033777219 0.1618768735790358792581
0.1805886982330177914502 0.1567600088642525091309 0.1268991003505888226499 0.2131801707178030413914 0.1005216941910803268856
0.1503176203156875723188 0.2183236251838664432334 0.1649695991090275870583 0.09536427713736925215748 0.1564376691754646997445
0.1279288330251515948266 0.1356747665756844745122 0.1245212132866738014014 0.2105806008898643555405 0.1725889624689523893508
0.2186284738396277738115 0.1965045931069735463126 0.116543150313129034723 0.1411687104077476717645 0.1374900259682024228347
0.1877479894749390365583 0.1734114644653353409787 0.1534435978726114147008 0.1243143296950452447724 0.1444718671202267212816
0.1933729075035360844836 0.2029007601138716199163 0.173574790926397937163 0.1902868468282700453731 0.1275276469523107247817
0.1493704419419752404963 0.1336080684647420191435 0.1157001717768055548685 0.1518892971378595635468 0.1992684125476882062156
0.1925956011546461343897 0.1557698727657579884642 0.1624614861019965383893 0.1796388803382819032706 0.1700210004778272554482
0.1358191806515668398347 0.1589035452385215152482 0.09407480548471716663705 0.09379286588444589456426 0.1253422229278193522628
0.1677984505420709315793 0.1600843048388115863467 0.1886119205428088141385 0.1415016192482760060134 0.1733686658378844336337
0.1973471404947541585351 0.187810534155293584746 0.1676828300681424688268 0.1140155927627612697517 0.1508947164408057373119
0.09839633138531896083823 0.1452591080013933833026 0.1131733574449620693958 0.1503851863821349943429 0.1545695780136450703246
0.1651724100049886678754 0.1449569493858133273356 0.1701251601441284011518 0.1703763999933874950798 0.1745852454921164864654
0.1340624824050027641409 0.1194241918419774173277 0.1998151223020514233308 0.163120352939565393946 0.128908908235366909123
0.1981936072299762541249 0.1485756930787729968024 0.1668179492966043453439 0.1438230519803588847161 0.1252990406630072328653
0.1922539937759585038091 0.147366927767803024274 0.1338536770504016870653 0.1431493747344468603355 0.2114956571911733862468
0.1713457997354149997538 0.1510607497708210955611 0.1529161126817633054031 0.0994549969813009610009 0.1769060137218440853513
0.1388694115626631364613 0.2043206865649062897727 0.1620035435364102494038 0.1901700354623733491 0.1931213259683008109935
0.1845702306539923620576 0.1343016343239930576736 0.09433601721403887807593 0.09821288865909034992985 0.1605239737475409322887
0.1615251739023916832672 0.2260627258429300789899 0.1206371627894358145028 0.1195882428580458400891 0.159870663331855039635
0.07945016302144528030915 0.1102920210678171725194 0.1690031171177864277588 0.1696601324046092817976 0.1340186029429284442216
0.1422976545597530173559 0.1676181953475283648025 0.136246851676006974774 0.1207000914988429346453 0.1710952287015050365948
0.1361248711730174143497 0.151987743061741981121 0.2255151492786258982104 0.218318454251544280531 0.1198230387112545203276
0.1711442975662348098265 0.1908720979537902595613 0.1360935604390855757639 0.2077045241128101793482 0.202892061325699119001
0.2041685795883999288147 0.1518733244783599667382 0.2116231699908211472128 0.1243148747491310962543 0.1570364430111680087432
0.1510481864253657158237 0.1973655004415954261621 0.1583281483308882076066 0.1153309134940394137248 0.1257796467936213857808
0.2116493961177408900109 0.1978117919713483774391 0.1349568750313759057935 0.130575038306973784108 0.1695159078743105618425
0.1845506352520728254873 0.1513828078475736582664 0.1842140307946200650235 0.1653848581404770701209 0.1167198747429717131663
0.149576376714114722688 0.1755877785421254555498 0.1467007261429114639562 0.2225635438258562470715 0.1507561620376300925983
0.1907649491224880367035 0.2143712559100076631147 0.1335851375971238985674 0.1987959840047555659659 0.1449378735823027009033
0.1757305339557808654405 0.170961495262055090949 0.1724848927938790188463 0.1768110608834904673436 0.1296015363161008848714
0.1678915433995686323776 0.192522721101098165386 0.1683581930548826988137 0.1695853873593897997996 0.1585802778621706599083
0.1027369824873240744534 0.1331274515994591567392 0.1605241455082918877739 0.1745180074167572981114 0.1642933593283471827018
0.1880318035037354118533 0.1595372059245971085861 0.1597501623458572328484 0.1190810032987958816397 0.14236233082175925313
0.1344757241671762915125 0.1834949419483131449748 0.1168494760481284394649 0.2450349157779299069659 0.1389013950246597295379
0.1388163389547696635606 0.1527777442396229257149 0.2233789794012240315091 0.1804967218127636052749 0.201540046610237638669
0.1778831082971446819752 0.1486295092637694714721 0.1395909975503638600358 0.1618345334517704292576 0.1703016963608365852423
0.1617164602423582786539 0.1264229957342288268585 0.09219416788471813950512 0.1436061922642749844048 0.2094365439111797178029
0.1885058588904301446476 0.1492907459692452976086 0.194144509488712979639 0.1431358546505853146513 0.1485727851669606247587
0.1673246617119348023106 0.157386659833677167164 0.1694334731010693206876 0.1680864553914935000112 0.1599820254489607018744
0.1508485028122637516823 0.1917604929858028606215 0.1717135087896703438126 0.1754937999976388940393 0.2233382601720718396709
0.2006090241525325112981 0.1674304035175898097698 0.09822739190994765612341 0.1638327475958189505256 0.1652857089818741409548
0.1477322952618090878829 0.1790574095280667854535 0.1728194206726100801141 0.1796046153923264998564 0.1237354102040536946161
0.2093158049193561409673 0.1970700166855350599082 0.1438331043228540662149 0.1513830913575038294994 0.1966642178098109150497
0.09526552382482796066387 0.1636454166551699340726 0.2405114891362103990424 0.1389941224664681396206 0.1951991541700665855341
0.1567544805137857655275 0.169321464230166557341 0.1729388522426895113959 0.1840208136674632011243 0.1396764556398392698178
0.155790600059327488669 0.1671693607954730376175 0.1389043966682544650748 0.1363294773907548496084 0.1629788960032225175745
0.2064163046380516342015 0.1715851229156487300909 0.1703848314312665646053 0.153181119245302199694 0.1237976246834454063794
0.1448385579465199801685 0.1610286149358788054808 0.1602693913201747866193 0.1367170572989181431822 0.1673006208186097465429
0.193728286329687221512 0.1849331750344156699573 0.1111072591602401543609 0.1658182807606101427655 0.1488940161653639071559
0.188644341467755383146 0.205186971689611391545 0.1434736019406811502463 0.1337121573810128583037 0.1404157300611932335244
0.1077378193529109351445 0.1658749941866365928966 0.190508878175679963185 0.1540973074981518142756 0.1931752493301381878865
0.213001645420381996443 0.2102544485494758641497 0.1708285989061589793536 0.1828314423577870329041 0.2142232343118860293796
0.2023504377113441443647 0.161942867132768397731 0.1420539461861833052669 0.135456919556084992573 0.2108947538739935068097
0.1623392883361038097068 0.1816718878229662548218 0.1759454810573140570717 0.1621429293961083317743 0.1629309891880284799637
0.1342597336855495537833 0.1810214286162625252352 0.2098562758757164803392 0.1346152058230753734147 0.1436963052984249200605
0.1504550486258390551431 0.1702719959335909361009 0.1783818590638096279744 0.1448906048135017166079 0.2351443274285326401341
0.1181039644710233094127 0.204344213926572232376 0.1231406367320984629465 0.1547404511720124331564 0.1689598859851128287435
0.1697275890758144778481 0.1268528905443218057769 0.1754835002321232795275 0.1779174987747976222074 0.1761662488728612807609
0.1143960543645433508564 0.1576775171185496593473 0.1122543211777484173375 0.1930915894862697823608 0.176945245596441813607
0.1007525297025433225206 0.1694814110251223193693 0.1660461929328127250738 0.2122883603172523447888 0.2126471599252932331847
0.1583292996636238292307 0.1554159641891031118366 0.2320087555714403504403 0.1683481907725222492811 0.1585550023344057535279
0.1636756596721626322299 0.1561859700555755792184 0.1499307437112159524517 0.164140104622050420069 0.1605539477418097549233
0.1707603469771255266796 0.1924407673217904124474 0.1966481078522023528965 0.1901650062845731681271 0.1765811582178156147194
0.1560835655527726684166 0.1876032767966820946626 0.1922804865705212418181 0.1561602485233607728876 0.2164094941714993225457
0.08862094063759839990269 0.1296447148761169787523 0.1565226485865032213241 0.1438798379021813678147 0.1829575230700623000857
