0.09082533778548541880671 0.1281007742694494355717 0.04243141976020480682363 0.09948713763522351594126 0.1138547494152808425838
0.1256313203394739674845 0.150616755777084165846 0.1165258021499157720102 0.08542268324104343446557 0.1208575137075615785198
0.1309484483626677520096 0.04142007963938979658858 0.1331751137014806907199 0.05158773149460191970173 0.09548229499162264044543
0.04573676513176229418978 0.09723878858323903306982 0.05940483289167454439283 0.1395442064214147404044 0.04449885970235287202534
0.07651818173679948709154 0.06764248151876992021236 0.02847227412587654063469 0.05643102387292409094499 0.06504129576347092434041
0.1098642142485242306771 0.07012303824437725319196 0.08446324039100583380701 0.04832717944552133992886 0.07982406787555690330649
0.1183429271926135090132 0.04454310528723885720392 0.1576010875742288042112 0.09048112694322395233026 0.1377896065939445691129
0.05812333085565710849574 0.04858454129520423103727 0.03442459178376148370981 0.05525554076293615057835 0.08220076357423304613814
0.06683283418259289287988 0.07656741184549720191654 0.02955584495014062715312 0.08576118151971859338012 0.0393823232813799231633
0.05662224700844460667515 0.1000885018017399347157 0.043838158484175854257 0.05858363092008615768957 0.05720555250672613306628
0.06603341737822905621602 0.1001881155171757686873 0.02699775347242767964406 0.06115454391183114402075 0.06695149531056776570637
0.05303608544486203973944 0.02151886565872862533411 0.06134445180145103176939 0.05016232899716110277266 0.04157281168102736068626
0.05150404560299718520477 0.06969842014510661820648 0.04960452299510945822769 0.07061047592567169794986 0.08803997402007683603653
0.03826115503099879189275 0.07465474249586864785577 0.04358040905696734801378 0.03845392380059889370081 0.07665895048510017184551
0.05330144233064875586292 0.06617285778716618105388 0.07017419903092937671918 0.06264178302981258938953 0.04589545969553753684833
0.04543474637662690829298 0.0316931163994254305738 0.1115834777465107285899 0.04990452130229980354237 0.0416967032658668509959
0.08281881680322479566403 0.05408764054234373869212 0.03941103202025935531294 0.01528922844567788541514 0.04224357481992864482567
0.05524996933018560402173 0.0311338617793593987193 0.04262411223783518082753 0.06878387804663299576191 0.04344170663066049264955
0.02782336366161847554523 0.07511735174420602900724 0.07957483387304875588342 0.03894587024572164490888 0.06129665616046452852883
0.03807368566415014060622 0.02339711528777667012835 0.03913616571395710230785 0.06948529013213031180207 0.051969863152617645774
0.05425712977503985290362 0.03554263866548190015093 0.04372698395214939803832 0.0386339860415070915356 0.07958409455273986188306
0.05474384164916438338944 0.07500232267153376930491 0.02913198594615536152208 0.05693617108155422240623 0.06367411537025605139384
0.0884764067654967151233 0.03941018225293891480421 0.0531603298880553298833 0.05298403630038681783043 0.07673413850777884015475
0.0592626838218781176737 0.08602000127018670505574 0.03790463140192997654188 0.06153677906518971452154 0.02484752142168832056424
0.03369109408589806425871 0.06497635865998487025852 0.08641855506827360311473 0.06372385269041876132423 0.05928146487068691045108
0.04655646631284664910266 0.02744668500984906792106 0.0527417579693843716071 0.0274538424780289593008 0.02240812576275388531832
0.02550323951061872485013 0.04406059949014043408688 0.06062112412674631328757 0.05465931679202339077417 0.05163814823517078739235
0.04526239563004483268394 0.03365701841023108903395 0.04836856661938639806442 0.04107280644019713211623 0.05058730812434941020994
0.02922811992221195642738 0.03468600328968754475945 0.03638107728407885543831 0.03353945452750611844195 0.01909299860792004407961
0.05390803575083370768883 0.04845279909117572447741 0.02128170887586791279467 0.0282982833080151971461 0.03034688465246483321525
0.05681024596905984852535 0.0418451152391726560742 0.04136059020911281997046 0.04348573310104760641925 0.05274457852854732425874
0.05004524569548388091 0.03712767273488971203621 0.01757407808917215569222 0.02315825575353458801175 0.02631722056240922216763
0.06359644166445553581379 0.03418583067199619518473 0.02625963901385115067955 0.02325683261547190072704 0.0613598136726532447649
0.03001529690235439987167 0.03828714138634992103505 0.03093169324564515321185 0.03223479479756561488779 0.02841090507835777184686
0.01511623519912445867686 0.02651903231493070098312 0.06502229863946301646749 0.02219546536803565853213 0.0441757769215654488848
0.0510887427026139664954 0.05253160387065308745136 0.02411647788964757163632 0.04200718512910648488878 0.05380396009626850495344
0.01932743252922145341111 0.0255474386544433558488 0.03450363144534553810905 0.02413144298499297207838 0.04773128048501699277617
0.05616543900243717302168 0.01605402914236448569385 0.04739723767233926243758 0.02958086834173101475898 0.01552765559188883440211
0.03664901291197160404511 0.02815670670985463697189 0.04917103194459530868254 0.02217977735329162286559 0.03093744813277245209182
0.03407194598711580507677 0.03507121127760781664762 0.07597551444293514089079 0.04408921587928648494481 0.02965199412538278497808
0.008236100654803539186655 0.02890657316630278889091 0.02269185640400290387975 0.03810809144558399003122 0.02925213795887737083801
0.06019262586071900261731 0.04240193756816926923259 0.04652029486420008325132 0.04954639111086917707683 0.0291855664399560364719
0.03682990478933621802948 0.03851598194850650025423 0.0321048008891812799992 0.03083068672136959550989 0.03768700674545898132717
0.05783986970094975865742 0.05184282303298692190507 0.03469092648408062667942 0.01963962094069189590062 0.0467100019376734676424
0.04907386650093332330913 0.03469368084140742047872 0.05426317374326670994744 0.02654600813552291868613 0.02070617903801240736184
0.01609709888071374911389 0.03712319492107347962406 0.03166366645734459278616 0.04150619589199241316058 0.03138578727714755323142
0.02934151934152245608245 0.02069348760133766368385 0.02663025108418751868422 0.03547100741223507130995 0.02071635548646829153019
0.03703527243602874885475 0.01943828579024135111419 0.02317468332239672537676 0.02542400349826882607895 0.03225896376285962430241
0.02858476065058060053281 0.03223899059658051624577 0.02773378151742281194636 0.05479959925532692371908 0.02932772133336850051144
0.03846278463545593773176 0.04955008419170779665475 0.05435318138434022672278 0.01818706905752021096845 0.04213890654726527157381
0.02616424250323387545869 0.03711811151832636324066 0.02692336782667113098677 0.02930239623699823839353 0.02893354332594570352266
0.0302202213278926178075 0.03513819410831068440482 0.004192804289178984206155 0.04134413878817932985754 0.01452836198882609917982
0.03441494632211636317543 0.03001386175223976285342 0.01062881696353667679289 0.03537738293565954178499 0.02853019109411027154355
0.02758122649101586373876 0.03172979951094908462883 0.022184405412700780591 0.05132363344297498353175 0.0383183287615264309145
0.04284956751670419144995 0.008209756349750029630341 0.05949566459949353486314 0.032551272816629686635 0.04351088987842815364315
0.03246611006336894839075 0.03018548583265695875455 0.03472804799609404552418 0.03845633680646902419209 0.03086824950857743402044
0.02951016226836784828169 0.04519679355972202466907 0.0173466122510963806358 0.02510984804737057679569 0.00986870081214296333838
0.03324817354698709342964 0.01722952758048242050126 0.0246327527073337687602 0.02719721450919013530645 0.03829959407738954546563
0.0405440539952739362195 0.03561134236238049088907 0.03250714618009117873321 0.04788274218545104238265 0.02165297143328440143684
0.03236359801192750101917 0.02873265404782455664789 0.03131577898267418058609 0.03432014657394002327129 0.03969535410946867931559
0.03481456311164474182185 0.02939777726674363059201 0.01773251494813547074481 0.0224622858329931417154 0.03262847734695942247818
0.04663290677851296417433 0.04938893160578221308565 0.02139267097680689483363 0.03154777111845189635497 0.04960996821752789581739
0.03698368785726939556024 0.02404857017646998967875 0.03516335642469387706699 0.06043384244146803030429 0.01889913776994752922511
0.03807362479502767599326 0.02839694457467283397745 0.02452857091043867884816 0.02338250345685646131022 0.03246601150197271634656
0.04094734983267172417909 0.03555801683225039838687 0.02104093779622670176699 0.03089180071516761313943 0.02307934443286144277074
0.04441243389522121082225 0.04729280576862385926384 0.05171387656516734238066 0.04756776922518513722737 0.03332503531212113734306
0.02875172218800454634891 0.01639649995356462497398 0.02618671659327419937169 0.01987956348296259639907 0.0438430183313543164747
0.03116088491617658579047 0.01805899299395835599924 0.03511335502481638393135 0.04643534212826638807314 0.03533761673103254230544
0.05428173488153599512973 0.01479988163132671744049 0.02563066665307997538115 0.04014558628376744403576 0.01929982393850019142811
0.04018082077021895015534 0.01086251598131778538237 0.02753402076312182547579 0.02011668030896955963738 0.05536136275537766743282
0.02789447233490230035335 0.02051339686055229233341 0.04636981390753838055963 0.03096118954607609760621 0.03110840588329058520323
0.02038000563427758843327 0.0152140554841105665046 0.03165563008175134585009 0.03451685302049553594195 0.0294719043425647996004
0.04525123137620460506136 0.01071015694754205022088 0.02249627568489545939578 0.03819875612723051816477 0.0243450900889185424536
0.02142148641087862626087 0.04320191276591575646471 0.02906851906409359254102 0.0433352547710988897367 0.01964329257212476392835
0.02019098468108197416693 0.03825229017527815439381 0.01902156309618505819481 0.04308973736692942729798 0.02184091325726115334627
0.01982578114873235000659 0.04025840798312987911522 0.03551393112325155337894 0.02515816403004587226144 0.04078085786573901888596
0.01519216627744727175775 0.0361738063652195171449 0.01200882191055006181779 0.02725722671048711603925 0.05976032301961164971971
0.04489733649095563328135 0.02951561984657733936355 0.01241132457255112765682 0.02237327450345335741466 0.04850626297545757720231
0.02392374609068138521795 0.02383437440201387896854 0.01301026096628019393386 0.02483696719428980445588 0.03615861972167976057246
0.02117555664622215727544 0.02723585204233172282762 0.01576206220986515332827 0.04110325012427726298903 0.04389455237227811446044
0.04205429033348426215433 0.02335005922246157633593 0.01363823551919476732841 0.04514032933656565022007 0.02171416573122642718063
0.01483583402291743270907 0.02829957449428084290122 0.01219979631689290661134 0.02703810557932496624889 0.0364018347556458732317
0.03073103525575185054897 0.03865229606829417158265 0.02107077058937695951402 0.03514131755588992961359 0.01182165755398712457536
0.03342214485261617296086 0.01745236720551458786677 0.03606191842550306864146 0.01663905304051914446628 0.02532083262161921241584
0.03226602605488974179204 0.03610643842079860194039 0.01249865416894074127141 0.03101937842139966886035 0.03944322332097887490177
0.02835192890391142334083 0.03205690207254366375089 0.04053710168736060492911 0.009812505531325475816029 0.02302013750170156525243
0.03722373498476022612991 0.02448857939530098282166 0.02873222785586103736333 0.02231579364559184777694 0.0277562019414845234655
0.03075024212581100452324 0.03144586672133978244581 0.02759235519792491847513 0.03324896058955680716585 0.03627549480557439032236
0.01553674772241561176378 0.02411283314113461459516 0.02701159775029530335511 0.01658081260991645794478 0.03826304556395165867855
0.02073116228968194946214 0.04680999433181264046677 0.0308847760511008172235 0.03874251689435367212999 0.04640780694556879276691
0.01429512531456457111179 0.04068017071617609226042 0.04206875774345841811908 0.0303810767810226631247 0.03510518927294142138562
0.02448456662939753336605 0.02807254424728317446225 0.04965422165204757404267 0.02701170024051671031406 0.02629668488371139992155
0.03472846197603550455479 0.009304052716724076077526 0.03153274402875485410425 0.02572639837957067798779 0.03955283851059167993247
0.01290311953996432607628 0.04262245771085085288554 0.03353369561711316143571 0.01097068855901543564524 0.02339086200062735071414
0.03076070109129263804859 0.01960049443936933213917 0.02748850058168236798473 0.02394257471634678863248 0.02058308441600920773995
0.0251326670467607593551 0.0200119053631549227712 0.02746772493136526160917 0.01923598759318546902453 0.02201174011149090517514
0.03656663898409243107501 0.02304916350683697615076 0.04086589757139721945656 0.01882635590226775304523 0.03105515363140482279491
0.01278719431080398323541 0.01376627645537346553151 0.02067792106779989952381 0.01325187192991583544355 0.0235285521318452234274
0.02423589307558074446014 0.01410303654633328004908 0.02153283597700288501398 0.02318684397550520998044 0.04669795032186295491439
0.03048993776112870687789 0.02206465659932106693208 0.02565501534211201903335 0.01288507790890743888446 0.0272063663999170778085
0.0200659846320154974797 0.01267028940783782031687 0.01826622142303536630581 0.03246573007868345378535 0.03042724972367402691553
0.02040316028226440633886 0.02485537331755843445946 0.03783958660403298479569 0.03493346611726518002872 0.03946392054905528690156
0.0189604377622805998771 0.03077377133748417439851 0.04750382605376114036888 0.0241781378940054102189 0.03062399949405264151792
0.02224893863861148249339 0.0320360980096593764288 0.02246764562787556887558 0.02349969159084207628863 0.0180703421568384134388
0.02592041552593324360565 0.05159101779997862097238 0.02560799941636076812457 0.05557168439066199200349 0.0124224322505040452036
0.02834693241962204374174 0.02309708917247183662669 0.02513680044921912798417 0.02196758689238668960098 0.01582737195791978843107
0.01918729765600905509682 0.01835468677046466628999 0.0456024096944874293702 0.03733529935468583166314 0.02451002366829086592803
0.03923546364482825843378 0.06408776159928721016801 0.02691441734625246717805 0.04381510652239190006796 0.02710951808646137536907
0.0148347920641176116846 0.0422094477072888357716 0.02294981811329017962198 0.03049235730600382762723 0.02154352923472836398022
0.02650332926872385128081 0.02366325677951709033353 0.01238259184365865343824 0.03216069605833702521602 0.03841051102987801113553
0.02354356739474560908376 0.02780875872838276668952 0.01458879704996180262655 0.02233614719767502629355 0.04178868943569798155568
0.0194126593890331759773 0.03297364781359270191619 0.03111008337241327748046 0.02185025476144653727717 0.04137905232310408465413
0.03437942904849583536375 0.02627651953261759404379 0.02624289487847699178791 0.01771308992766211856673 0.01145763556600265173357
0.01450505102170580526422 0.03669648164737954881831 0.01414091225173697008444 0.04687379676343586543119 0.02681551747996388165851
0.02062722878524057834593 0.01324888152983390472717 0.01566336237738858577773 0.0460611152497446413312 0.02870010946343766813915
0.01988045843523943492781 0.01749518205052541172662 0.02376507627257799792897 0.02073337011795767237388 0.03835562675944198529621
0.02019520064989683075241 0.04573737544245045499869 0.007062472219921989667613 0.0151440232588862591645 0.01725870254732881498017
0.03323952270801855402027 0.02031282693833288618968 0.0389366214221136958118 0.02373557383357672093127 0.02638895247525300385982
0.03557219011198494568182 0.03260353003673083921443 0.03490779177851319192705 0.01893212514348447533807 0.03717893405860549921327
0.02212356009900455153239 0.03290321959442635280091 0.02943151222109306047736 0.0329042100294544143102 0.03640230660539533341646
0.02043162960921360293831 0.02924347239710091417297 0.02659995385711158566444 0.02225021130942899869054 0.03881213455531171835355
0.02801243891005988570497 0.02485691815035796781164 0.02089678567102412273804 0.02480120398727610545042 0.03470358852819770828502
0.01916735795365902619847 0.01992739981029576987193 0.01875533822179398929508 0.03647081798054234436091 0.01561437660382013897786
0.03163213916467364633656 0.02082737970875516222979 0.0160900234218450399748 0.02796441523701347423025 0.02690564562337648124579
0.03624969665790880174461 0.02899493857615080896761 0.01758733582577878470921 0.01847154799758000259802 0.02082845464251957545709
0.03704960984880016627852 0.03130451777730976214986 0.03403817924138981265703 0.02007730994185818323983 0.02401354714316439320498
0.02545925082219548801765 0.03021905704583942309238 0.03618762523345254306095 0.01735534391038343754454 0.04934835606786023426418
0.02969267620537845153716 0.02477764836099151726789 0.02428135833997087725256 0.02653376012735787770058 0.02338423807520951039352
0.02607890284037716818744 0.03627880377321249932843 0.04017463685861311084579 0.02085975664151502179111 0.0259235961399264698557
0.01750591356232053877329 0.05234695137403272413579 0.02263143497040868978853 0.0150509014313675599378 0.03136958148828567632949
0.0320110672585738470497 0.03018581968817905109015 0.01545631899719914631453 0.02470189877766200761688 0.01456436668085156135866
0.01386793992735627957524 0.03274105288845055583558 0.02163566699516335581355 0.03475142172261956596824 0.04283143479404433878743
0.02493426625124983003756 0.002552926389610471122338 0.03639364497684299815106 0.01920632148077435971678
