NaN NaN NaN NaN NaN
NaN NaN NaN NaN 4.99813073531006590855
4.949562920499885443348 4.982608982163526434306 5.020632082000032525571 4.956505281388325023784 4.98085997166025595817
5.030298620434797918222 4.99078582773570555986 4.943880233683291436364 5.025963493359166811558 5.049190045553874739426
5.057557193391729377652 4.915907423888230098896 4.954514441484372255786 5.036803273212976606032 4.865745623790800777897
4.968118676072778683306 5.004110603589689176829 4.888263730528224826344 5.007016029811036439412 4.875221793778814927123
4.986236615415374551219 5.009781784463785747619 4.93596452070368041376 4.970588823283544677167 4.989038518939486799297
4.93639672757052760943 5.002701804436495258699 5.017668025097298034609 5.01166972931077925324 5.002592687414124661416
4.941600621757472389106 4.999868079299555567729 4.870694753676543697907 4.901028964989267322494 4.989501125237792322764
5.009371695667168111754 4.986666675186496533456 5.009560085410527108252 5.071866482887405602753 4.95674360153169057952
4.974896110400081283842 5.040621445653964194378 4.961140529510855046169 4.983329180882603459679 5.004348029183829815736
4.979290173829933330296 4.969542531035249233184 4.960957991503289754576 4.924493978417423534211 4.950155884031119946087
4.947149251435734917948 5.020562758182859575129 4.980486373344541028985 4.963372398943960206452 5.020228403968379993216
4.953444069998193199922 NaN NaN NaN NaN
NaN NaN NaN NaN NaN
NaN 5.050553468327096950929 5.010232856913044763303 5.013256083901706183781 4.983275964286307591067
5.07595574828260609479 4.998426908499698839705 4.910618544563511989054 4.894106796637948342266 4.886221521188656602419
4.937104690287412722682 4.895423505450644086068 4.896984648210724877515 5.018679064518908106152 4.956685266479907703285
4.955623893823901227051 5.022375250178761518782 4.984763000718318792792 5.018323933763949362685 4.967352807803580461155
5.034416082277550330559 4.948902125538980456554 4.974336280840049084873 5.020141162044476246251 4.987215971030882322168
4.991604480382012098971 4.992746055564802887261 5.029223273339344046917 5.029334285636585910595 5.010268516609269084938
5.014464434709334561546 4.993764769414607229692 4.973580424736095295657 4.9761130847602519367 5.010545944815872232425
4.980333448004738094994 4.98408131321825198512 4.970304933857418561161 5.034294985157532487108 5.021246345326296989242
5.005329844034297259725 5.062317144321143658203 5.000097363955696039284 5.056055224753281507333 4.971883855180768918558
4.979052543519286722074 4.97314307707720715257 4.950111884164147824094 4.975286178104449064108 5.018530992140863844497
4.97040776784521742826 4.925513408030655071457 4.940895190041647566659 5.041655156944029769761 4.972914242656923278219
4.973637034879089924289 NaN NaN NaN NaN
NaN NaN NaN NaN NaN
NaN 4.938575023092943716563 4.83859679396706354737 4.858419218467756373059 4.946938365067305554135
4.895144599811467323036 4.844779631148037779553 4.95526082328445394154 4.971332512578772622192 4.905537566049297915072
4.962400204609020093471 4.956766564301061883668 4.921349649990882646478 5.096202352374636035393 5.044563611231086319719
5.028748224597517690881 4.936424879284026623338 4.938871619517219535567 4.942202072735629947431 4.890328178104260459236
4.973842930855953525793 5.022159132774412171329 4.939547629256809457843 4.851248843734803806171 4.885926820906004941492
4.933945421237776685075 4.885483765007898604438 4.890399405880437200267 4.938371625287697241902 4.906244647716688334071
4.926088346600215217563 4.970563792164460537037 4.890620521714363455601 4.858125212775624035544 5.027582877408562467281
4.948252733378916801144 4.944193734554217734001 4.941890428611243279988 4.974893075461406688476 4.955719418349127991519
4.997614295110999194094 4.977958284304246916463 4.904161770898780581263 4.884796842161023278095 4.884960973480423795934
4.92466068859267203095 4.908124762597217305427 4.91375942979692936774 4.870565544569021021459 4.90671788167332678654
4.920891397427423541444 4.862024435913874675919 4.937539668437472606399 4.883320077126708014248 4.889059149826237238301
4.928662816295827475699 4.972491244343724581256 4.953531643253704430663 NaN NaN
NaN NaN NaN NaN NaN
NaN NaN NaN 5.06764181112120049022 5.022845605907710897498
4.928730211047846587746 5.038691841259970161104 5.070566759602898265769 4.976546583552020841523 4.95794270053989727387
4.975506920551698186728 4.97339315433334938632 4.993317261127088180217 4.976290787782758684443 4.948767506598383825178
4.959540285256696101612 4.972496198838677550214 4.968489768489813940278 4.941509135759138970911 4.945420394886850701255
4.961744824576668655425 4.981744097860403286404 4.96343080470589459452 4.913528653616621610922 4.952603512307507394041
4.872555665487523057777 4.925090117653287080657 4.929777840772834096583 4.903315182470191047059 4.876806927938003077827
4.899885450137353437583 4.905500206176010458137 4.876893091382800804467 4.871370636033600654002 4.85964524000084452382
4.852075750632893758052 4.869502244854736261459 4.903317556286577172386 4.90142040968474024254 4.890095674634111766466
4.903852257476760456711 4.892460707525223106984 4.839488403037029762288 4.832165452418298201565 4.833156493559751076816
4.8149098039328475096 4.833277926549480518759 4.822575116989020749259 4.842342807083457323358 4.82834212187450173559
4.865797600247444343324 4.868079815776320096177 4.876660744881522902006 4.897991904899493320613 4.900526337183432445954
4.866121393701291708567 4.87160799482508455327 NaN NaN NaN
NaN NaN NaN NaN NaN
NaN NaN 4.806667346651104288924 4.737366369127776977166 4.854135283752939677981
4.819465122622228925309 4.826710575788416335286 4.933758688608870457415 4.864555938305767490704 4.903399248460831749696
4.856481899316992922877 4.832106305108087695999 4.82951086963515141548 4.960581505383028222411 4.913755353768131328707
4.898068709883991012077 4.967202431970008547069 4.94127599139052620103 4.971799890176027858502 4.973680311407918885891
4.915201112690446016984 4.957083644214780093762 4.963166996593244562064 4.936785733829675670847 4.998044358740160397758
4.907587097413985688377 4.970325890281998226783 4.951421238588442186312 4.998246664825119367492 4.927839700362108388276
4.972741204084858424039 5.067770295072427266803 4.993847894371432616367 4.966598273300769861294 5.031074639305243678677
4.952404832025684378038 4.944326223965871847099 4.928828542994023287349 4.994990393106181869598 5.065024763107194516465
5.085149143501509705345 4.91944168216062127641 4.917084033996927061594 4.955406588267598166908 4.973600874321300047143
4.938943237655412765719 4.994775601434326084416 4.968124796123505326761 4.944487217180776106318 4.983358408949881024341
4.869514125850225916281 4.859104419113349671022 4.947021051091078369666 4.966579736209414619452 4.931976722036246485459
5.014112922302013330977 4.994462985846525704403 5.039721815434492491192 4.994256720457698861537 NaN
NaN NaN NaN NaN NaN
NaN NaN NaN NaN 4.903647963525058273149
4.925674439083780775661 4.908995799396637771395 5.061542673794465763137 4.984008107663841613544 4.92145603088760719146
5.02516934530536829584 5.022805418348701422815 5.097637819741010822838 4.924754957412724287735 5.043498331772600096201
4.983300607191481823577 4.954991749607735584959 5.013250008964733162031 5.061580191602087275271 5.047521273273745556764
5.021102015388272832297 4.941739498170040434388 4.931424965197511056658 4.988857235118685728992 4.980278215771159366909
4.924941496834021492646 4.948721661357074808052 4.973898489800833822017 4.98144648583199067815 4.98100317548867366213
4.976626164444027722311 4.977006407356431516575 4.995902285979194168419 5.000314193387043637529 5.057772913492160959947
4.985942100067213722525 4.987304668847350797023 4.93300639859532896736 4.97568010551344919179 4.929229251599179129073
4.927378578945125653377 4.98676089886890050451 4.9926147284966653217 4.966023340403195263093 5.093558337424926030224
5.072245303095560764461 5.08010492926301981953 4.966055705426201782871 4.989717105453302714579 4.944597798456775272768
5.002330648861875062039 5.007170486462996450427 5.025189704671905843725 4.98852762333309041054 4.943213638714106572536
4.949410146921101372186 5.016773667026665606272 4.99168682566648058696 5.033104357753544810805 5.028464335313413080542
5.011653212147771263574 NaN NaN NaN NaN
NaN NaN NaN NaN NaN
NaN 4.943239128993039521731 4.938246159898392662058 5.008360478268186533057 4.975175794052235644926
4.978900371659070067665 4.971023918245458972365 4.872290074911261648083 4.92106217334699280741 4.974488415454785261716
4.773525295261127787683 4.877691994195074265406 4.98191800156613151529 4.759532518824400426638 4.970112155291031896809
4.840535561819312881937 4.996876162549225064424 4.963293984252741708474 4.957334704412823533914 4.957882539936511179235
4.978773775683664304381 4.950931370503706574482 4.872648771077274787444 5.009472554259798648957 5.034792054319184195776
5.07557432165088773246 5.000958978836083090869 4.980684364981720513299 4.978261601020518511973 5.003937074102146276289
5.004408207392537555336 5.089183583068121130566 4.981786312392117110903 5.01124817265435584801 4.970373780064394786393
4.95395919599262235522 5.021086935145728347152 5.045085182804822210301 5.002210362263129539429 5.026543140980222368341
5.041067390308390905318 4.973266129118778522411 4.970743584938735359913 4.942334557222614499494 4.931086233875757507406
5.009355199474587294617 4.984896090139589119872 4.977650318753691571771 4.955438561211412462626 4.93672298701398304388
4.879485854974137559736 4.956337329438611938315 5.01533473990040956636 4.969407703958651723042 4.913364397561666763181
4.938717890071705696187 4.991118259235111764838 5.014236755806025236382 NaN NaN
NaN NaN NaN NaN NaN
NaN NaN NaN 5.016577722701638819558 4.96671168197887968887
4.931134961961595841728 4.965574780653476238967 4.957113705985080720495 4.998952319844873315446 4.969559234611570452955
4.968171938136247689499 5.008073518485558928148 5.025089541310148177899 5.039037708485666122726 5.010678232358903194665
4.964538730908521380059 4.909923379376373908656 4.939877855438690623657 4.983042578527551391687 4.96945441823629519007
4.967179153432401683688 4.976763461388182818723 4.902555359391559619553 4.961044316913764795629 5.077371404587367464956
4.930691988555818028317 5.011606164075462110929 5.005958868974461850598 4.979075032545090984115 5.035886147798752432436
5.019887393840556377711 5.09215188711991650905 5.021281280968929117137 5.060804999368614609523 5.037300923179096834303
5.043652394311062714394 5.045794719527012972549 5.016851359219918649046 4.853892458713407798143 4.812634605924268171862
4.993104501136167883146 5.07574893310424268833 5.028525062120333011251 4.999834616712970358776 5.107427720468726839442
4.993044412831097567107 4.946108739415326027711 5.038160141175167083816 5.004036858706886192749 4.983414173680860592697
5.027412621855211760646 4.989568947113363073242 5.046655677823646435343 5.086129591163016883115 5.058256232384896300402
5.034901432175640678679 NaN NaN NaN NaN
NaN NaN NaN NaN NaN
NaN 4.876458196840911085701 4.99110405673316570585 4.963765614012528359922 4.968254276604037400489
4.88209670813536256162 4.978601024436097866044 4.890853804632828705223 4.881390317149002733288 5.002015517703149782847
4.994643845421059324963 4.909485590636380791807 4.968031543401384197978 4.935812054055559450205 5.028974348756733547816
4.980424713755896348744 4.927067702172211127731 4.996575714666205314529 4.89151907522844542342 5.068105865282356958801
4.951665789647917037541 4.941532671479000882186 5.068202050833352956261 5.087527361817493876117 5.067453978755458443572
4.942952193722600640058 5.037094293167934999644 5.017825569911669170153 4.978371386568456458122 5.038611560635036568101
5.014136791880576815572 4.945240258188937865214 5.023268585300664668125 4.951763938791328811817 4.985480278432476985984
5.028508551383306546256 4.895719313862099575374 4.930682854081237742605 5.047019874616999857153 4.916840568851043258292
5.033953080670290347598 4.945333808793670904436 4.978898140904767899428 4.962264352944078638075 4.946084297903952098352
4.911425507570111648192 5.004362301762250275772 4.932598964096546190206 4.961812705297941050731 5.046716850487673156067
4.991532789036811301742 4.941102683943942253109 5.005631090409345063108 5.054647183438116364584 4.968223065984617825563
5.034137153713359680296 5.010929129921684044291 5.022185183867701852023 NaN NaN
NaN NaN NaN NaN NaN
NaN NaN NaN 4.94367523650765150478 4.968497984565333425167
4.963111095492927837824 4.96083933313139624488 4.964316057665207004845 4.953992666608024286745 4.952990537548644489618
4.977082693744960373294 4.953011893314863023363 4.991060626812535261365 5.033279691861856974811 4.99917140842962837155
4.963925318255875573925 4.963380098276374496891 4.982795235980192138925 5.008501865245494677481 4.940798841540757102564
4.924106471215682567788 4.947072377057476266771 5.015165206740741510316 4.950570652341404809249 4.875074084865663515131
4.947602501589714485419 4.977409834041225167311 4.865973269732424277834 5.011824654879784901595 4.948717430469084632705
4.846276959404148598765 5.000678829309451955965 4.944700487739946304089 4.891166200757871784788 4.976083440073423069805
5.042607980880957185832 4.921831774241602452946 4.986472879161041760199 4.94379654028662240961 4.953751015970651039311
4.994379800547226189167 5.023844842336655069914 4.945027242538416523132 5.006981126138251525504 4.999006738209771150139
4.990853858932180031616 4.939594736637640259858 5.016947298655127340794 4.972641676795394261035 4.95011432067275070068
4.977057561859007606131 4.883842182652367469586 4.971642900611488613549 4.99625949030346294677 5.038316136901735298181
5.07938350756597589708 4.989571201694030122553 5.011564128218614300181 4.978995386786710497518 4.974118483427028003518
NaN NaN NaN NaN NaN
NaN NaN NaN NaN NaN
4.976267717004002832937 4.893242479356270102642 4.872461691284300400184 4.953065988937004782144 4.845180562284941316875
4.885504275417571484752 4.984991066065465048496 4.955597351624863478037 4.98316513027917018519 4.953656889062675539037
4.926978849769080071042 4.951368260635477192011 4.908036865955822669605 4.873721700095856590451 4.9424422992898380258
5.036696732344887905697 4.995085684887957455658 5.070526748098285629851 4.932673365220440864221 5.088569043581452788771
5.011266457457306700007 4.993522099433383765188 4.988212770030107101604 4.863769833103019024634 4.900272437294434624278
4.97949579709673706418 4.941974812726412480401 4.968643004130847806721 4.95979319972517540549 5.075952171607972296385
4.927214552409409087375 4.989121200774923714505 4.977103171644110091165 4.975972329153276696445 4.93358742807673067432
4.992855991711995677917 4.986766532418109854063 5.027008909548586146343 5.059426869260209791435 5.06571002609627374369
5.06476866129659875071 4.955348158765451316299 4.971289838714314512913 4.874394315773575847572 4.952580173895670512252
5.000168903388988006498 4.872882150458988093078 4.925894573533180498259 4.978194146019180088558 4.970363153410291445766
4.912173344117324980118 4.847962253666755927384 4.912167956965026505145 4.878228952752044378371 4.899993993370539868693
NaN NaN NaN NaN NaN
NaN NaN NaN NaN NaN
5.109684106149236626493 5.117495629532747614121 5.080205418086847224401 5.064375542705170651914 5.072572520483029201444
5.042896016455501673192 5.110464212058943189732 5.072633134996117121318 5.064334858708396502891 5.034462482833840901719
5.021619558178254116854 5.050558512629916840808 5.007111868613474570111 5.011086610723229917141 5.024089127878490046442
5.027278507108924543445 5.008297484227919760258 4.914681313135965012862 4.98347293231316079698 5.009696578151469736895
5.020253531423811921286 5.01596189518361246229 5.019314914099040514373 5.09641372125974978502 5.012809504311823260991
4.921976049994724711212 4.933122728292301140129 5.030273398300423970397 4.87568170830872471555 4.888647351461757217805
5.015866971694623366318 4.864402537955094807387 4.877265962490012540798 4.936636669665213084102 4.86455324477776596126
4.875095532968241052174 4.967213692607204578167 4.987242952976091103778 4.938327483845523779848 4.985884479987067408047
4.961539239851685323401 NaN NaN NaN NaN
NaN NaN NaN NaN NaN
NaN NaN NaN NaN NaN
NaN
