0.03330457168171319093375 0.0414951504869057324898 0.04298569672553612108779 0.04740652163883499192742 0.04953114660604239494202
0.05472225340166879392623 0.06174321654429018590982 0.05911101302352722575151 0.06147408336858695837579 0.06836071128692411402739
0.06611093006928012161261 0.06954859338589003403541 0.06988694098041074720395 0.07432411456930608506521 0.07210547758829327635866
0.07481676114719502945771 0.0813165823674565496626 0.07670166830312773187384 0.07897344676798605245249 0.08465370898059525195389
0.08334138633654622485558 0.08766279097156191857376 0.08755387960631283439383 0.08739994271338805131855 0.08852284173035919467853
0.09217540045623452693579 0.09292324599622173164626 0.08938112886827141723156 0.09305013586000164538259 0.0942626095473312747286
0.09716949637529315175755 0.09951060021721118420412 0.1006237027452206167499 0.09818777426130811947225 0.09892147506251267041755
0.1027873999758430328955 0.1046098668969649148064 0.1052705032774939319928 0.1064640876673929315022 0.1043050381097520434848
0.1080848713387009968345 0.1129450767086127571659 0.115347257167345715323 0.1143491375635964230062 0.1122330967607111235074
0.113255921917017041145 0.1172316228429219342466 0.1170896298158593112904 0.1219429266419881224826 0.11758110227790867508
0.1192937696726687618609 0.1256328407406039071592 0.134958867739578214362 0.1344276570443798668464 0.1332224908138243124611
0.1374021182873628454946 0.1357173986652376318496 0.1395669092444986048029 0.1369786618185689086591 0.1407447423650519391369
0.1402391109955195003245 0.1435262259563594433587 0.1399873353019838728706 0.1476137958928910032252 0.1432546933716151993377
0.1447094208810932869369 0.14575453936756094242 0.1500211134581351246631 0.1461372434309133327979 0.1511336250470301512117
0.1494517880919329633205 0.1488945205647973779595 0.1528514879765186240679 0.1527937734128060609518 0.1501022651688994347108
0.1537913116143199421249 0.1536355980275505572763 0.1542950130949461429175 0.1553138542766583085619 0.1571288748060735152023
0.1571457157909312840616 0.1557594872470560998234 0.1578340881283564478554 0.1565670209960292602602 0.1604074270261405532612
0.1617565070350427125501 0.1616760827136931033543 0.1609911476518991468865 0.1633381913740733493157 0.1614135183979600318693
0.1633752121459983719376 0.1660057054420075728363 0.1642934008380573240871 0.1686256298554776600351 0.1677809766956483428224
0.1701246720256143762917 0.1657864347065780841195 0.1674412358422546209802 0.1691648210128663121221 0.1717315742917747412033
0.1732665912799207508233 0.1757986592977484607836 0.1731020538344733294966 0.1729423981979373026174 0.1727860651621113130538
0.176586235933252705399 0.1749276609643946323036 0.183317410830763471985 0.1823750774852096745438 0.1814140346538589132486
0.1858400727507871774691 0.1816156362215938235849 0.1849816631328816685098 0.1848003129036777658634 0.1868054505342541804502
0.1848717003582061313427 0.1892585182976934676802 0.1886014044036741499344 0.186815116784571327857 0.1883356510252321980303
0.189834134113372188235 0.1900732096141835580916 0.1903346762712618267521 0.1895825678619646459389 0.1896420896699969882437
0.1913815926873977113498 0.1935773245522829644205 0.1954134414904830363557 0.1929285194730292474219 0.1932000176977945737899
0.1941911867173201355907 0.1979926219238493656505 0.1965006323999944903846 0.1943862038698987992902 0.1965335227096968173655
0.1959109157720925198376 0.197803067057531700712 0.1974168724065290259073 0.2003116455404008733332 0.1992066295103402107092
0.1992792072755777965654 0.1997126654330315387309 0.1988729716242123579661 0.2003281906381882970791 0.2018902590637360883186
0.2002296591279563164889 0.200491117452106709651 0.2024595804931114406688 0.2025839369939548273436 0.201197022436540001733
0.2053126541431778695479 0.2028889938190352737468 0.2032742613268692377648 0.2040557138196924802376 0.2047274828971251126042
0.2044811380882542994897 0.2060232772692429936701 0.2073032693603178988617 0.207800484543284647021 0.20733658964990428486
0.2044957484824230509179 0.2092883329787731672145 0.2082726755031451548739 0.2084490488385310480446 0.2104288585360213903463
0.2116769464889055873957 0.214917934885860306693 0.2138474588511632412668 0.2144665878345232701285 0.2159279513540473260935
0.2148184307583728414048 0.2146499429494316824041 0.2140602741495994665311 0.2163805457445380497905 0.2143589294707681502938
0.2151073413078334051196 0.2146690585635010750654 0.2178675714926767703616 0.2178560133671456067184 0.2171904281054070073864
0.2175239758556404556789 0.2181952091910787094875 0.2200200506720196569344 0.2191884171265767733416 0.2178850885609323329017
0.2178013585667155083136 0.2208409961195104964649 0.2173008545721691053831 0.2196155571825202101888 0.2222489757726721359976
0.2188501200185512807206 0.2216020595155944461485 0.2221980564492941623289 0.2235576664431843385561 0.2222081783582860181614
0.2214301709582604527071 0.222582229748500476374 0.2223573525939742945301 0.2239878661706022067168 0.223617382865022668037
0.2258787145804240781288 0.2248989566564811026783 0.2220890546622661942955 0.2262572562247639196276 0.225505950418546874392
0.2240986303669977586228 0.226267700810278693524 0.2287902455176111238266 0.2263872096546128420691 0.2260221966704487883693
0.2276270810671916222656 0.2292804868419023589521 0.2275331464526729741138 0.2288269227834654195863 0.227966616046690079278
0.2306299563414245246129 0.2304017996793035760739 0.2280276023993306477866 0.2332152087063780465659 0.2334425655375747532538
0.2303576762306174252615 0.2346420716108181536708 0.2332211123499485228017 0.2319626147183236619664 0.2304722082842546038162
0.2343413299870141797143 0.2325533353910939904363 0.2341120044328805216427 0.2311901518999686933054 0.2352976078884664867807
0.2340034035295421865897 0.2326992818573930810189 0.2360501288212541459721 0.236509236722982685297 0.2355740483495701587113
0.2349561732830379168213 0.2390656676687563375605 0.2357207280227209822421 0.236590655666449350969 0.2396355186239553236582
0.2366976817231826735188 0.2360660246540945694793 0.238598604858990454014 0.236432966110750514277 0.2379682783777483101595
0.2388651934879063021278 0.2391772337750668886436 0.2414452991863909880887 0.2401781796269834290403 0.2397533124009363081353
0.2391454371288479763269 0.2403458455118639980341 0.2404597377653079903759 0.2393475868269531736665 0.2377248792000407617842
0.2401940701057609095503 0.2387853789602355503163 0.2407259541734417807035 0.2418101700768038320177 0.2401713525831994933135
0.2396206707215667863764 0.2417427542395679807008 0.2415567193057768236031 0.2404689701710890359365 0.2396474643083861266746
0.2412439021266250260833 0.2421469447893679627359 0.2415058341522922646938 0.2420799891761622468778 0.2420634211599749507915
0.2431645317787017868127 0.2425189114556956238022 0.2437263958303827748875 0.2443246291470944908664 0.2439031173741615932116
0.2454399796908127151518 0.248378647302916671924 0.2463539513816102866084 0.2461007102301067672734 0.2473723324623411101708
0.247777112910832209014 0.2456919688981658023152 0.2456941738551634279997 0.2480441331206535704457 0.2490683276597799034047
0.2468765964058944328841 0.2467023654525890286049 0.2478508739990243070483 0.2495440974954861723667 0.2478737413438449055381
0.2487718880383716357763 0.249005668309870448196 0.248650322684060509637 0.2491370727296426668129 0.2506261468158851313248
0.2484589896582456713947 0.2492022872951131229335 0.2486259409381823826113 0.2501260616366207112371 0.2494445512747820170585
0.2493906868196405224314 0.247011315054847135908 0.251877222115875931685 0.2534720108783796721497 0.2514459175403261359527
0.2507821315370852843785 0.2507443035982824253161 0.249948495083153143792 0.25028438338559605425 0.2502587536896900832772
0.2516849449516387338122 0.2520473264604851659776 0.2545984459526412502228 0.2531123171047385822519 0.250132227647816895999
0.2519942049331659328359 0.2535050560090579274686 0.2523104770941920205196 0.255372183556440202068 0.2539826992869501642858
0.2528758204614777183039 0.2535436302160296029307 0.2531221950550434640625 0.2565569960301889995691 0.2545719039284128348832
0.2549294311698515613784 0.2559130993633085271455 0.2564503958249505499722 0.254409326868949903222 0.2537245141244812707271
0.2555489749435677637734 0.2569334268903558649022 0.2553260474557569326137 0.257294231461715761089 0.25775934302789405006
0.2589756438635506530233 0.2581066250269945516749 0.2576755886554799035437 0.2558199205834749689892 0.2576200727952018265654
0.2576666170958341606223 0.25823730977731434999 0.2586866535481754381109 0.2583420319696011491217 0.257831465004533910701
0.2617554977659057868777 0.2587545817674962167487 0.2601497969387015496423 0.2577182883124227164018 0.2595544383330628535056
0.2592536517986207544872 0.2591598179236522803137 0.2592838196188048116575 0.2614045495592466350487 0.2596240545077656003414
0.2599753639215051093103 0.2586329153322996510234 0.2600461350604065802194 0.2607601489004300887586 0.2597032858663070320482
0.2613493758527315469209 0.2591613853999278349605 0.261874329724323229307 0.2608289423521731875688 0.2605748304312448526687
0.2613333544582081002794 0.2615227550865059646945 0.2618002505631827903088 0.2625725803692666726619 0.2609366075062338197199
0.2626463729816687631136 0.2623458568429248294329 0.2625003393040308830031 0.2625895434208228018669 0.2612413991379344269106
0.2600349910815230036754 0.2633680634951536814192 0.2638446866708344940022 0.2627145163866144161879 0.2603560684052633189545
0.2619198543434528847484 0.2640427214280918755129 0.2615686525334298129231 0.2640883326224138238913 0.2626907205355421548454
0.2637598053706889933423 0.264309414120039387619 0.2636712024730724635013 0.2621872714988470187691 0.2647483320721349397964
0.2659198375101068378967 0.266594306357017252207 0.265897723655707129975 0.2660448683012195392195 0.268235552658983689156
0.2664086025640338140086 0.2657679395633762986506 0.2668146076421939461021 0.2666514725333593571754 0.2665349117257191369212
0.2669112750655132093591 0.2670368018944153098992 0.2677473890454801219718 0.2670578925236652412245 0.2677455148703379306241
0.2676956502894485834254 0.2651556367494101729143 0.2678010882061387931685 0.2672875316775390475144 0.2678654110001271737573
0.265669704419738583745 0.2691234891071468404711 0.2682576067587116308566 0.2675136916132962450199 0.2678934698614308662634
0.2671161193680087198032 0.2699902481885807503659 0.2688478897001913558995 0.2691185315822763879368 0.2691900392015440512949
0.26921184225343142149 0.2689196912156145424788 0.2688456217925564439852 0.26915455676321431433 0.2685003293066654528332
0.2720076340729972730337 0.2696238217022677297052 0.2692345598769049774823 0.2699167619991765243448 0.2715646898027983535684
0.270620524047306409976 0.2696700527174104022876 0.2693144168127316606665 0.2714536235361685867495 0.2719955398830850579195
0.2695161744921109603368 0.2705969683701286432331 0.2707981644625946371363 0.269726586394598955021 0.2718824849359107176383
0.27020259930296580686 0.2709951669347991365377 0.2718327017253148736309 0.2729014338594231703361 0.2742412146094038161159
0.272612093664539589799 0.2739454182465009268732 0.2726714024848360118369 0.2741304550950583451829 0.2744126289625876680134
0.2730444503196690630986 0.2724928140644954366323 0.2748978222275650362683 0.2743497775841238217609 0.2753542108589731030044
0.2734892694490962394838 0.2754862697003188642952 0.2732853268876459518211 0.2740148368677661205872 0.2738044006385484396837
0.2733868816916741328882 0.2741632878680465013055 0.2738036726112108576459 0.2740428183107498916193 0.2747084904205390754051
0.2742369880169295282002 0.273258415959921729943 0.2759370754264319769433 0.2743673313420449400013 0.2748327444026031352031
0.2754132952977683679308 0.2751264737825062089982 0.274693718750029347575 0.2751650529157639302191 0.2756336717389487045438
0.2760641787799724689023 0.2746311792247054239802 0.2767001187948061047273 0.2745004656384926189361 0.2764356325220000409892
0.2752758327731043008768 0.2770723859176096870449 0.2767531831548819543087 0.2772584807681497953702 0.2760515139452417443522
0.2759011627848904080196 0.278345782700854860181 0.275430495774587003055 0.2768182735844723074692 0.2752415449695118088158
0.2765191268614922703861 0.2764696644289525995219 0.2781056905312928595464 0.2773979956081465969575 0.2766992367292583909766
0.2782438919446407754599 0.2780001938618636980749 0.2769344777728002804373 0.2768019687349496105178 0.2789600780433046378626
0.278269392190845232804 0.2772022679407784018224 0.2804552192710964009237 0.2780399931443153227484 0.2792324268280853005741
0.278812872920794763143 0.2811712921355826177994 0.2813283892588169243787 0.2780377661451839399476 0.2796830385353404890836
0.2802263284636922202608 0.2791252577642771015576 0.2798426999768376388644 0.280369500744725164143 0.279024467245796714554
0.2794230484399334302203 0.2800037097502579563901 0.2817432335990061598174 0.2800318488667014604765 0.2794805989140531354842
0.2809737123858248031283 0.2783903640910950216814 0.2793610910777039046948 0.2805167398339172279975 0.2796170715451036792309
0.2803027334530704961502 0.2806533123558919706753 0.2804097170907777214488 0.28159600600020273653 0.2817994687189967484287
0.2806755975098552124969 0.2814948560902352792112 0.281805701095605043438 0.2806716642634500269438 0.2816483223754401299388
0.2824883950576551061573 0.2820475994142420117505 0.2829511416587768835029 0.2824404830340226935093 0.2813053513517174142322
0.2823364855228829295442 0.2822473984322432793981 0.2824406985126305391631 0.2812544944830725479612 0.280724576484243315555
0.2823436152676495058955 0.2816240225900056293185 0.2825566765237089716933 0.2829137856353657887176 0.2805025392954156315817
0.2822340448176767213617 0.282815049212546687496 0.2821633457752451556999 0.2839285819402428967528 0.2820478767413849285894
0.2838571442159670277228 0.2826482334303271337639 0.2849819945920220587432 0.283405485857119554538 0.2829162808349913738049
0.285473908525720465601 0.283124146797635090067 0.2851324970183058971074 0.2843837065759875493143 0.2829884794970337624775
0.2839194804639720848272 0.2857181333843718529231 0.2857852273185887415075 0.285816117970976224516 0.2853870433160795583305
0.2862016169004520937946 0.2842681302743699789382 0.2847403419816653680208 0.2850716400809117923032 0.2836277658194149009496
0.2860560641118847224895 0.2861401573484967930661 0.2859229394185667794126 0.2844379432625535608636 0.2848327378083365668537
0.2848316043041519418644 0.2865931570501236147486 0.2861958791700934812141 0.2877461978981039614212 0.2863485797479540795329
0.2863836668700305843061 0.2863831644725061686962 0.287634105148036056665 0.2869375299024714554008 0.2854784958663879046448
0.2872528789675746763166 0.2871087413439984969976 0.2862395232579739157153 0.2860060409610329368313 0.2863874979231068595986
0.2867860545890177914607 0.28729994647318668477 0.2865616302072721000016 0.2869362684606190372349 0.2852848670723952539952
0.2869563943335543543256 0.2866130006852297129605 0.2870688943782006008476 0.2865823517219856508831 0.2872393140727534377454
0.2881377058006750480068 0.2879355644292242999427 0.2867342561761614949667 0.2855952347249992584466 0.2867305478771236537661
0.2881959382963779070508 0.2862928814990666759321 0.2902296163778204651784 0.2889003686726645536709 0.2891607378640985714924
0.2881439534105739164183 0.2874402316390309297667 0.2886928273937969247065 0.2896292628675376512604 0.2888020562182326278489
0.2883164869527191642717 0.2875057186373484729991 0.2883040842043073648249 0.2904214895608657753812 0.2909204237429993122888
0.2893504189951329186314 0.290226593299358792688 0.2897422143387842763396 0.289300681132330816947 0.2886876094615615784278
0.2888258652471119569682 0.2887516256606905695747 0.2888966347157339020768 0.2880965336775729856988 0.2909419883148922636451
0.2910335916485408125354 0.2887809353245057719661 0.2888108621349378402066 0.2878226813948894236006 0.2892459946298872042192
0.2888160808119562550367 0.2885336382227016716051 0.2884310949944167701275 0.2903489639538240352223 0.2905220815935792844087
0.2904430690943160531248 0.2891863773941596438277 0.2906192527176985618276 0.290151877066222196877 0.2919022895963288011245
0.2915849859207881866752 0.2904512987304667670507
