0.08289317666486276103832 0.220576438572276684047 -0.1172285388690971347225 0.04298451456623800931434 0.2192337234490939756881
0.07934360335284297571778 0.1441019129802849074728 0.2074255848566023407997 0.1835018298939130043657 0.2319459237986152555511
0.0968458059108881080812 0.2045301632988427431581 0.04696974961261918268818 0.1874723177052272371501 -0.01738607241056112570621
-0.07250346608286535599053 0.2614091941997959689381 0.2812602040306468875741 0.2069907223287708319948 -0.04881758808950097811019
-0.02659893114965190125121 0.1650893130995029489672 0.06300713559594220414262 0.0904130463294242348038 0.005511611868477497844232
0.2593215757351753358861 0.1735414961595496685653 0.1073959132841718622231 0.2605197967435275430148 0.06308587299907703060953
0.1729295301250967642481 0.108246468961877756465 0.220993946891825665535 0.1371242497435867513378 0.1320812067642321008254
0.2552445149980199223805 0.2131843869189096463135 -0.09607131764478311908295 0.1864561140934755667509 0.1507617296690553498895
0.1588127875137919087223 0.1247367063910491125078 0.1793023204547591342717 0.2295741900494714382575 0.1694632139209244769962
0.2673174636545296856127 0.09434712257982284799862 0.01923712041324928886943 0.1885612660053376243852 0.1740016983982417553278
0.1626208568837994583589 0.1994914242627393030638 0.2500974554172626374005 0.2700617339327358590317 0.1933264513334628509345
0.1635275723407628722939 0.1294052726189758861786 0.2522757624207620508194 0.1905366538858159486391 0.2244750676825151836091
0.2680942694085934885351 0.1780777319482873266576 0.2297557121107950683925 0.1961941675828661468817 0.2791972086090038773776
0.2730155254123513564046 0.1908527401166960624224 0.2694482597506954735245 0.2728069748291949148111 0.2383441804434250077538
0.1778537621468098961497 0.2671842245345088517894 0.1904110417579187308768 0.1556617549526114474556 0.3000895984337422217614
0.2588897632655118852263 0.2006261883883104224502 0.2386157522259028385125 0.2011929391879614115179 0.2451157014303300407665
0.2351064042893221683883 0.2597550227663938393619 0.1870754168182051091485 0.2315588890804070876239 0.166169091291413301148
0.2671725611669359956579 0.1699678146447438920053 0.2396125130264131208868 0.1212953360614495018632 0.2442713315833236753516
0.2054203332783991475807 0.2229274342474428238781 0.1903370724136935476789 0.1926735116904423894546 0.2893657304150808462495
0.08914991446764529425817 0.2778643827624021067635 0.3082050308107386893397 0.2281005175859330269539 0.1252454782043998515739
0.1998231470358573513835 0.178774076231513839863 0.2614821446359328338538 0.09671367916830787836435 0.2065655271585328245365
0.1834483623300187382643 0.27041781248959079198 0.2005240985447319934654 0.2233214864649241404582 0.2476976996989393442483
0.1838759587808697082423 0.1874251200414492890545 0.1841913587443942679212 0.2375541809172851959175 0.2509295173070362761081
0.1692222537443283936209 0.3504026733555325456848 0.2305242579453110340904 0.300309069271936679435 0.2901139277003501604213
0.2016031215476924154384 0.2279115582264410466706 0.3190880208709747645202 0.2287517557524587352713 0.1985281848673516036374
0.2854030707391491117342 0.3199251273702626297002 0.2813522714063827478981 0.3151136033292382676585 0.2954179539080383221084
0.2526150697333450212412 0.2997497419375018123944 0.2381849800049552490222 0.3027521199374356153378 0.1380473391236940461368
0.3282547388573226476716 0.2362573830202415459123 0.2061087789733072606069 0.252935766335076028799 0.1547369228881183556013
0.2835680695314899968373 0.1826130679413018875756 0.2182772259788227919852 0.2671260259949114757028 0.3283807561352829473833
0.3061276222798809398817 0.2439040940770247356539 0.2847618428158970038666 0.1992378456092150085244 0.3589320078046478457168
0.2722022410803695002812 0.3015372983141326734824 0.2373800028142659668262 0.2753495355422408974455 0.2887305617459304252215
0.2459264414146619115442 0.304533397788022852648 0.2962996192176118315231 0.3178553176335000562958 0.2798796100313371004731
0.204110870579777975431 0.2909570770904597036832 0.244841025367728115647 0.2116873516370102459305 0.2652794896507785216144
0.2288633756568773103268 0.2425644261240148813474 0.3029555547536920689922 0.3085953403941373296426 0.2975735195193752735676
0.2301688270149275516996 0.2843683316597758747868 0.2630706238125991025534 0.2401332910355979954886 0.2784681977901466987113
0.2711780533754853395045 0.2849614484992475382796 0.2980542321024312046873 0.2743309003145397162449 0.2229834503870760376021
0.3420198473684720186228 0.3287613253861462747629 0.2994365096592445651957 0.274260268470745693925 0.3094779988451149543849
0.2655767245190614467276 0.2377497327127016391035 0.3265754098340453159821 0.2582440160639156156996 0.2208753459972164212566
0.2282481521621329834115 0.2465329407716025100772 0.2710338818508972735799 0.2611268991524806626359 0.3171580648506088784266
0.2207551147999149143697 0.3176888961266230992919 0.3085080798872635310381 0.3105360294011227928479 0.2166463286177600089388
0.2748349749212981030233 0.3204794302371054559586 0.2142411706064516752068 0.2742405882143945650142 0.3375319066734479012126
0.3100329594276807765318 0.3322653395135082843304 0.2747412556382829440516 0.3390175300071178732253 0.2857827868972586116136
0.2339627502953829929488 0.3273328790740717697538 0.2395663579044215729663 0.3482721490126946539689 0.2809430352334726932462
0.2930503374504652147614 0.2442593988985642672329 0.335515360663878825509 0.371139254591320522092 0.2707350297193114041505
0.3125469148152320020273 0.2260314219655883416493 0.2649438101715161919536 0.213638991137270750631 0.3182287903550610752568
0.2873694108356530385606 0.2215632803832908725994 0.3415687512427889038769 0.2745612763286964796983 0.2414418702983101849835
0.3029052117908787589151 0.2800217375324124957636 0.276742731004321451671 0.2957996249886049588973 0.3484108967684794166964
0.2941547423306268838061 0.2756209231126379721744 0.3055801532314536550494 0.3217061953798133755456 0.283551587670841986899
0.277580227427726755618 0.2716600789105117486066 0.2688866544613872644476 0.2911235148213072165824 0.2755413913365137301703
0.3016514738227542014037 0.3225803495791403907589 0.2512924884973019579171 0.2498084178251797626835 0.3128394378932283781403
0.2546323561394632228883 0.2775521795296148064303 0.3003646824202004794735 0.2478234229137055433245 0.2434755060057617603864
0.1982913999662119786116 0.3495967668253996962768 0.3196146238005018735961 0.3223590590172363268273 0.2819477965492960813698
0.2696254504559574827205 0.2906258859544655903662 0.30046362169199486436 0.3187167307339732746918 0.2842466484387958791658
0.3606694119497613759684 0.2596492944475030650864 0.2789505033245315845924 0.3261646214482231687093 0.282777329238715069426
0.2804955321249701927222 0.317214333289451477782 0.2738152532150016638113 0.3194479509856156251857 0.2310230135982341559409
0.3715546427469720858205 0.3683894123042000257051 0.2944612643045240174544 0.2892769833885143193619 0.2910602027373949685085
0.2517732848890584795853 0.3079061429195289467664 0.2529066989710885282605 0.2626807250372224511459 0.2967443267189641131765
0.2547608284381045473665 0.2518560625756678938991 0.2679538399195848241696 0.2864232463506553028054 0.3348687651304687040721
0.3184937621461870205231 0.2349558831043372097991 0.2894152807518733383496 0.2591314743142059118242 0.320777695018964970064
0.3262783033713663738418 0.3215710115085481102248 0.3014061680538806520246 0.2827466878493802848737 0.3805189270484183317045
0.2694604631893166013512 0.3044819012728340323903 0.3358188654727478072992 0.2759013722682292502064 0.3119609415525037010575
0.3525786509256864653672 0.2458433157734153662322 0.2831287483534534188401 0.269623397541262688204 0.2836208390407392032628
0.3285086153383590668042 0.2979797533439205725614 0.2640086603734230208396 0.2900700198355838921316 0.3210695512054043132544
0.331818659808422677937 0.2978746212550727467949 0.3442067271393892680109 0.3252873195405198702979 0.3067419204476358185474
0.2949321561998656249237 0.3377516786244041946397 0.2898071532526731997059 0.3073850068249187050817 0.2931385337659720979886
0.2867679175890945897365 0.2854637929713763067063 0.3207182561338701165532 0.296210740083964196856 0.3020750204787961412656
0.2838538463146902390832 0.3107935507160691779305 0.2961875340597586725444 0.2850211564823745269415 0.3071316061094294669331
0.3072287967423287247115 0.3489580196060843020334 0.3177287993434252943992 0.3417239543345473307134 0.2694032778554282248074
0.3399596523640314726933 0.2187289195308483591429 0.3320190864841812139474 0.3045628628504317148007 0.3660649230861464098474
0.3440051582226947846088 0.2988411176857249107464 0.318783866173273144895 0.3113372544196001401318 0.355533502969279491257
0.3510441389345568263813 0.2719222246688784427882 0.3158420557333923572862 0.3227372652548147757834 0.3243397608331574089036
0.2990083265239221188558 0.2118510289258072887275 0.340451585914582799397 0.2913621066146661608975 0.2490734925273793143319
0.3230857536447289679593 0.3302022669660104048361 0.3434094349083602337735 0.3098064905883658459729 0.264522423302525344635
0.2872339588063245185978 0.3077490195357976410229 0.3543079005998918118436 0.2747528422350923316131 0.2504985324237126165237
0.3205764407823658568297 0.2804826905475658049838 0.2960287347892909259883 0.3422900790967379758278 0.3442906162145198956104
0.2638036183930762557104 0.2444707572071390666579 0.3116315013144218548646 0.3645252705891000588601 0.3196655340605975004209
0.2814680434383078355687 0.3060778439240104398245 0.2891806648020373571306 0.3644173959643131621711 0.2557919850318596255434
0.239148438947819924616 0.3218604678526799101057 0.279575520015846457067 0.3692209982761349151836 0.2804843594628985692374
0.3309805709959574016032 0.3045149056830876999058 0.277354670507887812736 0.3461373801349409418115 0.3123644634789293772492
0.3149588912272657803548 0.2904074007523449463264 0.298899085972381961529 0.3331852770062844193433 0.2962939073493416342053
0.3526662095252750539487 0.3728321067491223161916 0.342065350102763510165 0.3602684874851188601141 0.3635536758806089951968
0.2794856318065281342022 0.3410182938851982759054 0.2464721572222463852331 0.3146498765293925248265 0.355399323938229261266
0.3535360158507958039387 0.237855948807061318151 0.369875312674005696234 0.3147913323194332368971 0.2958240732807906891999
0.3532714662624236723332 0.3932666369735903222349 0.3663968818645277347734 0.2334816533764259849359 0.3165946617940699758798
0.3005052744881166471025 0.331786975781764748028 0.3158902220862679910418 0.3516630043368345615029 0.3293501856348819423204
0.3050440584385931130917 0.3814776990640357801077 0.3341291017774064564527 0.3106630207345735805724 0.2930607929576998227361
0.350041161019690238998 0.3936048920387560379197 0.3656296339396818417811 0.3197235383180123680091 0.2980603612041985428505
0.2902528207098882817583 0.2931797871228643548314 0.2403199034216617346882 0.3336269154983586004981 0.3342045459279677777076
0.3231263306804369461744 0.3449235228339845860113 0.3660522739125705582452 0.3090088622984891730816 0.3045504870849471412697
0.3098145969075007943871 0.3489029235412603457966 0.3301416655938109734336 0.3396624485192072384621 0.3417140074205228805759
0.2717151484574771846958 0.3435040961445300911059 0.3518329356582514666485 0.3200953666674301589801 0.302579152424824471268
0.3008363037443251286618 0.3257729321381520604106 0.3504543565371232016759 0.3351662417098084656431 0.298054833838348187669
0.3029963587813626069156 0.3007095271714472772828 0.2732681651966036850965 0.3601433481075466125354 0.3284250768210036919292
0.37741830720032260027 0.3187410724900220926337 0.3651481518345641164025 0.3029547948729306994231 0.2935055429190699394226
0.3408534504658863872884 0.3036117993621162969298 0.376193648382066592184 0.2894757374231617386151 0.3610489779199947402155
0.2820161415538522953206 0.3297038689946181211354 0.33516288624321233236 0.3625080498874299617107 0.2891939933951618302288
0.3167533698588604340607 0.3441931089252417419466 0.3318138956448424825574 0.280305831169736119346 0.3191800254873304876213
0.3159138076748706502883 0.315497303690074282212 0.3291963766711794026065 0.3034152160855691504615 0.3431511697778591996055
0.3229497481006379788759 0.2725538023032240131371 0.2958648657249861035901 0.3652088164284886251387 0.3658812305106224904705
0.3254988617931545702433 0.2620151377964246575125 0.2794690361649854737358 0.2949568804058007032154 0.323359848398249549728
0.3282517379320095129991 0.3252644722782004338413 0.3245005009703067488935 0.3003801116368867707429 0.3096201504078695543321
0.3556040634745261663774 0.3695011574165062429032 0.2960909448336578875249 0.3148243822349137688299 0.3288354851610451601296
0.3432352732693105812345 0.2702676532459432623412 0.3394537283629195933976 0.3148588812166355221933 0.3588828185108844381901
0.3950141658545306411199 0.3303978253082932581286 0.3272633737370891915397 0.3034159935989934608891 0.3329838236668949402741
0.3012669230003076070723 0.2998766035385995176732 0.3486915145097629897819 0.2868261839406917590445 0.333949765906168705154
0.3230935474853491862213 0.3284375433245293463003 0.3596543269144678589555 0.3073601757616976626331 0.3472464834133867084276
0.3403228659072927153595 0.3194092045086156517186 0.2809423051596422471476 0.317251971187895664972 0.3470779874389529617851
0.3502860019621575338178 0.3579013414168701889828 0.2636206992522595604633 0.3287358479036601721646 0.3182833616864479409081
0.300188206234104748571 0.3027675637216732940082 0.3534071190742943957552 0.3386893888107425643064 0.3323459898293072423137
0.3083940520461261880492 0.2179586492897444272021 0.3440495643939205372419 0.3667976759921027229971 0.3686818065500139796065
0.3845600959488182923884 0.3323771829275536382475 0.3781941525924764624378 0.2964885062465349441219 0.3559064069420932452381
0.3158332471138612929096 0.33619113920178600452 0.3548095589257977966469 0.3602747905824619789605 0.3367716114240238423072
0.3086644137652542752015 0.3400745312550680909958 0.3245591715724925885311 0.3654159346916335815436 0.2993725039285818900758
0.2805304511160460756436 0.3170160203009416144404 0.3584097374338648944736 0.323513078121201114179 0.3482259832486955253295
0.2936865544563203589412 0.3183426108255560937899 0.3572087446904441132567 0.3151364689620900216838 0.2924124306415802898584
0.4110882343817726103374 0.3400098391890520876935 0.3129011305332156100967 0.2947149646999966399186 0.3159774596725478668091
0.3812830046539653627846 0.369873121240814173305 0.3578071069932434178362 0.3296352831781521608434 0.2937840497372327663861
0.3101066082567560666661 0.2756211509307160412163 0.3507969838964832276496 0.3385668508529883213853 0.3605237717566242006129
0.3018912110380007063348 0.2886116758215770961016 0.353648643470331647265 0.3239812345512244062817 0.353919046452528085478
0.3534471069402402854109 0.2994157849304679985813 0.3054229755169844962026 0.3562301068373403545309 0.3402955261537096154356
0.2523233581893762900172 0.3021056749984992739755 0.3694223068542192289776 0.3177497301089785564088 0.2943739784734505371411
0.2790218340466857349647 0.3575414335694219736261 0.29749356926467873663 0.3568899666740357745631 0.3528035904727888083521
0.2717089913331177664091 0.3513110416681628489499 0.3655189395218803594112 0.3380639525118456778507 0.3210840247791047485926
0.3222569796942136299833 0.3353641543502278166144 0.3297565229453237045654 0.3164720633669254046261 0.3105655674570024227243
0.287100032849067321461 0.3436640770315291248949 0.3526602365009192108225 0.365840801569667750659 0.3136511094396730037204
0.3494022988912961480423 0.3305499927403706683648 0.350621948730127752647 0.3603846092187329985812 0.3115965803685722401717
0.3292446618219966314456 0.3649701020922358485343 0.3661243070869800719791 0.3028766687564289350476 0.3027797848592065910189
0.3261520459661210180613 0.3026654992858807680101 0.3375342494633318812802 0.3460294703949404748755 0.3406909155497624408504
0.3266247924570033767111 0.3136307087515571856429 0.3939622761453883681426 0.3698051706175198849458 0.3428150420470278403329
0.3205800381889450378914 0.382214755490427160467 0.313881096498613398893 0.3271055079068309612289 0.3498649392101333965854
0.3374930112615900923423 0.2748177436452217681229 -0.01546597510511428866242 0.09356150561201938276046 0.01110725182617961805109
-0.1146689449497426682711 0.2115649369442985372469 -0.002358092260919584549905 0.1264012476643546489807 0.1226818958250400076748
-0.03314695890931071420304 0.1995735451568421137125 0.1509400277331046091867 0.2259896450332013750906 -0.0977516641170271954886
0.2069502114024400485359 0.1234763173969029986798 0.05584635770744787730546 0.2596441850157878983296 0.06579786946180654627625
0.1015524903298986730826 0.1705713246709319452776 -0.04257891602808087233578 0.1480243263753770466273 0.001021843390969784035049
0.1854625341047639597303 0.2313794066081101552523 0.0716859459083913214128 0.03211096366497483145519 0.1906232718952990956574
0.2277831936001693258209 0.3127038681751961868294 0.1621006045315349641811 0.2272227216837597318921 0.2044215029414472584168
0.1975188926019235680087 0.1300325949056946595039 0.2491518793125886144235 0.2118761026438116812365 0.2476458400528579739674
0.1544418894696795441224 -0.05039300515147537851135 0.1859214863841305298564 0.2278731912011364713067 0.1648444315596702958171
0.2094756639625065253174 0.1396632914108802692166 0.1849542980536373615319 0.2573245872970688630232 0.1802772366079512245118
0.2254707553567735778266 0.2708100312807507625834 0.2344265901578697353091 0.2295668769549278065423 0.2068301919878239025774
0.1888910903377097882938 0.2361989007544711693942 0.2573125842709185207013 0.2742471229145337918709 0.1735365964488764789486
0.2534373719276551417678 0.2731620975474748358458 0.2705655313953228002788 0.2551341803668327190557 0.1437417328413619077576
0.231284308869195431857 0.2320432475847469255825 0.2111283898067558284506 0.2526753114538685673907 0.2053144856736251466778
0.1745355267206083471621 0.3374520277437583204438 0.2654482966669471366572 0.1941192574868019216083 0.1880284622733093269353
0.2982776785133712249554 0.1726006335385562584506 0.2301662001081702380034 0.2060164773240581170821 0.1175179918695956199359
0.2849484394001831621956 0.1814640173885278817689 0.1995972237938270221758 0.2888145795664598391994 0.1205055735126741717211
0.2686874331442498098355 0.1691876680709577251971 0.1868414506103364403078 0.2639602999770937485913 0.2356085107453790017384
0.301414121135390122852 0.1988482682318144512124 0.2802874399395505755628 0.1918404741220364750909 0.2116247063231868896782
0.266240015357295078946 0.1979174883848216492943 0.3306393927663103804448 0.2743954232369508750011 0.2413414254663882319019
0.2361546507605565281551 0.2763500181933041255355 0.1716548831661202367815 0.2269306809376033240433 0.2101706898187958028057
0.2731727671142908375757 0.2545659055069980913899 0.2997231406654061180994 0.1944906942332166599474 0.2844412243087908187533
0.2878251739640744766291 0.2287108189788278067578 0.2956857968177594164771 0.2440161695232907768105 0.2394169983850676364234
0.3466028381282019177334 0.2411886399334104147396 0.2411081974132185945514 0.1444171026706325966504 0.2450842690255791989085
0.227085268553892383192 0.3107649430770196286034 0.2428044945105483909398 0.246332874574660382061 0.3042400102888361823616
0.2997498733405060677981 0.2450410441671042327538 0.2895993358676797746476 0.1746810772506730002895 0.1937854381263808267732
0.2703436720708293217186 0.2488763881606202432728 0.1701950357234957023067 0.2607757219288482364306 0.2997822798021974044502
0.316335679435570837903 0.3034580320030454414493 0.2247622420516173225025 0.3278514675273844214409 0.3065876264040562348967
0.2221224812590308628213 0.2671762348688309085532 0.2980806544274202662947 0.2457272001508742365061 0.2360200606925659527757
0.2685093513044469748507 0.2762499126334588273046 0.2734689701944991169213 0.1466049930742978069098 0.2431017949791881849197
0.3043235719477978551417 0.3301728396940648013747 0.2612834842536819190961 0.290995802573613737696 0.2630506599554274238528
0.2659199162256890014433 0.2740410438331613018903 0.2830712657803791665323 0.289907834908015138442 0.1933927662781568801442
0.2371267145165666112572 0.2197372592060259921531 0.254029452773555930456 0.2887730425415040436121 0.285843902052535792091
0.2570892611922458992346 0.3181503822703576900288 0.2363229788288103427885 0.2765691185367901150371 0.2361954038990975723866
0.2897371684655012935572 0.3390796882996190420023 0.2512626454247733898129 0.2958567363006001094128 0.2961745336301932485235
0.2942963883859476270644 0.2491361167417090183296 0.2495330820031417817795 0.3000266665017591316555 0.225456058860351499229
0.2400134888649275155537 0.2817882077870741408532 0.2323387421508308070539 0.2708920150967653595053 0.228446049458820577005
0.2831562109616713729388 0.298612963215305560194 0.2095872533282355787421 0.2905707911818594668674 0.3812864218288312123661
0.3100198989793551129779 0.2557497595510461185775 0.2985045237061281220292 0.2300039832918426840891 0.2768014785717931580677
0.2436780911028417762054 0.2628025295062079158548 0.2994462283495904486585 0.2622584295686160582584 0.2788073839227044325995
0.2458980878989858454009 0.2788447949471424269774 0.3520106382783380616353 0.2606457403195082678238 0.2893046896465508721619
0.3206042481525966936218 0.2535613629577644356772 0.3339660244173054404193 0.2189104198513923682512 0.3246858555986646410751
0.2557611924316901541587 0.2933672890411154199342 0.304780803057741078721 0.1708007982233138155603 0.2930842895946103032756
0.2303474927614008460619 0.2650586476363263055411 0.3135499278175353787823 0.2090974618205205803889 0.2455903174575360947696
0.3147197552333446113337 0.2661820342892124435785 0.2770692562738115705123 0.2446769073656129278582 0.2336048112310415425519
0.3164177515005145435723 0.3188065033435487638513 0.1984851520153384230039 0.3039071522336527775288 0.3266930857161592927085
0.3417865825713546357179 0.2820822395209011679285 0.2556266846903004208436 0.2993484289340733184304 0.341015475413057822518
0.3204955333977715925542 0.2786519100871755472149 0.2876314948829234441341 0.2589257563537792905528 0.2250139226356832888865
0.3226492444426709571559 0.2889201522498935359451 0.2572858619003737801201 0.2450913573615123852711 0.3287956733706834944186
0.3275022049850015437578 0.2810753755878436788151 0.2625553745045325348961 0.2910934026593652856896 0.3230261988034853204432
0.2968733026662397911366 0.3092059742128390187332 0.2816542620690919429549 0.3148170386906646855962 0.2303517729905036059979
0.3067014237606990878504 0.2802115893982655148164 0.3539675524341862056232 0.3019466285066520483404 0.1942486408885839843652
0.255680948415653142014 0.3410145811187575981549 0.3559999914584447422428 0.3103213924786151767243 0.3299261052751553680018
0.1838983129843196895337 0.3615316037631533530039 0.2941880788166706395259 0.2643586100232538371735 0.3455320542415435403072
0.2256236890752689461248 0.2927032350814454120247 0.2506834372642504638051 0.2811992788083372829533 0.3297898247720835174235
0.2936261218724923738321 0.3272625114942891988434 0.3314452394507803600909 0.2614835259230930408769 0.3108519447121037004855
0.3314813207820984097829 0.2997289491314815146339 0.2764214942505834327058 0.3284327985414168260547 0.3257918929073877478686
0.2729307074649587883108 0.3308472846068630790484 0.3086021602491950122094 0.3234172509958592178769 0.3166658140122933784433
0.3002893491830162520095 0.3030256468593077179285 0.2471113502904118408576 0.2956245574017609678563 0.3496232802010252327385
0.3178804502320891067768 0.2981269939841745819642 0.3477012475307610928077 0.3135461465786744672535 0.2942074671730625090582
0.300749705975183467821 0.3068457963399772725488 0.2831286348553760379154 0.3149227095545176213776 0.3107017545953922876834
0.2145709785255846824281 0.2956803745121002746643 0.3274595834148105177874 0.3142591224395379079226 0.322525063632008224257
0.3304866851611394928945 0.2495948828921935591652 0.2873173873425448054952 0.2311140746942487722571 0.3030697800012608356113
0.2878311492183696085334 0.2584680653207956368966 0.3639247093544289435307 0.3012314718149119996404 0.338833618569794936537
0.3492964178580856837719 0.3086205334073858219668 0.3206842924996156640738 0.2396907699279837711259 0.3556225038996714826744
0.2939750245947754803133 0.3030176755849187109071 0.2978182032743627027926 0.303418121090043457766 0.2563922942718855346733
0.3147459188333910917734 0.2588153310689789710075 0.3024420915598345360742 0.2973595216347634795362 0.3220517419145724202778
0.3519220741202196411912 0.3427372818098295415012 0.3155119813915435167395 0.2884201801198698067452 0.308018709674984014768
0.3251273330887957113688 0.3413574466078335700736 0.3244386692876161104593 0.3345521605160811096091 0.2744278735936344082447
0.2923724587750497483363 0.2935776970324452950223 0.3032375734195269512128 0.2448917938499652613427 0.3267621012180866313379
0.2916521279262209165317 0.3016302750899187423705 0.3445621201648820797203 0.324628974713586038181 0.305015151795884675856
0.3135191550772491453358 0.271189800631665256514 0.328738154439839447285 0.3550021869908526195303 0.3925882034511297691282
0.3255132838761174984832 0.3290658274288779661099 0.2939305595272330706713 0.2824734926197945972248 0.3239562207878586841403
0.3371131240724102862139 0.2883936093733390215732 0.2453939776436238895396 0.3428444854227040705652 0.3134388902313002267519
0.3276111171904461105697 0.3615770545081775644292 0.3060919566094533195155 0.3107892351769190319999 0.3126540464261463592166
0.2249922355683219576949 0.3124948319132399565667 0.359155312909196500204 0.2797883943148697927228 0.306651736349760783984
0.3353600129064144841351 0.2676281046746077363352 0.3162698764579159327326 0.2979889020060049742433 0.3085077185716612047095
0.2905167879407766773348 0.3707080189120790514323 0.2736423629930703760316 0.297558280489073623265 0.3015388642722520162742
0.2846441673297316343749 0.3154818597942722346872 0.3214652643811214405289 0.2585257984468128933386 0.3208076750724653258828
0.3186912685853371951517 0.21521521024514525533 0.3485004435323399429869 0.314288992258579868988 0.2793230775605002325079
0.3279797997272757004161 0.3101644439281077136883 0.3881994170298054269708 0.2803377198817109117179 0.3069104144048886428919
0.3334266215943160194257 0.3011935701081625005315 0.3011689243399150450742 0.3478534896883130334011 0.3351372766767866107074
0.3649431186414185956934 0.3269351621733463386654 0.3385451045941426095887 0.2516783097136737201716 0.3442561328922252306128
0.2652215373682052512727 0.3147450175744982980852 0.2402484978703666729238 0.2806326147062596088055 0.288692457603815622047
0.3331144037305428518003 0.3311438069003811435209 0.2070538263190083716481 0.2766778603716361084608 0.3561793048788545190675
0.3041691946416728020708 0.3241506135338448890693 0.2960543788311629231913 0.2939898248460767749002 0.3018391580745169999744
0.3127197032237186702375 0.305273241312464360675 0.261087992445967309596 0.31523898782202303126 0.3458832746693489279544
0.3242863526420543540674 0.350047655065559903953 0.3387514894825687239432 0.2985920962934540678901 0.3195777542124423331593
0.2225859369691815525805 0.2716888364269712807797 0.2844398349825404959113 0.331391402370412646583 0.2758833866704872295195
0.2785759965188694398108 0.3213620238378908089416 0.3301517480988412911458 0.3088263585405008337936 0.3662762743608217741453
0.2669818080245022207109 0.3230915273265160259086 0.3493997348586324047659 0.3697632454101575372185 0.3353130035740364278674
0.3192779307502321972656 0.326407244669978224838 0.3359214018048800043381 0.3665789217578871439507 0.3161363330211015010285
0.3359064513144485730756 0.3032878574285567951918 0.3316881321287200035108 0.3774302225282405442996 0.3443677465740345722267
0.3411194800553998818238 0.2973970651691730249233 0.3098227503295507001546 0.327825565444879674093 0.3118469407201675536179
0.326981439571654985965 0.2864812771632850307846 0.3465275657455010871466 0.3418687488464335899607 0.3267573382762060107964
0.35611424901742450011 0.2908712855415897524658 0.3014942072586033194881 0.295134738794213258295 0.3505981096798691520888
0.2705857673516281480808 0.3176670817127807966429 0.3762422315864835664634 0.3460083225285180974495 0.3173919808206108750248
0.2823820625793576066798 0.3345583087036701486205 0.3147459324990546924994 0.3388802336967581818605 0.3190055985190869414225
0.2585886056516081277223 0.3593232186844245168444 0.3322366515577809265025 0.312870695177551227939 0.3512621930174902873389
0.3560309949890968495012 0.3430647713169960866253 0.323943099113951638035 0.358400262264400693013 0.3385319551614709987497
0.356619095439631828004 0.3462665614834611327311 0.2485209391416313695622 0.2739372827416745592721 0.3449263743053689323936
0.3249982657744457381632 0.3822410157962806698251 0.3164764259067069374076 0.3379244916930931319499 0.3252402177771349101043
0.3064264603322187086043 0.314887231636944764368 0.3241374654640282737539 0.2456457064841530146815 0.3014051827596553323474
0.3031110528303048168297 0.3492324483594503869988 0.337542112632974788955 0.3630557974407130905625 0.3224371418204820538556
0.3340360826693040130486 0.3771348782365104845837 0.2895586097101156553002 0.3206523598081875148225 0.3520902432399234949223
0.312418640938502800708 0.307845696652710831831 0.3174921147310664770735 0.3376563928694744642911 0.3921273592032481491998
0.2924474878449165871075 0.3161180580204697720959 0.2888983241420437497737 0.2854793353718212967074 0.3691641402446336761578
0.3086445760283911821098 0.2857406004787347297835 0.3047911546879776834018 0.3049233056389618612414 0.3005838628478758600693
0.3176163317617575754248 0.3076609475187315201339 0.2789526836281877031354 0.3383757500258869899135 0.3024794609702297631948
0.2863659221696491785636 0.3078698378137431634904 0.3060049548750064518643 0.3871524463560995776845 0.2825245624238526542804
0.3197237049499717653767 0.3288485113689639804946 0.3710375830238411554163 0.2836704334332823540521 0.321698394308309876255
0.3115933957660874109585 0.3243668430879236286302 0.3571743095944002743813 0.3138500279857378005843 0.27037698546878385919
0.3383073608063792980793 0.2710819372971543517181 0.3316101376782620846484 0.2787812215182589592466 0.3091168586404295925973
0.3909802998791238048959 0.3093974416011799344339 0.3414137834295558615594 0.3034855522005121541973 0.3445371292633229165503
0.3266869931348609923383 0.3046205928785281624727 0.3444122146720404176179 0.2990633923815062544804 0.3647494423068651792086
0.2906803754284195684399 0.334592919788386289337 0.3593526315279202965058 0.3388045883269045766006 0.3121240538091573091251
0.3637092346156600153328 0.3533934113143860633599 0.3009005196055648534426 0.2911319982954440610534 0.3467853706330068508379
0.2730633377993731958355 0.3794232326882570616178 0.3184236154687228315119 0.3414199537396720995908 0.2903360832086719911516
0.3457747618518022258982 0.3163199031177266196124 0.3259168344232779013225 0.3071978038748455208662 0.3027824868816484382705
0.3115173440132441018413 0.3159329046248833261501 0.3384817303063755167258 0.3586553505580460932123 0.3513777894946955027144
0.288682641790635186041 0.2561670874532048780559 0.3311838209753187323159 0.3396641500434004479203 0.3291785687630134904502
0.3320749093096290183169 0.309054708680486955874 0.2725578586153152849114 0.3540299297808590095471 0.3276536096162653288744
0.3233000189093053200473 0.3296292050848917409844 0.3073455821263293419321 0.3116504220381175471744 0.3497512103618615197931
0.3280332423886814230407 0.3258262332104199798799 0.3013140252780596162197 0.3403597292594757184325 0.2900708102747906469432
0.3172409879056568571265 0.3753933193262000700408 0.3274385776912498990932 0.3701571307754162876158 0.3211523764826883509116
0.3428520697635265568337 0.3299799490550072711414 0.3181810358462223708997 0.3191507748638122698992 0.3129482896617947762508
0.3391566149693583387403 0.3381410674227523505131 0.3005695359181787540415 0.3331533948004382073016 0.3708802138613503385223
0.3034694620690201460889 0.370110557753506597134 0.3656248848000545614845 0.3379733228448466020311 0.3397274704377383214293
0.2278119043674745325401 0.3412899047036730415527 0.3933872186277313498515 0.359411897825770709769 0.3167959676679684144496
0.3288028313989336814949 0.3222492970720479132929 0.3414284756622613103971 0.3272782921913441889217 0.3571227964803292964646
0.3789039414591043319902 0.365709169153243196515 0.3329808525332255686457 0.3187561689848122936652 0.252155952828339358085
0.04824272815354548743505 -0.02821165036967540618029 0.02272626959933862073049 0.1780462492520265838092 -0.08588738511146896958959
0.1615056790403574804582 0.1832081317304899148457 0.2092682246175897597951 0.1115320282646885818867 0.09069591777328353532361
0.1144596255156576647405 0.1139167162888827661282 0.207458967426687485025 0.1626813360817934428493 0.08635403011888041768795
0.1485012336742339289497 0.0917834783450099528368 0.06211843959225857997319 0.02872164424790858705538 0.2336796468126191017589
0.1853742109582907637844 0.1805973265011911188527 0.192953746779638335429 0.1319487662947546324776 0.2835043348447331412743
0.1923285401851925480177 0.07182912351402161166281 0.01896581715879854662665 0.2812806259210583470498 0.2270217468953067696535
-0.008668860591275601851224 0.2768771779407195876566 0.2181746617287020073572 0.08106203053015595405562 0.2390271788453271206709
0.05977585061907746133425 0.2033904279407483250974 0.02649995426672607790053 0.1106815891578169924747 0.1535142907931615896544
0.2414316629083171905634 0.2705369569759183412394 0.2173276852898112510015 0.2035292168300087967125 0.2791411270862844684615
0.1470500642323188389415 0.1801687658632335486963 0.1627515289691839894815 0.2034502715270588846241 0.1857899826189561842682
0.2079072475172671630173 0.3061312523403968977043 0.2835686216909705792411 0.2425066057471326197437 0.2044340180266174533674
0.2548382769799940605893 0.1129305292313651232217 0.2103968919966787420872 0.1705765754642922515938 0.2074326529020920628632
0.2935161695144989368877 0.1875201322333783227059 0.2167335645695048218506 0.2177409562146120913795 0.2407705971171194003766
0.2783290681327290072566 0.2637321534968213865291 0.2575249045041280160362 0.2374823496344079243325 0.3387457592495973779378
0.2081865851043601112202 0.1848762040850001342474 0.1994117299033061896374 0.2229409164719087232953 0.2683560459491677319122
0.1427816587250855806523 0.2720380254170755018883 0.2143508289506699804328 0.2758583428434756013026 0.3201396906235843276001
0.1883644205320847975216 0.1435396973554767252601 0.1239459773191892294486 0.2124044012511700774137 0.2630408154664475861573
0.1447184209213973893338 0.2353242735428748844129 0.2466850360696369870439 0.2752102877157500127048 0.2724855977516848493103
0.1831857723089031775299 0.1882479079200561067342 0.2411809962601681178729 0.1976868965771324815339 0.2282611200337862911169
0.2399948182032052568236 0.2099277515680439964996 0.2576187523368517751088 0.2161229768304730458617 0.2056376390160613576441
0.2335794440228418644701 0.2299753903005578303809 0.168522288670158781887 0.1735288275416893288838 0.2747411829122574089546
0.2384484930811031910824 0.2944966844606954903263 0.2789668786519676202396 0.2847235242218128514757 0.2395396086808558866466
0.2862455784356295329651 0.2080565878485311492874 0.3294417500260417019931 0.2268206227444759526257 0.2822251116610219323633
0.2168440604979826880072 0.2916204473875587677156 0.3053053558758284657948 0.254577716453344204961 0.2882172161900332651996
0.1784075030198946920645 0.2681593519012407944579 0.2798541641648346622873 0.2483158571450644891421 0.2522165522603225795706
0.3449088443475136767091 0.2741378458872177348304 0.2758507046161621789615 0.2700006514098287069281 0.2725090503678399556087
0.2519501171547359197334 0.2347396477296422312442 0.2590560975825380585214 0.2990018735715513353846 0.225790056844579978268
0.2753777450097255607986 0.3057337283781833003893 0.2382196998422244915705 0.1726124792197229473878 0.1819062334676627423757
0.23180748777308607389 0.2720346432905982325678 0.3285118514781655285617 0.2572901637265874175142 0.2888666621927289401839
0.1446538271103662565142 0.2432195863782942168996 0.2762898171962677729141 0.22978240528125831732 0.3422084850226440599918
0.25499568770266850537 0.2180296650431812199855 0.3060622528022072796894 0.2609144209859154406317 0.2948522761748911258373
0.3059872276493445508727 0.1663029853435320504218 0.2137817993079819678393 0.2059456052318461016792 0.273408427625777439296
0.293617734850602274399 0.2488698668163101257456 0.3155035802719148851914 0.3392204095407063690892 0.2290402790335334948235
0.3236896073150354324888 0.2949254333894075208455 0.2447524130869790925935 0.2348628745709644416451 0.2975549420796343991213
0.2478368821728757498413 0.3036791322309355667386 0.2987932464762985684814 0.3326107535524296388019 0.2616266883055377578948
0.2847417677585574735666 0.2912348083044973279243 0.3145339068714625985201 0.3022102255775863666187 0.3346024305820798350197
0.2419851945876037024874 0.2857803192473560849329 0.3215521340368969194223 0.3064557331607627999048 0.2749187967227447737528
0.2297988454921154333199 0.2172533868671747969703 0.2274579680003804560418 0.2488785658928689137337 0.1318067625775357909479
0.2890349957653192136675 0.3106211676358278661603 0.2903499930256581706978 0.2464294117800604755342 0.2992585002888857870218
0.3126614358916707248071 0.2247446421435216057372 0.1978476640744722403475 0.2764892385456618195683 0.2788334521424059575523
0.2730379038104129851838 0.3329213736339013407495 0.3208823891736631850335 0.3196002504333572691309 0.3069214528483346637877
0.3262694018951106111892 0.2552074847101274968075 0.3073433308954769960231 0.3429191048835668609307 0.2916748284435902727196
0.3514939804567501213661 0.2757001212294209469 0.3029813640483027259442 0.2208064784287974979815 0.300498026101522375253
0.3626715101716412870125 0.3115241817383017641774 0.3296286499842295270035 0.2574560387197655231262 0.2823610319534459733859
0.2126937406371085248491 0.295539771147534380269 0.2527562564583323290179 0.2648015211388289880112 0.2704067935590372395716
0.332735309546369650846 0.2528326470122977398525 0.3357779982399372031843 0.1777131675133991339788 0.3342264463580189026715
0.2774065417363493768477 0.3228978862160957752359 0.2958113319063372381734 0.302741663312471986913 0.2692984073172601244828
0.283007070197488164176 0.3179135358176207182268 0.2820181567883653928064 0.3433990626465658335675 0.2639352074487997801278
0.33005295027916892181 0.3131971214387108126687 0.2890421766444762341486 0.2782056563681370442431 0.2609829344654645555401
0.2792461599693649709764 0.3493387887376044331766 0.2813443176144766466606 0.3590838570277786745422 0.3458220203352996291457
0.2381138892009342089562 0.3524310050813034833617 0.3138416736142535801157 0.2902622464445788752485 0.2489200392719596033331
0.3254492412475307738795 0.2876613241816316501875 0.314615045077504873472 0.3034487595276947891065 0.2629447577290505710934
0.2777277027768947914588 0.2551355015277914639604 0.333665131102339085345 0.2876970357036268688411 0.3329930512443687318225
0.2886475188431238403375 0.3540074186256668697936 0.2641895118616195969885 0.318733673194799227435 0.2412040302131644442518
0.3775664628035914072157 0.3528267065848794126204 0.2720220097453282526168 0.3287416421080451289782 0.3146739623692387799458
0.3456829066454601973035 0.3027469052080432043716 0.2786956572018373101685 0.3054101943855535572503 0.3316738235058123707155
0.3008636086362393435856 0.3007381892925631294844 0.3667444537038611618307 0.2920518675375401995709 0.346858152151560739096
0.3116624077660651859212 0.2750649416476849129509 0.2405865968768685081436 0.2247018137745302734931 0.2736087442733758923197
0.3166326402159115871449 0.2541300744457000715393 0.3349160881009344836734 0.2661486328652546973217 0.1781515360832625072263
0.2432914861552193386274 0.3342616781559337724161 0.2657635316520591262091 0.3218022614725185026607 0.3570792662049024901449
0.3482333820452068740003 0.2873117975902473308913 0.3282397548381824625707 0.3292040029332009565266 0.2477009314295187114574
0.3081131066759386083476 0.3627212785919955995162 0.3031973784165069574215 0.325347005066395023043 0.2922343482351682508735
0.2705655459768027126799 0.3562899844576399299712 0.3210877897996592955643 0.3210718632989765786157 0.2573249208407232813123
0.2710474326999140481931 0.2753945075033125688968 0.3212304277572098909488 0.3181176687689390991665 0.2487118499721915898526
0.2983831849175205275237 0.329821077286968800113 0.3109566084322092360814 0.3045798897939035465576 0.3399899674027176965652
0.2986510907994122665521 0.3286778298532520015129 0.3513586787582079762338 0.2803276265685356594126 0.2960539203277679498605
0.3072319840736534857228 0.2882364913178468990296 0.2801255822372589743274 0.3068095480817069065083 0.3127576260907654059906
0.3479975776441787127524 0.3317030247574626056206 0.2961633227580854343941 0.2921154179014866514308 0.2950005965266929708335
0.3385384973027925625821 0.2705900207760908449117 0.3542306355818801710811 0.3252002629556213775253 0.3028181986541881864916
0.2601208140678876734597 0.2837070003617056523915 0.349454776644167908195 0.293267832203021938664 0.2801234067740149824566
0.3397786206510562401206 0.3700302763209642464837 0.3300681898043548168076 0.3968343572967427679288 0.2862111074753971862172
0.2271335688284835951922 0.3278356601076732879108 0.3435756941802804997899 0.2362020592092279325236 0.2488640870874336552543
0.3396108531780085981744 0.254725162967368079503 0.3547346295107076108444 0.3231922293761247400035 0.2905868439553528914665
0.3102032320195534653706 0.2758262198132111486792 0.3481355373951250387066 0.3117839749346846822675 0.2494215167847491365638
0.2935981734749006366592 0.3027886079999816959507 0.3640478686317088485858 0.3463923566165785783433 0.3480021444673028763184
0.3165633776844851698939 0.3128556133621589463445 0.3328241318481112709371 0.3280077859139094997865 0.2980317094370565911277
0.3408254299109695351078 0.3012027437872006330188 0.2930110948753359978447 0.350691579310632661759 0.2750565032903269924169
0.3003594022030966481651 0.329114054619132456736 0.3344762977071393250661 0.3216029561721257534757 0.3304509730871577066758
0.3308859421416338597588 0.3650628822427124386962 0.2803818365642685161987 0.340983635373997173712 0.3289644499707020663948
0.3533444980576513350101 0.2730496549649759630007 0.3187539591430443852715 0.3227787902857132684709 0.3366629711973673777514
0.3056770237519279564964 0.3197639767811851219115 0.2833888638341984234081 0.3384966073204291880927 0.3145994816684886119518
0.3637611548309031550552 0.3369150383453402008982 0.3391158303966895770643 0.3057566797987764095623 0.3528387929462731276153
0.3259518378818132000596 0.3060583006869396216487 0.2808551591147670500881 0.3134738178497146199319 0.3324742164426938151323
0.3243544761241978213739 0.300340761733083994045 0.3214478026844363456327 0.3035193808653181557489 0.3088767951262637589949
0.294454548435614249513 0.2780628091645260813181 0.3356815766954470703354 0.3096938850329203352096 0.2899557675280601265477
0.3456543004249089667823 0.3058522803957752778103 0.3060857068693881855026 0.3228345797128211458471 0.2750146092571917888492
0.3475686292567451429747 0.3675273495524307154625 0.3172850948784036173578 0.3388442453486175121036 0.3049791597859344283172
0.2986071774174627324605 0.2951872450797896618724 0.3015087772067898685968 0.2621043207933133056819 0.3157977584507264401381
0.3176603459748703617294 0.2411143153152141005435 0.3446064318658062508582 0.3625712711491719808521 0.3143207251565139359606
0.287224726545651565246 0.3691605403669440121917 0.3571877701872473998002 0.3343689951070898391805 0.279190565182297067981
0.3082296191425812903475 0.3303648616797967285663 0.3766950189986216779303 0.3223387752270311379377 0.3339133425442848412956
0.3219293800504828273468 0.3330050435398463348768 0.3099906404339210497234 0.2640941237089896032053 0.314353597751228841517
0.3172411469154315932784 0.3849219065241564208257 0.3174013998119437074408 0.345090420334040304251 0.2616176832951315756048
0.325058954869094807183 0.2933697698843550916159 0.2811858884664867885839 0.3377892311911981915173 0.3493305321238588390109
0.2839687793278287686327 0.3308052029935277249528 0.314924250077048273333 0.3075957809205661641627 0.3422841796637786648816
0.3769993584553637533396 0.3452477238567917550149 0.3499316861834362857309 0.3164886266852672269678 0.3162538297942643072957
0.2748924898659482751739 0.3014358166796263782672 0.3658881268510567053021 0.3455844250733048905744 0.3535346854104715053069
0.3137296001564717773391 0.3530558611389353340648 0.2954146532860541518595 0.3069626917207870508975 0.3042152991855445742786
0.350166889894432620256 0.2749438993819053322909 0.2716163525530639888395 0.3595757791750947007792 0.3534411835211340169316
0.3275380846397792922176 0.3336360792219901783007 0.3465483238716632885534 0.2775373881868634096115 0.3436702975343003951814
0.2965671138427403707993 0.3424852353382955572059 0.3129309899692885865718 0.2707840322418321732378 0.3509542415419882877003
0.362370252472104303898 0.3581634611721164485054 0.3537337882803797683984 0.2848991223966025332359 0.3021875509292987205257
0.2978652643277192035853 0.3358232168319977284376 0.303387472567054061745 0.3659183416230731289431 0.3469192459915955706329
0.3111189672815099505065 0.2616487641173578793108 0.2704211478588518513533 0.2965293685756682506849 0.2866789495369260754032
0.3304322374195824418841 0.3531216709237634532315 0.2886928294298142794183 0.3241521235696180336383 0.2849356102174352978196
0.3199545686344447137373 0.333663565051244892512 0.351411324199624175435 0.3105154229612069882727 0.3398799027491109514543
0.3461751296129486066278 0.340337583805404852999 0.3711259841661919689493 0.3233228710614362011455 0.2485994152782312616168
0.3435324936926637540147 0.3493441583851928933235 0.3321311763825457452626 0.3563289032785890708688 0.2830454162110931370933
0.3631392067672553625179 0.3722083412482170006186 0.3408705019722107487645 0.338124964030661168124 0.3308701539229697563549
0.3272677676417877212778 0.3409182687034562619921 0.3076442699423788118551 0.3347393728782765975893 0.2933885029412513500979
0.3149241566306582584822 0.3137900186896334098208 0.3284890997529120726384 0.3312127157115020703593 0.333261330842226088933
0.3242643176362534629398 0.282640041401867325721 0.3405224519537745075937 0.2611772795930851209789 0.3654192654979983023722
0.340106651889699573843 0.3118878891281245957501 0.3188345116864981787508 0.3365073898340161240306 0.3438137914820105223157
0.3154465169043864647413 0.3341670880672366061859 0.3607864781826877753623 0.3609071193267537891458 0.3239871405134314708008
0.3486662348055850069173 0.2653064272073000218199 0.3869060024051183543925 0.327950085524044032681 0.2903081453899524766449
0.323412663645523346112 0.3689996968829359902386 0.350179848092310785912 0.3423738476595663549062 0.357146332920499687269
0.3440866375402429899744 0.2981421787393873090721 0.3343197274853403344608 0.3587589512058170782005 0.3252373014635042691722
0.3302412797541982580896 0.3000207497970538983445 0.3869075392469134566653 0.299171647718256106252 0.323669555486636062458
0.3471085445193504148698 0.3542470759680001468617 0.3027360357447561600708 0.3195530047272630014277 0.325894974599667042181
0.3383877738834244475186 0.3166858853139179474923 0.3734280295878930622244 0.3541559086256892974198 0.382970536740808054077
0.3733352716086207334634 0.3135830256980466357319 0.3555940730889788903291 0.3216749273603338732386 0.3190428770639542888077
0.3285438858880675438989 0.2630928791967199753543 0.3317736658128094817677 0.3679445293283651885474 0.3006845376092598942641
0.3239462788231963763508 0.3562385274145890567965 0.3335438252681122150989 0.3464095830591030766854 0.3385190539420709909813
0.3545171683968162401612 0.3276464271245186909987 0.3388903154093320657658 0.2885507785076475983921 0.3671607658203319135559
0.3539007568206473108852 0.3238606022732375411266 0.3512783614787004515811 0.3702700887141575081252 0.3071053652557422242175
0.3298759200629743371103 0.3304723070560658393369 0.3363747653299432038843 0.3413872719329936189503 0.3088155935015107766972
0.3276848794176177581683 0.3773857702367888755646 0.3064885357964192702518 0.2793211427339074015563 0.3905767343829927296106
0.3061016668398130469164 0.3796229848126721484469 0.3184820395561951400509 0.3759212783611887154223 0.3087485334161310102097
0.2920927942496663320959 0.2928032844585704563833 0.3103203396334637820253 0.345750335325952284915 0.3803751877607209896937
0.3684732272470922498364 0.3455009695087176146977 0.3234890485230068613021 0.3125056145366462700963 0.3455221893289514012437
0.3422085401007047833488 0.1620423236993971116693 -0.06275530839080216416459 0.05022505436168077375125 0.1643328368987037046978
0.09469277941925724473293 0.1352601786286126150927 -0.02524394903774518361672 0.1503816803849247762948 0.1582893944530577579055
-0.03604589261389264803759 0.2376895774895533830495 0.04134964702786000229073 0.03924054300349720525443 0.2306165344907767922322
0.1598855471255127003172 0.2219541220999157460358 0.07863620826260547813646 0.2964990653251292629378 0.1433136714380577325656
0.1649677961695966144084 0.1108211376971536266112 0.1906774852674401610209 0.1145527544129299191145 0.1913352752813954338329
0.008033894101765927039938 0.1928248698847579989391 0.04412273392626184231879 0.005293265479143041338239 0.2176733003478504013817
0.2639685605659933265166 0.07267561597799809813836 0.05259232095916691052118 0.06211236037187747860422 0.1743208345631786226893
0.2301169731444676347376 0.2033970099157767497111 0.1559272548269577396418 0.1497492136071243984397 0.2789543559728102084527
0.1616951957059153399676 0.1420066854170569659033 0.2107782835289068734674 0.2837665405000963092519 0.257967143529446052419
0.2182443828794415341399 0.1549947429486176475599 0.2575373850624242955121 -0.02973212658463705859724 0.2435066769303079470266
0.1974326898738266999889 0.1151244866805757882666 0.1331133652028637648357 0.1674736452157341015656 0.2184898089074184257541
0.1743372819377181359712 0.1557914363427582160604 0.2731176130408984326081 0.1665473776044955056541 0.184807247718765638167
0.1841757645403565846198 0.2089273586791013381792 0.2027325911090718246754 0.1655957884781694144927 0.1768582314916749831379
0.2190319943268870528374 0.1578586295565732322554 0.2145720821920204524069 0.2858925883149655566839 0.1795858592736456482708
0.2987768537591096174033 0.09948315215304373571037 0.3531947048659906940316 0.1365015245198653859315 0.2597445377544636557765
0.1099072871920591804029 0.2617907655693562651855 0.1501906928250555939286 0.1962214308159284381627 0.2821442455976860275157
0.2799297862034769157624 0.2692891986012512783866 0.3069577051857318994443 0.1564765257028827849517 0.2311011986212445912248
0.2895834485524254597877 0.2602393240375691640942 0.3039838956222644106298 0.2535451855972449264343 0.2266574949215398593338
0.2127426497378964997953 0.1592257374387416879458 0.1995470529820511373931 0.1610832947183006846892 0.3211252662357981790819
0.2340626887287097224188 0.280573477658538683599 0.1980399207840227993049 0.3082525339616078441374 0.2523559515776482853333
0.1641745370384744551195 0.2500611588936778595382 0.2654762660501761017962 0.210075541477630634013 0.2588098314703138891346
0.1853475769571875653163 0.271460833314792704396 0.3042563200041977222732 0.1894935606287564411332 0.2768909900444227467631
0.2328730037978879174876 0.2561207635995606524126 0.26857830326250975439 0.2570142610495581014796 0.2738331982964362087962
0.2983420631022890012751 0.2685788616538464235184 0.3117213577965553539251 0.162435805117320447577 0.2510200231495036682361
0.2893126455504026472987 0.2595019609043761055212 0.2801654278801569697421 0.221888504120206442316 0.2421233820389068480683
0.2863705322794078411697 0.1930170457500620939673 0.2211733178059822890749 0.2145105384171571982765 0.1938749558522422089535
0.2418155626435272709251 0.2005566380775259949232 0.2486466355091476454486 0.3289998302266022300877 0.2301536542131170925973
0.2737111941851235186185 0.2257257994284223301396 0.2349236960455661493707 0.325526869781480210353 0.3158285996394154526712
0.3455239328999902270745 0.2757859816756021431594 0.2851114977925439109008 0.2497105931277642243415 0.2762948537523275960304
0.2244538247798469055017 0.3617031848542764937982 0.282858390186133734634 0.325120406460848609953 0.2262254125612803146161
0.2532104305964908430582 0.2295149531248450169851 0.2659543657337956057418 0.2812239779215071622254 0.3162125030611987464013
0.3219131885308919027722 0.2864436582040668644034 0.2036290731895246952643 0.2942853059282014016595 0.2846627275447397020791
0.2893116059617629187706 0.221824540609192627505 0.2493089584742943787266 0.2652089889106095665916 0.2515641879070220077175
0.2055905544407402030238 0.2572386970256783089717 0.2444602433527680862557 0.2988993436189313346318 0.2946751422577014167814
0.3034222611527070401216 0.2863183257561836558835 0.3308758148219524408695 0.3169280378052921620657 0.3391232072407277531312
0.2834584604226408344196 0.3677940092936666793833 0.2660395161172561806495 0.3101231847185708101478 0.2432191260683171651902
0.2584026756652947898196 0.2235700245199984670386 0.2338324104348717402679 0.2705846621010458141754 0.2693231276890031833382
0.2789223849487432183025 0.3124536044140399648761 0.2271764337406674827413 0.2594290740875794809561 0.2985641198719250488658
0.2077634772007233288083 0.2977694301957171107986 0.291085214540207082301 0.2766432654788149592129 0.2844447390294180810777
0.2714163619150003481373 0.2627873843678061316353 0.2382264336966240791948 0.2458414396923389033667 0.2701370600404511823633
0.2675296699770269293062 0.2774473548748891960081 0.2453104263368920123778 0.2828261408390593256712 0.1754302733734342811811
0.278330548636819108399 0.2990397212302468021861 0.2208139836659670229846 0.2706689605509977614162 0.2273075723310512552544
0.3325485188637146150015 0.2913395593034991404302 0.232816979921294214817 0.2914396077331457002302 0.3175352056001964906606
0.2920899872348319825655 0.3136571002576504230142 0.2813017737868352408093 0.178754940728778816128 0.1979958992557060704076
0.2838334983843569525597 0.2244898070624577468557 0.2647883952979648292114 0.2635282812312220168671 0.3341055537978476763783
0.3416746782815136551648 0.3051890202102479632273 0.2743192522662649124321 0.3033712526696020761463 0.2979542503139264719714
0.2453505486233965582343 0.3546607713176910259278 0.3412491443006619995515 0.2939013199743225612792 0.3237781973923933853676
0.3263666535749705222003 0.3580310762239057309486 0.3296049183422710138203 0.2829699177275338817239 0.2493276343743888456839
0.2980674879072190419649 0.2282082439316450994671 0.27560258219083116904 0.3153589341343521756933 0.2481912931629262908384
0.3520014301033733139512 0.2815822534161584456136 0.2103144765603087995576 0.2838798901704283617065 0.2556676799729665217065
0.3104431682931726999009 0.3190125091894618347688 0.3270220407184689648261 0.3194702035911273219071 0.3932022852741115515052
0.3076278275334692335896 0.2930278991376267794244 0.2119304480363009557387 0.2751766838258214997737 0.2847348402275151069141
0.3478093286118811855445 0.2743467306558298179908 0.1975031235147867159085 0.3118830039021524558329 0.273868596211245041161
0.3618613808872571113717 0.2930504521865089362365 0.315772724138569937935 0.2104168970569787744385 0.3383738130147159739458
0.3356704808775640147545 0.3091496523481761515839 0.3611848809597796861048 0.303296263909459462571 0.3509734326856678854334
0.3130975300650069570452 0.2653852517755711515335 0.2611681352038377479374 0.3455988069831879005989 0.2820441644672463943344
0.2553730724439276511539 0.3085607119280286969598 0.2040057517038609824489 0.2751593867836263918036 0.2328066249445770730109
0.2522528437271460144409 0.257146231110823353383 0.32961027275919224655 0.2883340006645139230734 0.3075700445898618684559
0.2805138268971945070263 0.2945270225708319089541 0.3006403344898864182788 0.2935251907648689928543 0.2966846450603297102866
0.2714190282644247109722 0.3404752102463530216703 0.3342830448481298732943 0.2893781922805106487928 0.2930858160693955993814
0.2906495238576943807018 0.2616422647999241402061 0.285785052801291683533 0.3202322832046167744302 0.3278533095318004741969
0.3129525117496853581223 0.331302449846584579074 0.2470479417869642368988 0.3120140229931195330337 0.3340483533719291742159
0.3106333025219418231266 0.2683881531592615110604 0.3166777533262882249332 0.3075956618442085011011 0.3121007918718979867734
0.2560284427719493050013 0.307440761351549796121 0.3703696405831968241351 0.3755245629453063949121 0.2058697052365663637818
0.3413333859669543945969 0.32970413240482765449 0.3248101579586856191284 0.2944789686565133512985 0.359798209147707548361
0.2643995600181413552221 0.3172610477736095280221 0.2951874881282389728732 0.3521814153627242927058 0.3244399715232352265915
0.2663798638479155656 0.287593533072283302765 0.3304586413581755421909 0.3031250847969217954159 0.2808393038047413692304
0.3570758135235774233252 0.2684372062948250925452 0.3264888696617933572242 0.3037681751777691618877 0.2918228735810847740417
0.2895479820300593254423 0.3116135202155049244155 0.2943436768110051504621 0.3353424330234162642483 0.3072285943320354206776
0.3187551325064291174449 0.2865239124323725183885 0.3168016703818802293213 0.2863302079496334862085 0.383262447086695101639
0.2791607916084783980182 0.3131807839027983542124 0.3184921764517237297021 0.3295217806250809178259 0.305003065372920045828
0.2899827037718772926311 0.3530783011734056064945 0.3599987965056967165189 0.3398370182243762860352 0.3476269725857364378818
0.287136788975536794144 0.328026676084631374497 0.2851674537877193493784 0.3199841005799139992405 0.3262322287823553601527
0.2770284004570346958474 0.3660478987440963227762 0.3179302336533141315478 0.2895442842059986476855 0.4015250488840084175379
0.2479512004447512185656 0.2535508841872272101092 0.3143042117461951612256 0.2946685213917423773466 0.3483213312660650706754
0.3024332550483395665175 0.3553473943089276443352 0.389883817049604675109 0.3469050181440673230604 0.3017729716328543809745
0.3111028720533035030194 0.3457940368495658334247 0.3225967007516387652366 0.2921920325212013502814 0.3030881013223690190195
0.300015851395531940593 0.2992071588140755578067 0.3444672607363271632508 0.3200316015862905705269 0.3279997414286581758347
0.261414789191849961103 0.3207890614254075289935 0.2687729268577527252937 0.3741855280863018995419 0.3147710168908174344082
0.3173184914380923760113 0.3180632917134979531504 0.3088112861564347166876 0.2986785967448719603112 0.3189858181023429439804
0.3013133853662484651359 0.3572898944638221996328 0.3296772135272188486432 0.3110223099715898609219 0.3279232758540658321245
0.2549877050828994740073 0.3413628369449244193135 0.3556074106971530146559 0.29334965700213050388 0.2857958164116728427828
0.3003869792394955329229 0.2403085306375793706035 0.3543262330071917931562 0.2688672555340088643483 0.3533850742879252604389
0.3191671822113593681713 0.330165709779515370581 0.3323642594079522227801 0.2741947409756586573337 0.3443229783390100440243
0.3249475233108088390033 0.3270748298360298678134 0.3191706086523913854514 0.3110676052621448861579 0.2843811110507307726714
0.2930374791891353636331 0.2869367902106347290037 0.2855414042101330762691 0.3777705586059385556297 0.3370441252405860788066
0.3329410320631481789988 0.3219351667860095300711 0.2686321714141766681117 0.3180350214337837599921 0.2838038088029401495582
0.321728529154148790159 0.3388776122611510954741 0.340993481572481382802 0.3254118305515399378613 0.38307481491732697787
0.3210352589138639189947 0.3346042127036382707317 0.3989161097039576331369 0.3280316035135933394606 0.3020812531459881600249
0.2678335577606411610496 0.2406734832165230431045 0.328357390627938561245 0.3215005462419556758746 0.3507260519515780772259
0.3509405429710115709163 0.2881242567163451173684 0.3517657475374701969706 0.3446624458229228249451 0.3151566062674488466477
0.3047491328703225699215 0.2825593901724489098726 0.3715246411687938565827 0.3720831658169657107926 0.3485810838404319600414
0.3187546045093266333659 0.311186723825004174504 0.3135754920481920171582 0.3133742712402504682068 0.2944245130149565903288
0.3386262347823639218269 0.2799948415497846010425 0.2679392475892239389168 0.3059818158298461820976 0.4013173525050966472527
0.3302498291823628973063 0.3111547930261203132041 0.2917303870416513289499 0.2482854893185489353336 0.314534215649968917905
0.2569072276949589395123 0.3300695396944486881274 0.3282870987260321227197 0.2466588829136357186034 0.3172099705209275866125
0.3191094650418819234083 0.2937376806666039952276 0.2903530688458939579277 0.3142003944653404268195 0.316586287568738855569
0.2812307271430554700409 0.2637763658646863906831 0.3101002344822421652459 0.3107777672792554901626 0.3160879413483774214022
0.335413539018919626411 0.3277669791390177000956 0.3275258777244926533534 0.3232517043814838175741 0.380303327912731803373
0.2955756756851034006139 0.3060454816119654308793 0.3253953811006430330011 0.3190379018259960064441 0.3644126672601868399681
0.3130895722687740967416 0.3555411977818588864508 0.3039836949978934610428 0.3218902564005620692278 0.3417016943278706198051
0.3125892836207770364432 0.338227748602651090426 0.3245859734682696173813 0.3219980798856554304876 0.2758270396619877384836
0.3216809590199891100148 0.3265942070250663076258 0.3058328397046746194299 0.3513163625215038887717 0.2849160781316909529792
0.3338436736717421693399 0.3441939366569003455609 0.3773625505509422550787 0.3096786226206699188523 0.2858401815155277025937
0.3419711855481298856674 0.3974920785419902014013 0.3432851382568575804299 0.3043333755331645296138 0.3452828433130870067203
0.3073886957305830280873 0.3307103965842808634967 0.3592895635670392828764 0.3415755826312383836019 0.3014487017941408497634
0.292857443983949750077 0.281369966467647392161 0.309317506504649952781 0.3459415608593719437813 0.3346518442010158467248
0.3225670525106772990043 0.3156384418529029067813 0.3528543453245339134305 0.3044700144810587039146 0.3400393988902246644734
0.3507125407976952602418 0.2547239636046881305909 0.3308116752514390634943 0.3555563461034473848876 0.3359535749789839265134
0.3125311581211122624602 0.3188892113138074857481 0.3307301273236387118004 0.3337791011262642437707 0.2906928138605462952349
0.2882880911249736666235 0.3045746736227035733613 0.330623945172822453209 0.346036420189013038673 0.3386120668354268836708
0.3608680945591599131816 0.3616274053558877210612 0.3151773611250376361248 0.3493754732646682237274 0.3636093270870013882679
0.3069435403048021981931 0.3152663580668392251383 0.3620087865742038779615 0.3647339165802541138817 0.3026586790498493884094
0.3345792470229373982704 0.2768258139389156435861 0.3634145757761590989077 0.3722590591982373187108 0.3908425157676218564262
0.3071739016781199760331 0.3098876492322405473701 0.3176253706747635408014 0.3717030456810413996394 0.3779064710540030458397
0.3264982509522790787848 0.36601512832831406552 0.3317205269976926107489 0.3081734745073539949445 0.3649068203648241359716
0.2516382206744200988879 0.3677258130687863224573 0.366846071378235938365 0.2981768482980901024959 0.3137744808264338325365
0.3252539826818017787424 0.3327671636778087860264 0.3659977225997999572549 0.3249242971779754962647 0.3458019152838771037572
0.3310592184546535809986 0.2980249895142992322405 0.3628146723080316604637 0.3659922179324610613804 0.3428857086822638122747
0.2925153072193144576651 0.3520223758590519391731 0.3184748190887915497704 0.3452138885336363816059 0.3631245031631467057309
0.3492727602654390750558 0.3218008288785214610073 0.3366673815592512997164 0.375327510828246835306 0.3275717650508804257292
0.308920745225025161762 0.3104158801160367686656 0.3320780748867703802141 0.3336167206635309856466 0.271138307515631171718
0.2624221200049451363512 0.3566881579592686146718 0.3478187526997655876215 0.3392384614376087181853 0.321715586989103019544
0.3126745413212315694018 0.3710066182360441389143 0.3790108815084227145142 0.3324498586582838033365 0.3447088162768069952158
0.3243149365770465752945 0.3523074505021768221269 0.2586185145988255107419 0.3009012206595652605401 0.3192996140893437084785
0.2835163997642475841587 0.3369216110627503701913 0.3328998958723652368263 0.3507900502896414418608 0.3137134327470365580126
0.3395889181190919203779 0.3173612598121105521365 0.3789772162896131169063 0.3419968314573704759596 0.3395977539568340586307
0.3303113347674666022691 0.3448187692498677625608 0.3077427138234484771395 0.3280232956529872123674 0.3602559594432882539294
0.3147335257773644090484 0.366335875078860118137 0.3359831417447260992759 0.3131554593014731491252 0.3430909746785993919005
0.3265537027015452120615 0.3608709691064980185082 0.2940530661202194750992 0.3591588166837889617433 0.3000126933895356784454
0.3009078490208089151636 0.31702439482097044543 0.333506772817251995189 0.007517920963609984325027 -0.2139910152743442206535
0.09601841731732600748739 0.177399883365850025152 -0.00387152899727471848379 0.1512289191407731325789 0.005579504528001205145016
0.07446323697951393039141 -0.02508897513731171355356 -0.01837247492583157781887 0.09060479836097790062865 0.1153818459231151505318
0.1756321950816089605407 0.1298049406688755458283 0.1500857044616903668288 0.1348690267375261819804 -0.03864447897003585319364
0.1869256249742859976593 0.2179420563532938337481 0.1086924381200636835487 0.1712472403995244640829 0.234961752078754859685
0.09325867914876455333495 0.2329189239524228904887 0.1566657140558868066549 0.2061867513703046494999 0.2377280252205400956633
0.2072777867963155606912 0.2534944391046243250543 0.2128159807416682425263 0.249523746050287043019 0.03893540340235784880107
0.182263429556220324379 0.1284967266103732019822 0.08887361585116561324416 0.2311232593382510358548 0.1313985527550994014678
0.02863956413136818646148 0.1854857676865650506492 0.2767020302182524038592 0.2165781558478946933199 0.2097407847024135574276
0.1855065238781266334644 0.2562080733812970856356 0.1936990801768783687642 0.256806453813317125956 0.2569151568011761033183
0.1511982906181817964963 0.2259688272537189734912 0.2221567592831217574645 0.2305463219666561425214 0.1714958100398446538826
0.2741103528353415197394 0.1525034618366477023876 0.3135157267249465418146 0.2053696647347550974239 0.148018336856063442708
0.1954825357011344133529 0.05520070568353974832521 0.2768314986806177380174 0.08119796099634049579841 0.2778447739734748456186
0.2299658969042670253469 0.2847876827541785949016 0.2592449346701298229512 0.1309118193019205567129 0.215285993720013640873
0.2801512065248907279447 0.2639933368019508619362 0.3222132751644116166467 0.2247335534770564802187 0.09869223279934598302976
0.2547093917528429063424 0.2664528221241677097275 0.1771727644113640642853 0.1575149512147513419791 0.2781871724033588844094
0.2445391905835938017866 0.1862554936241500036509 0.2531443927129017334998 0.2377755661360130001736 0.2916090053268480253301
0.2047033393863318395667 0.178321186750873189597 0.2149390087499972179508 0.2326487658134598623949 0.2194492224034421956613
0.2236548668196651767914 0.08699799768442198488749 0.2584386497426598983118 0.2717693620189615133498 0.2611784980377475084978
0.2595782756398815060983 0.2519758755309473574613 0.3066507362367988376306 0.08874975226504192016286 0.2808236207583961752121
0.2638133219572861842828 0.1968976503969165348096 0.3356369348846940936504 0.2117067137092223105821 0.295556095739949564738
0.2287176217501634412077 0.2636839914756879954538 0.159932084231214882708 0.2331453869953120927594 0.2420384657319454291269
0.2439685670541085205087 0.2407393687356484401896 0.2504122922659519079325 0.2133299804593722093227 0.2676683044849721415659
0.1413096353180149644668 0.1853282756311099843671 0.2460726322031852875138 0.1968373887452393722342 0.3137352676326148337438
0.3289467059257057957034 0.2866424923756837328526 0.2796337797108598977047 0.1756506963366718521158 0.2100912054396155415059
0.2277093713173447830922 0.2694418397492693295625 0.2630619304288219773014 0.2520240979420657612131 0.1934665499525090592847
0.2751018833476859271059 0.2670079142371083458229 0.1790775162746966464589 0.2694973717678719737911 0.3006379294047925587741
0.2575110954122102335795 0.2848855832811222343892 0.2513573550115259513937 0.2633395220338350384282 0.3221960713718580726628
0.263421613113921038174 0.2555034360002926274724 0.2530545954545159181848 0.3100566453702740532528 0.1970322137183178057285
0.232441266967012838407 0.2910249322505299995889 0.2757709573668485902864 0.2320228130066169514034 0.2401041666494053150593
0.2988084852319570772217 0.2147472340488990882879 0.2346384165654039066773 0.251718172201667866883 0.3280426395293556396382
0.2863319039391474252199 0.2913083717551586127037 0.1831789218112851447273 0.2250881855863986757971 0.3091201136340552269033
0.3586534930575293600441 0.21449983346388573624 0.3168596873349176501478 0.2005064335373002160079 0.2941066567901629014159
0.2624271380568293787761 0.2564523281249199149201 0.2666905860172976705513 0.3090796362784103412658 0.2382523724363722616992
0.2815772438252091003363 0.3342557466161368284752 0.2947667483547470324012 0.2475097592974454530079 0.2384731195122850866408
0.2553843895360262128413 0.3152553404185354790634 0.1744426927365887169952 0.2885958639043882945074 0.2896277183747796857283
0.2222383366499384171888 0.2935596451470819379104 0.3235559235989086124263 0.3099196749722518129389 0.245025779740798033135
0.2464822110127948551206 0.2885865754316671583091 0.292821771609428349592 0.3381468404576417619012 0.2825565490652170441699
0.3257372257269390281031 0.3213767864567850796043 0.3145104855137937360787 0.2207560036161003436117 0.3001081005401813883715
0.2954305761054148993239 0.2973237319585183002779 0.2657414033546550147236 0.2966409745998513369791 0.278519958966940317513
0.2954853686947221391712 0.3152709823068037819915 0.3123890536441495391351 0.2748836640079315718488 0.284813964770690875028
0.2984412572894626913822 0.2642721048435349162631 0.2690353986815744447014 0.2412246210829331327652 0.3525160900909241057377
0.2800161020284047119766 0.2767600976294770087627 0.2370770437681061215685 0.2570557668639387727261 0.2654088311294928725914
0.2614893377387095818598 0.323358605236223506374 0.2200704096847353186117 0.3506974682125112985354 0.2802900951797914763652
0.33235009483740451941 0.3003603332282193116853 0.2783400447847903524945 0.306031738593469049281 0.240389213205318252875
0.2776675633933363696038 0.2895062487952265173341 0.2930792343567268920523 0.2890601510949282193508 0.2672059801855953264926
0.214311198574480638035 0.3114961478032428621177 0.3331285019404988667624 0.3054748752979953296816 0.2612442391994168611191
0.3014818316482272830825 0.2324270526366715994282 0.3233974311366999976336 0.3396917458353865271192 0.2878688970559711290953
0.3325469293682244420474 0.2570588540921409648199 0.2901284156586489970664 0.2864081878667482095047 0.2610000041575215590228
0.3033552473006922989285 0.2117104810064679709658 0.2420430957889863066157 0.3262788801795399873384 0.3229978781517764963027
0.3591972500522850886284 0.3077894130126894722821 0.3166852873735169771052 0.2992644100178726840333 0.3240694629144908467389
0.3302399773516295211628 0.2743495769028702069292 0.3452816558358487997182 0.2962577966818201180565 0.2925703859244668803008
0.3421288815542056771513 0.2559274187532467048634 0.2859412962731512353187 0.3205107667943885019213 0.3101644948863496176195
0.2696707946076131179325 0.2224599192104650124957 0.3250075971554697851218 0.3519830306404369002493 0.2798327868213592584112
0.2884301535512734937505 0.3387538622795315257363 0.203453320403885945522 0.2834490270371385900461 0.2751713353731505273814
0.3026641664754233795875 0.2740566669797550036769 0.3324530907013155123231 0.2329655354331992833661 0.3209244829513531738208
0.2396209686133392302576 0.3498008390490104368986 0.2975316122196570711722 0.2834726981638482357084 0.2839396735451419351293
0.2860042151849955804899 0.3137686718283596576384 0.2791308984927168279633 0.2806256767457261380727 0.2766844491632440283801
0.254207329383865809902 0.2509444094853281459478 0.3177482410400743750856 0.3175968856821568264692 0.2467060236147488316849
0.25974052960166665871 0.2227460485275915280656 0.3274088625785191997153 0.292408738458772021751 0.3337598605922266759016
0.2971639956385164760277 0.3153134392770076122048 0.3126870568645959691523 0.3114969680593899226118 0.2688222959488238417158
0.3413056336271027557672 0.3701867065422386193774 0.3090290122377412629362 0.3265352124813341028187 0.2698623792345724026198
0.2831138978905638481365 0.3216622923104757170165 0.3532356763000935595542 0.3078373105150629118754 0.363155501196688490495
0.2764620400614775097559 0.2499026483827002653726 0.2839453167940780287104 0.2343499846751701809477 0.3051589788952265291933
0.2547547040633364456852 0.3025223520675277000258 0.3410021082582088136625 0.2746236485841305752231 0.2525575131574758769304
0.345277587719340972594 0.2939132261562020786982 0.2662466786950741237661 0.3455584626515569857119 0.3489931010719595216862
0.3014032802156844659258 0.2589571817298672029573 0.3332001216763070261528 0.3486194495122663661313 0.3152373585096017172269
0.371213835752454590633 0.3102443479732757136702 0.3652180617190161626695 0.3430501396846755701731 0.3270527805038246915714
0.3166046391486734279397 0.3198415147251130186135 0.2656175773791233374332 0.3100644444709472202781 0.3515827302199692194762
0.3110575286155907170915 0.3646829026953790631183 0.2732364872968025548694 0.2617382466636051785436 0.2784406382279103753241
0.3257345138560684971729 0.3343691325609465803126 0.3214805763824236661819 0.247463547707239522877 0.3334645679632591286357
0.2882591647643488186326 0.3348933431154912376826 0.2521626440353363363123 0.2970271501337161668133 0.3159792424131366295192
0.2745312276685482055782 0.2632294486249849296833 0.3427009309576233841987 0.3088806652162562893515 0.2876164483898525636718
0.2735729072482560031432 0.3107065036906224708702 0.3518473427271548992223 0.3441154401040819044155 0.26120259741496976158
0.3472977969013485433081 0.276165772306144696735 0.3043820919049088358221 0.2998285753836283928919 0.2927775697004361687981
0.2149281729505080063003 0.3302047905209815614747 0.332861783896307994457 0.3071290565559745000535 0.2595152461724711812074
0.2269579444367522957915 0.3761460996148013880003 0.3137507119190671711628 0.3149692332661112592618 0.3799872086167760398823
0.318840110412461574807 0.3083385810976496110847 0.2934940294006594951881 0.3523112823290218686978 0.2981241061963513794275
0.2899028007962762831795 0.3440319145651056231827 0.3749482220045300961964 0.3546799843548786856928 0.3674515393125356021997
0.3317904340534274520991 0.3161229508251833242305 0.3287078744006626807028 0.3410545526937340810036 0.3463634202735790812433
0.2357833916304509502826 0.2854220822141212421386 0.3185336881271828568529 0.2836238995602676227215 0.2958230110200038009971
0.2964127620788753469938 0.3047648967291581301176 0.3050380607113820086163 0.3109358706117144599546 0.342564700419509038376
0.2858633135857112095302 0.296217015120158078112 0.3729992004503714930763 0.2895258456912818134654 0.3273382538933748975296
0.3475815100197748308553 0.3375530038520209163977 0.3461057003589659841758 0.3479980883835609439814 0.2474096026129634084967
0.3544319613653791334329 0.3087077630780129533505 0.3459230252444017161828 0.3199820378157467448688 0.2883205335544579139828
0.3363841637711767473817 0.3422594796004950756796 0.2738966313919691808465 0.3154674531730083941738 0.3070715190761647006568
0.3300411117539755467831 0.2693328439989154943213 0.3115897951336986104742 0.2994158595328463845497 0.2906578388773427001901
0.3276535880239564990646 0.2895959828468872565566 0.3526969747892307327497 0.3406325503459864956213 0.2533375932633628591084
0.3447605520644878573933 0.3419627193587329583302 0.3352225588641614684171 0.3252132415902592721402 0.3554467999158428259676
0.2853611712126543076273 0.3158822035482115042626 0.3352596152054819755861 0.2911755988530059235941 0.2916031492650165146685
0.2686351139821461786461 0.3188721534692479653295 0.3296241057995213941112 0.3122333807419098161695 0.3107283889346430516554
0.3344044615332237846417 0.3222883000245769791192 0.3523023375253200306645 0.3580750526338852823827 0.3320543384722312030277
0.3379353255322379290249 0.3475443554685638258839 0.3148823082273114470908 0.3231147787392624204372 0.2840033206599256732083
0.3851560065800388454882 0.2586428902741910729191 0.3187548846996254292563 0.3206161100721202639185 0.3799913063374473209954
0.2607413301878415134993 0.396035573595112322387 0.3006124558888489395336 0.329388703971026819417 0.3351773383151646634737
0.3233882951538435968075 0.3086610821715002894727 0.3668545207892141557515 0.3116488479528956578868 0.3451480119928250211991
0.2789830836444114336992 0.2846734354320806237304 0.2982202741363957354537 0.3415078399899146299745 0.3138196538028047433144
0.3183338958216225811348 0.3393134253514123455098 0.3393484420859502748158 0.3513439259093515953936 0.3168962001119595139897
0.3125311244083641692981 0.3103276138404615358546 0.3511572463579766822939 0.2939588610415055924818 0.3714414064484583000159
0.2775916516488360907822 0.2822163974892994420252 0.280147259126548753283 0.2892154321711524755933 0.3088469360179466605132
0.3399082987916401399353 0.331296164155899908188 0.3552287652107807836011 0.3089779083137119131131 0.3355311433635178031132
0.354194690893297969847 0.3373108415825381567466 0.3065108280349073122117 0.3201112290686968786524 0.3420190814673929047274
0.3673359324946361414987 0.3452854176193769775161 0.3382905512952006921168 0.3138359456602542452153 0.3395052444679189096455
0.3274015785608659911965 0.3318256420955434937703 0.2857156103466721441819 0.3067749824344932485509 0.3276603582967848593555
0.2839840728611633946521 0.2850783102385023859426 0.3376558030414857913826 0.3253679365257679534373 0.3581420856116894757548
0.3518222487936109033058 0.3801469046822547603881 0.3572154061599336904997 0.284195020524813990459 0.2965409356791834927236
0.2954787436504839881479 0.330259121943400013599 0.3130852650636024026021 0.3422251618557179408953 0.3195227686404471523218
0.3614001790760326127128 0.3296629761707102201918 0.2564135119208421076387 0.3513245203767010327311 0.3994954307186553421616
0.3651699653023584568601 0.3233578641325022817732 0.2292306027389387490523 0.3275047572915245619463 0.2723190377626807934242
0.3229133805666758449959 0.3159343404339329253183 0.3541183655769340465902 0.3192417516899013207876 0.3796507577127370414161
0.2997462292527056093583 0.3481961671717365147671 0.3446072304307647993227 0.3244078736081584257711 0.266051343874680934487
0.365787083608333118967 0.3310930628723667279445 0.3179042086112195408809 0.3071507067871688256844 0.2803077368641670452654
0.3093034434070164317987 0.3759584871265789773886 0.3104434489328460333724 0.3552047792937719772333 0.3093747277448578025805
0.349631638117648246844 0.3313294559570955644112 0.2928593307083141583647 0.2814927159984970672646 0.2884445314637563706484
0.3650735800806607089797 0.2729404411896197424348 0.3452573470206888317513 0.3645162472395575004036 0.3256921985067930402913
0.3793514821535078906933 0.3623779312498755511562 0.3264704166383169403609 0.3356412728150380830883 0.3236326754682289363885
0.2933234788627663847116 0.3357532550764755208128 0.324790474124536543421 0.3464148983372440371298 0.34067153771864289169
0.290866764809111555401 0.3223171671225914525216 0.3404982229771754687064 0.3250646926432583794231 0.3392955241702487745314
0.3632713513437497709901 0.2931807335967052674519 0.3237841498824427510783 0.3492250358449591196575 0.3512454975252318201129
0.2934207812815961546882 0.351810065500768209823 0.365245727320960777984 0.323528545833208114324 0.3253648702258799541021
0.340243425742008609447 0.3122884809471053180197 0.3408340710229641468132 0.2731033167630371183421 0.2913016920915485474808
0.2782207115966704447096 0.3355512424985076513906 0.3276488440096034793214 0.3903535981652901387662 0.2800035342832107310151
0.3069966611510562826126 0.360608420510311500351 0.3725264743694265412444 0.3167811418381579757764 0.3294675667952865483201
0.3107180199124916497588 0.332322014684217348357 0.3840201086704386201909 0.3550233596313570050285 0.308451633119602275368
0.3269007159736124767946 0.3762877804854926622191 0.3142077553649901267008 0.3656526462339351746245 0.3315662909129398205899
0.2807030707554415416283 0.3416583271776079677728 0.358489519497794950631 0.3519512141613085898229 0.3302127616076399041489
0.3312858082290643380041 0.3566921469587888138264 0.3407652930591379414338 0.3866270771350233670383 0.3200850184360118921845
0.3247478593002814384327 0.3652608956933441342052 0.3442228556733001876289 0.3443965650774810649537 0.3034839922264958578246
0.3624433535710216980341 0.3774937187804905391886 0.2979946594085163824595 0.3363832598907450788239 0.3150033772785484353918
0.3215510803235620551632 0.3450248585445770954649 0.326571183147518762091 0.3694186189352497429184 0.3224616708021456057409
0.2936930400225464254937 0.2970850771451805649725 0.2897465324878218950744 0.3451918712913949471854 0.3160993283330198466707
