0.1108547253264102055992 0.1643158668693958934792 0.08120270772817564375323 0.1192117130611440728449 0.09433819350684785609573
0.09928768738206161792448 0.08586257753713096019244 0.0520208377992929585365 0.1179775592988876881106 0.1224257856285536072427
0.06359094972887804897432 0.07508001057986522785992 0.1020629869074587553479 0.03821449269385306796165 0.07601701647415011475761
0.1082843471485996772463 0.1272677617185250242837 0.1055920802283837334201 0.06692104688873011519856 0.09401181100031934245731
0.1212936537292908928398 0.032756808610110155211 0.06607925331781837330336 0.05277971807228093448217 0.09830198020397255820324
0.0821731422936096966847 0.09241917782496707201023 0.08393475757294815986498 0.1003605139738017043571 0.09839585741627682180521
0.06870934177440460310926 0.09042242265575120563348 0.0792608534235682560265 0.03838535620101253542646 0.05933894329123157868056
0.02023844796316165428607 0.06372642699638851604416 0.1398907056455775677062 0.091035722726406670402 0.1181861844531680444392
0.02997597886676280770635 0.04562541162714525699862 0.05580527848891183445579 0.02217294699615795366965 0.03090700406928820198615
0.05516276722840389445945 0.07708357112089070373173 0.09854635193006774929181 0.03281113953179686654194 0.03632707595481966117434
0.04974693757641281827153 0.03721757518149210186564 0.05476041981767561239725 0.05485536654709683573872 0.05383647232504103902206
0.04056186898445587885043 0.07121040348490174920482 0.0504589879129625357157 0.07419517131955892519368 0.04906967345988013512459
0.07681608695323480229256 0.0493401557232501647432 0.03844045650832390859097 0.04109901392627515054334 0.02690113459665349759931
0.05837158080491673672885 0.03477179453945512810353 0.03227259427527659485513 0.04838133726259479655551 0.04675295618022627663901
0.09011281355464000053512 0.09407540748016111897822 0.04205830297029006931142 0.05736414613943430912402 0.07048570371118162425361
0.0459015250293721421837 0.05432812610079528620188 0.06027357893541855637931 0.0465169252966390958659 0.03953919401289490709317
0.04520781104788879067868 0.04720723232497144039588 0.03370597938899981549365 0.05636800379878025013536 0.0498734705275642800637
0.03368589167750921792299 0.06549003126836476507133 0.01074590483435938076395 0.0895563435095526466645 0.03167182332177528175654
0.05334918286583913843435 0.03134217084532434083322 0.03676636257260368356725 0.0463220762521772272402 0.05085261866822703147317
0.1106361349658024212372 0.03546975545562768700192 0.04278723757074039818482 0.02403415755505573792039 0.08455131354501452256578
0.02817818619833544271924 0.04386383545820091850453 0.02100360777657403824059 0.07711288310780853305637 0.03694900941278041195392
0.04535123501518777133779 0.04073916249539547007608 0.04753025646974354256891 0.02794449864301507338582 0.02208802680515612251733
0.04241457899942391307491 0.03846879148845878948482 0.04578165641465917201636 0.0662088291240448684194 0.02707629877278270105756
0.04774978054463081128533 0.08467803245222824126692 0.06328698453501714615843 0.03376784776063613408015 0.0203888685162862438871
0.0450571490604051230755 0.03819614739236106004672 0.04379702863777003296608 0.02863584062547247163777 0.03223014112019013943655
0.03866021707513070393425 0.07680121778206483451612 0.04059121984459640453125 0.04392861032540813781555 0.04335084823368137718624
0.045482913241284665673 0.02580175095230587481443 0.04111700118141926874049 0.03455365679374805543134 0.0676533168951576890926
0.04486135682346885367178 0.04481802926534406844583 0.04786880295653784395116 0.0355270052197112287673 0.07721015216140875159212
0.05091921839324083098877 0.04064603606989480172329 0.02031607937098939623 0.02543824180233161813547 0.03770666011482109308828
0.04745430685378364266125 0.06252986891013601056244 0.0357826281358405717814 0.04431912852008818709537 0.05923609919299421822103
0.04259858998251903755561 0.0290278972293297569951 0.02909981503690358545233 0.0208361474157923338979 0.05145997714551969748342
0.03005310556646485775634 0.04478045947580829716506 0.07972663687862431569631 0.04604160908137147623087 0.04744160308125581343441
0.03188123020370410565238 0.0191520333672353659793 0.01615753960969072700049 0.03706451327961510222586 0.05217271794418393976445
0.03388838514922729028278 0.03612107854026024023053 0.02732162028686823534995 0.03269819859222283797706 0.03752165193947080978898
0.02825080540798126371715 0.03747156985285131358676 0.02659982908273290230783 0.03657395366321039564816 0.05817244304147584782472
0.04697166289384991505473 0.01231617901649674322317 0.04216483079514971726853 0.0321109784409828041829 0.0390079448729624689296
0.05660962541202627096304 0.03871768311324534639351 0.02881586852350179542293 0.02052564774720615214942 0.01216179976280361459129
0.04905609680028118896322 0.03050101456202851391009 0.06412487750505294070713 0.03918795321374891893473 0.04131313845964538350453
0.06868274836469198674216 0.0310428961068513302457 0.01651686541733924512565 0.0223380804826631036708 0.02652683827486073883661
0.03443492640393484849337 0.03365896310075858210986 0.03478266615276379147836 0.04862677272743939210775 0.03452958137043238284747
0.03381282766933531996889 0.02845525633759511674459 0.04329155889963209880023 0.05945194678323753589844 0.03544689989225212334301
0.03443175597124614739641 0.06490455111602308480023 0.02607948283781548817761 0.04358202826584257894016 0.04211021435175239108206
0.02930473436619470545272 0.07275222299228331634957 0.02235075021508494894085 0.0445602546706017413336 0.03367494591177285639949
0.02217991105799799536613 0.05709804532302577284586 0.06754269043377866821309 0.06426888317014436968755 0.0103055616722000243507
0.03475359542484079272695 0.01969236980919506982413 0.02269261261118257766434 0.04868722056755772631398 0.02933345282896674538486
0.04188597549137349634885 0.04172336984032608969697 0.05307900807941961368597 0.02761943051036568411161 0.05719101990666389939699
0.0374402869710725311192 0.03074790922640163043367 0.02513517095347657728799 0.03669445362110699410119 0.02637840881279905277945
0.03740434963171483662148 0.02621795154375420461301 0.04202803550715632219248 0.03469468005038276597896 0.02436527802816193175039
0.02238312898139313902868 0.03208869295414194106053 0.02260195254986775356687 0.0445164576341295289974 0.04025707284473464125929
0.02766096401357536274657 0.04610851701340872715873 0.04530566778942751726689 0.02523813101846649614712 0.02111880010108992469786
0.03484405840541521942599 0.03806235255238171050207 0.04657692280154819564064 0.05487595181610760430857 0.03731744925193514889061
0.05815779346614680100913 0.05209184039756339229532 0.05655452514343484171633 0.03147938502960078571702 0.03073867021163193685718
0.04017323991453341375246 0.0466791872608080318785 0.03063053351664223739048 0.06335338007110288827128 0.03788578615059946114174
0.0317096053371271544008 0.02235872885786086353144 0.0580717705715256687915 0.05114615977135915370066 0.05100415377831343105575
0.02730006928858156114992 0.04610455595531449263236 0.03001308462186179012998 0.03336336506223912257152 0.04283584104818365795309
0.05469149299494863863957 0.04880736907128058882366 0.03831394797811631808271 0.03227437925251640249424 0.01993012364819569254282
0.03069506189193355397138 0.04802067685242427524939 0.02734419877185957289956 0.05187296536538178737263 0.02855245567665738032348
0.03868827839406503016351 0.03321684773509907956379 0.02370428846441143683199 0.02987648031200685477815 0.04267053590390330886084
0.03042091438937384942354 0.03585959397539009024802 0.03797186047836779293485 0.04540352204135604530233 0.02782665292122928069052
0.06975666001920441394724 0.0379083375551978463136 0.01786303575387065273317 0.01866904505027568508813 0.03436016410052294967059
0.03879345718593631142657 0.03018433679894965207535 0.02153433112742848473675 0.05983769554541074758847 0.01195583754901485482036
0.04022753408483684817165 0.03269202822145861331293 0.03297319787329022061639 0.02643065013952053399215 0.03967962789221048114374
0.02261216670200217465636 0.04949341753199505700156 0.03561622731588213325304 0.02758276423590299078481 0.0320079342458212262601
0.05310358156197288875822 0.03676076240728098215582 0.05060823130617915499574 0.05564093052031136854563 0.01699255178786854281192
0.03321823202295800386841 0.04328153968632048043119 0.02967431576333432602377 0.027165323549134257064 0.01963519028294507043353
0.02561720559528282356587 0.02473427902782975029705 0.03596224735376084974403 0.03439990287403463242732 0.03007935485410625012226
0.02612991157507366449253 0.01213982389575298491413 0.03321960324081045523581 0.0307166340265924986408 0.02751604728454468129506
0.02675643110264167706669 0.02453900052076506480003 0.01075070106133335472165 0.02080956430202302726018 0.03019958748765915260148
0.01688557902459292270336 0.05406448990072096338899 0.03084477622949885478043 0.0325056897599450347891 0.03510059020828951159565
0.02999950988838816917648 0.0288937147544595790416 0.02146044996761203860203 0.03525874441925346686189 0.02960552219912728974527
0.04374803988936806081744 0.02683384490877777778239 0.03093533303364016939785 0.01214333068749096945782 0.05689886917092604190493
0.02748785083187560776552 0.07032028134473636282742 0.0420633629982647833101 0.03615187362593403480604 0.0471013424533921476467
0.03180989706378281600685 0.0275500712978192265068 0.03727222502865017855767 0.01891155279770108735282 0.03585428679715020605645
0.0482676760554407724424 0.02961275410984776090828 0.03452321564879751170096 0.0531640789498608462571 0.04742339935596726063771
0.0323315662829240582643 0.0139833461205398149052 0.03938039838531217501361 0.05556605047985371109709 0.01949937271271092939506
0.04082516920228139445381 0.05802013378732075871147 0.04437066371584703211584 0.02923937726393979752437 0.02349989261295118772588
0.02394783118172668159862 0.03265894102212402866359 0.01211513248656309778284 0.03025904558048197676157 0.04627687662273237412247
0.04189752932061054785384 0.02053555533538598681931 0.02054912481307520980001 0.03080118035090967029688 0.04362211092881106838659
0.0137290943075413767599 0.04482593425168020923044 0.03862403614732777545893 0.02335941262978328408773 0.05025559514797457022484
0.01443768111371895347672 0.02648339070491725899537 0.02583231769259072829747 0.01861862863334986725738 0.01117245354829207379388
0.03841852813244511777313 0.03605082544642999875517 0.01718794228725207401398 0.0292317817175821552389 0.04115022148135895341259
0.02243644010963074045262 0.009503223757794672377219 0.03776780160572180272682 0.03220782161629123785396 0.03139177363311036750293
0.04924151393434787055137 0.05139908224820255444598 0.03992836998632843387158 0.0371425282495304182051 0.0181249278617208534059
0.0461158201869505957049 0.05536794181278752863262 0.0410857734561869206158 0.04382975412243012708347 0.01585827537673995674128
0.04894848460307336945885 0.0227339636786601344276 0.0292900219351622734254 0.02827253777216636940195 0.0228416868445111657937
0.0116536285713027421701 0.04009673181320559665064 0.03031169645292381212287 0.02433253901787356399122 0.01543963511011989947486
0.03575188899944294756983 0.04911893498922761253089 0.0221463135953239957654 0.01875789206316385779316 0.0226823106215039635436
0.02349355990830681931159 0.03107059379430676324119 0.0402797935017518704548 0.06003844987903048102673 0.03525975098807754976038
0.01920836942421644266688 0.03098307940595789941596 0.04850147700711587156475 0.02389224537469483017338 0.03533008526861173420608
0.03453115183844739782826 0.02580928675579615902413 0.04086837329221493231302 0.03640850530990088346206 0.01079116502156907131393
0.03148015309141850154306 0.02669967042151359659652 0.008739682887327206856076 0.02583997599158109961803 0.02007489049300494737826
0.03016730623871502828259 0.02360368053489708684012 0.02087344805797988755991 0.01554964552131522965983 0.02166144225632347236621
0.01106209683028756135537 0.03537331677729311368852 0.04805712809703922144822 0.03975944501706507594463 0.01870684515888534210637
0.04443833709309640001006 0.03975301120680765909476 0.03785007544595293121903 0.05451231005293311754345 0.02288694796840772330282
0.01558505131679140814915 0.0259501705586733105724 0.04601275587630399704908 0.02432644048676976464285 0.04692409519235492959544
0.02367423587544742816235 0.02970380633020336391681 0.04606809980604035376084 0.03985852718259128707468 0.01358442177405729846262
0.03140103287021246691868 0.03172008906864137722792 0.01084897019876550870732 0.03685416429058227527626 0.02581366350551268784574
0.03644283922437466932687 0.01138968110385894620673 0.01730881991708590680878 0.02269805297765603580018 0.02010667011700865633439
0.01639227227653877391744 0.03766963859038389983436 0.03244411587812904423922 0.05033349077481241024001 0.03871880319772606771078
0.02400951666945406320908 0.03529784053456926085079 0.0252339053458293174903 0.02744123962383379286556 0.03059891681455194009653
0.04206264895073732329456 0.02428316017949995117564 0.01388630591333456926195 0.01710637811766875515662 0.04054049378146925425304
0.0176504750691671291607 0.01838285339744778409954 0.02895150759064019085898 0.03137097661495314576685 0.02029547586114976640004
0.01529540152131588816309 0.03571889000867673608086 0.01868323689329436446127 0.01726287542405413252822 0.031976727782625599672
0.03168830102781591828709 0.02732991870924018212863 0.0276708142872691374714 0.02438355722370419767508 0.02867763823756958735389
0.0458849355133694597475 0.02214901345063327933738 0.0211277744441381483409 0.03987246175696938094157 0.0207178275387081660408
0.02197887759781209926491 0.02305520395790760374011 0.03545096290053473264692 0.02396183875543062696822 0.01968822324676348933803
0.03062316086810987561528 0.02185598238908852131157 0.03475184025762975692508 0.0240102013517775325635 0.03579792657040466175022
0.04205483255404775244646 0.03383397359826829237095 0.04074823254434947056302 0.008532553280750025670454 0.05092104468579564807706
0.02701377500218156424427 0.03491056962066366869957 0.02806355503180522903417 0.02304182423795027995217 0.01899407403538082989014
0.009942549680781431406529 0.06760617217683582980126 0.02747833527863920502488 0.03073343515957913107961 0.02927169598025594968171
0.04038117799249212047652 0.02947512693994343291326 0.02762247869960273924383 0.01700818375372818713753 0.0192311391025071845573
0.02422131705375234547728 0.02082289227351308627534 0.03815387906136073065122 0.0160214573443908346595 0.03088686055010018971512
0.02463617405806351606801 0.03240259077223037881277 0.02432017707843015658087 0.03586604814275324432105 0.02006668789074214295787
0.03455951195764550565315 0.02807670485877530874852 0.01544667505838842255783 0.04425992175770183945094 0.02565627464949576941322
0.02793700792564389814854 0.01791122404959675368241 0.04676472102094887672852 0.04174497053943287266931 0.01664907222948612194879
0.04419909539044560714549 0.007954896620810274210367 0.02898658078690223571794 0.02888646432182087608886 0.03968689233859822723671
0.03068022108384283949678 0.03156956151874860255768 0.03136906813138914951189 0.02449722142189853305028 0.03262918836584211002005
0.008507878182291650492886 0.03342322849530575401555 0.03143228014665858105481 0.03331848963778592104257 0.02255944254187073824691
0.0206947023641026253693 0.03179650400334823462378 0.03331936275319832829744 0.02064342495051550360752 0.02968543763708196905893
0.01404589852943603778268 0.02214931637383921181339 0.01974016806337209467559 0.03643208963748307410713 0.04065838574382511783067
0.05141683565613647255432 0.03271794048062382637143 0.04034379777047816112434 0.01394080772445741370213 0.01291088496083791191393
0.0469272950788937187605 0.03098825623793120126459 0.02804314917469634751979 0.03593316131242700606219 0.04496002476053511526244
0.03075603321598160272421 0.01662086190597155885285 0.02107045230947714176128 0.006180027559475442799908 0.0285670313476913198536
0.02726030821001529380609 0.02591733841879685987242 0.01762610661310459736484 0.02451301543731483623123 0.03226717443635405274671
0.0335537310141809236308 0.04317352965745296228262 0.02695390020092350985559 0.01693172115953336248628 0.0348366394578834975837
0.01957857838061839023114 0.005380267247026473270699 0.01591928042921182673286 0.01864808876447737046034 0.01274952026025075874083
0.03417223669381794920463 0.02556445099124591766038 0.02210091015047759357981 0.02792416862265156493605 0.03539907259847831916266
0.02461977151162428323339 0.01488587545312313083212 0.02106448756864644569764 0.05899930995401319461235 0.02967661861409306642279
0.03359393745358156546654 0.02550059554573564507551 0.03865459233863244997709 0.02195257938781738568657 0.01069045419127582878527
0.02373869379230045956186 0.03594187661530036381752 0.02884978601446964996402 0.03284604176228051591879 0.03258449686623174357258
0.01168269396281359367995 0.02593815692257579741398
