0.1540261207650096830779 0.09265803449067119834659 0.11187203363155247271 -0.005314162359036852210925 0.1826893266806282056791
0.1278910335871800973973 0.1992009031260119633622 0.1771907627745241686767 0.09058268028694455020755 0.1937729864067100349345
0.1139888735091465071791 0.1085340150424149580077 0.2136919587673159759422 0.2269451914999686958918 0.2178611072688408645259
0.1085619768561270764851 0.1566039182102529625507 0.1617749571918048190344 0.2045089553312403884977 0.2356499557414122869581
0.176954409588711447654 0.1626060748651506626672 0.2333727905774112543202 0.2461689670210872593614 0.1744867988858737339886
0.20905046007025113175 0.2431430907709410671469 0.2516458922918497487231 0.2429553936122900437145 0.1608123210405314751359
0.2612432920231499422492 0.1918712348738003670157 0.2003113301424603032164 0.2681817317847243753448 0.2441784150942980791132
0.1775944574161701372539 0.251423095913929584011 0.2895934208837135370729 0.2690360623150839236573 0.2437213529691985569592
0.1698712870989964596191 0.2904813883328243306892 0.3218817850094936594552 0.2526829967625505157791 0.2910920669971084895344
0.2717977983776008743533 0.2672549652667680075702 0.2667654402305636995862 0.250721012566366363572 0.2080305526616173239507
0.2303641471232283077786 0.210575256436375840563 0.308814064763439311001 0.2944532349200011944745 0.3055206316593651050262
0.3340723495387707409066 0.2837589677304533930524 0.3085412083325494436714 0.2926983057269372245912 0.2671177346796204665758
0.279056983256679380645 0.2657695392529215161481 0.2517018386727568057815 0.2654559366183565916053 0.3175670025257635864513
0.2664211241066190560822 0.278242558731759570545 0.297617432967880291006 0.3095954788515992150977 0.3257930098784722061644
0.2802084065213455987831 0.3204684935068983220319 0.3013550632496919678971 0.3222840425934654917661 0.3140487016951223897543
0.3189677794648331787819 0.2856279689899049456514 0.3108936970353013418134 0.2881026038035732206311 0.2941360022986146405266
0.3079210795230462038852 0.2612092541323864369751 0.2955856400352439572465 0.291134651800272870048 0.2991480298122270453653
0.3139802151703320332032 0.3415483546804817804876 0.2918855162802639346964 0.3154817825545750964444 0.2941629440740783918429
0.3191845720628472271585 0.3159884156443488190114 0.2979256545728516947236 0.2864193038272270230848 0.3074180878684194540007
0.3183421482692157522543 0.2965570868769942247667 0.3071835540863462332695 0.2827449726950037045548 0.2950675816840130916141
0.3040736207788590772516 0.2910964107299237046966 0.3339444434151015439483 0.3140259051969230830181 0.3181848283452582970554
0.3188626032230174045523 0.3065887273406924240504 0.3120400081432628258682 0.3329003105886799152024 0.3133002577380076814073
0.3330025098700528651818 0.3471986510845465057074 0.3475471513820249658266 0.2933079242910721085025 0.3084400120765851127658
0.3022899381027061016525 0.3149048852972207712675 0.3274204023628343174224 0.3269636146890031458412 0.3333880682773396331164
0.3342749408234930719175 0.3056985883099110901107 0.2864842212182274194809 0.3305105519966836102874 0.3228641610828592578564
0.3417806537290304369492 0.3193528838361310295824 0.3268260731005923069858 0.3271634720290578224322 0.3317179004742235037817
0.3016693224742296730589 0.3404125446011443401062 0.3387209662030666867949 0.3431827808343930752422 0.325624023623702463226
0.3325062880913381979653 0.3166671720993752825457 0.3013479879249129078644 0.2979731349659561767673 0.3293390578815450497885
0.336941671529756736625 0.3337547811460259139515 0.3318996257996123522283 0.3430162178667575667568 0.311134059151357056372
0.3171990166019418855292 0.3177404245472057464639 0.3122621490816919198608 0.3185797469987554642046 0.3101480592269370561986
0.3297662859246263677981 0.3607071622095803231645 0.2784896836605910697138 0.3174222362942432096311 0.3307691700547293889301
0.3228806845231477762326 0.3255117884003853601094 0.3469277018886696151156 0.3218642831921108560245 0.3291784495368184626507
0.3069192322021428442902 0.3331444418907601456858 0.3442790591665188526527 0.3373912067810048154293 0.3241534362912004141322
0.3314942793156185341097 0.3469755584357157585096 0.3671485502419697399823 0.3519319902678353928493 0.3520105082388950701322
0.3055412034754303451933 0.3297178163619510771198 0.3284846259043250338294 0.3418006602752859390826 0.340996605714512568408
0.3042457827172671547267 0.3091981748522448780747 0.3206264269555507140375 0.3514752042334922110811 0.346779799848194070222
0.3381946325686241983099 0.3548247043001891976033 0.3363944811077679286626 0.3474272736744872802639 0.3181811870922147678087
0.3336071405979583737178 0.3457342305392844816758 0.3296080292326701299821 0.3432013606286345996921 0.3438561604282451278358
0.3664377834115192800191 0.344907793947623719788 0.3501770264065808824228 0.3119016798353299591007 0.3316164450183805012529
0.3484659818427171540378 0.3266859718210521346116 0.3478704438223456096857 0.3391206818505669851049 0.3524848071302053575948
0.3270772294367190746733 0.3791657029904751396998 0.3490092478525609331896 0.3406658443289332649506 0.3379346906222209234727
0.3485667277588793133702 0.3486130311975351170339 0.3313261930902542395927 0.3299661894398516759352 0.3156998546166311925276
0.3520327460247869577614 0.3630174226357892330874 0.3519123225982643266008 0.3258008067275034447263 0.3476282153082226877849
0.3373739239764017017187 0.3343247640097657957803 0.3220594591429987718634 0.339707990267442305754 0.3434481919647126013651
0.331366847019252341866 0.3160664860450810853543 0.3250089814374262919827 0.3313941501168129466492 0.3506614538334171804479
0.3598425495245647365294 0.3403399332261212717476 0.3110214814237775016181 0.3176825982321026531352 0.3416857402592044512524
0.3489427158518831340039 0.3654319846820399120269 0.3291964789062269414188 0.335881801482660724556 0.3315787474378236732164
0.3381077742627793258912 0.3327594932971038033109 0.3488959800593823268322 0.340709384206050125421 0.3379524629686154746366
0.3409679203523827695221 0.3317230249394538255103 0.3409387408732202917605 0.3676229810836431632914 0.3451958406939514834022
0.3314352304014647754293 0.3525603465912040546115 0.3335000247512810434003 0.33987593011163697021 0.3308710606737327863947
0.3394440692728017405777 0.3350132148411589794179 0.347449921367017189322 0.3450765189800292787048 0.3374033280904847886816
0.3457981635605560932767 0.3470723777986161606712 0.3210010000872971502872 0.3585036663490839270452 0.3617574561939866373272
0.3391384867711966788484 0.3449141229632117777726 0.3548391081420534942659 0.3537644171899108624935 0.35646845803512311468
0.3450369299664248767812 0.3263612661906337142348 0.3516084664039065832419 0.3293005611487964112705 0.3384244251419120663726
0.352769568694729918068 0.3326243799396007005953 0.3394708691752871265734 0.3388170965288593849962 0.3397727100552718204618
0.3356241393758474522713 0.3206775973983762018094 0.3463303014077157016004 0.3603040761729294216842 0.3559686397934550550204
0.3473146035854549062982 0.3325288856870186049441 0.3371062746153107303471 0.3510541482917997613278 0.362285915069595565452
0.358232677830914392203 0.3430937749426602456637 0.3461163873243682242986 0.3586535041872216944547 0.3486729807374451817203
0.3451205545420927278677 0.3382561436012718192323 0.3676699563301902284884 0.3442446322036586958681 0.3469357317019402531244
0.3549476332827747326881 0.3522315235532844091004 0.3626553934777251853028 0.3502167248713250469194 0.3572866002258019979543
0.3507423267539270805848 0.3326068723135667815072 0.3541069189251165316712 0.351560840980157218727 0.3526683953322933828822
0.3489285141614395513443 0.348893779413074645035 0.3402607621333886278592 0.3151417586622707878163 0.3518776647406395285955
0.3539935857359475246398 0.3403704900939635291657 0.3404998976932931409323 0.3476794550343678125159 0.3752687156972138726729
0.358162847733508149517 0.3586391201236217018966 0.367200491600466749631 0.3633320641732505906774 0.3606871070456620920197
0.3534525872059527396019 0.322351925293862306976 0.3375258375579709424485 0.328188614402927181235 0.3542439207364438402692
0.357330745791181791926 0.3439716209796139234633 0.3368569250774055556796 0.3622946129510357660131 0.3550642007813299971808
0.3528369669116712126211 0.3266843912772283697876 0.3428050482955279365527 0.3511958730669732520191 0.347848869860293563594
0.3505981169694521448754 0.3413115592013152288509 0.3483618228730000487836 0.3600305654668122246065 0.3647606627764591880059
0.3565964792697878249506 0.3547567943335915296998 0.3535628499570400151697 0.3564224339600261526328 0.3233100904401089992213
0.3462101615535998488937 0.3407807452588370034086 0.3714510436555708561279 0.3540976753899986451124 0.3432533979539882929011
0.3709940992950628846359 0.3472753754641387247126 0.3408161851237446748897 0.3709702671482194014096 0.3614974109606691743402
0.3338968138805140095648 0.3553794145774021862039 0.3584360627969539470072 0.3606577894914846926788 0.3584155460387854486015
0.3381712449707089396256 0.3328842827973124141039 0.3398597950707844539409 0.3394346843657125023519 0.3413696284098952093977
0.3520188995474641258099 0.3520429638470584654542 0.3494201644218397628805 0.3393513466316160909209 0.3583383520929679932898
0.3290773734532594363422 0.3685499208551574201742 0.3782284515181723039134 0.3500091356024087607679 0.3608694195649814195903
0.3559295262800216130827 0.359165908508374431829 0.3501342088802123497793 0.372329516884827682599 0.3437545320903068746254
0.3499708532865400956169 0.349437421330351216664 0.3547265435125602772715 0.3539117950499243159257 0.3715904823422601088723
0.3511887153902722435994 0.3743720080722837129095 0.3463111344056882257014 0.3360802417886578630224 0.3400640821855184792177
0.3587157214039186081678 0.3559495205663010253261 0.3454194116422163451929 0.3479390272856794363854 0.3470556223874210477476
0.3541736525104409172293 0.3617294627094357895025 0.3239015545520523842171 0.3356354289948825231349 0.3391648967309712214835
0.3537868993866468692033 0.3599536925145055410447 0.3483997418576262883327 0.351242494359309931351 0.3464475863907636732364
0.3542848369006430520045 0.3525273207729864854976 0.3566347574821638333198 0.3418622042779203007434 0.3348731065223689573607
0.3383064624264974784573 0.3638556474619250580282 0.3251606604693155766483 0.3466207924308354337839 0.3749249828704703246807
0.3551440533274017874454 0.3503946568979037778924 0.34623612112223661752 0.3585636093961254711182 0.3602277385235828632837
0.3524585398566902338935 0.3597156100178916515731 0.3557125033645471834376 0.3760361826918999783587 0.3462915587570234987602
0.3526775965157090131363 0.3521559792007261102675 0.3454953041404968394623 0.3469710905902574915594 0.3633413747821064299082
0.3318134416589501589634 0.3322678090965972552695 0.3540052039710784304027 0.3433653127308198271805 0.3509856222302968897786
0.3563416023198304749542 0.3671720360080220624255 0.3582150468958622546722 0.3616519988741386804065 0.3615885616765791565896
0.3523541195425530236918 0.3454176176955501831323 0.3386194191202782644012 0.3630940351419046918657 0.358225201088838318686
0.3571282624667969085586 0.3533416708706918485383 0.3552352363910784571743 0.3535478053482851712452 0.3538379563499560731543
0.3449544390720008513185 0.3348849464546720944291 0.3738980979155788197943 0.348071634452361222678 0.3657779555577514440934
0.3561976928105196615881 0.379452545548114750229 0.3682743787343839558801 0.3631389192049139236218 0.3587673846934891774829
0.3434497534130155904641 0.3627289638401340887697 0.3529564725432212113354 0.3262977513915791272225 0.3512552680734443155686
0.3551998325730551520074 0.3581410972401188885783 0.3548273669260575413631 0.3481155568579605286139 0.3643816320746160464239
0.3511762212531827631601 0.3486186644601975137547 0.3399714494222193517103 0.3422740638917671773811 0.3653009998916104117406
0.3665020110633684380375 0.3585019662667052187111 0.3512004418916520598337 0.3332301832443497202618 0.3632608304493848971894
0.3519363092893576516751 0.349775076583784372275 0.3344050859902609751373 0.3541337089025964890432 0.3572670960290525443703
0.3444042380933422520251 0.3527903794805292148062 0.3471772809341130971994 0.3535239615018352377085 0.3608546729767641014774
0.3502393366818654096839 0.361974830788601487086 0.3613107834200269818936 0.3463646118510546045854 0.3503742777555409748658
0.3360879871635856219747 0.3488458243242290035546 0.3565705316970573801605 0.3574149289815197194642 0.3341658527927986455097
0.3599222228481896990182 0.3578833447343566787069 0.3392073989328902583473 0.3360780969265842466065 0.3410967237904292126416
0.3429860478140769330935 0.3389253307916708091163 0.3520822144972075573577 0.3675775570010251236397 0.340776925087422133398
0.3446156649537145955087 0.3539574659361633401922 0.3555602406558612815779 0.3451591113574628555405 0.3635016091691133377495
0.3605436007528237118969 0.3587176719942419267362 0.3423868775129501051957 0.3645774860634974912088 0.3526423907802566648506
0.3390423826988971933716 0.3524819835924658528725 0.3449899547796807519617 0.3612842599522020914371 0.3563831498232400418757
0.3616752908257516718749 0.3452570134033130511142 0.3416375360252008608342 0.3324957776172049461749 0.3441313679807225245355
0.3313021165772324083676 0.3569262131428430073754 0.3400777344384617317807 0.323643467830305009425 0.3500574664242500633193
0.3710509842311481842891 0.3611920016298447722036 0.3595605122585137647384 0.3406665984968886840001 0.3572436063813855811055
0.3353326237259994235806 0.3422869217410232089982 0.3494596976376100339046 0.3445037961777799861984 0.348167286120006025385
0.3539237595274198899808 0.3331760891968678084396 0.3585857893093575832211 0.3367450570670246778882 0.3344911370035957842717
0.3560664445937586908286 0.3549161708894310041096 0.3602498639975783567557 0.3642029726330805461387 0.3284180079449706135541
0.3321042357288079283073 0.3511890942071511090283 0.3424778606154429971831 0.355994171221482247347 0.3544412125460391638221
0.3547611451803015514272 0.3525759916351833278547 0.3632355263798961453325 0.3474750823152937262428 0.3598009739249972138708
0.3419627821991707561367 0.3544300284781301546566 0.3559302884602974503814 0.3541016966486065786768 0.3468340956082973658425
0.3581519051758385585593 0.3638915025201434061408 0.3321429828953174068218 0.3447194553159766972072 0.3427197482554676377653
0.3529331345647563344947 0.3554333498887505271568 0.357553568807307542432 0.3581638252732067262407 0.3593457396702371964281
0.3612035445489740204117 0.3483328419082536431262 0.3491602055375479518595 0.3421906185887643170318 0.3560164320150197014847
0.3569727682005604529891 0.3530224411868711498208 0.3497915967799790637471 0.3501482938499224650819 0.345323655025776721228
0.3392223034581571816659 0.3455947694674947889837 0.3257671809637923687752 0.3499405286335454112745 0.3583973658715489674087
0.3315151832231676976015 0.3450577837804569836244 0.3446195228286384470984 0.3532614976521282201816 0.3660619468489036409942
0.3575783146837436254906 0.3392307904402817597678 0.3504264937663825740799 0.3471442677893150641211 0.3334168097705660915864
0.354392996314934594082 0.3404850251284030071552 0.3359276679500206586049 0.3566122879802037792807 0.3624842025866946149115
0.3380275870846886632215 0.3443842399472906712354 0.354559800891005305612 0.3312021815839205629572 0.3453213050286902952024
0.3444402913163780999284 0.3490283835423637071038 0.3498165721191876520457 0.3511085893408527058845 0.3440572439963908157878
0.3448263155096853438408 0.3305710863446177927294 0.3599294871286879415884 0.3572808439896854038054 0.3443209040004373000521
0.3548759438563791057675 0.360768012321343034543 0.347303866777562308954 0.3373685009745034379947 0.3631115753888440322861
0.3509777623428615433987 0.3386898964852536053627 0.3634340828602122819291 0.3355708652689337601061 0.3498495955200476292823
0.3494705009576280496653 0.3532255943329302705358 0.3460876415219023005676 0.3349783331120315676976 0.3428786529340359101603
0.3471349420639787131115 0.3388180542360835212357 0.3401229382539369128224 0.3524593898787114487625 0.3358045746268211173557
0.3440149936604364744319 0.353166277107284043435 0.3659828523983479908743 0.3234240238693730784547 0.3343423671315947642846
0.3474871777821839646805 0.3257046038158544210006
