0.1069117873050800943124 0.17736938071272953521 0.1656465495825437117539 0.1156081182184858224815 0.1024919273571003736079
0.1044460358736035432425 0.09711169319502628571872 0.07191387474884614050552 0.1228579353165810267301 0.06246770300662539410208
0.1711625409798196439937 0.08675231015830200953509 0.04634437581455357058058 0.02395730656592060317522 0.1482517279980418156704
0.1769253552845829469131 0.08738596370667200963211 0.1324051966355095366623 0.06952689737456414775796 0.06545399946168954652403
0.09196955044761420672295 0.08415801746439399710908 0.1151129048440693858346 0.07410160077195708516751 0.09923808567902564492513
0.07275431698366784105669 0.03496803937111284121819 0.04266015881918555630037 0.0452840219540212238214 0.1242112859186165346737
0.0745972460107160867393 0.08842272686269199433173 0.08790136001676486510181 0.1025543935863375832884 0.1053626649612088711505
0.1529309398796513952412 0.08220029668064043892883 0.05083244398296131449921 0.05554739515548628298047 0.06055413508309256953588
0.1593429237628889161282 0.08660125918811713285894 0.02367004836515678584119 0.04914409161737533227043 0.06502072495375263438966
0.1345099099718103374812 0.0404105607162579538727 0.06069504830911092579937 0.04278041292464796613304 0.08483688959522088512966
0.04943039530362358657811 0.1061723810978533327765 0.03104367666728763755501 0.1052059753497808364253 0.04845670311665330881601
0.02575098012616537646036 0.03910591707025511815088 0.03165276342238729917478 0.04752511648518551595766 0.05055578210431836000405
0.04165135117106035650414 0.08622621705750248277678 0.07738042293332951515605 0.1237475473904086631372 0.01691691486038938291303
0.0606331962509543756501 0.03237052287459732391461 0.06667839840854074273668 0.04857834912957814665901 0.04502160704343537850347
0.03721806769156198180237 0.04722356169180758067583 0.05452055056408781213984 0.02458051349741829233464 0.04444692364946267043591
0.03161487911798084582404 0.009104512653712181977084 0.02047763503905336221478 0.03968828332232933464585 0.04099612519907462615532
0.03047513576273861921062 0.05859105734306927631971 0.03791654767040549683932 0.0153981875130172144589 0.03643468801948721025319
0.03984078662258071223956 0.0330009934860831730119 0.06760734816553201631528 0.04314634214373169740497 0.04952613394590048290222
0.03047021783569939246128 0.06376570895059048560416 0.04230998913238021019723 0.03874033715124649418504 0.05959690768224502888106
0.0478861494218624783592 0.057728856510795518997 0.06182354830940826190266 0.05843275158934833207747 0.03003713277456716845837
0.07690993445435034825408 0.01845607158153362084563 0.02085890161860407335248 0.05723025941506297564754 0.04495054506167035085484
0.0377075754200618187828 0.01470807787183687521948 0.0268194536402967566302 0.04711144954786825045367 0.02644566789302806725237
0.02337027833813311306077 0.03014781034377125509827 0.02579886535093221452963 0.03571762292940879740533 0.02613848277430960709289
0.0311480776597906176828 0.0133192497516989010603 0.006689649369365347104932 0.03072093207005671330889 0.03674803318699131765568
0.03549110885228557582538 0.01704659670942558838402 0.05564342360398383258158 0.03018272527633685323178 0.04542996091759397142562
0.03946539242657245982748 0.02953265521173382632258 0.03411775884474655545775 0.01677306000080430736787 0.02472900438022129082638
0.0535866770921525764626 0.01702856451819312680329 0.01928401917188111991397 0.02846005972638680769915 0.04402353766152494046748
0.02007202980673982242732 0.04036817314781032672855 0.03855214603393010419641 0.04075050569094386399005 0.03420720362593763358428
0.03539157951952321551348 0.02688106930051361795342 0.0371360926704451185798 0.02215091028139983334033 0.04418044585508571625576
0.02596734340198538978917 0.02644448272958905415964 0.01906530070538410559511 0.02075937581191839020889 0.03661929739129802380271
0.01827600026493443607922 0.03527946980553686023852 0.04762379064140970924557 0.03874993208565739172267 0.03980814432973513866676
0.01772750555829716995193 0.02613915376377770952154 0.04209108692949487667834 0.03362246413041775072728 0.02837000527300646141038
0.01697548547341468094807 0.05320430931915950262256 0.01587065720480859698505 0.04197111254269379060355 0.02882303293972868912798
0.005519287849788953939645 0.02885385462527770977781 0.03828448758403764362601 0.03491724787067257418371 0.0182603203328857467691
0.05484692554484269649828 0.007745881067571261553717 0.03945941033687296040089 0.01994387641758022314264 0.05217300409372533503971
0.06268028925186795718982 0.03212062390238373116302 0.02795857319618657785276 0.02194493257060943156023 0.02947168075654544444619
0.02755154776033517244338 0.02465509098732248868813 0.03701703873602511102314 0.04002439115890744913973 0.04165465758833189480193
0.02835265767789569082979 0.0224517135449184140894 0.04003043179804952056422 0.03898892137004910524167 0.02253537282512089318098
0.02952207196073406911263 0.0118589442834479558142 0.02346669251052746485442 0.01563596433805993293764 0.04268164073835613997465
0.03234764550617050260506 0.02664480181077924156319 0.02523263585303367473323 0.04505219456024562446617 0.03398823096447529945596
0.0437471527009354460569 0.02169016901400799834931 0.02369217697736750172233 0.03164472727208494928774 0.04094010590677878147492
0.02160612029176263784724 0.04671399624351095514196 0.0298645943293727282597 0.0301370654530268636262 0.02030906097655529179979
0.02463694205261617378722 0.03947274831980593368108 0.02370378965220908823452 0.05034313496037223084612 0.03810243782735455581046
0.01641359253503927792539 0.02399299325201979457556 0.02548977779445451771756 0.006810664241356270166838 0.01910938518260227661494
0.02698693250642363039571 0.03389637709922167785326 0.04029811151700664340058 0.03268839014211330495918 0.01411312266851911731425
0.0352822072867410227448 0.03892045955799274675746 0.00836753211004595022493 0.01790040977364630928048 0.03559942544861550289825
0.009282178827604140036733 0.02931171197428647859362 0.032462771343266492996 0.03544424567448253848845 0.01183707918565199586347
0.01385058077691739795989 0.01520673318364169565586 0.02235463954374905179434 0.02068425669240064879162 0.0331444270733104104365
0.01824542369002960309765 0.02899132462376711322216 0.03328258360208944527381 0.01795121451630614720085 0.02851027511638858438769
0.045419853075955425592 0.02700054857090571774902 0.04242709357067924597073 0.05211651988213852199072 0.02957892947175294606765
0.04366555021676134240582 0.02014153853278943806515 0.02682136126223951672065 0.02509586392293103665474 0.01873245522393550410722
0.02652932394896039686172 0.04116673619633565844866 0.03578573267187123985167 0.02880173018251352967667 0.03507993904233933785131
0.03763275552888762504056 0.01311842054749531340241 0.0202941085562631066963 0.01994635584279557533049 0.04359666500994893029164
0.01553044394420222129582 0.02320228583458308624365 0.02020290609542506332641 0.02796434664272147777031 0.028746642918576446879
0.02591146825397720732109 0.02681175948935672279094 0.0228466667824385842589 0.02900044110247651865664 0.03338461356856296802231
0.02509534862812501723739 0.02979390629845843005419 0.03231070074152658788691 0.03250977255752997979732 0.01867316478497698176153
0.0379781119692388716147 0.033975796315923532942 0.0297542761451585688337 0.03577206660131142246239 0.02803020434299456631333
0.01143690041089174581901 0.02827582214236407792685 0.03140843145139038394831 0.02173225031155012407225 0.05478226889833585910861
0.01924348454505556485494 0.01597953842793205236905 0.02649281826332815920066 0.01787505500038646943928 0.02592882625358176179597
0.04019036401564923116636 0.02071123620402467654933 0.01314220140148226328991 0.022334820182976451719 0.02898327938619757460081
0.02128657237262161425195 0.01557662250151825057698 0.02144616960828937476946 0.0260229051722555004833 0.02390032353282943097805
0.02585015842859690257671 0.01862441959654737369534 0.03732202130143375679028 0.01984824655834901280249 0.02568666211853901093498
0.02634890503672563874527 0.01976682177240479329483 0.02217647287919994811278 0.02684333189534917479824 0.02692761904409722573117
0.01108399058610799216285 0.03626103861986663956518 0.01663555831678257407313 0.02364116667143091252146 0.04246409890100649037192
0.01050654915133837109809 0.03477429687952493519987 0.01940891624134062631857 0.03383439095134420371291 0.01826547302668543246162
0.009767642425141684001111 0.03622736379849487986515 0.01630031492324170855346 0.01584738949193486082234 0.02883484543043735373602
0.03112261943334670294403 0.03658433362622869750025 0.02853668207810262924529 0.03541349782413165392381 0.01325218947865723292945
0.02741384383152848866483 0.009850593556863674465918 0.02247491889802536238485 0.03676634406274927047154 0.02247500478318549196888
0.02272876797138877885684 0.02108038319589679993049 0.02853375911140303491931 0.03176909851235101833744 0.02858789538540483163298
0.02883725862965343111899 0.02835433249169240152443 0.01322023707615432343287 0.01294399602740687292568 0.02643200825430459116605
0.02230071683206822155676 0.04236656589985720450242 0.03508544630774294847964 0.02543002608787228724374 0.02633680261792343060834
0.005029387201436602387872 0.03044858730382065531428 0.04827988134775412082389 0.01930082503418340672541 0.02208619631538718403041
0.02902480689265674040911 0.03252889453283130255512 0.02216335757998236580257 0.04553457819265440548184 0.02523842865179743225057
0.02053199357148485434954 0.02011091137536133791053 0.02757071639955114422671 0.03222751024607842934566 0.02641069095783073542028
0.01914908572600245925677 0.02172702263872719474769 0.03622295886211723825454 0.01519231358507475843078 0.01692775671107454166231
0.01696336976781769728673 0.03143423178388218136581 0.01873995118066953610714 0.03162238170165675155143 0.01957595038955653454771
0.03609992717271724022021 0.02369169740489469530575 0.02780010288425342063201 0.02133888562440072050874 0.01005741576932064895722
0.01297164605411158487536 0.019937762266231749686 0.01960133775567638944604 0.02652204558841551526593 0.03324780024848765502821
0.01961230948686702377226 0.01812000461658984373781 0.02876435541811596385831 0.01137403361043001076558 0.02844158900831699615663
0.02418643971168683501349 0.01550665382774064383897 0.02520130967359062584832 0.03756258946784823277154 0.01512978383090315959159
0.01916590587474290008352 0.0178156696189594836166 0.03463347859016621677064 0.03559824890746469266967 0.03159447244864091453032
0.03074045208890878802532 0.01985643384291875881975 0.01703515420099539420806 0.03430271715790941811086 0.01338054466441245676789
0.0279046789104597722786 0.01968839574000242828578 0.02965044857877231765375 0.03066684656672183373338 0.02369980790188895222736
0.02538074151345019735526 0.03733167991259754570077 0.01435998554432673865455 0.01131298916607249328836 0.0179754272883814805728
0.03398085958278117962861 0.03185911312065881073607 0.01518167876287687852177 0.01383671069771153123995 0.02563380200690071678005
0.02073291947543639407447 0.01960475961908824879543 0.02366540971285727504303 0.03347221050275437509436 0.04306009512928245241969
0.01972925132499895456428 0.02813920249728572159365 0.02444014896129954872439 0.02090159348307821587931 0.02659512164507021880766
0.03773113983302302243406 0.02721959903696612517732 0.01431550326978136243594 0.0428483284271249792452 0.01863810853684820870169
0.02923825821063339228112 0.01900861358453319674422 0.01718826731796104304029 0.02664052701762529076768 0.04090527476110773774653
0.01512367186695917110895 0.02631491295285435030871 0.02609815440699916541667 0.0137200980981151687832 0.01035283882844991593108
0.03449678920872812498688 0.02715605152058157487072 0.04375960730278773830326 0.01791275369574120077121 0.01785724807302574435042
0.01753867877677668316028 0.01466256638469997861107 0.01902137367224783839892 0.01645143049520099085004 0.01387625514211691599153
0.02202894877054393379945 0.02990740069839341319646 0.03083666904141888626123 0.01742446218526227594281 0.02257607372781552865226
0.02612693553011051494916 0.03346193708587818366196 0.02435451915044391929532 0.02142639855679064758709 0.02440126397522419943176
0.02936839457515499907103 0.01829988932721807876058 0.03233692739355058243245 0.02621999884926430601784 0.015238210722714622819
0.03315617329588713135813 0.02456971950011354460797 0.02030368080923038859309 0.0149691725997306412238 0.02538937567312110274442
0.03013205494568644768338 0.03134768454676929716474 0.02635669911979797094825 0.02797273720544302816338 0.02730827973542051395617
0.02133570820250997590595 0.02316044910944984117074 0.01907335003281367818984 0.01909008614666352771083 0.01855708473797792329441
0.0302807396419397349685 0.03172106344898734803239 0.02982715341215810833653 0.01001016950277834258176 0.03590963410365766855792
0.02281978439054042559486 0.0149038862191761788123 0.02318453560678923261462 0.03066008376745361918569 0.02125962447765093049634
0.0135506143823466290721 0.01653456640342901989849 0.02187897930363258067188 0.02164040072869659672716 0.02103699454202463334229
0.01742858970810409746655 0.01497954229939394386883 0.03263658067518791089379 0.02901770917054557683001 0.03128416342343754569244
0.01212436206389248122273 0.01267808526220554933561 0.01331923208697845598114 0.01927323760021329435155 0.02056678581100611358234
0.02994813716603427974916 0.02666261582188024503726 0.03758132796587493329454 0.01941604146885177184512 0.02931731836409769836882
0.02681635761067363218912 0.007847945701766787310327 0.02419724673974059381276 0.008955608676828527570102 0.02151635287509227889569
0.01841165635068440706301 0.006758140774403473792498 0.02195832587533918731082 0.01940525473973737577427 0.01751673568169462985589
0.02408225322104852808569 0.02657443794915073653762 0.02696058246410691638939 0.01003694020761237808148 0.01850308457960923164132
0.01688804569066404068223 0.03258271556993320994255 0.02443805582150598149083 0.01298036369493390726482 0.02416764222536349829284
0.02274931167144998017671 0.02949731585557270954756 0.01885242604476823624626 0.02171249094753165131966 0.0237136455528849654506
0.02447104401473539428413 0.007246029354734189256715 0.03154316389816252952372 0.02105383566279765000795 0.01910099905942022960326
0.01384579689396496678111 0.02404891672002939378983 0.02441301744612235299914 0.02112933792471582278294 0.03243381769569709388579
0.03148239528940448977989 0.02517411071291957361251 0.009580366957690034795947 0.01548781196099367069019 0.02756185022498882850051
0.01090412263211041309086 0.03169528417757144084232 0.01188538804769229129121 0.01938355787878980399097 0.03118669663347986564794
0.02035628091115546794976 0.02069479393573831621511 0.02369295589355358000461 0.01920060792271274796583 0.02524472898763961692392
0.0190910226979909281031 0.01710878938236946172902 0.04078005742792691068477 0.02577940658956617836495 0.03107269503963332180074
0.02425192327209238843388 0.02230939331258003852088 0.02483042437922439171771 0.01386617280402264833217 0.00894923710233521373103
0.0335705145163536985975 0.01256162760683458487487 0.02746271525825215442662 0.01915144185074337326857 0.02956277392962692110445
0.0260507797708230959266 0.02933130993569079900118 0.01832775823170019677266 0.02779783995328045931306 0.01207417697143832978346
0.02522557882017224112348 0.01921234730773380833257 0.02324966398559339883501 0.03191861302565498353934 0.02196359790458832228488
0.01641549999660018785419 0.02139163191067350311414 0.005824335757094679412449 0.01016967642164964651108 0.02748639590323211437384
0.01946070278709632547787 0.02804226399089551624577 0.03138665935185076805158 0.01778942970775104076564 0.02564458082927301499354
0.0140006560249648082106 0.01742389256266106342674 0.04188090988232910649725 0.02178190913527724634213 0.03632880229207709199546
0.01604555765317792689895 0.03137824091354550481991 0.0350603781666786323834 0.0381366816833900237893 0.01134821515105089058395
0.02112480779582357262592 0.01004982908149749248894 0.0309970517824993338496 0.02309650838340600656484 0.02884357227493874326063
0.02164687996230544447807 0.01353755045617270960645 0.01283920160362560757006 0.02787651540368967645334 0.01358423444773401711494
0.0274815569623320932191 0.02393037634550013170731 0.03041924309760093286803 0.01497867355413203850623 0.008515290562926136272437
0.01576601254140183594465 0.02944646721027451008457 0.0270998575929870914869 0.02034163408954721072308 0.0285569531517039544577
0.02377542244785862957102 0.009022407544356701725174 0.02238831862735035302392 0.01048526694706168084503 0.02552357844422015187291
0.01567185832578294607531 0.01899129687226279797341 0.03154052657838060658158 0.0151806049271077814905 0.01062809264216145466175
0.01671582145484332843077 0.03084858239211579408745 0.01244830611121501562355 0.01826000207340359657304 0.02285350180628666072469
0.0207706384994406183242 0.02210281094340285634736
