4.765814770469999572811 4.78129566825000029695 4.757072839520000151481 4.753603787830000371173 4.626848178750000428749
4.659053504540000112399 4.678610292390000147122 4.664008345900000129802 4.783552947529999599396 4.713079737490000198363
4.837656467589999564893 4.655499824659999674736 4.700927545329999901469 4.669379695509999983472 4.779022591630000427187
4.737673859860000113997 4.687770081780000097638 4.695794917649999788978 4.744750665789999821698 4.776950521069999844315
4.650564685560000022235 4.610027119759999791881 4.598299371290000436829 4.67170482296999978189 4.648205922099999831687
4.645952977380000348262 4.799196097970000352007 4.735721604490000125054 4.760808824059999722067 4.690981081320000356527
4.761586686530000278594 4.970956138450000061368 5.032562098599999700355 5.118074955019999983108 4.949729092300000132809
4.857166873269999740614 4.767741934490000055291 4.760868948979999792925 4.681843843380000258492 4.764723591950000169959
4.71268025181000016488 4.72996924561000042786 4.620590717299999816703 4.695540223510000110707 4.815852482849999560699
4.807211448500000372519 4.839841953049999645486 4.85733593471000002495 4.813399480930000251533 4.830583081420000368666
4.817603086910000165233 4.842800541029999905618 4.88416527179999970798 4.918894028270000440273 5.010078607499999669983
4.860171091729999837128 4.816415371979999804353 4.86475858183000031687 4.980976409080000166796 4.974380644110000027069
4.868824096660000044778 4.844566696700000285603 4.90186364177000033493 5.102911213369999643419 5.112230071599999980947
5.017342817820000355766 0 4.819133573000000225761 4.929509600630000321075 4.919091929330000390053
4.844710666170000123998 4.649917999000000357057 4.579301098810000247852 4.609497012450000319461 4.756687476179999762849
4.684194655439999799285 4.636624292269999614291 4.628828232370000073104 4.653963896969999680664 4.578731153549999710606
4.620393264559999657592 4.592228938949999950125 4.613986117859999680491 4.51369862805000021666 4.432338726520000271591
4.381171834589999924958 4.347653157269999901757 4.504218232700000434932 4.525433260569999838197 4.58055808165999955861
4.551343442560000340791 4.577669030900000102235 4.55452457125999998766 4.576075195969999676038 4.646478797900000401455
4.695523631770000427821 4.688348615519999817991 4.662194013459999730742 4.693669557079999776761 4.689550790200000207619
4.731477937540000233696 4.694614380490000016266 4.652573256300000181795 4.582511268900000267479 4.626531105539999799703
4.607915177139999762801 4.699848573689999753356 4.755415576939999944273 4.807164044380000333945 4.830934362779999879933
4.779469956979999878399 4.7673335720700000806 4.838507192419999825006 4.849408474219999654053 4.870102904770000407098
4.8280232066100001731 4.891683092070000071772 4.904819065199999883475 4.956442141560000180789 4.959430479969999971956
4.979502111460000435272 4.95101121320000014947 4.945191642610000215541 4.783356836850000348704 4.744843672370000042804
4.718325156859999758296 4.765951501310000004707 4.739676867000000015651 4.743624398419999721455 4.851748506079999856411
4.890912597249999826943 0 4.473191157869999656782 4.4643448855400000852 4.513237686310000107426
4.57433654166000014385 4.673192460890000177187 4.657864666230000061375 4.798982000419999671692 4.693643507710000051247
4.752890179040000440125 4.653815446440000336281 4.705599795470000401565 4.736589642350000239901 4.739591550790000162863
4.799496015969999973549 4.713492015409999957853 4.719739880719999725045 4.730078584950000220033 4.919223385699999617771
4.903514618230000010612 4.812771637560000037581 4.66164276351999973258 4.648283440020000156778 4.697856397059999800092
4.598848263369999855854 4.734051007719999759615 4.769655153829999605364 4.832780763569999749052 4.862794218560000381046
4.727730006149999830711 4.692968868140000360256 4.584391453280000305881 4.60553834898999969738 4.560849078430000425044
4.673136039060000079814 4.663893385879999797794 4.696877134650000229499 4.682306095080000396536 4.624211061619999618699
4.629337869709999608858 4.623083793170000177497 4.621955372789999572092 4.532408252139999760288 4.548155428210000295053
4.573006816210000380352 4.686249217910000375298 4.622351397570000131054 4.606630229570000345518 4.53068078015999997632
4.640476071210000164058 4.637156476160000373454 4.667167264359999734324 4.641735379590000043493 4.601358420070000398994
4.615828332289999558213 4.728294939549999575945 4.824738392279999565915 4.863045405460000303322 4.755025224939999795026
4.698934803960000294865 4.650509646349999748338 4.740315991850000187924 4.741008888849999713955 4.765250727759999804789
4.761830723960000177897 4.763650562299999613458 4.813996888480000180266 0 4.579524201599999955192
4.464174591019999915886 4.319547460129999905121 4.1961784633299998859 4.189136353940000390139 4.0959312810900003754
4.31733281111000000152 4.360699601760000376771 4.42032175012000028147 4.315030642770000035569 4.490690003230000115764
4.646254171099999830119 4.729228658600000301249 4.708860964320000341843 4.7560756757700000108 4.651222121099999995408
4.736117141610000302876 4.618696854210000424246 4.615465016459999958442 4.539271193890000333226 4.590672506339999792147
4.56208437887999984639 4.692700165969999837046 4.695361776580000423564 4.810517805249999945261 4.796470725579999871968
4.92426117639999993969 4.874264367540000364443 4.862005076059999986171 4.744070148509999640396 4.732230457260000022757
4.657265918380000258026 4.60574544109999983732 4.592472900029999749449 4.548228252690000417147 4.555449833900000022879
4.578951614650000223605 4.678817480220000213365 4.635383353980000009642 4.723787269159999802071 4.724831199699999650932
4.738530526239999929317 4.590263304779999664618 4.629907450250000167102 4.56029331797000025972 4.66670568214999992307
4.564976530480000072032 4.641482775870000132556 4.56651361719000004058 4.607488555649999817376 4.586508763370000352211
4.618931598889999712299 4.602783934379999664088 4.639758376109999638004 4.615038518659999589033 4.669116846939999732058
4.615869188169999581817 4.689062911509999764803 4.717232886019999682503 4.737902744310000358041 4.703184028429999941068
4.583724927739999621679 4.501763989849999703097 0 4.249363960750000224209 4.277502886019999728262
4.383435874189999914563 4.417643263489999583271 4.668408404660000066144 4.642047738439999626792 4.751843699520000185998
4.470056752619999684839 4.587066653870000010329 4.582723765609999944104 4.580377176119999838022 4.45542006857999961511
4.356955340779999907852 4.41748171512000009642 4.470814934189999867442 4.552424399689999567897 4.597638979880000142941
4.579466285809999703815 4.56267234230999996214 4.503593869890000433998 4.600482736870000088913 4.728396434999999620175
4.783862286779999806186 4.746613528520000180322 4.631610493690000218692 4.660449479729999566757 4.723119987089999582963
4.780211315089999857264 4.698889041260000176692 4.649129931640000101822 4.587324143750000082775 4.638589515839999677382
4.662062141989999908276 4.69617587039000028426 4.644605660749999920256 4.73519423534999983616 4.711534405590000140762
4.673329156510000359503 4.68689880431000016614 4.798303026230000156716 4.8195714285599997595 4.765218934870000033754
4.7557922513299999423 4.846683256300000408601 4.873252459199999719885 4.831056934260000268466 4.87676970144999977208
4.843513904990000007444 4.80891241421999993122 4.793984895890000430541 4.807767839320000291536 4.731435397530000308564
4.702523099040000431614 4.661112001040000230034 4.760191635900000051151 4.778452515559999724815 4.839643174749999943174
4.706461861600000240458 4.873966150950000297826 4.772324627029999710714 4.847645742400000123951 4.750733982279999878529
4.705289179520000253376 4.610500941769999805331 4.566521220370000300193 4.595292177360000174247 0
4.634896033350000443818 4.560171019140000225889 4.869660802380000319545 4.808875053230000418125 4.825177599209999890206
4.649180622210000279892 4.728980330209999749513 4.734187457490000028315 4.773279551679999954672 4.73027410281000015857
4.867220724530000097729 4.834348524940000224603 4.657107494349999932126 4.57968893614000016612 4.714049065860000276018
4.822998608739999859552 4.818523353299999811838 4.706711777279999786572 4.762955713020000203528 4.712167812039999681417
4.778506748449999896877 4.695566981929999883505 4.846670832860000110998 4.812956728359999658551 4.760176411589999823093
4.739360957719999767335 4.894971228160000187302 4.963141255910000104734 4.999781320460000344497 4.909082252970000226355
4.828584435839999855489 4.861906687820000350087 4.844026143149999796833 4.836350509369999883802 4.731359086470000363533
4.667650738989999936734 4.845967562900000302761 4.861837450840000407482 5.003863633639999974889 4.854641869179999957851
4.817458286950000001525 4.573418348339999717211 4.617892885179999851175 4.656624543629999557481 4.816841060299999810468
4.904428696050000091589 4.953115589570000310005 4.947446230519999765818 5.014898803910000424366 4.9766241616300002093
4.89559010906999958479 4.822703433560000085834 4.761919085479999758093 4.765873185140000245497 4.81616497075000005168
4.789422300720000080787 4.848448966730000364578 4.769265589049999753968 4.897293111659999809149 4.839933093159999977217
4.862942840469999694619 4.831845082960000148375 4.882545251309999834177 4.897421037610000027485 4.926537472419999730278
4.924701885240000187594 0 4.89038663536999962389 4.698919980650000383093 4.857183337000000378225
4.791915308030000097972 4.849072381870000114645 4.686901660480000231246 4.744330104020000327125 4.664464164269999990609
4.843229963439999785635 4.707137574359999909746 4.882032702240000077154 4.908308678130000046735 4.915992357969999559941
4.842837789939999915134 4.942939708729999992443 5.033903006890000142448 5.209327028659999747617 5.186124257270000370568
5.099999524320000254818 4.981955565249999828836 5.041588702240000330335 5.119363458789999654641 5.069785812370000144256
4.981626489990000017372 4.886422813340000281812 4.821785707530000131271 4.797018046199999830037 4.945437010760000084986
4.938125776419999723998 4.931443279569999837975 4.908030234840000005647 4.884293535580000344964 4.935255127629999627459
4.912415580080000232499 4.931106479390000352225 4.888317348370000203772 4.913139789579999749947 4.957478752730000159943
4.933810354940000308943 4.983761496709999683219 4.809165157589999850529 4.772082947450000389722 4.737150187280000146473
4.849508323380000263114 4.867385797479999887116 4.863586100870000095142 4.893943250959999602401 4.91138186551000011093
5.020785618299999697456 5.046912994989999567963 5.052508016600000040341 5.019520318219999666098 4.984756981660000363377
5.041132262979999723029 5.009243407939999670475 4.877169804150000231857 4.749864941350000258069 4.694274095039999927792
4.960265014390000004596 4.960840619739999901583 5.022264276589999631994 4.92671278614000041074 5.076978749420000269765
5.01735405092999986465 5.037681368530000369788 4.917547822599999562954 0 4.702846600590000036846
4.626593469750000409135 4.801210021410000194919 4.698737356909999718368 4.792555029499999896814 4.646011994680000256608
4.789286805899999777125 4.742180021980000326209 4.735452329010000127596 4.579184459400000406504 4.481492688210000352456
4.555074898230000002286 4.599635426469999899268 4.791960152119999705178 4.875886627089999869611 4.884027394340000327588
4.855463261439999733682 4.738336572899999765696 4.62668438991000030569 4.758023687169999682567 4.834926351800000077219
4.816337215299999918727 4.900166595580000006294 4.816243889689999946313 4.863109187140000067018 4.759568947770000058028
4.828782067909999753397 4.852710861450000301431 4.922626745019999638941 4.855393302010000411428 4.725226771490000032827
4.809330903370000243058 4.751587681260000195493 4.884017312570000157734 4.897759495849999922257 4.852467046830000185764
4.767251219240000281729 4.668560368319999653863 4.725161812659999682751 4.740949521970000191118 4.806208134800000308928
4.811327802780000162386 4.844259738959999950225 4.802180905450000203416 4.817226080450000225142 4.844218744189999981131
4.881244243010000261052 4.88037216403999973835 4.834712368039999930147 4.778178056569999831993 4.798498636039999709624
4.736335486119999771404 4.863448333270000034645 4.797122963579999677108 4.899890393479999772808 4.753863401620000317394
4.809766279999999838424 4.752103653969999896844 4.823068222839999918961 4.742789113309999748935 4.684270018480000352668
4.789104902240000072311 0 4.873819144379999634964 4.925984158410000368633 4.76307485363000004952
4.836096717760000274211 4.773897393450000414816 4.933129262469999609664 4.944373038430000200094 4.878849953189999588687
5.036264881200000154138 5.015278326859999857845 5.112609603360000143368 4.944943973980000073709 5.009717906759999728195
4.809715810030000149311 4.913332604779999890354 4.796506373489999752735 4.878089797150000350712 4.703478433599999952719
4.727253950709999763546 4.799684584719999591584 4.847120719020000301214 4.807160395260000385065 4.734577442800000035561
4.659503153620000226454 4.661331145550000165656 4.688804995809999986989 4.751133352720000146974 4.73879716771999959235
4.706710357000000399808 4.580404017210000233717 4.5787455429800001383 4.629090623269999760225 4.79505902339000034118
4.822719907429999786075 4.86953888389999978159 4.804857086230000184912 4.704367783820000425976 4.692719855300000020293
4.742211299560000092868 4.811976080009999989784 4.82333713034999966851 4.951230614860000045496 4.975759948160000334383
4.945571169609999984118 4.918395860569999555878 4.888110227580000355374 4.924473370430000329634 4.904214196959999938485
4.86844410165999974538 4.948820300819999573605 4.900772409330000023431 4.945588750839999825359 4.784840398660000104769
4.741319831450000243933 4.745971147469999706914 4.853087166889999970465 4.835223137319999864303 4.832134824599999767258
4.906851839529999814715 4.947949300200000344319 4.871409229920000250047 4.79914883229000022169 4.827052295229999678838
4.705848931770000298513 4.766106127049999585665 4.772683078490000063709 0 3.883385184539999812614
3.795400768589999973557 3.871027710619999950836 3.723447345289999876883 3.7881289251400001028 3.837009573660000061324
4.010395152150000086522 3.907593075489999900896 4.020331619500000286394 3.956716431179999826639 4.066115370470000378589
4.033693057909999879485 4.204642603389999955255 4.232977715999999723806 4.390215076449999642705 4.40772822580999967812
4.373265673799999753157 4.384384702680000245323 4.533347580370000073913 4.467315454000000407575 4.449605023180000173966
4.402464324370000348097 4.595282958730000366643 4.630410996660000222391 4.709428721030000097869 4.648449394080000018903
4.623016657790000039085 4.512498883270000149537 4.617319301370000239615 4.790014103049999860673 4.775243996969999571434
4.75802137443000017214 4.575304881360000130996 4.52056147302999988824 4.623246074239999892086 4.682707322569999774942
4.813864072530000370875 4.747032855609999657531 4.817747232940000401413 4.810349128650000416485 4.736325775940000148978
4.787330457200000388696 4.76731289612999997729 4.750400568519999922046 4.761686749809999952276 4.786728449279999964006
4.836087329679999768928 4.818517805239999951539 4.824893831429999835336 4.783112079600000399182 4.789900658819999712534
4.626365779040000347777 4.645805812209999885454 4.614635935719999970672 4.723550550639999734415 4.670355933479999777092
4.683630501259999689978 4.556404918340000165244 4.740183390630000381805 4.752257599470000037911 4.835076140099999975064
4.62377704005000023102 4.704336673930000323196 4.764993812600000211432 4.739413823409999615421 4.784459453080000201908
0 3.086172910130000168749 3.058895069750000139663 3.154095289849999872445 3.144092853130000086992
3.223849304379999836101 3.206070203979999977406 3.149266760040000168175 3.071879700749999830833 3.001423364079999878129
2.950249069419999869979 2.920707121389999993966 2.99260115659000014432 3.025532370550000127452 3.008793789969999910028
3.004888193909999838382 3.077813089669999779829 3.162331671340000038839 3.176360467379999885651 3.217314907860000072759
3.276154369079999906234 3.537013021759999986671 3.603657263580000158498 3.804949259679999862271 3.63778918275000018312
3.698150919220000165666 3.556591389649999879197 3.65527238917999985901 3.593885493090000160521 3.897447082369999815654
4.098399738050000351564 4.270216102870000085545 4.128843531290000257172 4.131072247949999720618 4.25426172107999978067
4.338762154750000377135 4.422573347450000191827 4.45611306643000038008 4.481881662710000213679 4.493067005740000396941
4.370809558390000404415 4.550063639520000258187 4.57076376050000021678 4.585603272240000194415 4.430850832560000007732
4.440692409689999564648 4.376516846730000409593 4.471799206650000080288 4.564598207290000431158 4.532429166020000010917
4.477171757459999845707 4.473307328109999758681 4.533704368669999595909 4.464341165389999588342 4.476386753639999938059
4.508977227429999956598 4.643011739920000380266 4.865621053119999928072 4.899123473829999575457 4.947526410520000084148
4.805355859049999622812 4.846212100989999882472 4.787457280529999970042 4.81039436710999979141 4.850332920289999627528
0 4.776925164559999714697 4.631904037380000005442 4.632155124549999669625 4.552918541969999566277
4.590547882800000145664 4.673309045379999915326 4.806962472480000414521 4.804964413559999591996 4.819178785460000113972
4.76314822672000026671 4.695720669149999970671 4.591109656789999604598 4.669701361369999581541 4.70983328634000031343
4.723897029049999751749 4.682161532980000373527 4.806809951169999983733 4.746802496849999997153 4.865134063350000204196
4.709811982609999780891 4.681671297550000332421 4.649853396610000189071 4.531449326639999775068 4.611204305110000234436
4.623462350819999677753 4.89224596414999979288 4.812272099630000354864 4.843751718490000079953 4.818962484800000112273
4.872366159960000331353 4.880480911240000274631 4.757422216490000188571 4.762349963720000189937 4.864739202650000038375
4.937193907310000184907 5.03368933257999984221 4.855011637819999670285 4.894591926150000382734 4.789711893199999792614
4.841900322629999919855 4.828732478430000085723 4.849161755799999973249 4.818835748799999763037 4.810570865029999865214
4.77528455485999980823 4.834820790630000253429 4.81089005111000034276 4.822175401450000009618 4.769533657550000249614
4.711204026829999946813 4.71829060775000019845 4.700273553379999746937 4.726016903769999721874 4.735725019820000269988
4.721928514040000024465 4.812507072829999899 4.845671075400000304967 4.883552389010000105429 4.914532155489999887266
4.966729831080000323595 4.977335654060000003085 4.919460558409999961782 4.949007261740000274131 4.935447917160000308456
5.027695178030000100478
