NaN NaN NaN NaN 4.571162591537551556087
4.564579485929855628967 4.058180170402978959032 4.254817518441224244441 4.431299274527536802282 4.661507522363068645177
4.7306211539612750272 4.440979899060441660197 4.648979742878545096119 4.754837735916116692181 4.709972892940815114571
4.917966355625606134083 4.709443114259090457097 4.288761585628394712444 4.773270891435694274207 4.624268835689750112294
4.778495025388961536805 4.635065361298438268989 4.790361230373697765117 4.172441352756481869335 4.326224312710354347189
3.629203916269066798606 3.994375015760635694306 4.212850436614912652544 4.885607996780500172918 4.399534629142903163768
4.275108408256373060397 4.513261956454027057362 3.883806770047889767028 4.284785301341296204214 3.986123697115540043256
4.244556444693384555933 4.40315506510578913435 4.489918247876791390638 4.300793213739027009979 4.781599214262536534648
4.347624238791301110041 4.772097815353599337129 4.62474261881048942513 4.546502505496046175892 4.73190925329524159082
4.477174054001268999059 4.712021041716877967076 4.753975750388678811476 4.65385697552904975538 4.777191303977152969651
4.815141514409676304354 4.338969581462031044339 4.491043952784440129733 4.654021270782967789614 4.597861198177895403205
4.642262717862051246698 4.628671959260316270957 4.689919285440318219571 3.973870566782032209829 4.152411687148504171319
4.864393970428157132346 4.240751936652969789066 4.838000277792271930366 4.768332062062135001668 4.68335323078013310294
4.564238691210850795699 NaN NaN NaN NaN
NaN 4.583949008001920510935 4.614661015745215699724 4.704073335063862160155 4.754302088127517755822
4.725627877185233138846 4.744549532155912352493 4.789404640939045165737 4.643613311151876033023 4.666659083897121362838
4.63654894853850851888 4.61753244485027813937 4.608216673205969726723 4.625115697735883379949 4.617063880916924212272
4.580348991959843907296 4.643289608028744019919 4.755936083352549914594 4.686421832527230435517 4.737782445959561883342
4.694624471498591411489 4.747881035708604535728 4.742725775176023006452 4.737880532745272432749 4.640557683386814957771
4.713278629450060819295 4.896571336785019212812 4.700599853753728574191 4.695998080309483846406 4.715440610704036750178
4.62941180593995671444 4.715810757494224070285 4.859681417039020345783 4.75456723342741494065 4.752411381827481129392
4.6375611555926212759 4.611225449757821337471 4.734157304799343712887 4.660274805881513771055 4.646767454530934315926
4.66350469826824554076 4.756692389804523024566 4.819133570774035035811 4.839081408316038945827 4.840957802000526832842
4.868982734546648316609 4.855004134163476869901 4.859352873270883499401 4.709027016388433573013 4.695846545205579758431
4.696703707278121697755 4.720313542097092529559 4.778337055987291748238 4.721336153490456766235 4.70206816975750818699
4.601273436284428086651 4.679642284973064114695 4.733292848021239507261 4.644801893926415736757 4.618533591760235701429
4.675289675219031160225 NaN NaN NaN NaN
NaN 4.648490108769701478764 4.532290759370735777622 4.617109051658989216094 4.3832944024194944177
4.30842154132741050887 4.535881648899073859127 4.396214468020572141427 4.460556433336730464134 4.474336175585732711113
4.708254436771625250913 4.555705204657765072795 4.699655748192918203188 4.867217290975052179647 4.827160639034214106857
4.902623378937062348371 4.801141244723170942166 4.832984199184321205678 4.825476213951519710577 4.817214435540606132236
4.956246049954693866368 4.837295831567052672995 4.776446792711359634609 4.842472016947746205062 4.692843281455250092904
4.796054745844306133051 4.655376839108402720058 4.692416993537119829227 4.673877381980477530021 4.7463739234575665904
4.705085082694356657385 4.833550919022437497574 4.714510011235595321466 4.7039982740912877901 4.785329694944687517477
4.824919038191938902571 4.788101300928766512754 4.778122720804163670039 4.771339617278507638787 4.757005066217682376362
4.815798919083770890381 4.730648480388013332743 4.77679386478271350569 4.787153874180111401415 4.788451927180433109754
4.801965965627281285322 4.840253837291945693266 4.803403164898410793171 4.909451599243821462437 4.783318295052598756456
4.71109354808965896666 4.781543671354355318215 4.85222296316386181303 4.785685496697515972642 4.728513198180908538859
4.796641979751644413454 4.665825787264102686436 4.705460706694201356015 4.761559562696106695512 4.816964929940178663514
4.774645592854116493697 4.785212615291662530126 4.834110929905813591745 NaN NaN
NaN NaN NaN 4.615261258880296146856 4.676041074242630379842
4.649468322397417807679 4.831500764323123142674 4.960075083312155186377 4.733988473439929123288 4.825915554341629665203
4.768229681799472707837 4.87795955137649706046 4.792779902917161827247 4.830695294980063891899 4.723148475576482319127
4.768290317979039016905 4.801452705298656198352 4.787565252136790405757 4.601802199083053324102 4.768650563969524469599
4.755544729241668377995 4.67616904537309974188 4.702062509474615126237 4.638803224038258399275 4.852202736245628145184
4.720720225074305886892 4.69747932918730537466 4.852688295851312894058 4.730066856762507043754 4.710984350545094123675
4.661541424585678328185 4.67106205017343523167 4.687614629892047801718 4.774768763171267416112 4.799690194272556276189
4.930347044726969052419 4.780485998785671597489 4.811904239989542197975 4.747473157238090379906 4.736826931408874230556
4.771594764846351921506 4.729187158930857393102 4.707843480888645792959 4.824596182825353629653 4.808992057891186000518
4.697618421225465468183 4.69125033066166263751 4.733430307760303712428 4.689643668428902678613 4.662183921547618403736
4.705587482598131643385 4.715886792147882644599 4.773763026518307306389 4.722477963657313537738 4.72600427804438982804
4.836808633815127045352 4.74367811740042011337 4.758421812967264408201 4.73677270244277792699 4.822494560725428591752
4.773645949279612388239 4.813075384002621248669 NaN NaN NaN
NaN NaN 4.832027092992805528127 4.75648930250679402576 4.588518863380371293204
4.56613361223155944657 4.655911486973488777608 4.774302492392786589903 4.494135989666295571965 4.610202328912015978801
4.177653249089646969594 4.643682751109675876933 4.09465797588738400492 4.628485130537407066242 4.742237506392165791169
4.670776013167746043564 4.687704845009609044837 4.468496192111704345962 4.618784905714373500984 4.65066680351818728667
4.878941504349343816216 4.469675535684480394139 4.17537118896682901692 4.65729472233392627345 4.371077502411027104756
4.429360132127044380468 4.570552749795931291033 4.238603727215022765051 4.526160981014085926688 4.448630004333313792131
4.227150775165028129265 4.586324370239697856277 4.555036838895741624356 4.556724021747498909463 4.562387604824643894119
4.612632202380728685398 4.471215199872019319116 4.238443710861019120273 4.487381840713971392631 4.401842789304203584777
3.831588979567663866277 4.407945474658351514563 4.571917502097396557303 4.624615348206298826028 4.603631204274536870003
4.827678219190712383124 4.656156320508979540307 4.602023150101784310095 4.122829893732139261431 4.270622426471795129999
4.612664623044441469801 4.53464046263305586848 4.639393789729323813731 4.544203496924163587778 4.656214631943725201779
4.64578049880792054438 4.300047059494759515985 4.781126851652665266101 4.892187440841746948195 4.790472900636500774851
4.575938764884826426282 4.352847706591224330452 4.413572197942219332845 4.772977930013713177004 NaN
NaN NaN NaN NaN 3.556904694167266622884
4.771193408109767553071 4.716388063070979796976 4.774798241475017412938 4.595772013730232252726 4.659015735766526944417
4.823621424318726980118 4.922286055874798726961 4.65534976608029982259 4.840526625533352778064 4.651836953818823339191
4.788485299493838276419 4.744092591096452871113 4.863058794204890844526 4.703965896476812957872 4.742077595092668573784
4.438541522603554057014 4.814542791939126153977 4.847997156006882413237 4.735654438245442854338 4.909928703643989145178
4.656946154592057851573 4.694090273899141685376 4.75842499615057690221 4.762986150317128242193 4.73103626539320565314
4.646353894216792568272 4.694819507181985152044 4.710132512486651101824 4.751079551016056612411 4.85984083251985765628
4.7217423877863167192 4.764885633000868203624 4.755496940746423817359 4.822415167156703930118 4.729117776209213808158
4.738710186523122480651 4.756983189387151256255 4.79901720775315343559 4.803068027136220941031 4.74119645226872066246
4.718853570695488386377 4.933368768239098756112 4.844404045342787235029 4.641594971553261395059 4.878319877070830479227
4.756735677606339862677 4.719592176882226652879 4.794226408798460958849 4.716580787638330996003 4.849014337401195362531
4.723240725697123387761 4.924908258123677384788 4.731089450817033359442 4.838411595875444781711 4.774135899869275334595
4.766954857496723541033 5.030426855172877687039 4.560826612765940701877 4.686437332459083116021 4.706676827437170196333
4.805173211288106926986 NaN NaN NaN NaN
NaN 4.81523954597769598962 4.748627519718248812808 4.608422738954828901115 4.706436322314691445001
4.800089137413234396945 4.439635783933456814054 4.501866069091112088074 4.619553318517395368303 4.688520951656736102109
4.799848205153992353189 4.753913240445116095145 4.741954726834030964255 4.81678937987737842974 4.801649473637268350501
4.811880431249966783014 4.81602711645971215404 4.840353864031060382445 4.720585876746288711558 4.938790544073214050513
4.88439445177992670466 4.943543983222328463967 4.869126718086076444081 4.850380584142460982378 4.791388426378067499911
4.771092549352909273352 4.75755557963664088561 4.839929111706007702765 4.795120581617515753692 4.736781937597292824194
4.798973592416955646911 4.828432975245226188576 4.943822783512822560681 4.860596241368578596109 4.798977362034070104357
4.763333862233904980599 4.84514078123551072963 4.90451534768119667973 4.803299294186530232764 4.882200860665165897956
4.855367098860368102464 4.624337402845163147447 4.794474325806600489841 4.835576641695515931474 4.861031572183201809878
4.839615375677876585314 4.63067677455055104474 4.672636835299918800501 4.663473246210353195806 4.85762891173030908476
4.820054706293146473683 4.79301893093428965642 4.83991535042584786197 4.835776296986033173653 4.918567674523995236768
4.860444551632373766381 4.815711150087359726513 4.955927834303435197683 4.884081818829878685051 4.975560906310462883084
4.863943521298386585272 4.940131892206030883585 4.755183978824481627612 NaN NaN
NaN NaN NaN 4.903134896886735205612 4.727681216227550997644
4.809469550713080465698 4.785628825834935540229 4.734106276947896319029 4.710252358098607317061 4.618910138511781227066
4.778691166767845110996 4.715720693606420432786 4.739406677378183552207 4.717872525580880882501 4.811124984426172979113
4.768176505606565029893 4.727169938222708367448 4.805435233472696410217 4.751230400330062941805 4.840755453751647507943
4.7219636235709172567 4.779716991711645768248 4.784457240513549258765 4.788085709810039780621 4.762269041649939360639
4.702881837431267086913 4.742742222881401126244 4.678367401428957350618 4.731699577048907201515 4.686931295587879020559
4.765816122033415425108 4.721709035350324157321 4.821087859281918852616 4.75923324432806982287 4.84949788339236143031
4.78073285182635210333 4.810736495272087687169 4.773802178858338685075 4.868797617583037862232 4.718961768216187735447
4.851354217578735195104 4.595527754015492405415 4.788836103581582293032 4.779285246622293925611 4.707620491834205722625
4.6841451906610531708 4.778510961731561756949 4.741561734621840606962 4.701996296506820272043 4.645498695833382818421
4.74764904964590961356 4.632861636788935477682 4.768218150804766075623 4.929100299336647950099 4.84355203692906766122
4.754162132412838026596 4.733631603009902377721 4.712549659062479356919 4.698817302738845569365 4.727038271616166298372
4.724399806108170452035 NaN NaN NaN NaN
NaN 4.851079124913177054168 4.854738051294238410094 4.824183770625692702083 4.84715958820050030198
4.727016144426286814451 4.717668062767081949005 4.799344121204536683933 4.770143014759558042215 4.640804750014524415747
4.820646967753947187418 4.881097628495154161499 4.715883927745510462159 4.658141423766676503249 4.757018773385948584576
4.674005291723697830264 4.703149746841778444661 4.74310526852344338522 4.71627689234352853731 4.736848528519364442957
4.644950452665419504683 4.776566283657300182597 4.715212960445137824195 4.793962286185021959284 4.728922953811870222296
4.697120555967806865283 4.795367554098688422926 4.810378580950783522496 4.663277637255839103148 4.734232033074236234427
4.633659806229188049542 4.805322423148876254118 4.673889574286184789287 4.670239655061993566676 4.755678385929535068044
4.856459652417580485917 4.711815335121977810218 4.649112646126985382011 4.71643474626281644646 4.683835643506362167443
4.816356654743247034389 4.869418604705123776455 4.89095932745226313898 4.817420149779533922185 4.837610959153821887924
4.781043493436483160508 4.797829563984237211116 4.747936277123491422003 4.722769165701190985374 4.745693183327244213388
4.849403977866078463421 4.74313964703463675221 4.777030647063210011538 4.808229005627861596395 4.880107541515795510634
4.835007177832087776892 4.856499431165019586842 4.906047501639263508366 4.832281754276502638845 4.839954840064514485221
4.796425096681256050601 4.78965939154936215516 4.777296974718374222846 NaN NaN
NaN NaN NaN 4.47320602008950896078 4.669299516547490647156
4.72183225050156263336 4.718570430470623300323 4.693325280020298251316 4.336839962981533069808 4.642036056578786151761
4.545114873634595653584 4.801168179710528782778 4.779508017889031457059 4.521477863730101631745 4.765951266043352063662
4.570023527886217351579 4.627225870480427438736 4.650399728919547115424 4.615891628080134090339 4.602586841641353565535
4.655087596132500671331 4.830070352518447407419 4.65659892568152411485 4.537417201285206758143 4.690644825452539912192
4.880180716346442792997 4.850647858391637257114 4.770513594302374649203 4.782187879518748019336 4.703227617103481250638
4.831505468599306851729 4.822263828599387736062 4.760549205000340400318 4.80502267668323579386 4.749196530894447931814
4.774189074931713960837 4.747385903979330024072 4.378040058600481287954 4.615434665381642709292 4.204746874888345864463
4.696882006909386397808 4.450959905359024304516 4.360851652787501642194 4.74387580774594930233 4.740194519986645538268
4.759356314749922489682 4.757393288505896933316 4.665903918908349545802 4.823526331404027978067 4.872440077061388485902
4.830048654610313185742 4.69185314133222597377 4.76765163943175629413 4.47970710574576180818 4.650773258678678523381
4.614013369351764204396 4.50964567319453557559 4.565041053131309034541 4.493390439783110146266 4.578891799498816084224
4.788916056041816027289 4.695406736438336281481 4.780181567229750072556 4.809437499964870355029 4.910739982924656743535
NaN NaN NaN NaN NaN
4.457796943814833490194 4.726111865947787649134 4.523146060755141917298 4.599845873334329482418 4.248111091471330702518
4.553725650896831567138 4.601374014508462728656 4.50105066546475551803 4.810643386364336748784 4.434318578422093537483
4.714439634459528960519 4.521980612045587655246 4.614983727474593067086 4.641516954535330974352 4.667735451128841361879
4.709089713667597543179 4.775561108298435719632 4.716516784998768585524 4.479817199951237505218 4.760118241504672553788
4.621776130549679173498 4.785647808905490130371 4.395663795715597288449 4.800852846058346834468 4.550171554055353340118
4.618108508506426623796 4.607712324306031170806 4.416920099811528999112 4.452591126664785292633 4.735334138352888189161
4.657803161019912430163 4.774800765840454985778 4.838243269277184843702 4.509572231603862668692 4.716699235673329937413
4.640104876983937920443 4.65067172465288969363 4.513770588864303157095 4.429966751811227787528 4.666199011551159792077
4.373438961688072446066 4.704407390301211577821 4.325007077020305956694 4.689605885645570459985 4.385719216272867981843
4.450277746458522365458 4.646654063230013065322 4.529588792945432373926 4.809624667474603043615 4.650364254581549339207
4.693981786247889864683 4.653208857561282663085 4.622865191016177099925 4.527952578485183288137 4.641204958036895256157
4.742482089110309217972 4.711226148569980232139 4.699006640787078303845 4.697508332720565782381 4.579531262197395591329
NaN NaN NaN NaN NaN
4.524078105081320799741 4.413294639647988404363 4.758653997617553699229 4.800827259433509297537 4.276707606528501237619
4.69266282165881598587 4.724966688604524733819 4.736988693563255914398 4.531542654069139253181 4.085246181777229423915
3.968647651380779795005 4.44958068931314265626 4.329811156688056605901 4.84743138293505726466 4.697239899150081221535
4.714618857875880308939 4.622981512959730920898 4.660513769426837704657 4.748282145559148403891 4.623950372356693705456
4.833095600759349075304 4.811716912893890807368 4.856396090580958890826 4.811464349617883051735 4.735194731272848400749
4.57765261804345868768 4.615249553820572003815 4.625855460198839530506 4.63819283647216540345 4.412482838534565132704
4.78126428345370069195 4.682038717092667390318 4.881523515981076144499 4.612385504539471270391 4.803948042068563850648
4.850481710390319278758 4.82690337811301706239 4.875105475149976719251 4.905384944291507842706 4.797380751444090485336
4.907502233692335735782 4.928214119648021807052 4.836506306851143577319 4.768235987805572229092 4.828459814741725253384
4.742582763218603503219 4.993469996452632564399 NaN NaN NaN
NaN NaN NaN NaN NaN
NaN NaN NaN NaN NaN
NaN
