0.1707536456045855577379 0.1664680780302230378442 0.160358831026123749286 0.1561612798593504103373 0.1531187330669773472014
0.1441703746553013587572 0.1403322512896674478799 0.1335422389984124713624 0.1319060161697871158548 0.1291462105836926610447
0.1242292122708470586412 0.1227268325051350389421 0.1168567707354861012758 0.1184985948168873898245 0.1074321658516755456647
0.1044603696905072598433 0.1005380218212729714899 0.1022051194319406469679 0.09872915557017858390054 0.09057054238432994675012
0.09500575893733058385759 0.09047058684229306035895 0.09006112728409533529916 0.08609426341049171427233 0.08209959370944443224349
0.08234083751342438639576 0.07920623301961829398898 0.07943348822507025064343 0.07221454402577293096854 0.08284842105889358987447
0.07637428265526005621844 0.07847173486656597307665 0.07296120007291571896157 0.07750383151955402005751 0.0730899044620004489925
0.06770466902272422038411 0.07085590701028279814189 0.06766927123553360956532 0.06985401286939089959827 0.06661667573825942600951
0.06227858666959647238048 0.06454906641259958166579 0.0658029976569301372491 0.06089426656396871445631 0.06221777700011321687867
0.06127652582063198433149 0.06202414967649273053185 0.06131994107135079613569 0.06075261222590635362684 0.0607696250613709437749
0.05799324992680617019136 0.05639117911671107097327 0.05771215751121323844774 0.05428012502649658121978 0.05515045923853469783671
0.05573321800668439712778 0.0546007520939556997841 0.05647479579954018530374 0.05135379176111599247578 0.0508830068494369874843
0.05166288281272066185146 0.05207084597859940044984 0.05228094465781740751709 0.04940533687269962198618 0.04845976727535670353086
0.04752491270983137672257 0.04754583753035188792291 0.05025851803715371962644 0.04890081007536967866445 0.04866070917657199651485
0.04858718349155903559744 0.048385607034897214207 0.04950256282062412416245 0.04713367734141303555528 0.04771883034806989609677
0.04730360248715809873277 0.0466887502844268928448 0.04643704536887960365732 0.04829964707427437248244 0.04683603561812955257126
0.04492311149722030827469 0.0455414136351777465439 0.0468663393517938370314 0.04631416511126956042643 0.04748941930991305154786
0.04609037895731986356207 0.04533806796123273502586 0.04400001153010411891753 0.04514668915609949817469 0.04424840554614897086827
0.04237330697331520568127 0.04525025214324428918244 0.04444953198845846831233 0.04256859109954815034715 0.04322542117268800970775
0.04627622126043463152145 0.0435196224382609422876 0.04352006006999796505763 0.04171746768149401513037 0.04397041484406678107932
0.04361149354892791818461 0.04194438382719991448289 0.04325886882355919199616 0.0410153197714948417052 0.04293012309514201985117
0.04304162602361906453385 0.04207844279855950386793 0.04014625278843823169561 0.04148560572149354030991 0.04282639480407075122104
0.04246156594893231439602 0.04238028282221647374817 0.04199247230755425580595 0.04102887428324519109024 0.04062129029657352702332
0.04099887173832106324056 0.04124620301946427952666 0.04130367743854456569208 0.04105348332240079528566 0.0411116916482378649822
0.0390200266247661964325 0.03946766148936108054013 0.0401217802574118723169 0.03993666629642816934265 0.03921152185487434410627
0.03922278813806014119425 0.04023178380846792467906 0.04139143440421598485468 0.03963403574169681309325 0.03879634264093984041821
0.03845706538529362200629 0.03964559843752171047759 0.03989350007421550714515 0.03932627337923236959805 0.03940953279727972546898
0.03902472463309274164356 0.04000611262957178004829 0.0380571650498510716254 0.03991610957490608624365 0.03857357422849734540637
0.03706011755776700972165 0.03894592596132392947617 0.03798247360062764060862 0.03875679308546651352652 0.03753298121840423912099
0.03851850703407443815562 0.03844473019439544753117 0.0402192154821321007363 0.03887144980554225331959 0.03949930981561058235263
0.03741212707335232756645 0.03729898484235530387032 0.03895961817639109064926 0.03758143233541790667607 0.03758786637228027360802
0.03700660022423163386662 0.03717206530178115281293 0.03770430210265837689398 0.03865124184548639207915 0.03690159455197668941784
0.03764391297600641617116 0.03787052742479582456703 0.03606429788878078718239 0.03765997159010487510544 0.03709325479939448722
0.03639225624580438162026 0.03740220612157416774091 0.0396476190078645512882 0.03803187356573286409533 0.03669073199658866302197
0.03810691781416611356725 0.03800532075559484579408 0.03791586703224237436816 0.03736635417034855910501 0.03703920680029129663957
0.03837228936101592241537 0.03890796946992161609025 0.03521143215954915944854 0.03670135939061314189757 0.03677688285190722911056
0.03584046474213279515064 0.03608863692148629037648 0.03637207979274661301394 0.03652068101190220072993 0.03709389805580550619757
0.03628422492852943770369 0.03725937333896176678616 0.03552196741035031080091 0.03648959036232000963107 0.03637392951425258424969
0.03586482241042909802076 0.0360157021055196244208 0.03635529608068478746308 0.03468722194718668050406 0.03571751622420403504687
0.03554000975446409971159 0.03492743972141403724363 0.0370240781095923301991 0.03683120944743321217851 0.03498648411796373425275
0.03657551519175283177843 0.0352439558389655432924 0.03559175759809064115702 0.03647580294214608498393 0.0361678357213868970077
0.03491032127505372395504 0.0348750144473246037613 0.03619367841970150961872 0.03585168300755942061286 0.03596235563140211949351
0.03566898649050844610775 0.03568982474220470935133 0.03527306899834648651337 0.03493441157897489435236 0.03407628864730748163847
0.03509178596722593856949 0.03394340869471304533711 0.03459019193920673945764 0.03573533197752033069294 0.03550719327248368084593
0.03603847092592504103292 0.03475997886934301117634 0.03587899506324313675387 0.0345151777921855751341 0.03536152869208426113845
0.03493151312842046607443 0.0359158003286460733583 0.03472834566229428959749 0.03445061990621119119016 0.03553866100198457833592
0.03520515195615308429167 0.03457350183365565099436 0.03573638121222593583282 0.03436678114749280865681 0.03588605287631119189484
0.03627025419424737689988 0.03538413008264501558031 0.03600702419903519663213 0.03502103157009780337594 0.03484703574208430909565
0.03498802352295442286145 0.03331791949724210305517 0.03521519333218475072966 0.03489258733944039514441 0.03444295289818004313087
0.03412351362193601078676 0.03525030183537060379795 0.0351760550803790483787 0.03625138117359234801729 0.03369506416935346554409
0.0338178724062259475347 0.03379095074369022760896 0.03352004205615310983291 0.03623325782084811652606 0.03544844832688818364597
0.03385743168361014104883 0.03329674241765384623548 0.03420390496804463081881 0.03532430868865545081636 0.03450825725076444444595
0.03520712624573776178272 0.03459264794924962055367 0.03550034580803809042271 0.03313807764172887332377 0.03550218739016779839757
0.03418277346085833029443 0.03392205443332680508961 0.03436889681612211727701 0.03497568181741692039388 0.03363038408720009364572
0.03417976745614157568776 0.03457222943062621123289 0.03584896549232347018332 0.03355167329624440808455 0.03294400679732244902054
0.03398106340137199699036 0.03426117917755165664939 0.03368644858328804364556 0.03325296713847521179463 0.0340489398692248659839
0.03429786653600621487703 0.03487814487536130408918 0.03464635950025268112951 0.03385594942597852652355 0.03334938664271542424489
0.03390663087243069029331 0.03390304374530593578552 0.0329027658539490716616 0.03439036763078076597289 0.03423448114748111476002
0.03331433125738633704849 0.03341992163047807773424 0.03332819660555642188315 0.03299081202904927817565 0.03452096859582442361924
0.03390521552067858601642 0.03389033724932079272296 0.03416231160357209584166 0.03342942118775055204694 0.03346674696418585476243
0.03332892864888212930419 0.03504008643583690629786 0.03335774698458481707375 0.03535568337830105600794 0.03389720781606635896521
0.0334574726722831755632 0.0345702430322818513031 0.03376244305096297998459 0.03260330241925329941566 0.0340672921768139722043
0.03399435122838341538642 0.03278664249130663205234 0.03383865735922079315268 0.03321820286399086025186 0.0334896031221927487076
0.03386233284299690338148 0.0348933792797983602374 0.03382784193360785507387 0.03399537216950035412033 0.03507872266139165640109
0.03386956437361375582551 0.03292593421163022421316 0.03324305020615445083187 0.0330480277860363269582 0.03355031880187434728535
0.0331776181038635140097 0.03359064804173176460589 0.03413210978331458755886 0.03234360863915756306719 0.03385138318422869357915
0.03364364398335199790591 0.03367189993841192968693 0.03299134916003461370781 0.03284590718776252832312 0.03414310633293819730039
0.03288328740661192878258 0.03337443636228994842119 0.03461208853976135285668 0.03245167929112488525156 0.03273991900536889210205
0.03227988146940655167505 0.03249903265550928982419 0.03412831478920921868259 0.03304022955748046885827 0.03301527955695082727772
0.03336459664440712125089 0.03371134439035595314893 0.03421866035987084636583 0.03220797427789055117353 0.03563327607300734861662
0.03451369635380685529924 0.03303139805479418655842 0.03389830745863861571898 0.0339292539073484181178 0.03377542189890746920922
0.03324797062542388104145 0.03312116753625533871475 0.03323701594678857978993 0.03340668179811955712522 0.03371539813416836450788
0.03294172254420468098912 0.03370807715840791474182 0.03258481989286179936194 0.0347847152660661282364 0.03346502587660530464442
0.03162183860777685595611 0.03275958973964882697816 0.03334391170038204094128 0.03350860460227013393197 0.03268549731526858986852
0.03338643292625899372528 0.03338556912885484728726 0.03299749546088524831955 0.03299819033219152097924 0.03192536053180961702624
0.03300025379423119492595 0.03112190848847356736129 0.03321302648001311225157 0.03275854753774191246984 0.03197003071897257242551
0.03316982477810358209691 0.03186180147277118540616 0.03330886634957795633394 0.03303403092806529023351 0.03309797468523243552108
0.0323679019518290228552 0.03334921504098076888711 0.03358723459400900918093 0.03205747118312645554949 0.03422171721260230253803
0.032147361925034735608 0.03202601444912527711706 0.03211870437346555501312 0.03433663880290224734715 0.03342523636395521025033
0.03335898327765193793759 0.03390782578711574318797 0.03227054019723736566494 0.03264222804638194919136 0.03255111388353673640417
0.03320988342745209709328 0.0324873464467791694954 0.03275625260988619669167 0.03254655890288048192271 0.03332771468593793973145
0.03342872327012905847576 0.03346279759448200080696 0.03312675478434690123919 0.03212560544703672166245 0.03295684852737731929118
0.03201725940397713576768 0.0314025039300887126581 0.03224205883449163256849 0.03266502205647969780955 0.03156368079374836238538
0.03295462211111114397832 0.03319497086359803061928 0.03325781253925722685816 0.03237116987120157440838 0.03343072033624073374769
0.03391547350383190134737 0.03287094551473677961351 0.032502221900143263289 0.0330206900355993759888 0.03259442892815102993387
0.03192291369394957556427 0.0324431637969541247779 0.03270411255666066940861 0.03228290864343285465621 0.03281120782702257737684
0.03320615867551351962916 0.03251403159240929402474 0.0331350961202743002354 0.03221761867904376214211 0.03365763326585904935406
0.03225767945729982044689 0.0327312977791794149085 0.03181012801679031914981 0.03270979817471007800034 0.03273018306199235172294
0.03205956058559902149829 0.03241220785782289448562 0.03204423846450012852705 0.03190851864704189605471 0.03239260655373961406145
0.03352950118639463211734 0.03333888049051515062304 0.03353520273298013498753 0.03245411755501021594528 0.03104412310696519697317
0.03299147238684520255791 0.03263576977101959042393 0.03255426027015739798287 0.03310159586941280318584 0.03207920235829062050037
0.03185702384108029389109 0.03313577311269332026367 0.03208236166005745682028 0.03184285313118251359299 0.03269011953951448529176
0.03168286399526862306963 0.03161905037189741835002 0.03265899409934364810981 0.03179330753385761071383 0.03281106123555876247222
0.03284627600821671267184 0.03362226387389700976716 0.03229715010855684076407 0.03149759953142600155118 0.03407971957829648845806
0.03367544394914414457309 0.03282534508076041801505 0.0318583905927094859778 0.03387162046147561972331 0.03373360558145645921035
0.03231687674928663406293 0.03249795737222780506182 0.03246884908538922448473 0.0317767094074734024467 0.03331525283298394923825
0.03275241283397356539808 0.03202520658398886471696 0.03274221638284462859714 0.03211391065421045909467 0.03221076761751082151441
0.03191175147789097193973 0.0319307741629105551473 0.03251571313963898951505 0.03116243850330656720016 0.0324679502693143023917
0.03318352430793713309098 0.03306010472518467607772 0.0329586558674900900745 0.03239658678663945995391 0.03104629722374460318313
0.03258668048274616924065 0.03262468919077086276781 0.03230959630663166048947 0.03232478522932521330935 0.03334309058335086645153
0.03241878261319448839561 0.03293280946620353449861 0.03232080832837141981528 0.03213628447184520287028 0.03254950578273697880949
0.03253653279888760879723 0.03277617976005298139341 0.03295024537774592088279 0.0321073633534002533807 0.03268680023472259749129
0.03255559805369982045997 0.03265771745761989613976 0.03206924246851967225114 0.03212242791320617935069 0.0322129980335903662314
0.0311774925894156215711 0.03175369848787774895715 0.03239962127380779932651 0.03318795635314745334776 0.03174311092713987675351
0.0320950949323344225661 0.03158720139695116169154 0.03192552157092014980533 0.03243582738069818172111 0.03307772079135441051223
0.03107297432213655327682 0.0332170679738863910968 0.03282543157039674586173 0.03213940269974902008698 0.03220927445449148912582
0.03213901632583985451541 0.03302239704043247181531 0.03265333869844622149969 0.03304727574977998905137 0.03196672493257784325449
0.03258482810841278193292 0.03248823367605659789836 0.03156679156488226972721 0.03229336359827942454226 0.03308674006693896468834
0.03286951886373972592237 0.03164113817111667559256 0.03281946658702211694347 0.03175348502213284213047 0.03159969475793316523449
0.03235296352015959442383 0.03148638330601202101056 0.0322015392097151215145 0.03347203504310581473336 0.03219555945424787402054
0.03158761056136621947488 0.03208260830180164474568 0.03262302841565248995304 0.03297015509773259384074 0.03346049809920727258206
0.03224546513658926860657 0.03326041862397079856839 0.03211324733017346250152 0.03230688143020847558073 0.03246540496034776984713
0.03251300403076633899202 0.03136201560616333483544 0.03158611330527191091155 0.03169699732685248710906 0.03282011406411548815054
0.03281054512102558190501 0.03155109565940775184778 0.03173155960811965131674 0.03252094827548902833403 0.03184427964611123706984
0.03232327696094452335052 0.03226144695131418632661 0.03249724011101101650567 0.03156953239129803995278 0.03158279073249625756858
0.03167164684146941966425 0.03226898387421209268844 0.03162904919763152855605 0.0322293438934166606713 0.0318410891558782993549
0.0316069919135695195922 0.03177237859713686468632 0.03284926844125887757109 0.03253901540842178696789 0.03247683827129245470733
0.03272698735261645591743 0.03196848052364203301989 0.03281417226321798469302 0.03137587963984263261796 0.03110064600959517797096
0.03123296163276685286081 0.03142185646483464794843 0.03162384836089451867203 0.03249462111354942811525 0.03161626579605956305352
0.03185716739186929963301 0.03245919509570376060292 0.03211350929069009541017 0.03259797876352897583185 0.03271971481353566635342
0.03259132151444153746578 0.03141965159564155674055 0.03144009299660619621841 0.0304194999627948360621 0.03242780127581618154764
0.03103591968556734109752 0.03125113236194126953293 0.03108331739314085587211 0.03133585602818046017548 0.03095183300202662343703
0.03249008389564474186262 0.03156830683572864337805 0.03108965713342221048876 0.03309821773594304877841 0.03081589274177331042037
0.0321993671275961138023 0.03212767555177174771952 0.03216696373791186336355 0.03125698767667908772871 0.03273569857247220910024
0.03278675728240187242646 0.03216050453301372291648 0.03148641387153523762965 0.0317435998148589623713 0.03200608688291913667134
0.03161910294445639812988 0.03048523290982824845985 0.03174312925125079287714 0.03221292740043107255543 0.03162870902562999603225
0.03223914099558391338496 0.03248820106011305469673 0.0319928807435104767265 0.03134397502634322235648 0.0327822051605178715894
0.03116320225781083960714 0.03093225384337893596465 0.03200946552055852073471 0.03199460403562435356628 0.03165611703377357866174
0.03105477566773668859912 0.03222317238601050959357 0.03230061591795523046056 0.0313929883261374054193 0.03178666887370645843802
0.03086590200926793772784 0.03101605965220922966896 0.03211424213302304514484 0.03053180086103907814321 0.03132639916308810335011
0.03155725159670030172121 0.03262072366633477632503 0.03156508208431142020745 0.03169170948298811324451 0.03167642757353966026512
0.03200924712033918762 0.03241017175149688706037 0.03076921358590180635706 0.03203883838041296505672 0.03103758918240004036071
0.03130456195485469689244 0.03045674671590120966003 0.03170491204074750435371 0.03188572782001982547362 0.03142288452405519322275
0.03232193911571002581384 0.03099879839282523169564 0.03122625467528871920364 0.0319202117416953132234 0.03237648301742396955705
0.03274678251936102152397 0.03153492503696876669839 0.03132695999077230591956 0.03040353488045137442253 0.03131559935599589894473
0.03175559232069184029124 0.0300239827740728798533 0.03050658844852068007913 0.03172968184526697710268 0.03184519223684418448572
0.03140189855308802430178 0.0315983199072957243736 0.03192522703269948247673 0.0304201545697184126682 0.03182359582448179846637
0.03132227166634554693658 0.03137274380051251199131 0.03193344230733596855742 0.03250554892165427589568 0.03099759212450349174506
0.03193988933368404475877 0.03232360383153130151124 0.03067299807010389484097 0.03159948052250334538105 0.03189868263929806352364
0.03063794112637928390708 0.03146568770614174836986 0.03231339761423272782803 0.03167349437055465288804 0.03182703222633773837424
0.03239831962741046567089 0.03088566139166132318294 0.0314582240094818318954 0.03172628481673808731323 0.03209403838775404249617
0.03155750729307135737933 0.03107187793496988398312 0.03104834804871288087003 0.03273218320842127826431 0.03160199259801703408623
0.03099902037458338380227 0.0322659668178814779127 0.03102834400320507446391 0.03073596081692100967508
