0.09505684747927999056483 0.1459726498699205621268 0.1959202379190648768414 0.05239593391740331868034 0.05766007333422339120599
0.04884937686566841186231 0.03510152032071450767248 0.09707989832012857422949 0.07809665511648705704673 0.12326072795584881725
0.06695740902066588118302 0.09242882587720149811794 0.1119004967434871766763 0.09997343724858592795002 0.02463704136244889916774
0.1659573783933520896294 0.08882065764382432448976 0.106879651372338277393 0.1072703398143417391486 0.08793152428996900416003
0.06545063619506040486495 0.1017633210957979983391 0.05828795464643359014456 0.1541689256426316267934 0.1029243020142787401472
0.07679500165831287805673 0.076895322465266285894 0.07757114065349660081417 0.07740524431785661407801 0.1003463484608892591909
0.07957891449350795731732 0.10533235295853896063 0.1204246461021025726978 0.1090981561589308007632 0.05172071070852599095069
0.05103226412834436370725 0.1004892070067836679081 0.06968994346915501070239 0.06189437213121377900915 0.03619344555228765775157
0.07576792995947047304472 0.04470115640450918192972 0.02711486400431166454705 0.05192424655640141828439 0.04679412726097769564815
0.04731944831983976584855 0.03438744505016608221659 0.08445750806584778613839 0.07131508513760029255302 0.04046156742411174955798
0.02578783212306862485108 0.05448530752036825214324 0.07929112203853957985267 0.04519692379050315594879 0.02989491361469641048099
0.1032813048529257204944 0.09167600074254123043715 0.04943489062458769622843 0.05026271219006110679839 0.01444596750386777615771
0.03584456789376298108118 0.03908645978357536132641 0.06814180429662453075679 0.05910187762060290644905 0.05103379961194466629681
0.03819743263272028233057 0.02949527475199104076253 0.03422481060528031332479 0.07851527545125419615957 0.1013585321671043731895
0.06914789891875389171716 0.03727373027010860012664 0.02804194987934147814679 0.07550702938254059970458 0.06408120236670096503406
0.0469351603964832039817 0.04294888351290850059261 0.06838768860724731002421 0.08088633348473306394766 0.07445324482281373557058
0.09382056347410810959175 0.06635437468610393130231 0.04764863284675407983926 0.04557660730766679296755 0.06170958680693763159786
0.07935932078216936802484 0.04862910369931699311463 0.04661318652433554116099 0.04149161454351175254418 0.02858666742967899687677
0.0553098103640110305701 0.01177451412822384975432 0.03801781418340271362366 0.04652059130196797148704 0.03796723317224107857593
0.04302103791958204054291 0.04354894782547780868187 0.02117856713031284268678 0.02951270243471057139195 0.03413079029626535365605
0.0475252502359862771808 0.07252205967150118781639 0.0150881321118670232162 0.06225225215710032677929 0.06522547493910030302899
0.03982025503866556959132 0.03071378793529090309167 0.02723594381865833413681 0.02502481913953821107688 0.03377707618794867361345
0.01505052070111721068679 0.03422762681150835067934 0.03613600597957842414099 0.05710025640597765628215 0.06445023705197679142476
0.03164510956357493437485 0.04613155407091613924297 0.03548042697325492350613 0.04526507244734360307925 0.03608369047107987115375
0.04527434834966961169078 0.08620351155789118813288 0.03680173417821895609503 0.03745282200333314992502 0.0477626097719245426565
0.009186555886488622854613 0.03754524978528492318297 0.0244144489369453980554 0.04395599170667136706969 0.03110910718087644619145
0.04986233291058649041982 0.04396414366570482179508 0.02669435635740053172626 0.0512007126465995679454 0.03397565078899986157346
0.04086394910797563201355 0.01994887743071586602706 0.01608805026288717687777 0.02696001925482649497212 0.02199274369407307194724
0.02617873148056139298578 0.06158093371643465901988 0.04275924642342347758994 0.03204543308932452511106 0.03660992132430627293838
0.05252666816576032765562 0.07425266963470639192124 0.04707687424728982522604 0.05721147292516026716669 0.06358632337225422759275
0.02926650271039270626017 0.01754371890098582742468 0.03384231069349263876234 0.01030328065288043694336 0.03535571810430688383109
0.03629339086769511196762 0.02348373679381141748701 0.02474772033029063594833 0.05377734136352926158642 0.05605967241571998410654
0.05254786246221238021903 0.04411111009326593168645 0.03470863755475947498574 0.06612108480834413826166 0.01824477709056962493328
0.05021719477565630973537 0.07039679671466421428949 0.04021418705888591543784 0.04436976039607763711015 0.06050363772460847638923
0.04436631950630354204179 0.02571123883130115028717 0.0376345097409154019652 0.06527503985851894341419 0.04211676201582938844359
0.03893838277577298806476 0.03236316693072121414287 0.04378107490822211178561 0.02996186657632873492907 0.03243982077977115852097
0.02743832907401037510264 0.02820529633648310996463 0.01939331569188955384231 0.02621512238092850097249 0.02606578720045909028369
0.0389592724608856730284 0.02665386340570573969755 0.04083919593454053004189 0.05803275413051436903977 0.01781868674062395477287
0.01867278798270625636557 0.04438034329749326184489 0.06151934797376758939924 0.01436996859000063894718 0.003610099147371133385814
0.059419753489190478557 0.02218988276248764004994 0.08379751388107087306523 0.01858341484352915920497 0.02075870942523401832536
0.03331942467111494859955 0.02003791701773668942899 0.0388289332786713597967 0.0323733697866025321721 0.01431595092117174221336
0.03550039860779267281155 0.02765435223433858683006 0.04160167345769532482036 0.03790841262234843911383 0.05834779445094267352756
0.0366671727816180251236 0.01220164472059538998683 0.02430548281396593263137 0.04560180613301786228808 0.02660955277169296459561
0.01765487366252987619375 0.05948046608075213681488 0.0132469924776464006988 0.009932527005493126809332 0.02663365243292950199083
0.03925213998860024172677 0.02129020467187459422775 0.0316224969024045191035 0.02650765411425123896372 0.0564701147910381603956
0.06911533219007766348785 0.0347348118340275804905 0.02945693322428555305237 0.02586367678238813902492 0.04380139606771154409115
0.03612186832282814757944 0.01218343364739437120758 0.05331385920769251413054 0.03627666122393979203364 0.05876708062896598278035
0.07793378848662059488195 0.02765848691314594723356 0.05577575292725410471828 0.03545413506356366595273 0.03820817216954958128738
0.02564551655457218345968 0.02755257391891738696921 0.02980864456068874762673 0.0234865350567830706574 0.03980953056708404214081
0.01643782264223005509796 0.05099159358427455407403 0.05724631575934608501699 0.04932666529728232940322 0.05880420967694555134386
0.02058651724776237521009 0.0425997276099170651964 0.033561684481498939292 0.02075069706798515073443 0.02815815243020780914152
0.03888939798289429983225 0.03396127610383173345276 0.01221136698103040055252 0.03008382455100952132532 0.04886298914086720235339
0.02883273399382448379247 0.05339659503413242414016 0.02991168618704213508219 0.04114723185884094913689 0.01458939911921212397028
0.04624890596290720523598 0.04711553035871481748265 0.0325751856950404622415 0.03694445320657219894445 0.04334212430876288602022
0.04736036150576196368522 0.04694503415700024967494 0.06628005318815893831541 0.04207377857807489268671 0.03643046441070602048384
0.02819249440472499160237 0.0310284341205954022902 0.03804900115674386684717 0.05771118709303327265481 0.03584773605118051625906
0.03151351106522212036642 0.02287451049087126792037 0.03384270105608722101209 0.05835803833391417505538 0.05438099654921938613805
0.03876046182845786086668 0.05863890398243278012647 0.03013285289464345123589 0.04976587874386393522963 0.03845307714125710540909
0.02889524846380503442234 0.04863271740271517262766 0.01935442689548992623028 0.02418733659660921367363 0.04553944778327090325831
0.02158022807855027730417 0.01832857140256199252049 0.01447220394199925409817 0.03005688801065348539354 0.02004098941259471397536
0.01309685296856392434928 0.04240521305900589454918 0.03363979573838894732152 0.03661902381906827902425 0.02469272533212132914038
0.03905039816403769320496 0.01971368841105263988722 0.0285849850933376087303 0.03543997935451723840794 0.02372932460495041223636
0.02252972454259461604353 0.02119959154602371956266 0.01627878813986214159848 0.03222614889589134334891 0.04855389428906990018087
0.02746951145292195542447 0.04419141996617482331944 0.04656577148243995489807 0.02577129086467097596191 0.029331974585366380609
0.02724874334025213437616 0.03357347458142496271494 0.0397528859613131974049 0.01919508270942058003605 0.02190598387630958432393
0.01861768500804550016681 0.03732236534178431930364 0.0243602634129074895053 0.03167261989142181044521 0.04424306891073168102047
0.05413826237547160469266 0.04126770913164675563811 0.03482798365979435095685 0.007381704441483043048489 0.02417138999603771556957
0.01500774027252873427107 0.02662706193745969715514 0.02257369157538152010245 0.02735759917427022305803 0.0559101470079191448237
0.03374945109263985387749 0.03498530416402302611889 0.04572762537465316357022 0.02993346618033386127844 0.04414480369964881439904
0.04731684626702645224405 0.04122105479467891991918 0.02482654988722314201577 0.01345362220745119179177 0.03877839628173235242414
0.03321815932000899557197 0.03167076153932101706401 0.04505249684763781847785 0.02861790966467472538404 0.02596175668640415129529
0.04210740865618838035811 0.03208406280729461657053 0.02460260210382067547208 0.02754892507321215697202 0.03079780697929554098002
0.0538437367494367588594 0.01889171787019290268961 0.03344497400814156612414 0.01580917196115092307473 0.02406354893131050845523
0.0402417581498846765875 0.01465613297572152667891 0.02144022758939565995173 0.02360180920316333821884 0.0472541562535278431012
0.02343449453056575815246 0.0247000163322700604096 0.03577866096281518554223 0.03761835272098800614371 0.06503444715179970692098
0.0185465958338671063621 0.03262494371276102034241 0.02224260167517184971775 0.03079412671371926576991 0.03781796859772038749137
0.02313187538480686311626 0.0258424294810128477029 0.01389650293693043062171 0.01184480327578850411552 0.01277775498992551536648
0.04330157781583966053462 0.01868406902770217495324 0.03929348115567611599008 0.03706237797985657139721 0.01402563521683092805092
0.04083214749255498210445 0.03349944057130346125595 0.01849992286924169102025 0.02354662669380060482927 0.04498258177976443422663
0.03999277210974858109971 0.01718726258494795988696 0.05685115555792458197359 0.0220480130220339180791 0.07611436071840643746711
0.04912828374134869946488 0.02489406299518755194544 0.01863782707301076327355 0.04103770951897640906214 0.03147776946377914275566
0.03437752050874768455779 0.02716341691439184274914 0.0177410300679781939015 0.01555990750592381802186 0.03272654857165930436524
0.02618342614782865132583 0.01335623365767270830096 0.04042733485271817611695 0.03138935476328887780317 0.02814394564328216025162
0.03310247927940013906722 0.04179074498608632143304 0.03624248673889291644246 0.02810683091359076485327 0.04468556274817402085286
0.03616661620131043919368 0.03444739870082951654906 0.02746687316717978319391 0.03852757886556480715345 0.03840921600396743351702
0.02785372004030818235409 0.03273846273551714314287 0.01431763817541889007023 0.02597454947502493560751 0.03609845549050343105346
0.01493696248129630817225 0.03015740888989017903787 0.05570974238665762218181 0.007517324980337659716401 0.02367566912628533623564
0.04194668860328562565165 0.02900886000760624985895 0.0392157586638388760969 0.01672784134509218770259 0.01917528270705412540842
0.02098597008115113057847 0.02191720019335546137951 0.02184469104730688698845 0.02272606012997386432106 0.02346406046974849196607
0.01077878087136812171321 0.05740721095885682051518 0.0249060682909066632984 0.03075893918350526556882 0.01676343419675001625291
0.01617063236162048778244 0.03022398185997097336264 0.03721496081705049502331 0.05067067123638627212934 0.03037166765768705561923
0.03018429792615969983749 0.009992805405827228162896 0.03643779529742002115666 0.02933760375799863637236 0.02386819527781203209571
0.04299750393168991213777 0.02090308389418113130254 0.0293131761299845090829 0.02638201794711296857554 0.03031229870405292153857
0.027483879492505716019 0.03524815133829610480642 0.04709285209919837622561 0.03943707437860174969124 0.0226915070292945074415
0.008646163432719808014659 0.0381424320256764023962 0.01341510059702523925684 0.05768562401455956667462 0.02966105876800222487799
0.01375399934564806338211 0.02036555112424838151486 0.02034743227893371156356 0.03599354264437655548381 0.02629773993342317608968
0.02341477516768032673955 0.0241468094878893035915 0.03473652998720366813501 0.05051621708736231397552 0.0238315032401704082754
0.01420684378298112289507 0.02022032388413833731144 0.01790785851776869816443 0.0168353728816226060061 0.02500898970855969238869
0.004836964206642785368828 0.04654147431947604218738 0.01942424068920170845964 0.02918364445725674452548 0.02462896239774108736453
0.03222739324524740572864 0.02542570857646009666042 0.03528079830730734833821 0.03390804337877684898617 0.02313459660749501642374
0.02989893401204824288642 0.02409721893578680579351 0.01776692868394969329615 0.03300884211348029118049 0.01877036808831634290273
0.03473643139618252245748 0.01507247007863618190604 0.03220256255547374046877 0.02871417383820302343667 0.03335516114542051019365
0.03433861125856978169235 0.02792368341883663673819 0.01553819803673437902058 0.02107869562161408111267 0.04570850363725207504695
0.01460457227891172847511 0.02803084128342148845237 0.04636564647700514019135 0.01877087183979484277807 0.02165712291973228426079
0.02044137849636691595112 0.01509866245055820239973 0.02385758829280608048218 0.01708840930069161281879 0.0181288455199077602753
0.01307712434622241952364 0.03093761562575869997205 0.01256224568863053940582 0.01815522757355031088777 0.02363602985410758611229
0.03182310941516588997935 0.02255153575346302216587 0.01138162467967725015316 0.03912129189573266413449 0.02160164907384341109742
0.04852731934081812303905 0.0212018984275437506748 0.02713661852149857819927 0.04144126339640286094124 0.03537114912816446965493
0.0394574857684368979216 0.03819969871651164583515 0.0218592993713543001788 0.003725975312066357424123 0.02381283119159975994461
0.02472913273137686274161 0.04312509989159963447181 0.02962965154692619867971 0.02986238836503889160223 0.008392973879615104465524
0.02063898328986642563554 0.02150985552617932020092 0.04204306685157760403726 0.0338493040055376226416 0.02575553536793638229052
0.02978186532960619067878 0.01749821568291698090092 0.03358987616076204718585 0.0193438932089481444021 0.02977254321094297342953
0.03326089884622952796978 0.02022802213447702154858 0.0240526850245259861405 0.01813596038330219512025 0.01484688206836994386895
0.03530732465822491311647 0.03396524603017614385436 0.03394304256831131433314 0.02472480056986851859602 0.03596988517458442335961
0.03616005510413922846569 0.010357766529054136459 0.03910659982590672378855 0.0234597525477469141808 0.0176014854155774128075
0.03709826740066578254496 0.02196193467621487468988 0.01603239617333645020136 0.02963930379780472038065 0.01708959952467079337901
0.02617413570234759095934 0.03339116926301220755757 0.02650618292501720138499 0.03168172955941157831194 0.01498667070065137947588
0.01889208379940114992945 0.01907876745549984265349 0.03105641537492609058346 0.02475512002803019473429 0.03185445174703984555498
0.03821190941534637064425 0.03676673946708283735596 0.02217505281406129818977 0.0160353199554785982861 0.03838619874360661016199
0.01982745997363163578675 0.02568727025767706187431 0.0187676239875484776598 0.0301749416811143041095 0.02540955362616816731736
0.01467377837033086336593 0.01676377366980253899587 0.01807094165757684028906 0.03188117585942193410453 0.02092876198152007066744
0.0161156221259529143508 0.04057531221362554313403 0.03092028520572884589535 0.02842360815781189153917 0.02213921580505251451854
0.02952119996455133607571 0.04085278574972983633984 0.02416039211395166336205 0.03013967422706909787822 0.02786885113900199398285
0.02796926767908178290689 0.01778960775931233417868 0.02284441958027495431227 0.02794120111872272840814 0.03618240211736315631308
0.01978377843716204453894 0.02526066505230491546219 0.03514488046201499904519 0.02753845078786891498179 0.02964907087450783032545
0.02483125964854325865017 0.02990228956713242638998 0.02000530878240805443546 0.0205351406520887166951 0.05140221466730553884217
0.02083161139230396349808 0.01331637017690357263633 0.03856732763491536875033 0.0198533050273593941748 0.0335080519418863922998
0.01620888263965144723833 0.02449345780133897407249 0.01791123438539708387363 0.0288991605049929330129 0.01465219421243467087801
0.03539375904374562897825 0.02497912027883312027776 0.02291673033539417050908 0.04336348625321252009401 0.01256981816703366117149
0.02801387565623700975914 0.02332183959664999375883 0.02040346020499628904021 0.02772694039403940727273 0.02564303862025489599841
0.04129525621436336974002 0.01707311767572209856847 0.0235773379694811588414 0.02481244429768399151204 0.02694810122512163522157
0.01852999422038054122552 0.02348551884994349095437 0.04379418907380127484741 0.0415110952617702005929 0.0325888626642881137907
0.0301954966345395064975 0.02187300307187236073081 0.02942781908038360691449 0.04610485050433347359311 0.02058253421208214306581
0.02943047546986576890049 0.03218439716579740011992 0.008127951791905580619657 0.03633434898825954606494 0.03459575147264239841638
0.05853973936022322660522 0.03973280909981458108859 0.02735691709939777963023 0.01606776504211020889512 0.01647994277585635228278
0.04873178167270893895724 0.04787233349060856374413 0.02452955009387619567107 0.02566534460075858489758 0.01363269271092685565316
0.02137482017718801696748 0.02711060179330143302123 0.0363240936373980527474 0.02341764730777765382563 0.03026772165578776180306
0.02781163423285519520345 0.02359936752031737555724 0.03237609660473181327767 0.02276646015217544116727
