0.03254598233394089684678 -0.09438302622187651202967 -0.06040549432932997009349 -0.01318885376320632490943 -0.001131391103713509822815
-0.01526101956634965360615 0.005523211695943584971513 -0.002799359773145810355993 -0.05378758517086497381587 0.02115814617529916674687
0.001540891597669903330739 0.03056839326235621587258 0.07595249950052979093229 -0.01976115638771899774007 0.04994177714471328966006
-0.03982745409918380524728 0.0158063211176664476787 -0.04501141291720917730901 0.02696829333136036704888 0.003696836548081935090726
0.04254030294606331308316 0.0484791299224005198254 0.1121244256823551027624 0.04207804080770075061402 0.1095200590561760944919
0.04972947459648628665274 0.0213692162802231605534 0.05442093031128533708873 0.03665479522748283508493 0.08712620094037985818414
-0.02110548813928276798424 0.004421740818791401392285 0.1088428784632616969086 0.06838449454390436998974 0.02124801108543067362788
0.006908263044754435824868 -0.01345226693911315794805 0.08791501888719056856392 -0.0504088485912348935325 0.03558325734571797516193
-0.002212254771108885381681 0.02452334160942464674759 0.004776961477062369350322 0.0007392467171834565461963 -0.03392595986648493794346
0.09183550221943281854919 0.01820403719925628785448 0.1414578467124076310846 -0.005783649317241845722037 0.04569659585234079474114
0.08715065651048557737735 0.0743173280396958180205 0.03247247103135353363257 0.1365175162395336760923 0.07690610481336483672532
0.03004953115969017166109 0.0350992177574736274881 0.09802101649279469641751 0.02419636582194959958936 0.04244091290476380284868
0.0494016253070620886545 0.1480369452802948737613 0.08737694045937656472933 0.02121474300772260498937 -0.02304302808529877510946
0.07915333772430706293921 0.06347999704615517324591 -0.006096507074260004536981 0.07074828299133832654189 0.05057535317200167329643
0.02629689326432547991086 0.07691489207920101933702 0.04402451176420534018074 0.04482843102520968348035 0.03557736078205091245774
0.03219534313722980517491 0.004092635005125874400611 0.1352092423935443155081 0.05176385296415088321798 0.0585672122626408331314
0.1100545949368927772793 0.0008441216725502199199477 0.1035290634254400626846 0.09327763263732442855503 0.05694594814122527076661
0.1082735420530380882065 0.08275526052735965309992 0.04230226421688283722222 0.03298524049336980928926 0.06117245520489010546239
0.01632915646268354517567 0.08052367712747200700907 0.04918422918908202379207 0.07915270203815143179593 0.09656531693606097699334
0.05445764595523815143618 0.0863478256427154117203 0.04597258190645903824789 0.06402019374626909120618 0.08688199748221561713457
0.05552106286355975445224 0.009447390720263572697069 0.04171894005655479159556 0.04311175661006549225673 0.08619842486417571281176
-0.0005511176201508640945526 0.1135373805833374549756 0.006754821613898208572391 0.07265911261333851678401 0.04017345201509596452905
0.1162078999491055336657 0.07101589633474465756979 0.06368622526638155478818 0.09745221326404224226891 0.04427804092830741472531
0.05311624794143494227017 0.05960018001913171964423 0.03563032140463349983772 0.06168082101325733646036 -0.02962118359393734259855
-0.01709063590580207209202 0.03856970222315275753644 0.05795111061322040513222 0.0926433667558340390169 0.05889717645569456094812
0.1268002315902840015927 0.1069645459714401863893 0.1320388820223704073875 0.1498844439449972809619 0.0367472129885644607783
0.1384261124280866395164 0.07097052015743426922612 0.07852650618527118320245 0.1337826050212651551874 0.06174167598244804239238
0.0849555396579763366649 0.08239382002498944757019 0.08744038885342625411212 0.1245873674321313906432 0.05181066409993784205312
0.08143855918442366448318 0.04297236510535630549246 0.07908502640049579202053 0.09852341247391033229874 0.06483334678733203293444
0.05835281753596963105757 0.09423110083349778287598 0.1047313496562056744921 0.0909804697044914456594 0.04474635956735213693225
0.1398683635382755863219 0.03562374402183024479918 0.03784959521743902488566 0.09214485991427777411555 0.181130721421522256076
0.1231101114072584434833 0.08374485850632480687938 0.05529242231707923171946 0.1382567633173976129335 0.04755529076498111323845
0.1054970324840182049897 0.02709193401632293760062 0.05649268047395646086262 0.05889824200498421091776 0.1254723799577551757167
0.1106432684142742706168 0.06785228177108576508303 0.08779980471099202432583 0.05347867088632488746791 0.02113431989447685233063
0.09277951962452653245084 0.08785637685739051960798 0.07782859645145663585186 0.09747189100510124382115 0.1153432318566183223396
0.05850732401636437457482 0.08538825779687506112303 0.1454836630345060499714 0.08280320469704503805186 0.1157647964996515871361
0.01516942130331438119695 0.09288920518725510278024 0.1190455828391134285305 0.006700823370479541858658 0.1266256738653572244679
0.1472856831603399918595 0.1188607445864942324665 0.1881967609387849849067 0.1140220392676941918442 0.1434408277010573717902
0.07692362266287357253081 0.05905529662403226354161 0.1743091080926274794027 0.08109711232489627552589 0.03841304611262158497098
0.07545137084592382081816 0.07818489600005044948272 0.1516361326870317716153 0.09007431312306231341314 0.09605514760976843757767
0.1261655372735384639249 0.07655591227087911454507 0.01577048117027259055423 0.04144065097238079642405 0.06169187182995919394024
0.05145939792098872672677 0.1023134327588988423674 0.08858050419630481009392 0.08133130842831644280455 0.08028355151244721821246
0.08954274920872860865639 0.1333348374830782001599 0.1205089967080420626511 0.09684991606127951735417 0.06678222536338170034487
0.1161807773503202578791 0.02061059813502007578845 0.1238210551620546190366 0.1369222806909511924722 0.09357057135038572559527
0.04353480625845184553979 0.08272737259150146627018 0.1236023346111131682168 0.02370275929816311258347 0.09730774248475171361861
0.1476349725371853549571 0.0969416513971567694874 0.09870621910530810727558 0.09272461062913167628707 0.11409359188156462106
0.06947453650702144212215 0.0869217503679049624532 0.1231185280659362196731 0.159091758781669950773 0.1007566354572176220428
0.06099927091487453850727 0.1298427319652953326745 0.1431487541984460265532 0.09859965080653536328992 0.1684535972043454676861
0.1420043141544570508561 0.1230588179008208354892 0.1318609043348514808791 0.09109929797254792682715 0.1094779301296097961949
0.1883725600399039634691 0.1673052486863150223328 0.1606931431187846592845 0.1226079649446472630281 0.05877532718168324704644
0.07199942676677027753041 0.1164945461008636690137 0.08305159302348026628682 0.1219900196325535840502 0.1715963676936467507961
0.1226217334307542067284 0.06347532377853175311611 0.09706293829177284337995 0.1193406463299172132198 0.1156086282940825271659
0.102953316843840264605 0.1371414038493997400447 0.1192829983933748477787 0.1174080968028714394569 0.07375473632013838931609
0.03680299272341336358494 0.1642996465564293129269 0.1201375820639590946692 0.148140665536496185517 0.1267432153895291790935
0.08193244346638348107881 0.09531209168933581221683 0.1083756832882121906581 0.0716085836560900745873 0.1214783139884485357873
0.08682093894410276846418 0.1116557664070775002241 0.1203882899451669957758 0.175131348939403519438 0.1038327147304896613811
0.0659914314008499675035 0.1465136078279725417861 0.1746103645233393619751 0.1101956884786362972362 0.1546440268472493995144
0.1216606868907772476263 0.1206996467712278253703 0.1266516996414258633408 0.1688598146116854492593 0.074308778949277357051
0.1567238812462453390051 0.1434381576457287588156 0.1053373159885110654788 0.178639254312579598416 0.1165113477213608750294
0.1196868717702856271812 0.05462977132843040845023 0.1218150872078431617984 0.1116747065891635914969 0.07017181193796369342852
0.05441847859241252111095 0.1445557854036808032028 0.1340049403295057173224 0.1119264760861234664358 0.1716814970498592995973
0.1283004231444707377019 0.1286301794110144558481 0.1404417340454769957958 0.1231887443812061944115 0.1356507860546927735079
0.1201777928869712241955 0.1011974323907588874105 0.1427233768252362811069 0.1980654263998411490633 0.1351155137856230314952
0.05628282020121415374359 0.141829612814464239845 0.1715235345560748858595 0.1289034551674133333155 0.1564586747373070962919
0.1405861684263115252147 0.1102795764113297660725 0.1174434355145408254151 0.1226485447596467742715 0.1230616501443843185948
0.1177370992896724505306 0.1458240604280605645648 0.172119408198104340002 0.1250521193690238008767 0.152464973380862733876
0.1744346189060102525481 0.1049987550172050837505 0.1081053540281898400766 0.1222657878204804760003 0.1749054864634034256454
0.1650466122554821168933 0.07965459852975100007999 0.1460434271270892592209 0.1296733656655686406367 0.1602663215240159311215
0.1734475091719254458145 0.09037341451392796876085 0.1409488055453183286136 0.1505504960741161357696 0.1661967393063131515074
0.1656018392142695194735 0.139372365622496358073 0.158498367946346724322 0.1436475965103903573716 0.1647653230574553928633
0.123272525703000582209 0.124786078081632931247 0.1597942695206264751562 0.0840431735297665488682 0.1647632939348031566595
0.1091457432099894597766 0.09805731027205592809093 0.1385184948338681609759 0.09508815939514862758397 0.168394884172001213507
0.1260342471087782800776 0.1612791051521875462793 0.1408256138943257129714 0.1652904487017972379181 0.164665580011354284462
0.1767963695016237790636 0.13555002635804688782 0.1499856286541590977279 0.1117280606125636149839 0.1573231859073507821201
0.1591979894754648183763 0.1485102953030046357696 0.1781478470370587707805 0.1341148886221708302902 0.1069279986381254932137
0.1505988318270933823406 0.1206048402788326007196 0.1317543756632627016678 0.1531204631106229396842 0.168612912535803655123
0.181634841018737391849 0.1270188228770011140689 0.2004537011625059095277 0.06608824498237379774235 0.1390157357685821992721
0.1668741973665626709966 0.2117258674972239129719 0.1500285744850551605811 0.1033695923744345629425 0.1865939602534523178434
0.1154882057979153692218 0.1537050134495729081241 0.1316072773835896270178 0.2208083106024748276663 0.1429653126713994748531
0.1231956428177865547902 0.1604310315868521519267 0.1335761670678787260691 0.17104400432507121943 0.13983827995033570879
0.1076937316134285588243 0.1960106837401110191355 0.07304353052265187551395 0.1524249227623941105314 0.1639690821512969909346
0.1700393190805938870014 0.1443033984483596543491 0.2191213788087901515045 0.1630836125851541085208 0.08600125663086349847575
0.1386641782046321713651 0.1912010013759064819272 0.1918163563348410649567 0.1715112874959252575735 0.1752618167821623773595
0.1527621661570979783029 0.103105997100762986074 0.1267886614092739172577 0.1139984897125991686329 0.1096975687657199133307
0.1152056784080905671441 0.1209177937166911465106 0.1451840448703770880545 0.1171171634888837631561 0.137424605869455762619
0.1638047737371362555514 0.1788221543146747694042 0.1602162598557751727046 0.1527461797402513699051 0.1641765034634479758502
0.106380880870500516 0.1965412456203662894261 0.1282800360795416649839 0.1509606798681619732605 0.1104694919141015196917
0.1601680588188555132145 0.1268255426065190982765 0.1666857416958788251637 0.1230780714678174486698 0.1518194070615723478834
0.1214477814542403444342 0.1319794715150495179046 0.1555127616187558792227 0.1763119139909459787141 0.1360533816775561510859
0.1379341426946575355217 0.1118695146966125070209 0.1915323177600856685565 0.2053676478900466895183 0.1277181784735304248546
0.1597835377604032436327 0.1296850604966502118476 0.1897697228376699074559 0.1319299397782125737866 0.1927997774084730109312
0.1748849505213731780895 0.2094525060513531267148 0.2497988275688659276508 0.1327341073955918271388 0.1782870703937191325661
0.2170910941506502545018 0.1807915212996775711218 0.1292419892865509789548 0.1776893755270435582005 0.1606914130260732598288
0.2107124296132624752254 0.1913035373492760760072 0.1976121568743116618805 0.125752894894820915761 0.1751025602113849832797
0.1820428582147494978027 0.1462325511539051547949 0.1620225008557439894119 0.1458102673988458386489 0.1798267276782808121727
0.1531851954619922184797 0.1490818465014130678181 0.1630691046949495071061 0.1659730720499546785529 0.1975088261689172397517
0.1840241474397096010929 0.1851263200409687947889 0.1751840930797336215452 0.1661033057141044211313 0.1723664334561981203997
0.1094279233276554130772 0.1304864877678586221332 0.1277418100592203897836 0.1678106987294507856934 0.1705297269019836192694
0.1494849909268052001732 0.1736562667600906606502 0.1339645485495387644548 0.1745009671475165058396 0.1598434908832450374039
0.1975207610985482697963 0.1025879487425348374208 0.1531617609520499467823 0.1213933698591769666519 0.1568063997326107628094
0.1536673582199125365211 0.1318295822717992227258 0.166076574212798200314 0.1578053099964298877644 0.1325392929602343949913
0.1747597115163481706901 0.176231620364574292914 0.1511369214302637487002 0.1822737060159254351976 0.1225519665979525052446
0.1595524194617024826837 0.2161549522775089160476 0.1051580493563256668565 0.1568613751625498875519 0.2056518440731197605587
0.128376930818771189946 0.2057255652513344523769 0.1521070016480195741249 0.2254868896355606000537 0.09076955528793428928935
0.1909577460859433195584 0.2152881888043628733076 0.1794040434999026323304 0.1767640580350779144769 0.1388300112579916312239
0.169090141415509764844 0.1014204097495576134547 0.1776711246170543379019 0.1950146652859634233135 0.1393270399627442313051
0.09168435614632979013816 0.1599460475125288050346 0.1378036981028722407494 0.1699805435691512933705 0.1388203460469725203374
0.1403730004374328932393 0.1567301633525816362269 0.1352002732473729929019 0.2043106473187074334508 0.1279267687601857161894
0.1356250579575230819085 0.1953717020210510579847 0.1511602063229532944 0.1512906638124793534672 0.1851041691637346220389
0.1623428764119506650943 0.1871611825648132887423 0.185076421482165409671 0.1622414427118862301214 0.1567273115087018109381
0.1879536216451455354903 0.165554759892802494381 0.1880924635752876383776 0.1076393826323659014266 0.1571475568342945161593
0.1432754261969627074258 0.1262957361215645557539 0.1970453741491700050403 0.1416756195561773845615 0.159522387265385784394
0.1450410310177584483071 0.1106214957892698858011 0.1703751221523714387551 0.11364242174548279396 0.2456862968648341472022
0.201087692590321803765 0.1686459048816127959114 0.1785101371441355500025 0.159187347344148966144 0.1713569830449159225871
0.179130078033013645511 0.2042858163476920507762 0.1945708294183421671608 0.161059517194541895746 0.1920810760484298607143
0.1445794162605827937185 0.1755606866976816282655 0.1942284764893921489293 0.1485117236578081811871 0.1926519197549564077487
0.1970360224651337421875 0.1414643025598962267075 0.1621428833673236313828 0.213915166439386017494 0.1917366590788629476805
0.1843903219422178552112 0.1784784773680186120703 0.2008039350131592404303 0.1936012717309364417062 0.1821759707641822101376
0.1797809958821978415511 0.1407849515176534671568 0.1814234353674217259389 0.1541905099121705091658 0.2029338458364622344021
0.1833643240963995224568 0.1401451696541413383112 0.1683654371907732927305 0.1879900826858140472364 0.1328892362791525283416
0.2074386972235886528182 0.2092771905167038204443 0.1348249755504936919781 0.1688893809593925987578 0.2065210963600400684292
0.1616186989929443984515 0.171396849879063950528 0.1939808799277593087673 0.1487721522678854269017 0.1718259405441768805645
0.2300727379602337252518 0.1732864909524470253821 0.1623358967774036487608 0.2066697307454390952763 0.1496127574288515504897
0.1480788119423513959916 0.1642148242844547467723 0.1801041724219090978121 0.1628665811826931208994 0.1868018642806518192501
0.1937999571301332046858 0.2167565717371775779743 0.2169067052415189211789 0.1650230799793367397754 0.1768514383993320115973
0.2060909270319327690757 0.1700005851192479822132 0.1356138622282314909473 0.1654420497780509924368 0.1499568684526104700439
0.212882006237103960089 0.1410397230311803418168 0.2009822287205628443818 0.1867747686724517408585 0.1950062122664096009306
0.1444469471113102587712 0.1673333367426950157864 0.1740630878667399628057 0.1833884198410723198602 0.1900876662482421930456
0.1961115603108228577778 0.1490964321257197688908 0.1941728261533595956134 0.1999727804178479950714 0.1738592604618620363066
0.2110062679031764198978 0.1690779041514652858424 0.1783468741572435123377 0.2115020158411768935736 0.237919777514935870677
0.1300073711808955867486 0.177633793791613092683 -0.04663129149566015707595 -0.03490276457230717666036 -0.01885629705781140252885
0.0353690926999292373778 -0.03467762175633884447201 0.06969491767499162715449 0.006024690924568362054847 -0.0791311461804725807534
0.03983544190365138210064 0.0449094357684788822449 0.02834938096469265603194 0.02984195651504170307411 0.03516067449180007575826
-0.03696310529221118190701 0.06530555822582924385689 0.002932265399351498356278 -0.003915241713958202314505 0.03600907488308740383998
0.04048390941138712423308 -0.03336273330954677568405 0.002950440697706891313851 0.06734971434790146260774 0.01334947471442600799851
-0.09687137562901410037242 -0.008041636399429195891653 0.01069283427911122373588 0.0839329279239655057232 0.07237486136257298419139
0.05673882608117290088368 0.004479862627123077679914 0.02529141295695787328146 0.1091020067334709381379 -0.002590550507775654480447
0.0239649753316725049046 0.01543022877669269002365 -0.04306750100035488387773 -0.0211141222827734079126 0.08713330339404515290092
0.00515490686296474556749 -0.0007298743134533040421291 0.09823414147747935865063 0.06743464206354088386064 0.02491805731102129939369
-0.008656955509167311643703 -0.02258919470725556308266 0.1165975785690599592082 0.06063032036259521223576 0.06315539175671966432013
0.008519116238655912928812 0.02946592630551135572059 0.04817111497596551078493 0.02656588995950608794727 0.0942210056178021254647
-0.04806122231391732335659 -0.03927044416505866969436 0.06148937847981470611325 0.02789841242407180635365 0.07577937461323053236484
0.05268441604287576324195 0.008082891546064185223086 0.1489492733915484534712 0.06209341605535897978818 0.005320562517961116739962
0.1320563989080378308749 0.05923166215467372264225 0.04291483811709281143143 0.08947650256402475688056 0.02575732304709325501402
0.05616619015990938906802 0.07265062117087649207203 0.05064970983982453739403 0.04619998420463038157902 0.004620226042139342209625
0.04247030199543445211363 0.03304673065032587980783 0.06426572747395715989871 0.02982971447967551134606 -0.013778042278285237629
0.07822453150117031350774 0.06016575978424749254758 0.1171804380156101083044 0.08263673801501331128705 0.0274621207134262863836
0.0660389669476528773373 0.05117830564072849142132 0.1370097726312854424791 0.136549879576114641111 0.02984048563912314669389
0.05133637418873793212271 0.1156900712366474431869 0.05443891617199886345801 0.06696256569186502527469 0.03991392677685556139577
0.1107567126948075103554 0.08140002477241055356405 0.01305861460174585937655 0.06813110012642568935615 0.06829158877364997770609
0.0387755304875981310353 0.1184700945742169081454 0.02870693293525592576509 0.08053132703140375436845 -0.007243328373645168891115
0.04841636367954123970625 0.05815118319228487070438 0.03023792830076451124133 0.09909907210893460771661 0.09918260301056751326865
0.0826933113331599495277 0.03196392037018446624641 0.09688000777626544490762 0.1506261462862918953931 0.06684315909587040804851
0.1452731030962043645705 0.05805967385626761845252 0.1091213394494217475694 0.09433547984024052979191 0.1393392594447536436686
0.06083403324332022771292 0.08715491145412958273742 0.09088489070684700743552 0.05095492954609141117439 0.0965346799266503796666
0.04847530241495674047103 0.1117227098335766694026 0.04261915554383339382882 0.1288290000494219655902 0.1376499449449693213143
0.09966777275310503836359 0.1294355519890540429095 0.08110857280032114646762 0.1421750334333661269781 0.03412142727476360354322
0.1120169017005264305853 0.0875239903211040420894 0.1223079644649897046449 0.09230321893425900980912 0.1337798998056169419435
0.07961991297589156302283 0.09277841247160474591471 0.1029352614576635044363 0.1033080730315797390872 0.1448714172612203809898
0.0712804020054582931909 0.1286366529380423562312 0.009388589276747913783816 0.1008483166847748413453 0.0835454743122543697087
0.07449654569415251059716 0.07307547959669155601681 0.05482710208189211370522 0.1121256299760419600231 0.04576454202797053394391
0.0792308500121623876522 0.08708802763910658550905 0.08880040136328012922995 0.06096080698329584685036 0.06844637109931914209504
0.1142726862128586456935 0.04416814454465685380047 0.03682229740083604180301 0.08890764915830880188441 0.09223919035505633023941
0.104097481609470077224 0.05634689770793818025529 0.0293411734430670360918 0.07247800975832474623672 0.09025246316447417538331
0.09174741708182421184858 0.06859883832641334999725 0.1327819980685221168404 0.05853386599894694342083 0.08284768671408512807908
0.02443819885935784308462 0.1290033838062459303764 0.05794626885270575539222 0.08768638121687589992437 0.0960108020804953388172
0.04534595441142404148582 0.1036760195235951337311 0.07655534232377149417292 0.1068959072472349253191 0.06063772123618730441885
0.09386746379543382812205 0.04906343706313907870875 0.08351513658424565555993 0.1084125685461432564427 0.09325150885659218291668
0.07665909105382281985008 0.1376062925408242931802 0.1122315460279169896385 0.06474791597172523116566 0.1042037674318488787994
0.05082878404518358789188 0.06769226531018340820012 0.06224246811655918809603 0.1264451754703393160373 0.0812698173962032865969
0.1342544992118402946701 0.09359197642358921265249 0.07868611833583569192818 0.09526694733553625615841 0.0812177146821700668422
0.06783942961954216033238 0.05505953055177773697304 0.05425660540952609994791 0.1150997943654370192501 0.1426986891849703620316
0.1863242852477611788409 0.1303559769007126278861 0.07187582297632834349432 0.06634935141566010441405 0.1174617289632691602419
0.06067345310700251320712 0.07582282933875432451298 0.1482567228600168429686 0.08908615491556902410419 0.08815131466573102037021
0.1423842141543826544936 0.1222474383678300163814 0.1622303203205265609288 0.06701154861100734605461 0.1763000853651148225332
0.1333398618130937351989 0.1413090480306815333034 0.139578300320228387843 0.110428828455100908057 0.09192975415321356924547
0.09482543389819826640252 0.1384945031010388627468 0.1729498294047084883118 0.1247528273074014065758 0.1413138764737256469761
0.1538859836232584765714 0.0912773252224649694897 0.1053373079249610710928 0.09249678573339914500195 0.1483765632535568868011
0.1379759572306595849511 0.167041392738744381985 0.09043906755566256949752 0.1195100036339415000564 0.1139767284374843397954
0.1475012648397003300893 0.07420692688353018595659 0.09570967769756748289023 0.1543355694115685072809 0.03204653739522236866044
0.1155785862591451745862 0.1039741354665301986682 0.1336644875552396860563 0.1604707464473785205605 0.1086510800606509952182
0.1603205022541192292795 0.1607363113623312411704 0.09620181581346769206231 0.1051913124556912021434 0.1391401151423113935479
0.1303980016277105080658 0.1106532600231254631629 0.08513532552257981056432 0.1160612981534813181739 0.1388760198803870027362
0.1148188983918005390272 0.1520267348296250875528 0.06800055784047173701445 0.1817486017561704692014 0.09997560836734611933174
0.1326437295453823939084 0.1599958506916086820038 0.1377737388155639008946 0.129423052588688330955 0.08402035551642912658554
0.09350389237873270309453 0.09936146326569325615274 0.1129385213275190535942 0.1247751234879930087862 0.1210100674701333478556
0.1099168636120899794628 0.09947704389087158594052 0.1806250542684550430828 0.1249613030454490708587 0.1294269167445168677855
0.1030294406894011610687 0.1944115297480610848879 0.1365553118260466602951 0.09380005940444624545904 0.1240524637141727642975
0.2306802381512530475405 0.1281422049351214342838 0.1602419125783541842267 0.1276170802844989737856 0.1252614059152938885688
0.1380217674818292328265 0.1332742702389916322758 0.1078339284636710693199 0.1609212568658255626541 0.0863962088293013658058
0.123908354717890023533 0.1380433165668557560224 0.1133960335313671935475 0.1339306168853630907289 0.0939737175108272537738
0.1255991100071583432829 0.1107009531097052079662 0.1686055095926294322695 0.1137456698225285250947 0.1544408586437200636698
0.1503797309151581051978 0.1805188965376949561392 0.1494717743001922061197 0.1261311697840674095339 0.1412426783825103948633
0.1392105007272746719504 0.10114504975912062823 0.1364458071160764285334 0.09395143295300710517548 0.1391666846501712628825
0.1248558601461746964123 0.09474880497453490313386 0.09140702450093755870864 0.111520359948758765456 0.1073009282705984085426
0.1764583775555106925914 0.1268483613133974674536 0.07599814537571103478797 0.08548475352721188191829 0.08887787426151945446851
0.175295387103610950108 0.2193769325167627959328 0.1201698480525933837582 0.1085419586915014333872 0.1328499918409042357403
0.1122064955608756825489 0.1665909441249698585974 0.1103252154008445423683 0.1870531645940683995732 0.2061164800600330526681
0.1461935024436605001785 0.1571676714095555371653 0.1113909326827481754973 0.09615179994666959994998 0.1231283310779867912199
0.1191363373358390181922 0.1637711299071668291649 0.1464585371352797038558 0.0715120277967377926398 0.1456067931021092221044
0.1553406984539182356109 0.1266998669180215697505 0.1314027620601247448029 0.1177059965604458496857 0.1524057447857551372827
0.08943773821698453030393 0.1387393246214736475252 0.09718040544221981380524 0.1529699504609835225555 0.1027220993421328609774
0.1183089240116285412174 0.09965208883928462768598 0.0617263138469297534261 0.1877585675651056440483 0.09230886381440438215318
0.1245769243575827328607 0.1042739474260008653017 0.1135921634553287706826 0.1185007628829947562421 0.1464918197433592583767
0.1710166227158466112357 0.1465772279830471480633 0.1297298323194227276378 0.0611496779568983864217 0.1369512453116887296112
0.1274076770391267821037 0.1967667730313885920967 0.09748402600025972419839 0.1875789578728357942516 0.08162915927847544383944
0.1722587077927229259888 0.1035399140445423527002 0.1427644774941898564435 0.1250830349392102469608 0.1645615849055195034634
0.1413197717309785383932 0.1563971380856311876872 0.0841822979327529613558 0.1685267288173508681837 0.1894554163334887242343
0.1699645856542715272042 0.1261780436916100922584 0.1731189861209294911237 0.1567863745656052631983 0.1168842642025765266034
0.1423160763274807782963 0.1421060077717042624545 0.1128491105234179225913 0.1453234841512480168824 0.1465096853683290067938
0.2082646123098107759919 0.14716704341038064352 0.1168129053393448107956 0.1396355712873483811975 0.2062744796678099012954
0.1568606654653929843857 0.1448913156666268575723 0.1444724200154359483594 0.1698091263348613655371 0.1205420463016494692088
0.1574533206544868058074 0.1714204922093408578476 0.1137390043792472771322 0.1526552567071724486603 0.1879152265908922425641
0.1558666009607249658409 0.1745845595457773957726 0.1360103198573509031277 0.1088260748625170665216 0.2139730582208580478287
0.1872081997719320101137 0.1281545035821988198776 0.1440520314781525423875 0.1441029473320162568317 0.1912779310019582790225
0.1141406565502164627279 0.1637736079391156340801 0.1985637924850088831263 0.1640920920234284485772 0.1254532080167062302323
0.1259039983131274575978 0.1668930475516289257953 0.1465378590865088481721 0.07989591741747563424791 0.1975350578586790029068
0.1247486218376015337794 0.1193828628573462280471 0.1295123746095057370997 0.2056470219503057916821 0.159307208042305581408
0.1375221501397431156377 0.2002906698871215196434 0.1999064975972095203893 0.159145345529254689243 0.191193622710104316198
0.13942711168895491336 0.1327545543393648941333 0.1520059409705663000523 0.1450115429575705716658 0.1774574780566408049864
0.1922536247372942930234 0.1695862393584002258962 0.1505834916229454312209 0.165198740119846310126 0.1409119086628097816671
0.1819762243941110968493 0.2036888616482531721985 0.1611835054172917891524 0.1797615308088148788901 0.1545760041222699054941
0.1535396565704283677878 0.1367313248028923511335 0.1610390377332781841613 0.1308763418741301365333 0.1522435205730262031132
0.1657080529620183206863 0.1057006975505301593632 0.1502603302767166471021 0.1707881415162057214818 0.217355744159052954867
0.1281795457808792282339 0.1441175853052189259618 0.1538393881228141968354 0.1193514336946060738764 0.1801827184734485776119
0.1507311659685117155583 0.1461320500469775185426 0.1684606824789348089588 0.1700128266404236920817 0.20071004512165277478
0.105606560797534859697 0.1808949202189767402338 0.2170975855756498706928 0.2024215327780222173359 0.1877084567140627768822
0.1909022765184625602952 0.2193127098769885874319 0.1291358867260557208301 0.2198965440452893549406 0.1017223528023740580783
0.1992734288919525698081 0.1680599306453750274581 0.1345654121990018936561 0.1887259410143420357286 0.1534216978532783604017
0.1770353178916193315207 0.1290951427052743349932 0.164542131361786081456 0.2112814993331637858365 0.1881112017968936123147
0.1736146644425818896806 0.1488375154906930453169 0.1354204001413589764091 0.08051935343977455195041 0.1665046068906836651546
0.1812450383107812590389 0.1951201662393108882121 0.1856469074364608118355 0.1858192765001594748409 0.1375117538479046219724
0.191410259013135797268 0.09028824213559991096467 0.152703416939831276844 0.1307146338040681976533 0.1177180696799961789889
0.178701031968039075748 0.1796449393764842084042 0.2163871989613103952177 0.1805331550847994737108 0.1932173439212668819565
0.1608561763155387513979 0.1766078213200139579442 0.2150467505644672316922 0.1577852262695836615958 0.09862322644865650911328
0.1992291884546135427581 0.2399399199211258992825 0.1825910087171900841874 0.121503995847708115563 0.1005462512701545269023
0.1877553547780176079751 0.226713472972064566946 0.1899062893946128205425 0.2071842127389314780483 0.2031915407029920850324
0.2010010914145627658467 0.1141239458831464909094 0.1737703866087486614944 0.1216318981289991468797 0.2194660844673965716112
0.1826723649850829356289 0.204173348947085692151 0.1354811624689126192678 0.1771994676186820494301 0.1666094767259942432958
0.1806798780432718742883 0.186824938425571185352 0.2126621499984713281606 0.1486730221196436441122 0.1311243693039979285597
0.1444284667166412794437 0.1485652783699764056813 0.17157472850168165035 0.1968950775333238867315 0.1664197185980124116256
0.1849124920530123561413 0.1794765306481755084977 0.157506058319801051093 0.149405922912624333776 0.1364157734911473074391
0.151355250449913131261 0.1540432066578542591451 0.1219507544396433301737 0.189669719339221554133 0.1859494910167133197021
0.1218189511690804527344 0.172820748158905163061 0.1169289547891843861205 0.1431913476018648045951 0.1305909533380533449343
0.1539447040432833646584 0.1218769687469598989038 0.1547724938319732235215 0.1732738186428263438277 0.1587679920288072865642
0.2069118885363149251688 0.1781140178816681407525 0.1331982747864128013848 0.1567217192260939584436 0.1883272693069665826293
0.2145881205075093056678 0.155384963843906348524 0.1252847010709869646217 0.1783448388292207253958 0.1679117590753995137298
0.1799717065103557667172 0.1876726427753840353851 0.11532626011931278176 0.1773947504332150648665 0.175621527592054543776
0.2085043776647944602232 0.130249984123757461818 0.2223660316495988942265 0.16321680126610574324 0.2000754654083243266882
0.172695975320131978048 0.188791882988491949158 0.1219992375453908955985 0.1848415992227400439507 0.1652324045924665196772
0.1721256881232584301511 0.1428672892939685801217 0.1469558572425180564824 0.128669754072877673412 0.1891367534956973350813
0.1342880292118551477376 0.1829635974096688877388 0.1304303624633689484558 0.2062864624172890126719 0.1623983294920227637981
0.1798305592636403049678 0.1850968451852206542174 0.207887765946020902641 0.1523251627613419201257 0.1715927140126412286936
0.1934167342736374806123 0.1485387183401190303034 0.161471583951148939251 0.1494747384273188428594 0.1632491661289594553352
0.1713673888118001087388 0.1777007123969223945092 0.1755644711728560070085 0.2121192234853805091976 0.1711321490750486729038
0.1980240742716501967102 0.1652152978478684808294 0.1915243881605284415048 0.1970445610785278578447 0.1938671242875394107319
0.2274649206412186486226 0.1684519100374288480548 0.1952888974175722713866 0.1693842798350076450653 0.1835694779978418178512
0.1701654258320354773382 0.194335546106236378705 0.1639769346478335554362 0.1734763103513711213211 0.1988764592384125451385
0.2044992452229096868699 0.2107555355995171519901 0.2241885406868963925842 0.1389470566636985537912 0.134402044387537278336
0.1768676913626479885178 0.119201575535355416835 0.1582344478328746029128 0.1307301910310219861255 0.1353430970009254774578
0.1779161202944786746016 0.160819290088039135167 0.1863958243524683477954 0.1918554988090297175329 0.006293048295924587656747
0.004889690060053435670395 0.07004878500004470265328 0.007306885438013973992077 0.0149316054807098613777 0.02375382473096411539704
0.03434005870293959511441 0.01345261945692916016881 0.05608867184953383877577 0.004660154185597155385157 0.01396447183965605041978
-0.04979097517933966238202 0.01138232451057778239767 -0.04646459242840979969591 0.04277381584288756505297 -0.01904417026072421220695
0.01184469494680400955544 0.02636999668175532204883 0.01335762912797205069493 0.01964010504409388624403 0.08021341354358328679108
0.138582772378364166288 0.043050447133702943181 0.01821909092528862378346 -0.01852811536416977891695 0.05320549502001397507156
0.01653996869456329787962 0.05657720685072822192074 0.109222564602245039711 0.0288926644035736451821 0.06111393093870228637732
0.04143679541127736482009 0.03668508415621687945851 0.06456837032114816354866 0.001052073229639729698426 0.008410822026389841790661
0.04644114262536690185268 0.06742946410332879836336 0.02911618200980385998133 0.04088997443836099587866 0.05072970929929678657322
0.001782157795661930364123 0.04903707924795495942671 -0.002348993129563592668213 0.03824271306809561704609 0.04678370660058877444909
0.04974221942988110017891 -0.01416962760696008696848 0.07616510895876671405347 0.03814095921450317422385 0.02345394610296911569458
0.04098188670320372650746 0.02461565134218063333194 0.09959484472502889984558 0.05672958507087106500011 0.007132464338071164630661
0.03642769994292567592442 0.06973638126325515385062 -0.008973634596152812309411 0.09658219195750622487751 0.05461716908105286594211
0.03598308831507926464077 0.003106874998799051199039 0.01765176020124644903908 0.06516861185974709425039 0.07101842801121537041009
-0.01113518049295296984125 0.08761005681429594182941 -0.007141485071853265892416 0.1165053481807727664421 0.1077591997695782760625
0.1106472246672977471915 0.0298477200592052356598 0.02340515870574401066651 0.07088217685381111021758 0.09352761293731813585506
0.04993447397950129262867 0.1059441636678930959148 0.09253851284102428131906 0.06905203249284332100988 0.07488807438497033230895
0.1213587371941386716667 0.05686562325743644424891 0.07178156789486286881719 -0.0221855077716453345793 0.04336892591867364671332
0.09647833816938641837702 0.1107813690578049042879 0.05042712883552146613253 0.05000238639822712077843 0.04491625524960369403304
0.1009797231658938893029 0.05458057147322127600209 0.08747066946026151035287 0.109327190034354468362 0.04695974851856448556431
-0.00459309041010304633379 0.06788935385873262617906 0.04949849192194807900869 0.09300434326372451765419 0.08300745535001727293256
0.06073112882154199643203 0.04951591022687923393519 0.05177228278236674363644 0.09007621225269883680209 0.09625896608573845936174
0.03789990888579969352534 0.07718474298009486700423 0.0523214856258778227005 0.08548630200339382700925 0.1634236408143083518762
0.0813790572307674514585 0.07491656969290509671122 0.06018747849574700853337 0.03836010304593710090737 0.07439052042818052046247
0.07139192458475185354416 0.1445202660012039341808 0.1399856603467233839844 0.05556346737468071533828 0.04299418127919499982292
0.08016310660781303387701 0.03895332103783671201525 0.05889778530739624151646 -0.01103141172557893165407 0.11140490890684121017
0.09026499662196448003915 0.02107298057394270743292 0.05049892000759440696678 0.04984266185357707351633 0.0651621618708136396414
0.126695136999681018386 0.09322735487863044456791 0.04908049248117730273266 0.04596528417545565903257 0.05935175055361492646444
0.1325539158119079796716 0.08022644399585857066803 0.04572967801094258294414 0.06711183609099467817227 0.08014537791463370586253
-0.04295429624339648644327 0.08008743058691036864616 0.1406940449105171242472 0.05614660734445724860064 0.0482468745081626251836
0.1015726526689720438101 0.1008422451559792543119 0.1041495975793808315135 0.09074957533819867638858 0.07948264951515478238253
0.06196080965620378439018 0.1181655735170791393651 0.08239709909320261371768 0.08502011989893201726609 0.06514935341148386793719
0.09193126120955141811208 0.09519968122474700700231 0.1481877068599805891136 0.06128811106865018204504 0.08342237271907479434496
0.05810943723414204592492 0.06733997086136946086388 0.1001131481254086685873 0.1148835627461803621241 0.09888139171813598027327
0.08647612462696731283618 0.1355686720965200431355 0.01781836430744858368325 0.1424089204920629403439 0.08122897365246171952347
0.06646856067810115453742 0.08289154213700308804214 0.1532858513656235044387 0.1017637906581869144951 0.09108241230052295522857
0.08423534638517228556598 0.0947719000344407758174 0.02537830480613964892478 0.08216420848082284233982 0.07373775184373856927955
0.1171819113117429644877 0.101450360379862075666 0.09596820748707012016521 0.1276275446870774876729 0.1229051643499620843913
0.09393201350858082498974 0.07016813008462699507994 0.09613245816139182053917 0.04677963806861151069283 0.1200705359713326175752
0.03734191911691438214849 0.1312805730727007458292 0.07612357072938225055481 0.2067721895750067873099 0.09089617986348758060799
0.08965832502360805700281 0.02918377138997002920306 0.06358527321072773852428 0.09235825180546970714079 0.1283422529411072654515
0.1134650410943247728079 0.06351834642232788430416 0.1194965460184445188441 0.1181139863792290273237 0.06012233697073469940175
0.1321929583162922416939 0.0923977083835501311615 0.1320340555290591688653 0.08392272107310132234215 0.102890199732240950059
0.1000095950272763961619 0.11295827550152269525 0.09638764514315159570579 0.06125115661429540031557 0.1104651071036676091008
0.09177197855176849605741 0.1085197744834213579024 0.2138532734620175734808 0.117201000899782331599 0.1525260744824487590954
0.06005983495708986513728 0.1320529306918207801402 0.1133050493974312872281 0.09417408052163304954529 0.09015309577145290409472
0.1652898748038629517243 0.0934932472193910485414 0.1187265236118459355019 0.1248423281981412558128 0.1240339598728200931621
0.1025762603989948673622 0.1386993638160541053583 0.1133546587408114092455 0.1880510102592577725833 0.1140070066642811241753
0.1056614174974668113327 0.07614065265769968948728 0.1113749783181269409349 0.08309742363235166073832 0.1101066041545914891975
0.1282286982937104469205 0.1832495138270900936206 0.1476585767217895028836 0.1393449984361537219435 0.09429022485269038245104
0.1182258869537720635812 0.1518066157463666410177 0.09890016481687487204244 0.1027161315986641620945 0.1554301395511086814061
0.06519641100684536727528 0.09602108829417509150428 0.1368776420065085375199 0.147961128982524225961 0.1432501220240044725873
0.08017801063191180854783 0.09018646177942477026868 0.1223152358833308472885 0.1235327625229606235413 0.04511511748414959166453
0.1370480560616649245986 0.1249525986744513261772 0.1272991125321925043323 0.1235675278811791955036 0.09884862711380364153069
0.1508647535957109986349 0.08407772765287646610233 0.1333266294286201969488 0.1033627346046935846502 0.1088839575203660869906
0.1301115106977912272423 0.1084499512526951037206 0.1270548703350884434116 0.0932369206617709445073 0.1249255390820121214279
0.1113185826025723107469 0.09518759806665781642021 0.1026928428599245685104 0.1250103143273783024014 0.1141445457460393553273
0.09663620985360560355915 0.08845441238945965511942 0.1011793975588811678179 0.1189377782873155819932 0.1528420855060238781054
0.1513823164505627427712 0.1324257983480863209991 0.1919232469378366334745 0.163204442139900429698 0.130051915555580044348
0.1261020890253304327366 0.1010327064893403320456 0.1623415313466461951108 0.1375835451151577459861 0.151502155755596779052
0.07221071155219765946853 0.1026601028420190964141 0.1388126219877111877654 0.09137936519825266834527 0.1318548754130864641976
0.1556128156665967932071 0.145151355851892066573 0.1167322767524461291089 0.1034638994683792778684 0.1265570062482080371247
0.1662809563332995343998 0.2242508855534058598291 0.1237861148702818075984 0.1385327976940483873936 0.1471356972015838426859
0.1297874246451932445101 0.2085841643765441455471 0.135169259328187518765 0.1812590606930800374297 0.1287176819341425415555
0.1114554341546154653253 0.06407306478030042051763 0.1622804596600119775296 0.1541058110227900845857 0.1274845613947845068825
0.09852515096297492780408 0.07833488245113714998347 0.1001323386170471785306 0.1359293299122123210854 0.1395931892621927461473
0.1143813567921281304507 0.147835801480346418213 0.1675445071133041530231 0.112110588268592825667 0.1532366710331602432937
0.1378205505563272481595 0.1235907317495187063283 0.1371059077716653140655 0.1619399290172967020851 0.1363519370211410952631
0.0902751870950967844065 0.1708103053892010836368 0.1321323003885977731553 0.06384759544534632236257 0.09913869852294177054119
0.1297043054199083778055 0.1148432213708040772193 0.1628708849566476157822 0.124445816284552299158 0.1840962831199739191401
0.06546285562990478146261 0.1466067832824276828685 0.1168636414953949931306 0.1366425307169792380257 0.1339173177989631813301
0.09780207776969640498521 0.1236468362071512228084 0.1783907040808734856263 0.04831768984503619079884 0.1575461098447973329328
0.1806120987543137490494 0.1481008101940031462807 0.09847989224060341162392 0.1057800478507664454497 0.1847333980541371045714
0.1524704332990447497309 0.1480802239594569136294 0.09866443475787076144989 0.1628067450920112069213 0.1763900478790586812128
0.1536752737653926115247 0.1838684986965204715137 0.1344183131739204728472 0.1637407363188435605039 0.1460634793672536679843
0.1208728323819294042663 0.1383754879148348382323 0.1668121921742121704924 0.151419325486771810807 0.1381674082467607145297
0.1085653002872905142917 0.1553359107898343027809 0.1811596728896114893992 0.1558162462020352967418 0.1778985557128280603489
0.144126916978960517568 0.151082668161930999684 0.1352521857637187518986 0.09822558446328202852449 0.1046891872770616266353
0.1891639228384938697936 0.1973624453157054592367 0.1663384477024893726149 0.2020356785777092101242 0.1101925525610338713056
0.1561472068871916363264 0.1998547906719528588493 0.1713223854968947967858 0.1750161853688136370799 0.1765930985969404731772
0.1443202548480898295136 0.1747887267986318882151 0.13075322936167030341 0.1918195609255146372174 0.153907973484305266032
0.219047829201589244752 0.1071725484428969199513 0.1428936453497553216163 0.1596082746173916877552 0.1321623174796951738497
0.1768878171892417916489 0.1727739302953988365097 0.1803705082865635911382 0.1940684918095054167786 0.09599777965899337905942
0.1384123340036307325818 0.1596760959112932254378 0.1288377089937023101118 0.2261361246577050787554 0.1151331067200270230622
0.1614757710557013226094 0.1682093205186809548035 0.1010734394747757752819 0.1110405533818427936676 0.1909405796231708751787
0.1817934852602968720525 0.1437176864581233837193 0.1435752657952146238429 0.1860185847406839731999 0.1604557936377380977788
0.161777289090198589383 0.1480604651866505028224 0.1171129004354764940876 0.1442481976750793759567 0.1723558685228086806429
0.1653959776510751933376 0.1533613248112070948093 0.1853694942765821140895 0.1838746199604083808588 0.1320177809372128086007
0.1782819618975897690838 0.1803992965275570126149 0.07615236636911951184636 0.168622842694368224592 0.130390109427160366673
0.1747230738885150735928 0.1508959610051328059654 0.1144590807840163981801 0.1051609765996803502741 0.1162041882996009689588
0.1531808143292247570422 0.08710811924340965128888 0.1184907256726331625796 0.1565022650608712817544 0.1756764644178330225799
0.2558703640460314732152 0.1563521413598476794693 0.1321352244700088052198 0.1506079123209581316356 0.1814350753676464145236
0.1739059610008263090375 0.08406580437489709345389 0.1142772463913674374503 0.1320925486005184168459 0.1296470617261805680087
0.1741350249755015122677 0.1114811462245538647986 0.125743686841989971148 0.1490277941553551921405 0.1726021770039704306132
0.2199911373788381308003 0.1817090794091552885536 0.1370832375995385266076 0.1515487501192532004968 0.1863483189902731818055
0.1228283324173048696171 0.219519299993751887401 0.1666034098359013837509 0.169493309322529595029 0.1921108189659182508002
0.1640429577852359488421 0.1551400864125174472452 0.2302333541658266591323 0.1264248740273729298966 0.1187606699803346044231
0.1564893624466496824255 0.1268354447593863232324 0.1350056137405405698448 0.1874697421777778705287 0.1756281636163177506393
0.1463786795233349147249 0.1018411806111430423227 0.1877339202814306828859 0.1536560805279550134816 0.1385703524073856607313
0.1702778830187037795163 0.1586667681205125579602 0.1060220404839411628695 0.1803438818309017199759 0.1736818577586554390724
0.1838298663276613786888 0.1822141080101182808448 0.1595800908322355937674 0.1784989945514103004687 0.1650106510895005540451
0.1570364446672151415019 0.1152796151269963598196 0.1540932959833878068689 0.2000261368607220147098 0.186700837187757234803
0.1932279484762785271013 0.1650986528216041304695 0.1870839564986976899519 0.1749902720213145079775 0.1945565034306175611345
0.1589250948403990448821 0.1633821492061253433103 0.1765490109274661101324 0.1506493286954589949644 0.1377150744675096905034
0.1338628600082320818654 0.1271924495178172465071 0.1324764811918262563672 0.157016137331757399398 0.1411834041244116877412
0.1480691295570444321328 0.1831458508251680439294 0.1557722264382274401928 0.1846434546870802662077 0.1856465869563974635525
0.1586237591593493145847 0.2351870940909513707506 0.1478999975362887409069 0.1592351065423792677578 0.2006447393227309972108
0.2716383634459049178922 0.1311791520954781742336 0.18741363019963597214 0.1391254706749513736508 0.1513943289196580388456
0.1956958165788786063732 0.166583954709926290727 0.1201029128173135146485 0.1511820715609324405904 0.1263905678900006102072
0.1742729494540188606155 0.163203109088126657733 0.1334004493501138588485 0.2342212992896712531188 0.1982770057444783740053
0.1997487493991117191161 0.1557083694487972624909 0.13050318783620160068 0.1457932161486559241581 0.1661261226919273081837
0.1282540710212908274812 0.1303630116501845459531 0.1374046364751231319445 0.1864896786536587580674 0.1672417653257524672306
0.1021746451389382581709 0.1563586282843573427304 0.1378341365796855177983 0.2025389969411945101374 0.2178071835402236311463
0.1799882131662297879426 0.1917748375049540265902 0.1568431314239352725171 0.1998412463134217609273 0.1621206137166679717154
0.1753334094500989537302 0.2237180385595254339393 0.1851093960108602942682 0.2040281395719185930648 0.1332918060378811275779
0.139116228919592160862 0.2027241036472465229856 0.2187573825919608416779 0.2165985428253432709678 0.2098573311526350515521
0.1778381717148489471469 0.15952711867296789916 0.1581765036399229440445 0.1792306866150854272046 0.1607984997762435808166
0.2393665026217924318708 0.1380821606262312706281 0.2262651495104812393588 0.201714279791637751682 0.1553948745260919361844
0.1776611439216393695251 0.0997769759038305698029 0.1381775334725170722994 0.1559592187674851693213 0.2089545179494149418353
0.1073485359863928095825 0.1581333962767855205733 0.1579510167844278556437 0.2427542938015851137212 0.1497647629569217597734
0.1584033653473555791624 0.1828079407565565139837 0.1258767375625148565721 0.2101211143044756368692 0.1522834648975614213473
0.2011291842329013812574 0.2111718466918237613328 0.1597965783426292807334 0.1913685699133542694739 0.1439139130482355311003
0.1565500722356720497697 0.1671041665741770654297 0.152827457651458081811 0.1672651070400366368762 0.2092168174330881202927
0.1259267282191645909162 0.1515253021976031289064 0.1203930335437315563007 0.1997612030080668232834 0.09987803580743254139307
0.175352319002519102531 0.1980246602541838041311 0.1950529315214456216321 0.2205448571060439344471 0.1878950825723475770435
0.1604662912398827356864 0.2164814106638606461264 0.1439946163219623376239 0.1448673177425389146933 0.1006374415717168901985
0.2153900269668008737867 0.1659596982736759596122 0.1975426775687772196211 0.198823689860889718517 0.1667197455411138784509
0.1742868924661305496393 0.1202612167071317322842 0.1765201029071421234828 0.2544862212054325167898 0.1895291785674425855124
0.1859806413713891992678 0.1962691361344570395442 0.1758423710881273083206 0.1643083747022173191077 0.1918573240332674678665
0.2030097434746032658559 0.1861708860818258037817 0.2044335226632044422157 0.1477608787293014369624 0.1871067437506220010324
0.22495993256373439384 0.2079208664254197369559 0.2234788492566314732635 0.1551485958730034753206 0.1772193550309806853171
0.2101454210720252180344 -0.01947528617920517984841 0.05072986728841719084038 -0.06144613283986703755613 -0.02659118277538021282713
-0.09605552599681557723876 0.03481714096277024189652 0.00924553200104087126443 0.01677341747449816525273 0.009888695682079243209905
0.07823463595935527259417 -0.05112803212796496882264 -0.001934074483471482936575 0.04019543880290937787336 0.02419303176966640031575
-0.002896816662785481420045 -0.01944910210460207636296 -0.01907050698413607567328 -0.02690104711645361149075 0.09717650138277511562279
0.08536181889772546937944 0.03327198658016810445259 -0.02663661278674417723367 0.01317979073447842798539 0.07870892816123252477833
0.003926605637284580688218 0.01809832378682015019411 0.0489299687524850715481 0.08149364500939761113418 0.01222207917463190122997
-0.04772482344804313686426 -0.006512839370691320822759 -0.03728654325506088745845 -0.007027851742333656240302 0.01359876500450736894199
0.07946308678065765185305 0.03094029269039082208348 -0.0005306327233015931642279 0.03579257728085957074304 -0.03726149451638405274423
-0.01940201728698816296959 0.04340513185535972706663 0.02074336149838161211245 0.07196992695792081562445 0.08939510759176316767594
0.01902144748321460757112 0.03109156934818457090897 0.05983266080071179132682 0.09460558335799487683637 0.0281582328475462814743
0.08177534772327708922912 0.07141395786529462774705 -0.01112725001034999168514 0.08051268351051854565981 -0.05053677235511573606619
0.1513648846456054908316 0.1083451984438933146659 0.05834940404542227065932 0.08331105772267925757557 0.03259643405632376561565
0.0397264704597281928522 0.02556472005823627949295 -0.005156176361266117877391 0.03097051903274838230429 0.0451260002244662436488
0.05689844178201030472364 0.06767588952792499834565 0.00226246231022119922982 0.07155163049436670530401 0.03178218471541717493611
0.001568888813780836824149 0.08652764746159660735891 0.07088730381402791325129 0.08483416378424177284323 0.09936643054160629318083
0.1068932015305198296451 0.03693514875582049744596 0.07102855929205097174073 0.0785027708723564920934 0.09779102343775203376453
0.04365523946681627853739 0.05183635655866896535526 0.1019989724812423032008 0.08724251460945386948964 0.04490997083586354549078
0.04840877186417961303144 0.07549064264005586610828 -0.01163719289610582255379 0.02373847811951237951611 0.04247981487410003309524
0.02897749826901544617508 0.06220605471380295792283 0.03671323537218260796289 0.04801855548582507904332 0.04234994593938767176722
0.02167019565805173089701 0.03330665497488561471728 0.08162351227657209384869 0.03814493728214005813237 0.01978504885211212344087
0.07086810300931017936321 0.05730743977807663258606 0.05253957308865737918513 0.03954362841748343404547 0.05904403245587502846448
0.0817813842725333278727 0.04625329081535611147613 0.0948458669883579380544 0.06201062185911210278277 0.02863310854909855221462
0.04996946850376705884234 0.08908384581378359090564 0.09683830969293114043772 0.02968730984720345175698 0.1128352558552860179786
0.03012139695458220661761 0.1255809311203717471006 0.0830370686089929171958 0.1171513646800296654105 0.09076824605678034119105
0.1095677954100444523311 0.04803182743940810628391 0.05338436577755013845437 0.04905769792536576051623 0.11835976897323713386
0.1016014760382548676176 0.1432792294908930008646 0.007518198159026009616546 0.08027593040367968224569 0.1122692164504514866774
0.1296421663270755364472 0.1184534759922052093994 0.05322920903333834552473 0.09377622505721303070025 0.03761885849150378019479
0.09673995856472533683146 0.03060715867109906410115 0.07583405971015270974345 0.1296565237259321712315 0.1258780646028221927857
0.08208953408660880912695 0.1226314157326771209222 0.02793359219348540839478 0.1268611238762012982662 0.146299172021381318487
0.04599310402701264205438 0.006440791044682449111025 0.09041275425859363057413 0.09005842126479621234658 0.08848735842696932307749
0.1454016301885599216082 0.06087500804241607887946 0.06612853678138730373348 0.07479597156741522867573 0.1495140320396762811939
0.09977712882968577112752 0.1205627819042868198451 0.02279537612350509417913 0.1006333725307204662869 0.0944593046269258246328
0.06561719123927689523157 0.09602495035076648310923 0.1414887594988502861337 0.08160759638996881171202 0.1255901296580502202183
0.03269081856421453269324 0.09393684210442994342305 0.08266431165212842491208 0.08639552097430204524731 0.08792177855978496048284
0.03906654562308764511158 0.09197387454873143242118 0.1023341810401957041599 0.02937460429879716269919 0.07289718364407662964943
0.05516833827631366371502 0.09511079095329469379472 0.06148280342912051943394 0.09342128552075816549927 0.03117267744071204951806
0.1283352851626213819713 0.0771467259346926698127 0.07720711441811063668883 0.08070283318826471097296 0.06919466993922179787191
-0.004630518469625638858234 0.07479317943020377668084 0.07737898373931145767912 0.1140329488835350457698 0.1390800853427461569733
0.1104575776683386773014 0.106872129946425309388 0.09172988503590483178041 0.1181153806593743665898 0.07995805527293435577274
0.1187241803842297299676 0.157707229109759261565 0.1125559736280538764008 0.1004058343541641834529 0.1199007319328256604418
0.06549916023727921088327 0.110771032723636267403 0.1066372985606244411239 0.1440694016228102614097 0.09993616241159346269551
0.07062038140882390124808 0.114222976954888630341 0.1050339157590149813393 0.09819113717483680947584 0.007387384037117555000973
0.09743901420564851645345 0.119265510548673112079 0.1305527613711320866763 0.1497106405772876680516 0.1026800809162120575735
0.0736465886004339376214 0.03304380743292847921744 0.1294855479747088200515 0.08711487556648586649821 0.1061849933511700982969
0.1746641659619337372256 0.1260348612764545794818 0.1193111650040418053598 0.08971319277807175696093 0.09096989017158624291071
0.06484478036379824616997 0.1420361261768617044954 0.1760382369614833797389 0.08957161360222821999688 0.1301599359514877263244
0.1256157991773768911603 0.08247783877214803771594 0.1727908917035780034244 0.1416793329539441925746 0.0711504195323411914309
0.1034490456089237619963 0.1437705098774278711371 0.1109644274907888722437 0.08533859897072997025003 0.07402528407006689348258
0.08732353801591490050082 0.1237097054069304369328 0.08070425183539160773893 0.1443855042840563318585 0.1669825128020723525868
0.1509989364327197214344 0.10179477515973242574 0.1142702983781328229806 0.1367987770678424086501 0.1805822442938408156632
0.1481520273755205230337 0.03517319267991531744899 0.1251212011432231152597 0.09301470334365687098188 0.1126411475763892111601
0.04685972695265996912362 0.1645066395428423089431 0.1276329745788334912859 0.08215282409821222930901 0.1010916587260348720179
0.1467141079654037949531 0.1365438706431719995127 0.1566037055138579381364 0.1169112259086494826077 0.1112634760202379224925
0.1285243085841867582975 0.1765464034695722050916 0.1072385543747664815584 0.1358475013272358034033 0.1295113715261748954521
0.1181906244882023060416 0.1004967610216526835432 0.0693566634382108831991 0.1465960498063124672896 0.1416020729022691992949
0.1931016494077548717456 0.2013462292108108286914 0.09029361100992641664398 0.1166401688007324133345 0.1068494223299244899605
0.1284493917261684825526 0.09677729320834292658926 0.1000497746340966304102 0.1209934718898786482066 0.1235838016006927247981
0.1493899027626635900301 0.07451749136025906383729 0.178018248046189153655 0.0650540396810802001859 0.1151661846791149357294
0.1567756833247556103039 0.1206501770181441501872 0.1857185437917960868504 0.1032220795158702852934 0.09598601590183353238217
0.08723756093727665084092 0.1067733004653214495816 0.1654591907519961380135 0.1099171166798783849661 0.1562043380155875016424
0.07578642465335833078299 0.148028637131792928372 0.08239858401253274955423 0.1351383259675479342476 0.1151959595118245693879
0.1200036580290492899126 0.1814836437954973902276 0.1804916710120237632875 0.1306151707213148993603 0.1166103924183751056054
0.1260259354588037505884 0.2171386752927881025332 0.1396412003561430803522 0.1104587783823022667518 0.09115477688826555124901
0.09062203323778547647827 0.05836411169295772222165 0.1355590856328023618982 0.1036944188587258092182 0.1854383041384810026919
0.1529553854535646018054 0.171828059476308886433 0.1846216473026515147993 0.09994042189183385827 0.1297763438691292015026
0.09562480984758046920202 0.1386103490511591540546 0.1685749940707960692343 0.1205814526898832950152 0.1017540324378913979553
0.152894538907629079505 0.09827749504831492788348 0.1400058260834397272365 0.1466932294199179975802 0.165013141023533704832
0.1068761011181048187213 0.1152801995955823333162 0.1162523195249164503773 0.1460432845117766997856 0.1261036862132715874463
0.07807668074411081016173 0.1356614254481919856765 0.1397440787238463100195 0.1830363231299332316127 0.1602848600246665478064
0.168229408901732047088 0.08834404047034469242838 0.1584291842434090435976 0.08335133552588654126669 0.1279659481441063895168
0.1746807737136935878564 0.1550224057846682490514 0.133976855401769234799 0.1197950989331032362051 0.1498859334353472017032
0.199410902819093127647 0.1722708774889455118906 0.07869298608056644883657 0.13653299648012146017 0.1356707648730732518327
0.1415820486351257456725 0.1708085346236006274445 0.186418027569350636119 0.169626734488315833449 0.1295947116628485273893
0.158471470288765042822 0.09938595200580067900997 0.1781356583086645961611 0.1228741303301589954389 0.1461796168623542002685
0.1571769597867076206921 0.1253180902563867382682 0.1259480060955796842936 0.09939273895214743859139 0.1793199896739335608142
0.1228652739846130687029 0.1015117926941704606936 0.1890539479762274044372 0.1308012058412106881633 0.1602342080371171317843
0.1468285425480626016359 0.1079279788322995980998 0.1435517182802870106428 0.1431238928640190533059 0.2033763505067224253153
0.1074386092055383962185 0.1511124400701253644996 0.1483582344558175558635 0.182430087112590483267 0.1944112021276267476821
0.1349866297699945372202 0.1811941695766896842645 0.1612933709086727951387 0.1008373522076383282942 0.126409845833185985331
0.1356554546386919690715 0.1520847681192587508292 0.1544979063473050917565 0.1687410776390383115864 0.18857546204512198873
0.124527286928762484508 0.1150840313188793012644 0.1728447691853818857233 0.1785823437832040339046 0.188544351550227334835
0.1098559180984568089956 0.186904279023618113964 0.1219311762047971953171 0.1676751480786656256505 0.1508751399719987507098
0.1335164666324259175045 0.1522628892566082192683 0.1684229008843173003296 0.1534830638369845956515 0.2004507933240790018559
0.1833338752502913227005 0.1569795836851346215735 0.1218553890299133996011 0.1728417723355741009161 0.1296837069983512169546
0.1926011499187330888727 0.1566849692573941132956 0.1719341840977546553848 0.1762480466858193928203 0.1661258347623054687503
0.193739734439052013748 0.1805753482503927864755 0.1683272597922333413401 0.1356649950145210614671 0.1500801548892142234237
0.1674804808822800694657 0.1669909359180878627438 0.1903660527645851530121 0.1714404185223209198252 0.1155695047465016833677
0.1296387894965575493522 0.2052788533686454586213 0.09888368811282936821083 0.1463744559832510228059 0.1342031496366701270873
0.1644129193220695284161 0.1658674934933042632856 0.1523145329847567230885 0.1595552028541221967206 0.120341501959623689566
0.1389297633097430761939 0.1623265428787277753209 0.1486674044279711615069 0.1324548067515328442223 0.145073843633385851648
0.1726784808773841328744 0.1171519182638473405289 0.1529742912626660122921 0.1380104130227088055083 0.1208620009993213312294
0.2198985735931699714296 0.1821492788285816455396 0.1345639671306239071313 0.1644857775378344433292 0.1784451517021128641449
0.1600033892869831275707 0.1710175303273503699675 0.2001611537405995899785 0.1661346313819349329588 0.1916233533090781204766
0.1647844773876455393147 0.1198123692393043421278 0.1628599931616532825451 0.142507160070133864771 0.145919538650977426153
0.1862908704560021500019 0.1452279711106430892809 0.1885201632097864010706 0.1234582266780045317622 0.1108446832425412087453
0.2077036821030961710743 0.165533663327019742173 0.137907887431751724483 0.1607376155192949129802 0.1555986934322668990838
0.1952419747825367979388 0.1575135146778443018256 0.1926247988898694973869 0.1320009498406292669515 0.1616616979922353425358
0.1350674695962633120594 0.1811092167306563305296 0.1101589690038869834288 0.1164233058001154369476 0.1819221325754580842471
0.1673297113092723498173 0.1358062173566695063354 0.1296436626200215547211 0.1749529029585631112464 0.1702565052510928433893
0.2156076074075835846688 0.1681640523631587336162 0.2186413968401016150178 0.1357231975524315348292 0.1574124072916130712141
0.1736661723183595962272 0.1124337068741650125236 0.1661617987196202794742 0.1531830862375709867429 0.1945350425290231222153
0.2034537629090509280871 0.1528375281216995673628 0.1613321460067161927654 0.1294170180753508869742 0.1362977638691180715114
0.1727011606369150409357 0.1873496069542824049581 0.1521636969019125595892 0.1437765689101772326186 0.1705364145995749702855
0.2071696299424385379062 0.2078626124952160925119 0.1251090662009175513703 0.2051413186271638378066 0.1747600134939599203499
0.1714900613097211090619 0.2018175290644478314661 0.1571307569507834900335 0.197137509825092066551 0.1523197170582318848986
0.1091693955085256684256 0.1926049658972172062832 0.2166090615690487719558 0.1530478352704201516765 0.1856166831790205251629
0.1506033306039258612419 0.1414280464566868011911 0.1467670888799525452661 0.1314503402852315316895 0.1476417420469588737131
0.155289829953286107056 0.2034352409359707625214 0.1908617686372309496523 0.1382718006426617851634 0.1488037071199470040561
0.1997394382243046218051 0.2027530737317117803808 0.111451907722435780701 0.1189567114951504134268 0.1585915760519877037993
0.1479415573773228409493 0.1251197248411174967053 0.249929310550333266816 0.1862505009866032290589 0.2060814946206745434942
0.172612433929877823191 0.166148263838868187614 0.1518003479109404640912 0.1309126198008853103616 0.1971188845827110958098
0.1821276140951792188449 0.1412011254383281899649 0.1774692529643950023033 0.1332018728053371292575 0.187865848611162705728
0.17871279488882246822 0.1941855265002321306866 0.1539844547202016966647 0.1831870246550057201862 0.1630984489806789616839
0.182239711133274057131 0.1382397122993167526417 0.117840845856770140565 0.1636455378611115785148 0.204457018603163703796
0.1926966117808541767431 0.1462891495471595193489 0.1599416167829409152201 0.1643779417894935812594 0.1585372762316580586006
0.1394685992274778130184 0.1580990704965844761976 0.1718909499711934185662 0.1412076389084508110106 0.1543134439660907297753
0.1569848030450557430093 0.1762686194958079932693 0.1128100208311056257271 0.1799969064625064063545 0.1764333000086441005649
0.1878555641775389861703 0.1466298230593400531152 0.2051579804189308797735 0.1608841425203864361482 0.229063633347740935875
0.1964466426025218981355 0.2030659784721695892973 0.1826615017336959412297 0.1927073325832403261071 0.2324991257094166374753
0.1542734276084720690392 0.1880834403078140149024 0.1896001662531791864819 0.1474809780437815465159 0.1867381345695726668765
0.1727184462903242623266 0.2072755202329321366772 0.1181967872063064001198 0.1633686144312394283862 0.1313029071570585015749
0.2092538996693142361316 0.2469727121320087759315 0.1450541671508450147776 0.1831291239446501128985 0.1279120166795148783034
0.1874532132556300245696 0.1469772089367070988519 0.1891168182559024579792 0.1867245527692037165846 0.1459213261583212351002
0.2118772654060629700989 0.1621274290774193660436 0.187181565917027836754 0.1782566899494069934118 0.2022361415971574705175
0.1307732433537863447892 0.1696292088663078900801 0.1991412868759552534659 0.2299956297683778128071 0.1992001664724917520122
0.2131325006175473213421 0.1625495178582932742639 0.1935996806148980176054 0.173205297101115346381 0.1224179540422233869457
0.1812718471195116087813 0.2209315848212193844624 0.19458995031881493043 0.1517795534896452525064 0.1729851416656476847944
0.1417730012438898345994 0.1904078380914798751533 0.1450954139903735673478 0.1821993326779385025116 0.2111203400324535017774
0.1169509147113416136499 0.1297966521552711138821 0.1286153504793135782247 0.2213740115619699799776 0.1725174050341087006455
0.1396455458205419775108 0.1701590379480553971714 0.187315681745313433737 0.1921757795460349305117 0.1262925215211747054234
0.1582841884389854236748 0.1601614080889804669905 0.180535608392890789542 -0.000226584308596847834507 -0.004760702407181043559203
0.005070183344619748344595 0.0009686655190267782176983 0.002918521242481002600511 0.03810603120680459282577 0.05893547420335851216855
-0.04454050168616727894966 0.02193779628654387442444 0.01236031734170739415646 0.05412114878009548907256 0.01083827461699734574785
-0.006040300746938854700718 -0.02968229229137403155092 -0.004105157171713347437347 0.06171247034924642882459 0.06413835416837722347427
0.07394566228176344124812 -0.05076917975233432439586 0.1268022278387211099204 -0.01362048627802533821984 0.06657696132973968394797
0.007923685625643503774307 0.08806909780841819246344 0.04514529242005952541783 0.04563400312750619941538 -0.07277477621837505350477
0.09977842014067629661245 0.06712198088142125318445 -0.0158599507532532976728 0.08541067863717953512204 0.01699443197448304368469
0.08350637318456824442769 0.01964243989312635524369 -0.01420736726588600444543 -0.06802596936074060962607 0.01697436258474435341603
-0.02899502368418563694186 0.04823023564019988940199 0.009267947475835591752968 0.07501214225046082262338 0.006365589863453159288897
0.03189664133186351918647 0.0924631509995931383239 0.03441669716355524877294 -0.003982471316140815363604 0.01266162849843515889048
0.08234291719171726864346 0.08545605304806530577721 0.01853328045252224456907 0.1201045681263964853835 0.03043410579630564938292
0.02674041008047692985494 0.07337832836943879166736 0.04797964919201608974264 0.09238746869571826114687 0.05808883571916183957695
0.07850921262893442720276 0.09671094489664108784233 0.08710661404551633957283 0.03625388621024418916994 0.04663411015075937665619
0.005892428302774826813504 0.08033662094054365432338 0.03161942454864234003376 0.1265946764826202108889 0.04017129496466479571248
0.0795005147606650114378 0.1632632257183063984041 0.1045911399921748141661 -0.00745806929536148733445 0.06858802519729678692784
0.05134869381705031016194 0.0795860898955139811628 0.1231471343180929461925 0.07044136281953261580213 0.0274735059667124380256
0.04281349410351575901501 0.07206614156845000951357 0.02979994871838456335644 0.01922470406568552517279 0.1091289474305015549938
0.05961123290169238059244 0.05091611919380698708659 0.05829291981244481141156 0.04440137165781464501091 0.09421311491103009916337
0.0547852750300508589687 0.06931012841681007119465 0.009736274195786431828736 0.01285808743213346164169 0.03295067008325052587692
0.0593161455026089898257 0.1118382090744058643406 0.1066683730789405037953 0.02877794287923264235363 0.1315572441796677150005
0.01678063393049613119534 0.07957928474352887748822 0.07781186620190105873718 0.09747784202420840815595 0.1375407182200823197338
0.05097475294707133619543 0.0676152874375620382974 0.0439373194284430473866 0.08788038713382140265651 0.07646753747721898863965
0.07828141835678480153771 0.1158125417703421144999 -0.01907839281572853984414 0.09524818959019339115191 0.01562464164604912726653
0.0996048786175034728263 0.0114868825819731314869 0.08378645967490103152464 0.02516207774466647922873 0.1327999177602559588429
0.0452504847773945451106 0.07615639175336146038386 0.1042811123096161612933 0.07352746225715403594059 0.1392894226901899012994
0.08472777015195996630492 0.1730219557723921552927 0.1115284743675143408481 0.06016126246191732390711 0.113330771792530954345
0.0291215927232494203869 0.105298675497205465601 0.1410181456097349961265 0.08900713119178058074787 0.08443648160323273532679
0.09160041019624996783133 0.07574829233925309268649 0.1123568371703615592638 0.05392258740658747995234 0.01333806620402772612211
0.1049191531434572333126 0.0882149084254058302168 0.05290085947591507964383 0.03737615310625098247188 0.09833398494414466450841
0.1156050791257148685487 0.04101135097460843759176 0.06720905680398048254176 0.05349899793653928314896 0.1027029032938280433962
0.08606918193049446774712 0.06574467796972985333959 0.02981663735229858960829 0.01828693665226488462849 0.1273426472224396810429
0.1444659425768889393638 0.08575369748461508789816 0.0285367469636479409445 0.08777697845254976705132 0.08218095287932634940287
0.03337723243599052813657 0.09002787575250292828599 0.1636789057651426571027 0.05746036904471580469833 0.07688832565556946718743
0.1067710647914077437548 0.08047051482089651042173 0.1021615411775479570489 0.03255468493195157880793 0.1116476046268609356726
0.05216853433825537067481 0.1038447156020825268286 0.108945225839022066805 0.07140223667573730725877 0.09063085039848683965857
0.1257883270802169495273 0.08157027231987462601026 0.09325287500234913373731 0.09448155788308013058874 0.1362122291388395967093
0.06705633111795844536474 0.08572290576199219358511 0.01233228729574267421021 0.001261883530623958502709 0.1052151732921362131679
0.08693429396612657733545 0.1229596413573772750727 0.1673724051666279355466 0.1046601315698601764037 0.06448128041721223890903
0.06451686489123487078245 0.08122516617919506298762 0.06970825831242939696342 0.09798404666440045651665 0.09409693807516936181479
0.1062692495055270330839 0.05821395581480413167208 0.08263219593020916520221 0.09442168428810160385467 0.1232347408518572745573
0.1207022291282404125035 0.06918744664835164981387 0.07358202325709621571814 0.0883606376231638873664 0.06479332518866368073596
0.1249616292867318234627 0.1269967558833493825876 0.06190619318890045602588 0.1417367067731581664614 0.08318812018019935972113
0.1051689628231571582706 0.01980901322741464992694 0.07524547011663587636754 0.1327420038594645523844 0.07754082061963252225922
0.1354224178249794352524 0.08929204549976857419047 0.06950566280182557399314 0.1015365313950530590237 0.07819727378636805170675
0.1210105839705377522852 0.1041531229162776100994 0.1013615726540504496933 0.07576060105053550319809 0.1162878183248019364759
0.1457841423099747457659 0.1292298436130830119328 0.1525701392243083709399 0.169186334299298551942 0.1282078655113613463445
0.1172283523230556456785 0.1245850434919111016097 0.09068196000221384611706 0.08762336609644952312159 0.134961447135615780768
0.1234226577836543825573 0.09049464600978597561554 0.126794008686214709769 0.1217212704877658757674 0.1399101010703138747715
0.1490164408737879031541 0.1440077241188895407209 0.173673613312187252733 0.07620509277675821535603 0.02876495909270758086218
0.1712042271026438799986 0.1407908156064641980176 0.08860845880084695924683 0.1816350602470807318323 0.1112082430356223505807
0.09365345935185903636366 0.09440552792621891009528 0.127499917226103431922 0.1428122241808987558098 0.1553079859665769668631
0.1177333996406118438172 0.08364277128785446713266 0.1263497978767368079556 0.1794872671965078714251 0.07334958038910081856709
0.125160594011249237667 0.09898161028986296461341 0.1547296638583881278617 0.1239970366523026612526 0.1385582378093307698297
0.1450846767640693868451 0.1464487899273346216411 0.09260314840447157747061 0.1570757840770148072718 0.1485568980919647064098
0.1244817648636130091866 0.153046592011579274395 0.1373024947986416777201 0.1145441504705470014969 0.1185284102845807208126
0.1694636783386343770186 0.1272250119285806557734 0.09606098274007182635792 0.1407432521719334250765 0.09526558043997852831541
0.1522474990096379376947 0.1057682556263608436575 0.1386520799283900429177 0.1634080176451480070909 0.08596291590260921045008
0.1023486966822779592468 0.1003890629786124838452 0.1167045810069560207722 0.1005456784381705687137 0.09368569845262246509332
0.1333116485039860799056 0.09177992256177899821346 0.1415581114308635812815 0.08021011525445337353446 0.1439528629524434721887
0.1220401527215972253826 0.09013986097246962092555 0.2306987283677703892693 0.1588650835420880591542 0.1979505016259826555292
0.1747339150169484600639 0.128338445692697866729 0.1243763902689591638318 0.1796247580492488782333 0.1601987058286180320987
0.1009780714217669295163 0.1180246089507899082127 0.1206140393749999262241 0.08249481651341208920947 0.107243866530066372933
0.1205961376300522802651 0.1353019656347616006542 0.134648284276930985115 0.0958025382628151789266 0.1095146379492624166829
0.1480641520891366469392 0.08715918567994566934498 0.1597403902403920217257 0.1174236607849731134356 0.1746153263082574902398
0.1517081100014262273756 0.1083813019871563004815 0.1420753986617366848577 0.09887684273423417991022 0.1852001490474883549364
0.1401735772922877432123 0.1887737151304757499126 0.1466840927941079064656 0.1346775490650250206581 0.05563187205058366113786
0.1561025289409384009254 0.1868814530126787221143 0.1285373649471794610388 0.1248846380839084418968 0.1863937364543924446458
0.04268578424621213840418 0.1225321779092495011465 0.1597079653125577924921 0.1037282489272189911489 0.1221981205825571348278
0.1314180237593964573062 0.134348033675573547141 0.1418265199623491290559 0.1710498425033599445566 0.1206845902728830577377
0.1370898070566487492172 0.1786727022291986766156 0.1184765528962473390973 0.1419810489684979470937 0.1638949884244242927167
0.1424415630551789935243 0.1815280565013864255697 0.125063731301658792594 0.09902461038615008315222 0.1586854592534374386315
0.1473515590563783117517 0.1712365473788730330096 0.1416386222062861188764 0.08434688478951278545193 0.167970309322554078868
0.1404164102639866018585 0.1831372821901290914859 0.05484444538703665827928 0.1501290998526252362666 0.0875041935163122924779
0.1270925687378282320505 0.1480381032276571751094 0.09217803477163137582107 0.1394216551494164568759 0.1015207016825147717798
0.145872159754375591012 0.170829507478538561438 0.1198013054190815579458 0.1459367056124248329674 0.1849163472540769903585
0.1288849854015923779293 0.1873891781016926438852 0.160066639909543423359 0.1273800770933887771541 0.1323452481634118382825
0.1241631091601042152783 0.08537231743561134178488 0.1470285725747788596607 0.1350587731591647022711 0.1356291381760919845245
0.2294984752214258294511 0.1231572930207200378128 0.163607270488061007363 0.1662064083950680892787 0.1839060480018133714175
0.1438515993866614772756 0.1667417986354574888086 0.1325602382453932859274 0.1744175279603469574941 0.1461075455630673758378
0.1143329846189451992622 0.1416689811794032416437 0.09627103713994863976033 0.1383982612378954202281 0.1630267851805120571385
0.1508888604613874973026 0.1541441477091570200209 0.0954436186883579618101 0.12869713645093730503 0.1335807199361117025838
0.223194675558165522844 0.1505330811280085334669 0.0889892329110616442378 0.2300864728013800597495 0.1492998709037737792293
0.1309657767533237426871 0.2006652042013367109874 0.1496009781993122012 0.1523308029099923743832 0.1860776829219483730071
0.1163907885060998792515 0.1604119577354010395265 0.1280820657539502027689 0.1361397395160063306108 0.148664184547663419389
0.2054911965347885338673 0.1659236561420594779914 0.1806021637195769635742 0.1868204474972535167332 0.1637552685040645772396
0.2075674450413362570611 0.1426171233045850084142 0.1666060949760743425951 0.1056603451132259174905 0.1668907260775382428442
0.2148080971825274965159 0.1399559765827839419305 0.1448436155510681444536 0.2040886978919960181855 0.124710921740594268825
0.1203101328474717457429 0.1564205407798958946675 0.146249743125277387179 0.2234555897859773210268 0.1479041158226357399741
0.1459139573648655652249 0.1424430601315556932374 0.1514632992271645883786 0.1287971604014307436259 0.1974700233237166591138
0.1215587689405381727203 0.163136086284077996833 0.156512491646939949641 0.1377600233999699275156 0.171743239650709172972
0.1323300872435317632192 0.1537800166593081274691 0.1512941598723789027314 0.1662954510255139628505 0.1261509027012736039453
0.1980531218589933750707 0.1061894006563285364209 0.2431917983816095085725 0.1598445298319927099229 0.1764028473033296962047
0.1663730842090383188481 0.1548358453511878563003 0.1093135310898471629359 0.08246679386322049165603 0.1844872469690981564572
0.1425540467267039923538 0.1898221605672942291498 0.1422430446846653651072 0.1211801307799005716914 0.1958885116413584537298
0.1589137438866604634669 0.1666497222812496903366 0.1245746962095691107164 0.1860099805027690678116 0.1272757974725568508312
0.1973263192700894508302 0.1691539698970561667046 0.1981690943819233163836 0.1185342262808445068512 0.1605436161792292426576
0.163524412314248634992 0.2091405726383405994095 0.2493365089397991118947 0.1944308509021218378532 0.16281842249000327838
0.1643915363045597988201 0.1540628644778068989663 0.1545074814323378342706 0.1701092471738120392999 0.1229876241442293682837
0.1262012636243687591087 0.1436281673011974291398 0.1848889676431280937319 0.2025797430326813919343 0.1226115156215050183697
0.1880689890354192983501 0.2207792630936289413057 0.1902268457676376256504 0.1809288018819766308276 0.1851463151229945092169
0.1507716755310814504831 0.1804025709153056211687 0.1977507640830043489366 0.2178782155491807981385 0.1757090171108511011955
0.1867686546574703621015 0.1505853010878202558054 0.1148480519438385694109 0.167818667338844262904 0.1960801217211627922588
0.1895814107118712898981 0.1613549217340903285667 0.1646662505923326136337 0.1635482898872421542169 0.1148125743628278516706
0.1748103134395015967328 0.2127244235605691979885 0.2032939504669023511596 0.1722770888927257493251 0.1226682576865314178161
0.1707243729279081523309 0.1939715697707063424282 0.1526401431358971605423 0.1438834818206145282904 0.1332389526459821782467
0.1735715862876926474101 0.1617029609672024914602 0.1590813986488022746535 0.2006612051403003638139 0.1096494279599822124771
0.2330370924270792065691 0.1679552273621319480323 0.1655945419868450341205 0.1731884847484706779763 0.149476058457080146491
0.189600573499101254793 0.1385273322994727551727 0.1438391561882627900371 0.238825175916589110825 0.1722163034502383616164
0.1662561815386772723357 0.1964834433322611983996 0.2116606748818304073456 0.1714739262203234804183 0.1601158014620530367633
0.1947413108065036424499 0.1402430353467910839615 0.1480969556598913383638 0.1428125327869878002929 0.2163224687351007202718
0.096244217800633038995 0.1316284596275640317309 0.1912985943718641668188 0.1656608038459223275485 0.1411676090369863856289
0.1712206780079939816286 0.1112704112589213562012 0.1478810017379332819587 0.1471618463785022701273 0.1680720334037617003098
0.1710389419579551595341 0.1081007275684411211847 0.2047991102044621758438 0.1499615439706899200356 0.1280672604091341315602
0.1837031826461748285073 0.1931126244993087159862 0.1741873370934829134971 0.1586219558570489129856 0.1643344079716806127589
0.1278578145736071758343 0.1401985808985348191946 0.1312397659629664092851 0.1534924280381338435042 0.1651894641760751070159
0.1545694088477612970767 0.2094259094365285844841 0.1721659133668547725371 0.1994402488668773343328 0.1624574678938257576988
0.1597370894571237820436 0.1604919447784784181099 0.1791296406067876822998 0.1470597258034946619443 0.1162772362518678243015
0.1337861588924354194763 0.1861798692705643742951 0.1745818510273591805948 0.1601331879737623031801 0.1786849179969496048681
0.1679582038896159923436 0.19385624986458110941 0.1947685691361481785666 0.1466593231245600092993 0.191399981379456907149
0.1794598370938496334492 0.2204835400504181475156 0.1949402293303537925251 0.1244974436881894630513 0.1669907398945679743996
0.2249413580951944713338 0.1897652064777435310106 0.1672379985937603175117 0.1607030081731780080112 0.1716223694075160732808
0.2080468101755234278105 0.179474319162168688413 0.1945027808980160921593 0.1738536084664945302602 0.189938473814452085664
0.2047156485388524627123 0.1537462208876341218655 0.1562931857860325457477 0.1758187063607140054877 0.1462986718953873110927
0.1037936768818358279631 0.2311508921498843793785 0.1822492196643530903977 0.16826826861853502737 0.162885156586890733621
0.1951166268661269909135 0.1786838226119807915282 0.1483499528272935463757 0.1983113897954903726006 0.2015592691653806667329
0.1310534161760374682881 0.1621051822774904616065 0.1619764807236635795196 0.1624985040760646426428 0.2013237485665855530659
0.1706871766457163375197 0.1430400733345522645834 0.126108950073896886046 0.1932793972729146270151 0.1991145993475227360392
0.215130545717018423213 0.2192911593788939572658 0.1499492616637503050736 0.1396865450345602666093 0.1681514307206734559763
0.1874196661397562746476 0.1660366148808086472766 0.16642278515160793817 0.139486440580953385826 0.1816351883712002401872
0.1753679779316944520318 0.2269304155817133406003 0.2073251790352179102506 0.1928527010469247848778 0.1776889991883877639722
0.1999935405084284356647 0.1623329591583016762169 0.1667332722966311797652 0.1685670717063964541005 0.2103227807453176834152
