-0.02828649163849483380573 0.02254686128799989613958 0.05935478160492580618213 -0.06593225595183740961325 0.1970120496819888211704
-0.03068745463121144365082 0.1219729005788496994933 0.1248810095042478529592 0.06988708361515168221434 0.1578168043350175742123
0.1464944508387936994431 0.1706234439155799864629 -0.1085046665749024308312 -0.0235641575521847689012 0.1077626712222424926191
0.02765462362495576045807 0.09845367016311767915937 0.1380233921650985406959 0.04130182195758949625919 0.1700953196962160518524
0.08072340257427104703858 0.1261700714231858699854 0.1159838425006760320723 0.1219814189648863456128 0.03013584741198168173715
0.05210878120366450177992 0.07817967681471192642473 0.1445499786910893758041 0.1386746833508430976067 0.1224227427727962586035
0.117944456080336504411 0.05966981685324686257577 0.0886027078973619930391 0.09692908076200709710513 0.1138846997481096218197
0.07624080904362341704061 -0.02959520007663899929251 0.1011389010794082748967 0.1702632248623539290566 0.07425021863443158343099
0.0910056825476079633841 0.07210076704630807853391 0.07160723997877108115695 -0.03260090276547628757031 0.0636978073282022105861
0.09786905691174097032814 0.1368736089514455966931 0.1417492972616407054254 0.09633538590974488613483 0.03320348424300215844918
0.07833186070410090573457 0.09505826567636657675742 0.101395555942121559645 0.1049692165572345264879 0.1071124469671622669864
0.1790173648957709418017 0.1316748945986520868967 0.06295261463481145736143 0.1773959585624164392303 0.09861990157179641169893
0.03739592626441229361589 0.1420687021036704522636 0.07780776159928015633938 0.09037479291988524676693 0.04737499338191090980654
0.1611016634198266239686 0.06460263517206274452853 0.1416726640086756472403 0.163440920272429790483 0.1243503607912755937193
0.1841206642437958063141 0.1411585422119974730926 0.07399247625610867740154 0.05197849656627771819384 0.09789714241013383611012
0.099046469100826831089 0.084181203081110031472 0.07191351032462141301682 0.1100114995677709400779 0.07506091848805640509568
0.0813683579183019090042 0.1050386773022161657209 0.1292099706267955672168 0.1196333707038915450394 0.07904859561461487216238
0.08497503761820908441127 0.1028741007448019245674 0.1558812738178456669402 0.1501436262490015161042 0.102545091997828519137
0.1237650802188249021807 0.1952927534619441074515 0.04614251117583713368564 0.1649062755610403996354 0.08296995330115433664453
0.01228956244102645013749 0.1065574142945834718033 0.1000113851416118693205 0.08934330060307012211229 0.1628379953404751334656
0.1067262070384492333996 0.1243582393858778389895 0.05886447642911338262728 0.1233181640160619374491 0.09234737927643769939134
0.1063638865355088503062 0.08936154616755301316466 0.07619304919174899048961 0.06782388334287735298656 0.07948093196641860258556
0.1164847000493255818609 0.07445051686440434801639 0.1023092604231917862601 0.1484913639463523449269 0.05776623553922274195704
0.0954588828714988124613 0.1121147355444832849347 0.1136944376137566936613 0.06940864058200986452807 0.1343741741870237149659
0.09217208809729819651846 0.08078651855595286868095 0.078062459701822919933 0.05039058643295276501695 0.04988676587693977731996
0.08212019171251173921267 0.1383954611261996592297 0.115624527306133775828 0.1326103889945255409621 0.1342876847863803957406
0.07496393988498066540682 0.1231363054765445969041 0.1234763127940299437535 0.1188346204091050156704 0.1441425862108298427966
0.1015993946294380112505 0.0832978906316179101843 0.1233048319906148160285 0.1303222372150082408737 0.1472302722347444969841
0.03435617982445086926457 0.064832523706190414714 0.1038043026751900022031 0.07333835693068192773669 0.1736384545663558209849
0.07000024633423079789551 0.1228362496933476655236 0.05401512747680051879096 0.1209981296343038276175 0.1454419484337772516813
0.01874512028499900409551 0.111916203481247533702 0.05032030906220063409817 0.1178584982505492401161 0.0190197280591594478083
0.1142556846941463616352 0.05671276766227437843293 0.1459684333494126462494 0.1132127052499335984059 0.08894339417082579302143
0.1530243720195480217061 0.07323707779588167765539 0.09928760434276084900773 0.1219716868793686848083 0.04648517511765213466868
0.1295933496026067111018 0.04661161518422097388425 0.08672684190117094238381 0.09625519663283980953405 0.1460787913838448304205
0.0133022786756603964009 0.09931406827658542657566 0.1159049101395882575005 0.1642519080476696757831 0.1195197444414968640514
0.08504174381537965565769 0.1404189154811023854119 0.1452955515816447829014 0.1321150457056424476487 0.1752328320040972275962
0.04955414765208459443313 0.1213667867761756696821 0.05791917800358488410684 0.07283106214799579813945 0.07152801520454013517458
0.0942409512949645700175 0.007585594121520965356364 0.1590837470606696613107 0.1491051529830487720751 0.06475051250823511683752
0.1290435483543890815561 0.1494372521411228005306 0.1292752859280136001896 0.1698443479211296791576 0.1240440302948559031515
0.06946949609839192518734 0.06542412247699687377622 0.06099234165870436041867 0.1390997322974336924961 0.1434815626270551092158
0.09048036819934063279547 0.126313343916949150092 0.1438858362989198225179 0.1707038968032331127667 0.1331039315267538991616
0.09861410513989017634362 0.1169351339273485557158 0.0829135550412433419698 0.1956529828771496892781 0.2083547068248922384814
0.02422757213980685636612 0.06073360757093365647208 0.1330245948959120350086 0.1069917782958944435512 0.06357110030409374168414
0.1583236846508928041821 0.1447490994045143308799 0.09772677356925350833361 0.04328002433396281600775 0.1294897851798406662738
0.1178656498086362580668 0.08552105449546625048907 0.06909396986267601903364 0.02949409959993377211562 0.1433575935078244267817
0.1007101772923301025164 0.1378018499945181940536 0.1114078901245596359137 0.1196882652905086885653 0.1069243841548834922373
0.1035865797199954085883 0.05239690626118856386917 0.01999897786023983187187 0.09138517522462370756831 0.03312048680519526916433
0.04695200832784523353736 0.05164114178587972392442 0.07064181456573817574629 0.138108207614399514096 0.1831543388001652949981
0.09976428241555616860392 0.03207832893445423244616 0.1027046152417497998366 0.1421967330735368906236 0.1360633205883147456294
0.1475486502537168564952 0.1581707508099031989079 0.07967621851657610831943 0.0911740930224830964379 0.07472689215962881326139
0.06741885364720712203734 0.1190282071766251004163 0.2083255988573461947588 0.1095614807164610321477 0.169166108504893913933
0.1208781402986479763806 0.02431298136035893453499 0.04508129361016131875228 0.1799375151258813532174 0.1159020584390609148739
0.06284868184722357253857 0.1066094164855238696221 0.1176345515828474685982 0.0972366413126693335256 0.1160494740793005102875
0.06685706440690895868695 0.1059575004843777701335 0.07620731800420701973486 0.08029853734400507758728 0.09829954473719583474267
0.08488342666469099462301 0.1022065693740368541587 0.0604701083621693100123 0.121826721918917746379 0.1220619923858706351583
0.1346862566644883296707 0.08379659369582954930866 0.106010290190399328325 0.0520266095850521539945 0.1372106191481795856024
0.1067877647551989800379 0.1728614833929941752011 0.1659223920795773465908 0.09156580537936047370362 0.1329029029365303427035
0.1188710872190898992784 0.06421134281522467013303 0.09762943656750559806579 0.1082667715656962514892 0.2082580925773982460925
0.05871724616803232488227 0.1032977532766264500141 0.1029355731768638732015 0.1294017117054386822872 0.09491719135104359494903
0.04525938488605495135797 0.1242177637898456421528 0.1223399074967055216723 0.09353377470469083354576 0.0792033703643592879029
0.1298027808826699713851 0.1339671177561428949687 0.1137068568346600583308 0.1186011566483122919857 0.173803331476718614379
0.08099166467763500854016 0.08944666556727745576616 0.1672455765899684698716 0.113690784000270328491 0.0955455818929406008877
0.08767105231576752255584 0.098002511893714186475 0.05307954015604120223681 0.1111546125549161961876 0.1081026856978482830751
0.1418815253015530131186 0.1201792574273203018098 0.07762881219370869334551 0.1057644771869543365295 0.1204486137610471657711
0.07208480035733240420814 0.1521518115844060770048 0.1136727141948275093819 0.1480237751093305687 0.119527246376678761286
0.09170282727955976487255 0.07396641868461348301445 0.1461835363965120759833 0.08117094097464980229084 0.05280278399893432311751
0.06882495514354337873275 0.1068450562711068668742 0.06965906715239597590816 0.2157674057643362008907 0.1007100561118408066363
0.1095617805931245608564 0.1061979467340111310536 0.07969713296194727569777 0.08976702317433654654266 0.1503563532191682372563
0.08244365324792789218034 0.1631224017360107803043 0.1212671711452205508541 0.05780858823556700443191 0.08990951130921435996424
0.1875534275576909437611 0.1084516112544942345597 0.1725417825669859073212 0.1485537310433408253463 0.08785324454983073350078
0.1492924852093505672102 0.08463974001749939579664 0.1178873465588083785383 0.1312293847517382594514 0.1116054052595972512218
0.1640141068918898326068 0.0873494813512028928093 0.1517447680919837837976 0.1607827164228702865323 0.1236514564294082796359
0.03972038804289367702749 0.1363915538036498120711 0.08204255316879219273041 0.0815533999133053744135 0.08868714211274884851033
0.1260583596735839195802 0.05665562842175524832511 0.08531509278809422391898 0.092181207271744822207 0.0001618863362680143032791
0.09622300174800110794671 0.1184403933262157954109 0.07435590218201036660783 0.1219337955768943493329 0.1180647191236990911634
0.1583877113476223896793 0.0535319540929465875756 0.1348756346931105354336 0.1069709797965402858777 0.1285929792682066474807
0.1051503717098469931068 0.1577485635820373433003 0.1242813461888619130935 0.06989530185825928998433 0.09070522692150662091848
0.1103700524857922637967 0.095993474484924651291 0.07514567232527229190264 0.09733840887621458826118 0.117336229484319612415
0.09099369087270035849624 0.116544781589226181806 0.06627804107795887134102 0.1064667335000859249572 0.1444436066735179657883
0.06205403763266553740507 0.1537845883921531431326 0.04816343968680721066011 0.1118128959884128748037 0.08422830842280909502406
0.1049766592207318910424 0.1133058409569575319953 0.1735219444022866874811 0.09910680080091180399471 0.1048283689856309985888
0.1367418617234955335871 0.1864623394369081810229 0.1442254394353433000209 0.1166626450546606325043 0.1632273689135821104212
0.08595541656887356607442 0.110050929484253823265 0.07433484881390628462583 0.1404747638371930396062 0.1466177448463846233473
0.1249738676793977903978 0.09807511742164083667905 0.06698714880155552664487 0.1368742452866804348854 0.08317689000241011709758
0.09950252513938073750666 0.2079057411467306326625 0.1333142008883733131697 0.07118628969583977450508 0.1078391124683185375854
0.1437558746490836536491 0.1337217495688514112828 0.09390135942685497172366 0.06859213435200328667918 0.04171113046987734440663
0.1209111650381682195876 0.06214920053324245186044 0.06176750727226378717694 0.1379790787178845068439 0.06819849620423039382455
0.09679467451450164683369 0.1391742330161027108026 0.08290629682620338780641 0.0915865756598256558485 0.1475481062350888494805
0.08331753161562227560921 0.08627270909537802789924 0.1278091581647181340653 0.1164860836038056346453 0.1666578831653161008042
0.1255495489934354835793 0.05868051676248653425461 0.06062456640856296596898 0.1005453797161598855636 0.126587591057801956973
0.1253079896209159938003 0.08186109003758465507694 0.1113571652179378701497 0.07834255159372854881994 0.07275678502326914098841
0.132131069389725908092 0.1595882390267958639285 0.1638579069295413304097 0.04286015912160153623622 0.1042268283145274809787
0.0986430034300661423563 0.08925371345157412372728 0.1620358837051568412502 0.1066475123364889615596 0.1251999144768251859272
0.06233795877975223387324 0.07205528135952682378118 0.1531204773816643716078 0.0798447790056002748571 0.1553270134811179370438
0.07213315183817219089502 0.1896597675790190618006 0.1323289075670692760411 0.1015256179120628404755 0.1184999068188960641423
0.04752772020666519436904 0.11849349300386542716 0.09958076321163479571741 0.1702236090066512330665 0.1266009401630406039363
0.07384825795402480408391 0.1224784817781446322194 0.120562403481758326218 0.09241951115313068454427 0.143571442436731366854
0.1212719642780723527942 0.112697793620248551405 0.1822041936908378179094 0.07497559170584722210151 0.1267699920147190295605
0.1405661712588043843475 0.11642979796650049229 0.1318788550150948035711 0.09162260929775832563049 0.1707185367969126232879
0.07522512316445935376397 0.1301644454128857986142 0.1072700121258817890224 0.08594594810807072715608 0.1302753647688825455742
0.1386787548514133716626 0.1381423239555810700274 0.1568538950590215308445 0.1221358395246434497272 0.1342481979195341013078
0.1391669695116095339937 0.1313338793416013172699 0.09403407851681844231706 0.1274962141630265055614 0.07670197656830994581423
0.09381863179265764740578 0.1826451999740740239631 0.1108722825777355702748 0.1255819820456490765181 0.1276299789440135390439
0.06416704917855614587197 0.1219823254074884760767 0.1047943022981093069701 0.09727930081402988427008 0.1296944063517637968364
0.1459429117870974235149 0.1341520072328298007758 0.09991659633476088209214 0.1085830216176449369847 0.1310851622694414464476
0.1364317654700678839053 0.1200445345777430838918 0.1499661712073671882006 0.1537637178760041800629 0.1822003417371356459586
0.1627906970128900066008 0.07821880707540657118315 0.09123412494420417295782 0.0775634408319702400858 0.08764821407215489523779
0.1595630542615374403148 0.07720725875818497396796 0.1390098777590730583231 0.1089326293632230102659 0.1010847448394401465466
0.1434419802162508750243 0.09623148357576757905285 0.1276486673446244335395 0.1151921604957153039139 0.1628447539277501077137
0.1320850036306294716937 0.1425147699155979164054 0.1213740718165938481388 0.09878402927107063358214 0.1324030664833278081449
0.09692278909728119229428 0.105154334141024818905 0.08364687821972691117445 0.09280181810078393100927 0.04220550418758237110062
0.1372964968832491028383 0.06655820196174903891073 0.0885758518455827259519 0.1113444863056821387826 0.161942636060951605792
0.08804251846640427647817 0.159352753357548421187 0.1033142551440006384755 0.13453105147839428124 0.1535288585963926755174
0.05422810137520015644208 0.1042832270516667325655 0.1679474803713864039523 0.1400401835274511785911 0.1832595501915211533284
0.1244417492415029746766 0.1348925749730004730598 0.08429767631309037501097 0.1434755744638364360899 0.09694365007729800753911
0.123451217440779914547 0.1471593939403798845245 0.0864449468023645584136 0.1885485988355924957816 0.1311803610565398514609
0.09243593292093453539504 0.05664300690049291903128 0.06654868574276635861953 0.1416548566984843771088 0.1022421675750355973822
0.1128838509507410214905 0.1440096125166595575351 0.09857604097328803716138 0.08649139681036756288623 0.09786134180402791815645
0.1086992673657501268236 0.1432657915423692918111 0.109751440422909379846 0.1165257862556471069038 0.1494913303797495707226
0.120252167565278844652 0.166919001642634845517 0.1426694870685769334084 0.1438139507609518530362 0.1729768005399309749315
0.1312219053225824882958 0.1008552292355541502022 0.100750771438666328339 0.1047307939977082241745 0.1689627973521801718171
0.1173429367959905461616 0.08726065708855433589175 0.1248486609561868937446 0.1285219042487179830214 0.1160240650358269759446
0.1327767680904111957663 0.05143279706963638231443 0.1524542651162359430117 0.1704040603121624308791 0.08398914474148083675331
0.1541208076371174406916 0.1455487041564860750675 0.1444608940413436848349 0.1192987911031663517125 0.1671736292872519902275
0.1598753243134334867115 0.136486955910782997714 0.1458203698775051848635 0.1890987247139498395043 0.15870014735967644115
0.09150659211153619465584 0.1355460013415828723904 0.1704473264415980737763 0.1881057890093122408892 0.1444055738640478148138
0.1119863995586885263567 0.1355155839213050550374 0.09307843072984971211081 0.1280178047725025469727 0.1629770939313368860457
0.08785988522350290930163 0.1343274149393301197808 0.06908209417785808603707 0.1517878212500495815895 0.1471269760737023424291
0.1051028703668406144578 0.1565987923248007840371 0.1097417078123144318358 0.1359372588015067551126 0.1160319814363090507037
0.1358194632606363194682 0.09910546239244166777382 0.1210335979029234093618 0.1113955819179184986156 0.1488703124637058561319
0.1623222883911000780088 0.1833735051902274648672 0.1381079326548262098395 0.1343295390841384717717 0.0983593147099584841353
0.1590988327911647126633 0.1616700259594149313713 0.1032072513134865560103 0.07485495415421966614034 0.1037843058952322705668
0.1655317755288006065229 0.1018482637452495509489 0.1240985173706602301413 0.1813893948712572701254 0.08988704451830208108642
0.0656687353673647139507 0.1109060763452037329246 0.1490778468691777713939 0.07056575517437034539281 0.1330205664520320851807
0.137610024409702436099 0.07242987335264101933507 0.07820858753120647766099 0.1605052849941793757793 0.06371275479478093195507
0.1279123628386111544142 0.1341354928034862170616 0.1515797311625577126204 0.1316084481261151628573 0.1124113010696374675979
0.1415812934836450653897 0.1425202233072321023055 0.1215030722569309801218 0.08828818580345262900799 0.1653809099499533863398
0.1728490188748293687748 0.1518810718011272264949 0.1500612584246960312662 0.0955993742178500027773 0.07529718515029804049021
0.1708455424045712267578 0.1060048192041074949232 0.05158703075862518944161 0.1620347662086960016659 0.1513729225136592471124
0.1053624108485092247811 0.1077382550583090986551 0.02001503900623525372682 0.1271738006885766436582 0.1121002607528227973388
0.1324573033114095077512 0.1029561056445330163855 0.1079256288984906386741 0.1391065363999983151011 0.1025883660188350032794
0.08086525385662123033281 0.149705991661820719818 0.1571549018612860004751 0.1330972702194661849706 0.163057956312152002587
0.1086161733677371565854 0.156777698280707949996 0.08784228879147525093085 0.1042835718068821360127 0.1645435896881828896632
-0.1783998516136451051306 -0.009497950825235903712929 0.2152550191526987066748 0.003418104096523232483112 0.1087300295224428309249
0.008488411331667789980204 0.1337326756837976804437 0.1031908808667000299053 -0.06509750954043955206707 0.1540836973078240357271
0.06041261740523534012892 -0.03972679347732431531792 -0.02138605629608187827517 0.1127642279514264739282 0.006591471506041361380634
0.08028145823431301342232 0.1708344350600668748452 0.1150479862205750214432 0.07716331364880375798254 0.09121596542237692117894
0.07355166995453556177953 -0.01482068659129897464366 0.0996314186998564221831 0.1195374050566041790322 0.07413079174074194144239
0.1262184498472545268744 0.07762683024919259100471 0.1270923886315005468806 0.06537931004964200876195 0.1183216835803998917553
0.138708498661066020885 0.1762601700229545487186 0.09660782894474556625752 0.07480994125891964052766 0.1432573596008517580191
0.09094099051349646689602 0.03764023982384042538163 0.1068112433284623685736 0.08772926640575096079999 0.1504924020550124363904
0.06272600070416355089176 0.04405946831220281662 0.1321721463415836406163 0.07771677037893096051668 0.08374738572021517279964
0.1006372598579068078362 0.1467165420781564866282 -0.00445961096156369946053 0.09617016695846269946912 0.04183338961761083607538
0.1041911742861337530908 0.1020468981171466921198 0.1027840384286987929219 0.1016395110868727191811 0.1121045271053078690171
0.1121677861114846047608 -0.07055735475424596003791 0.09488698543311076261109 0.1030273684668780026508 0.08668049377690655032946
0.05999736090299444268847 0.1571790186770162800478 0.1213551907437472182627 0.1483864929750859096291 0.0795273826838709257947
0.083872900029438493541 0.05363745385872441956421 0.07996980742406180342474 0.115689999998197845521 0.09142793894432539592021
0.1711267628558528763882 0.1204840769796765298505 0.1002202717802049974916 0.104853408639945258618 0.09470746880964872604913
0.08268784143212318249461 0.1009777504000200082368 0.1512335281598916614243 0.08150621767490107139054 0.03709834079203171153249
0.1030678628743154218173 0.1018017938845900832723 0.06919622910772413315605 0.02682752567610564506384 0.1347446034986323482041
0.1312073184679345416725 0.09790853618929447332864 0.1085430457655137681527 0.1754272124159868828652 0.1582175570757360372198
0.05561926393637731808051 0.1037361262126303973474 0.107856109691257598393 0.07119639086979742681471 0.02248819254374074746994
0.1111450405783379474789 0.1559592186266807456452 0.08367761013113719781309 0.04284243022642311021775 0.05591115663951366082651
0.1654068568530542571171 0.08746588069506426588173 0.1028695457827531190009 0.1099854195225260095059 0.1361925305303192390571
0.06643047751590322458348 0.1353523926332159399433 0.03205424652002398372419 0.1212249159565341183331 0.09979016947592378450338
0.0794445993626164415069 0.07717460984998109063682 0.1547812211732519649399 0.06629258228345528969339 0.09805909623907928251985
0.1036385914242961558962 0.09563792295788804687096 0.07349839048424704202045 0.1003342780013526114313 0.06938109145881950212686
0.07119347988941464311363 0.03903306925460502813108 0.04865674376132502615411 0.01940335743293140902122 0.1241390745162124636947
0.1754416829176824177416 0.0576064357861600789823 0.0761538638332093370531 0.05509647768099903281103 0.07801149541922437757879
0.09359469126545059969313 0.05299561917502697283577 0.09877003355792363104015 0.08828389644052590801149 0.0825498410632224538519
0.1279561819309072423501 0.01957095381832181166248 0.02888812956424952060885 0.08854738561283555242643 0.07567369756589720219964
0.06211328362123502005998 0.1298061401751582355502 0.07523436229003874209376 0.1104788192941984631412 0.108611048886124994528
0.1517443838207685469222 0.1329637165701534340378 0.1620293929896103879429 0.08407171797461635009974 0.1104749210791968055956
0.06715286386981779431782 0.07772658747307337190335 0.08228378368370162232459 0.1589816328913093435027 0.1353733429341184846262
0.1310716617505991721249 0.09078654209440363553885 0.1681304384369877724659 0.006228332297393622367376 0.09611925848870893351883
0.1066177049910166235724 0.1494363014987372673126 0.1105626056783006044837 0.1190574885478044714349 0.1283707405145743940533
0.09473004709951013402325 0.1290063555780174564536 0.01747328032983184314952 0.132706208158339111769 0.0758314784480744463746
0.08073066009570646628379 0.04413066800219565821717 0.01707214896332526210543 0.1135356680729736333912 0.182418999609430504405
0.1183089161628335106435 0.1053347791880181877344 0.04798509490795515447514 0.1182180593744964203218 0.06474053829833567585972
0.1272178860109914599885 0.06011399958819060168613 0.1220043065474391841274 0.06225368959027801490924 0.08923405484525583075683
0.1401739655037671783422 0.1046422288194236854819 0.1083654233587242193826 0.1327669625639302797282 0.1814473127905609217692
0.1024335491128332970012 0.1296675304701918052253 0.09046098167337178475034 0.09586262174007233183293 0.1657178641661677387376
0.1433778391344214531156 0.1801446159794931611842 -0.04442787286854983641593 0.08631397067859790384059 0.0462328846859570430361
0.09271233162642353309302 0.1569161085697012569806 0.1177645056002202816892 0.05992458400026661607951 0.0471063093370483881861
0.1183938495067417828732 0.03745932675107360720901 0.06383564989985777982096 0.05762097224443245985226 0.060372779507459659043
0.04983661289603231320244 0.06512150310853474788342 0.07487395886317095572426 0.1111230600228003961849 0.09881718749850690319825
0.04663874226291788577248 0.07136758872426163247127 0.1712086416342553651937 0.1294518492293801337212 0.06659867407622642454523
0.1790311036355973495215 0.0859969885418982171732 0.1576348284540381727847 0.09177061837312060210703 0.1215571846398147970447
0.1187426307151038945564 0.09039917669488517493193 0.1487704812591860437099 0.1444275839997032073736 0.09938749802085214413161
0.07555375456284189883416 0.1024857187863196378297 0.09718502055189048860484 0.1070639843277915725928 0.02964595315520462612269
0.03991534735124116495264 0.07266362439420812058266 0.1741228065559417559349 0.09995236120932010637219 0.04161361479599148816
0.103555299791265181808 0.08574730438024344425507 0.08414967505093302879704 0.1220383696988891347734 0.1467499086048814349592
0.05818236785829367097023 0.05650703422491677035966 0.07206169920749555535266 0.09658072610767057253334 0.1062398929583401180343
0.08984761716952678611836 0.09589434815661927735686 0.1769951795970120811408 0.1038431235441171496259 0.1337255395632385157612
0.104265388556324653524 0.1067298311500178148448 0.1181733852577125654104 0.1038033266486051570121 0.161052964563686895616
0.1163958394225160369873 0.06712311331833879790576 0.0943941557223725857817 0.1200011420959771341055 0.09850916739814623290794
0.108428373105467198978 0.03715569221742589384183 0.09644166429277109542362 0.1114726071880666330438 0.05357592381572853085236
0.1562125113952201604928 0.1504381239565718286766 0.08379232871031458418365 0.1020410868450338098823 0.1168178622733562488367
0.06602088095439027914946 0.08725277330943673192998 0.07344998779862027538101 0.01530448566513693819946 0.1415748181402435024179
0.1726008487204358510247 0.138185047045021325296 0.1118934316038257131831 0.1048089516386428027284 0.07090294453194108392768
0.06488185576954542954642 0.0852623230879746007993 0.08673892593044421617243 0.07320463428860524146558 0.1602152340617471748541
0.1588534286861059685592 0.1370503986010397634576 0.06479841739479808016 0.09971675844746172301392 0.1037018193447442615529
0.06983035143810581435453 0.06861598661832522816351 0.1235920361692774138707 0.2024350273036617797739 0.1584091543617948683043
0.1636379683929630735051 0.1175007817555257377817 0.07399310782726932489428 0.1150644103166475473721 0.0781218806989472241975
0.09822671716576869549442 0.05992925218407317566882 0.1235415841775035911132 0.1206374733551180827851 0.04234055850196199316526
0.08845400458691647649356 0.07343393641397996662867 0.1980593664110416041169 0.04939937029578490845783 0.1220281232020665462823
0.1200582996663839968621 0.09530624885810246027518 0.09674911432210037132151 0.1212162894273783042554 0.1067673345733331918828
0.07957117072437229488013 0.1609284684339059301461 0.008460272448537697886906 0.05711091563111865554436 0.1721682707013266477869
0.1385469291833362481814 0.1038160372293020078382 0.04304531638045319685837 0.1734091392008373921918 0.1070011344735591757305
0.09790281477858311931506 0.07613422591190943666817 0.1235138801415910370096 0.09589300672830528005086 0.05733508750740462511786
0.08754740769521919541152 0.1225806023618788986873 0.09430448766619216327545 0.1354865672728336745134 0.07773192112563021005656
0.03476036433538149533762 0.1364439823450919186953 0.1186331278684229079134 0.1506069591255094486382 0.1713425492553602436097
0.09325704203396743829924 0.1705842716414184279117 0.1043473503219714132451 0.1025428748794379590903 0.05537210813986406104936
0.1137966117877732552532 0.132600952645991476686 0.1388487143249622357555 0.1200421685352411199643 0.1273830110759935907438
0.1250827876551913742098 0.1395619287457280088827 0.1283957049027834584898 0.09537218305251586591975 0.09091758779586431304942
0.1681206809272566271574 0.150788142980246564484 0.13341239872331794869 0.1490658761753694550034 0.113848319488713239922
0.1309987985594833204139 0.06117569772660293864197 0.1364619771024209449184 0.08956012760676189399245 0.1028058745452657962716
0.133462382906257670534 0.08430484922724608420896 0.1647578832848709817771 0.1586433841324680904528 0.08868083056452021051275
0.09076154919524151432064 0.1389429352563525121855 0.1372558600963812158735 0.07763024111228936097184 0.1415877005246578834718
0.07535109552047584979828 0.1367584473853800663967 0.04880188645371301425779 0.07178839136305696644325 0.1053864694312463407
0.1874423048753351417339 0.1194109142396099082495 0.1296445306795599161642 0.1177045395769899388538 0.1579295580406187005096
0.1371069107512831453111 0.1220370431584995724039 0.1408458675605936682995 0.1237262750784608456023 0.1765291896291913131822
0.1022529224412837695057 0.06883151186150211764403 0.09531011383639138856427 0.08211389307441838147916 0.1387069106682366492755
0.1474019265305105685915 0.1059179143353060764676 0.1123955015759648956575 0.1218112651398513823775 0.1095120258045797073665
0.1052371166470066898846 0.09716748477348360890637 0.1422581281403426933796 0.07350038351660621860351 0.07297905402224350024376
0.09174447341633881758405 0.116957288944632836758 0.1121999249738943604804 0.1471128439143193911143 0.1409742776173011080676
0.09245118756068182452879 0.133757585935377565356 0.1532402203445483168665 0.1098788094607407450631 0.09346990507670423220521
0.1237730797754215406048 0.06298724781207992728937 0.1092405686889295346464 0.1702462819280132766409 0.1229535312849021344572
0.1297672829440142949764 0.1116541790511714205003 0.1471214896283640216623 0.1006578535606204027886 0.07460159348837316906078
0.1743039299272551301279 0.05663784769786200240516 0.1656020759827978861001 0.1152725692648132599372 0.07619252237178848752297
0.1175535386324109560219 0.09268296074255874539283 0.1723392554329285231152 0.136966486123135888775 0.09544815892819008551484
0.1283564858228135041607 0.08866078379668811126901 0.0672120414326576182118 0.1306853148421663890488 0.1531972532414648258126
0.1598454552755900759387 0.1290771497535808942647 0.1464052030322650355121 0.1559588473628650551195 0.1091546729700791085182
0.1432978418465842840313 0.1315799415034171471195 0.1626327815296496892561 0.1004217629917241727533 0.1488770224856298118876
0.1569560109151566518193 0.127704542095086720499 0.06502837306708009190714 0.1084083656437217768609 0.1195960277102891544665
0.1685755343501851022392 0.07346125720594247343609 0.1070188336890485480968 0.106476188348830491659 0.0934533474052433310586
0.08934580150287250999153 0.1262375616068500128186 0.1385015049061387726326 0.125817199839067278555 0.1389093594834671097082
0.07704423413609934323532 0.1470146513354889383773 0.1358028079040019542312 0.1206866689675887699407 0.09684081608061516355246
0.09632483862885833636458 0.1197612198402274452658 0.08776166459615308834685 0.1670663097235760008452 0.1138372166917580030621
0.164457101229112362395 0.1347415858017771139732 0.1068940540807504085974 0.1323086269384670388138 0.1129352962083041977959
0.1506185990135488483865 0.1039359214612455978299 0.1352451287652472744494 0.08890559751257781639922 0.1001224220357367772349
0.06889174311995996391467 0.05576233540956182510584 0.1458636152372614069872 0.1136152615858358472245 0.1316136353492375343777
0.1308921249316939150464 0.1426600371936074251877 0.1250429994894500240754 0.1180127815380608152784 0.1471904882430187799791
0.1210622576810930495217 0.134008508499714490414 0.1834886404867435150123 0.1132407879415317647487 0.1290999286683948976684
0.08030838042731544557107 0.1189919631170964775535 0.06397304904961478855263 0.09208584906363759259307 0.08196697218363273307329
0.167645153470879604285 0.1275003785129586175717 0.1331114958204414888687 0.1561407014307758522875 0.04627226890471284465045
0.09425706529797571453511 0.1591570906972356869158 0.14228528514302582475 0.07994156786336087394673 0.100368572007442966032
0.1502081111089737797126 0.09689199275583734727313 0.1031108654569600074913 0.1567382833675649289606 0.1478218017733080036358
0.132669385629595959486 0.08282137385291245268437 0.1388935108822745845281 0.08473439248054233374763 0.1400259887114605750202
0.1088366841691276731829 0.1405243523464464738826 0.09951423926166295952367 0.1514724191266860475746 0.1079124173804430625312
0.1008164376962343844468 0.07977275366543473689163 0.06207068866119815758742 0.1236476492572433083517 0.09045398483187284954798
0.09537699478942569808471 0.1513103332792040123245 0.1491233041683550919476 0.1562795782130738941884 0.04625963589126740743707
0.1113416663324943434166 0.09858827188080607206722 0.1260479785300065991294 0.1359242578582455784897 0.1270414405929650991656
0.1243757657123612248018 0.1635720423669106970976 0.0953891626454756863529 0.1550812971648933280555 0.1223736734793439279168
0.1268906122776546352426 0.1713824256347082075624 0.09796226163485208249249 0.09448623313027226799932 0.08874155479655594647159
0.1597011069008937300673 0.1335279990534778693512 0.09123097046765887840891 0.1024555879139388142596 0.1221815997967873185237
0.1021740041358196321442 0.07459521145052824819821 0.1266823072727578103347 0.1306101914584655576679 0.1433426246798166214802
0.1263460532759533294644 0.09291953090830651351695 0.1209863588629121466944 0.1391151816112204953058 0.1114137164212859465451
0.1194657466280319574325 0.1012941550314681721234 0.08843374036708635810289 0.1052488387572632216882 0.111711109991925100493
0.08780369898288495345007 0.1155454523398646848875 0.1255954311330137740388 0.05994947982088316695837 0.1787085950069091933035
0.130311847191215107733 0.1001463854748973481001 0.1441859324449023538328 0.1054508821246583211151 0.09462843556958366875165
0.1051777184924738706151 0.1218931727695603400852 0.05719756386679026444186 0.182244004534487163971 0.1320695754940583721559
0.1187317231799069894294 0.1323819587062192992821 0.1897060680741337879152 0.03444193559994025016779 0.1295343635883933475217
0.07831517084443291587537 0.1456438185026800169464 0.1179798267270888295633 0.1137487156769665247458 0.1059441991523685788756
0.06118829352345653282974 0.104757965492905683047 0.09814148009120346460854 0.1493839701686366649991 0.1440250976148137185273
0.05836240727118977011934 0.1440623601979393320072 0.08120277274455547922294 0.08441798032130794215977 0.1654058078895563888011
0.04064649254487891216758 0.08633306606353043088919 0.08896819073837750058154 0.1059147046865721725206 0.1314596627014799623545
0.095026267966152086486 0.1532082304110338466518 0.09637816136534332889241 0.09161599025162052434279 0.1354831024460423916089
0.1492324399535063794708 0.09574799716255838477608 0.122235325387838128508 0.04626112184777412400516 0.1265538647607090672054
0.1122457586714269428541 0.1703301362657747841656 0.06560602394755181421271 0.131393665119145269804 0.133106072490131704944
0.05610831016968860496252 0.1688036764331138639417 0.1040859626080636868295 0.1476779019896541089718 0.1099053474466130803089
0.09382432597678287689025 0.03348563631795114375889 0.1053977911411795170826 0.1615300867778669546837 0.07020008195349242141603
0.1551326190393779447252 0.09885616364887842011377 0.1556196593617973078505 0.1323967605655131662967 0.08007447184531547856867
0.1917934648977469291875 0.08207235354345623901118 0.1423128169405898091338 0.1213531563123822348826 0.09612741127033186394613
0.1674811982175746782886 0.1289887183388108704563 0.1182312416246410341492 0.0882287731640604699912 0.1591548281682785004332
0.1443278735573735038766 0.159061820535788239761 0.1315833980519224288841 0.1241235138155297040852 0.1355776991986807900048
0.07515896275836962681094 0.1285903170108897708435 0.1050385869968783608686 0.1465794840024553236102 0.1034292399537850709601
0.07534778495063255976394 0.1013148920050880585908 0.1669797397776390246449 0.1328963722615739695421 0.1419619514631554613171
0.07846677019162356936377 0.161208798199824171471 0.1261055173932828232797 0.1193129897903062869302 0.08918706927056227473649
0.156506314847565858317 0.1263503893419159473943 0.07241317778161403262427 0.07274282310181273691896 0.1099498739707999439563
0.150513807960532736141 0.08195162495060298590843 0.09009229318708614209221 0.1212760032722989961274 0.1395673783893689734459
0.1329388234361671417005 0.07386850923168630789206 0.1758677409916727385486 0.09414769061941689887174 0.08697501881115723976201
0.1137834276626220608719 0.1211556031247581627364 0.103612212364806416387 0.1558048329881848437228 0.1372703416844660295748
0.144384972500478991897 0.1538361305943111156935 0.02272853421829865508408 0.1614380060721408161051 0.1017366708558740118207
0.1502497327199473209358 0.2018432005151157837552 0.1689084144011450405731 0.1379727381078045822527 0.1558536432117043624146
0.1578585600963393342777 0.1812139037131354213361 0.05178088604381224369089 -0.0311074479483172197658 0.160231809415946835351
-0.1076759026653192063971 0.06724445144905831506232 0.1214859071003626528329 0.1107098084073674659766 0.04524870824966913118725
-0.1819887197837351533458 0.1276360384728683905475 0.1543182142711397308865 -0.138501065220648866827 0.1466010980071035252337
0.1374936077136733048043 -0.09324825840238129548432 -0.01855107579385213353862 0.1622531580551695440384 0.1628455002911887716799
0.01645022326970449477734 0.1578328910700703968661 0.09207064915610164990145 0.1057351973381668724938 0.2043620221977173190275
0.05387942372555180881033 0.1805480931602505001443 -0.02793010844101577461185 0.07375929428666802567527 0.02691373622320113873085
0.1033399109738904475542 0.1112987884619466849578 0.05385215268307595726238 0.1489178472492146965145 0.1137882287174939027752
0.1034156383932768319411 0.1278997744897789889951 0.1151226984974809686157 0.101684581093461789969 0.07147628026237642928642
0.1557838389745600515823 0.1010048217268545017733 0.1134814358825396024555 0.108916939868769047095 0.09341671773496527941827
0.05541972255257983370758 0.1010307636009496884411 0.06717356981989595909877 0.02514513911277932792232 0.1206818642884715658825
0.1333139190499506021581 0.07087720646983222683168 0.007504280510265105667844 0.06802220063895038359991 0.1358438270936429548286
0.1451811506367760018499 0.01967364610796361670819 0.1194649770757637285978 0.1123694882063315525489 0.129910651840058122275
0.1419829698969260201036 0.06834683892055803955401 0.02765632110993202982807 0.0805664517714443223495 0.05928344290648910469566
0.07318955293117741789377 0.1568171246122824769031 0.0491518260469218787323 0.1352582558827121195222 0.097125173325449620787
0.1955207991203731787699 0.103503167163139037088 0.09059885049136737200648 0.1434486432905563713103 0.09715303915158071679237
0.1095338705942842105756 0.1417140386637581461748 0.1189489889089597324245 0.0689661383629088103886 0.1238490636379179360427
0.1498068364736176161234 0.06750602533695393425717 0.1098473120900903682307 0.08156162462451600758673 0.127749021998133260869
0.12241333536688221717 0.06426577221022150565588 0.1189802104611491218034 0.1375046581409540003005 0.06210972509033908101062
0.03395564692621974578479 0.08326453913094719605503 0.06425252038111213537253 0.07502310848075308125082 0.09727265544397266372467
0.06535424186352491171537 0.03122560249311820412821 0.11969993517993518517 0.103748153569684614661 0.08279981082882119369781
0.05531034531318393399069 0.08589751635776844695958 0.08821820881640805855906 0.1684159289441733153847 0.07012189218936996926157
0.1209304917058272588193 0.1627558079754431175079 0.09530633943817315434366 0.08244723016972201057317 0.1010442088423296053135
0.07868434978319570338723 0.0884470328529371185855 0.03468634717176424103746 0.1179890028880467983674 0.1676349919377596864312
0.05252162753450417137513 0.1257485387580918601014 0.09887872223439601870876 0.06594450668902891721235 0.1010701930932740300051
0.1481334907213643081736 0.0532503213000032962765 0.08198674858056920200511 0.1069010021936350612881 0.05533569115385689185516
0.09822134990610008331569 0.1495604568415030144468 0.1847569039134127899526 0.1857489196304389633685 0.02096004909904657445563
0.1395887619042907867861 0.1716406312170527803662 0.067262178419523407924 0.06276689289860572229518 0.09343881967990817771774
0.08773986851447498902523 0.1163941787597692623102 0.09686884958970924663912 0.04128665523913018636781 0.1212953906710447643524
0.05499236192938698752908 0.09252848760460269383898 0.107810680065430847252 -0.009412799738853944511718 0.02618741756891986016687
0.0757394125836727410972 0.07866985561499706403055 0.1257536567436889352045 0.1355650510264113095538 0.1881547198435175038966
0.08368032981417755644671 0.1074677162180094902588 0.09453001419801899951612 0.08923535370296109547894 0.03442527601920736951557
0.1505571726545934241326 0.1497840015819252856843 0.07030841112622375488339 0.1389697406661184464483 0.08581193448106598509195
0.07777793968818828840295 0.05557680681924009186146 0.1661463138006066819763 0.06408056247938503924289 0.09843344321919532402543
0.08127655070724534858151 0.08726559302542449825246 0.122691462065064912923 0.09296135935896743252016 0.07565901887768371192333
0.1490405523595679793125 0.02415851492182625320781 0.08146819855812370558823 0.01139224228346322718985 0.04367657174887699250698
0.1741396545470311474357 0.1219513369828485599422 0.1277020822836978097836 0.02054059120010066213924 0.088768655548818020673
0.08932520495669980797881 0.1024346920065977439851 0.1077672067822241092072 0.1032195199131877849652 0.0956991003361418873796
0.04585348835538784195709 0.1113348197075560014335 0.1190742012611005068434 0.1629446805835651490568 0.1324812443653051730053
0.07728354615938032301514 0.06600398541149342379608 0.169394880817253012939 0.09298527298493690362857 0.02593854284308247035162
0.1149530212874371182252 0.1022713620837308046152 0.108276567480272672972 0.1180854033643423117717 0.1165788967999534103681
0.07523204103422957700342 0.1242036714298589555883 0.08559616900612507239821 0.123915728656404558472 0.08616303470412092768704
0.08650296891788984698923 0.006848997268188051525117 0.08352034505388816754134 0.0725642905518789765873 0.1164023545012385224551
0.1338336861577847369809 0.09576039964966094608645 0.08670396747183109487089 0.06423451390381744452451 0.08741753692136096376419
0.09851644874548649843948 0.1300610336898071761613 0.1288076539212229532083 0.04647489310888248265075 0.07900459732768742859843
0.09123894570235528689306 0.09724342243289998966027 0.1278957556671130868509 0.1068242891799706245637 0.153943296333280216226
0.08324512326038625842362 0.04467015562425764862997 0.08569047635156441800053 0.05024390266070326988013 0.1483522376767126005337
0.1003079135621693790403 0.07804061110386553701268 0.08919742134378343123569 0.05310000788931645843149 0.2101712112936731380319
0.1361421244349733661316 0.1318558245030116704566 0.03922855292286907269439 0.06907941680133886097614 0.1031525129736444029716
0.1702397412544199573059 0.1333579969989579505629 0.1100432494441374309257 0.1178160883587184293297 0.166148397506466011242
0.08568565784397665086036 0.1182382107757047190466 0.06085032183475721362376 0.04219401881071067894613 0.04908783668531296190407
0.07817684986669479196841 0.1488245372569962088338 0.1377025509003899916838 0.02490748855499694269788 0.09610025160645613295785
0.1195312298836965353432 0.1102338336534470913941 0.1185045801186535158189 0.08978331744160480965 0.1225637227239371185306
0.05440717704711212771018 0.07295277211464407107755 0.02950857723271214927419 0.03869588255072611143737 0.08984147007436979470718
0.08587196583843909047928 0.1511030588631151472256 0.09914406615428719704575 0.09156063449761996098086 0.1324883359158861573235
0.04727770904650766686794 0.1510893504756221361607 0.1255930814142794949007 0.07844030935611516486272 0.08167170366999869368652
0.1135511592571128575146 0.07335192907717669186241 0.1474455710141992503814 0.08067268164758924220425 0.0956312947496457260721
0.08674327224643083034117 0.1179196043044369729413 0.1178025147906504449535 0.1079084952990874979317 0.1363991933033153469701
0.1262904596894702802246 0.1057036235344720326301 0.06360636020705949522647 0.09982959405103525307723 0.1004732489025675218342
0.1667406816724295304244 0.1198583999186874915477 0.06927126443946118872219 0.1122124243104719309994 0.1260562567584152249278
0.07005380785565157308881 0.1100383913605273711322 0.1261837053194952429358 0.09201442793114003593224 0.1147930526818005669831
0.1279713968668559909148 0.1311200183490356663274 0.1186345656649797769555 0.1057781323436964709961 0.08795773355132907589393
0.1211503131782328407384 0.1375615061578656095342 0.04617979799973672555558 0.1366343478840037761746 0.1154812250611960550151
0.075422495063383096503 0.07327047402325860547823 0.0927431600101576297801 0.2123343841858858771499 0.1101807558356236588226
0.1139563614930155927008 0.09198053472895788285069 0.08264236949746672777906 0.0862257861194410113459 0.1143152571815957141421
0.1253223491997083605121 0.1385414643706293358338 0.09147703186692973664762 0.1246756449561346874466 0.03889132743837289685196
0.09224369507660205858013 0.08997810567396387348982 0.1176000744633568795283 0.08828877652232230976992 0.09361275314763188581946
0.1010274269715900619104 0.1806720497807530467771 0.1069872768485626013391 0.1260432315739336561755 0.09737950966661897134191
0.1224035070032661876027 0.126787861274365587505 0.1729842190059438788996 0.1136402461509147532315 0.08969569915286589034675
0.1823350891991694922023 0.1063556146751354625213 0.1231298504013000477686 0.09408537878788425512511 0.0940766756525994868321
0.1207285752556076785513 0.1523367398097834057857 0.06852236424795234148721 0.08506856759229139419709 0.09419300107775344099714
0.1423910162360194631148 0.0563868171806436446758 0.08456818091626616684664 0.1032231242069667209726 0.1055959056619257402376
0.06027775216174666855773 0.09878753746608591457257 0.1375155695226936425346 0.1036852515168979055327 0.1361260834907914440972
0.09539234187702128053843 0.01340692876621538479065 0.09641451961756952737659 0.09311886821748364961859 0.06249557085493416541677
0.08986693345291663082008 0.1658644276733260425338 0.1154698974633921876309 0.04928535645966053424516 0.1358362428163657209534
0.06216112945598184502671 0.08444962977928530123428 0.02500805343845835873595 0.137736034141967972344 0.1002462027174303577093
0.09737233802411547622935 0.1048920901999680216354 0.0909237459149666998881 0.08156185785133028554039 0.1398460879876911033826
0.1214488156398812052084 0.122156422000892286861 0.09394727232981481268581 0.1625281658177594179548 0.1205405499631526378135
0.1024144015041344724093 0.1396547430110363363642 0.1460419844893763863247 0.1557638512873654734747 0.1707021178529787297506
0.1707808017729907645865 0.08129420831623852816694 0.09198061347107330809614 0.08375022706616638834554 0.1027786397454243105809
0.0790562877586126477869 0.1084935728876221666672 0.1075922631409082230736 0.09336840166142626462609 0.1310162296138068227513
0.1200702281021689687979 0.1129756797957551933687 0.197855305697230754447 0.03968336296649077610255 0.128916824209187180772
0.1004772513833257219229 0.1563493590646511943731 0.1232822178151650321931 0.1320506293289787358436 0.1787785038049615471412
0.09937097055241644882884 0.09410555578552409761173 0.1438071591918206604266 0.09471217244471923091265 0.06344829838927283638395
0.1829451059599546125511 0.07386359704334105602541 0.1222916419563063183951 0.06214574568951407307349 0.1453259012576339770373
0.1069038786317168948647 0.1474517740834394019522 0.08390098834909311131813 0.06783040872692769340802 0.1332566063663680744344
0.1576323711492978729698 0.0786444032691837879856 0.1192900383159441191072 0.1119861286868297362007 0.120698989374371942751
0.129436451976114724749 0.1126632735988785244396 0.1103210521207411004552 0.103911402620438270139 0.1594328397854891388175
0.09011785034328316512653 0.1566868787784727046208 0.08973900456252979773719 0.1441908481985104129031 0.06033425030441385422675
0.1553573071453859810731 0.1439049717893157998017 0.1739036078386434758247 0.10658895874350945987 0.09686372858417183207003
0.09870101666824881991857 0.0740955979825096283653 0.1853072593606649998144 0.1452020490440715516645 0.08183634423954504188981
0.1441054046627748552734 0.1228634303998757532073 0.1176328403335413219644 0.1319920973473941716581 0.1093283967231537950893
0.1315239651161001499524 0.09458344400727226874981 0.05300185926909373179683 0.1184780089554598597745 0.1149598787051450826668
0.1498759544073152427668 0.1018158292835972394963 0.1314713520290821391345 0.1294557265724363137593 0.1134758579798485766954
0.1404149885994850355253 0.1597987573511986947317 0.0984970454799166394988 0.1179160184402118644043 0.1105233046996464962852
0.09677907362330473439727 0.1044885963191912181536 0.09909757230468836664006 0.08676503173008003055866 0.0932949021067956130171
0.1179029196155689934722 0.120604312863260759725 0.09291003489498035616823 0.1411674266828651103101 0.0639583583372467789907
0.1269481135475677424651 0.1253154992995227923203 0.1263830791827954269646 0.065985812344824035236 0.104334044937173908707
0.1444086273862639213661 0.133749407372185269427 0.1000936385786661553254 0.1641624913510024152963 0.1079730497267600702882
0.1273275774934653492565 0.1315409932108463075817 0.138755636497188472589 0.1517396481171744415661 0.0774812356374160876582
0.04752382193060290804798 0.1029080979357804431773 0.08282884026545085653925 0.1522443750941419593481 0.1290056410583364787659
0.1475106083439512716371 0.07019758710555143443877 0.07125821168308606179398 0.1231008332845192204674 0.09490841484027069674401
0.1224318140263207649321 0.07762443277603145452836 0.1022647103123433542926 0.1251076958010957085321 0.09729778924783309690394
0.1291699625144526741849 0.1558899046876192628908 0.158474202016181314745 0.1431761371529458592988 0.1430294962856462903655
0.08959000780460417423523 0.1218193147627340405803 0.09571909457401227283579 0.1357358712440899783935 0.04607069698008445235438
0.0501391488401677493103 0.1579452675513410009334 0.1042203763573268798792 0.07662396863126336166161 0.1305609904650462393949
0.07776045991454960670808 0.141774750024503487511 0.09830238951583682160962 0.09616104094011025671396 0.1053291422282286032841
0.08903377170384524363911 0.1149056122687799330606 0.1839980481074675044972 0.1624065130617613761377 0.132550916276642394287
0.1388955589518495459256 0.1018790513247581630552 0.04538506541367701152545 0.1353413920979644191611 0.1774755289631419763463
0.1249091199223429510257 0.09001283257958228589679 0.1196749670743196963807 0.1338639882363403810217 0.1023301413017502631275
0.1794852436370982240454 0.07498093064732032353437 0.1512462747675149543625 0.131959585469201362562 0.2036160577729341225606
0.07820360199474588047686 0.05063573348584329142374 0.1332201285192786410772 0.1288609437558047854377 0.03156981093238783037114
0.1137957327570245369408 0.1267413822256574229552 0.1323614897376280408192 0.1158224291323881605109 0.0519305014558345892639
0.06316866708810255082174 0.1042324126851272986238 0.1807251356353249405196 0.07436014679623796641561 0.1369462514825368071314
0.1094189492653167561365 0.1158221584695321576541 0.146450267510875337118 0.2002778873482368715564 0.1222275959310911014333
0.1406794395151597376614 0.1102325611964123791564 0.1196697074053529874504 0.1423923210473821698852 0.06019579523076087901323
0.1072092767410433716835 0.09191061329593652740044 0.09015165385671017328484 0.1932199125494061531239 0.1840230588906993924869
0.1697121893769197586987 0.128783611049798685233 0.1675790666719844390631 0.09848348950978468019368 0.1456356499126884307405
0.05507781369343978800091 0.123549635330492180163 0.1292256398240867742988 0.09324949795747261571677 0.06083627782004586564968
0.07171780996297261179251 0.08169742661349609080812 0.1274138389833009143981 0.09602425022115979036386 0.1375291770536140878445
0.1500925116789419699881 0.1481152120492149060205 0.0670950278849434395001 0.1733962132233221875577 0.08364666799459975765618
0.1292513310103458323841 0.1844239914390313761494 0.07605586537617715914283 0.1329733589316064723551 0.1697002123444979193589
0.1394314734231642260998 0.11084777528308782657 0.1988616629036871474856 0.1135823352519323148346 0.1415540206251379717894
0.1176728397485587579441 0.1373287042888535758323 0.08359394566315529739864 0.1198923584550911081159 0.1340866812363543381093
0.08015729158094934969636 0.1702088217106446921267 0.1111542467597544103786 0.08072961548064998271723 0.1533579802309318063092
0.05513931432848519914591 0.10386219597763542144 0.1423287183242049613874 0.09086818526044233845784 0.1204081252061898754668
0.130801799926179435074 0.1301084617612188187863 0.09418964994653704347893 0.09402035341254713629588 0.1079927721245162869357
0.128919412229706736861 0.1536936037273316235652 0.1619213564318676135123 0.1140581449885208625838 0.08863132539056241265829
0.1534919172760461913985 0.1823716512797726729822 0.1481674614748632046179 0.08234765523981174561996 0.129806089637955535121
0.1568607747206326175071 0.1312217396190242246767 0.1242098033676882068432 0.1624208128921991178828 0.09202238522486831662217
0.1494992941337320024875 0.1379998471796291814595 0.1258709070991864686917 0.08436916380666394099652 0.09794716344826435994175
0.1175243498719014539899 0.123342185381614691253 0.1117853938802561425403 0.1329343841626747513285 0.1115760044562616598585
0.05809731932584719094059 0.1077113591641202100524 0.05886573887712771152581 0.1472936982222189661318 0.1391971135372522261342
0.1351908183509253347232 0.1366287559952705232824 0.1332228360700362657099 0.1133139692781707646985 0.03565458921393306612746
0.1574276952181640210071 0.1331559701299032949517 0.1338849244451727205085 0.1210996387575203059317 0.09020163822290670763149
0.15848516441549986844 0.1082285820444605084489 0.07848608131401893506229 0.1234502174304863697518 0.08983262087646748383918
0.1020714413649562030129 0.06778678985876093743279 0.1460877227503023512156 0.1425028573788321706317 0.1471823116634054517959
0.08675275973679491547941 0.06755607971780649978477 0.111761528947739052775 0.09457996787087274981332 0.1177491263372807267507
0.131811542380888047088 0.06908904713680620590655 0.09914063994084863773448 0.142992370477600660994 0.1301351718579601413062
0.09321998363412674348805 0.1448279478215089566273 0.1226583396780954737793 0.08755308071236786449099 0.1367879940365104851629
0.1127815727280592622561 0.1624682745599481392684 0.1560976092574068996299 0.1464109804646962498254 0.1357105674845867915312
0.1479744137577392593119 0.1030269923430654072094 0.1202600828986922359976 0.1604412266103213136059 0.108252935658488771975
0.1452842089080969290027 0.09047565237866432574787 0.1154937830521736569223 0.1108773689092722031235 0.125196198617153392485
0.1541364817229342321081 0.1849466280235485537986 0.1007921171688890837892 0.1720327533345184511937 0.08436785722007163201841
0.1019841201516974577013 0.1097280045517975144431 0.1321925642228835851011 0.09598549514628668122285 0.1970703135469092925902
0.1083177273475047358575 -0.03474731856255156015045 0.0597581077649051092826 -0.05273380307718494169889 0.1829304863725872420943
0.1267049842589502151036 0.09774299114913595487586 0.07054157753248310736005 0.1505911324804216633311 0.1442093619893232703255
0.1637772578800362477391 0.1953212335163596602428 0.0273480090656622910894 0.0006106192997301232786023 -0.002335034570777184351892
0.08087825074278859327492 0.04289474782816624781612 0.1055413842714383598764 0.08575554222913750468393 0.1815289974314386600707
-0.02139353390695105175401 0.206446528789406003046 0.1067057365495515525167 0.1744349729092024015031 0.064448357291245719769
0.1307968923382065995487 0.04993017899851082824769 0.08338869361713836803052 0.08168408765674749216767 0.1555780643520079664643
0.1212093903510283315894 0.1602136574057687889994 0.09023410165698748930385 0.1107178974732812432036 0.07547089310921731297732
0.1037339627273123621176 0.05645607383217697561317 0.09977618398337102789686 0.104138814837083731879 0.05751226018539632584003
0.0984579017801693739953 0.1159127926891271032073 0.120767226722058640398 0.1241995876846731378107 0.06684128914378001384833
0.1391151296833022521504 0.04314765315700733877557 0.1174987831778628033508 0.08331582621780118935728 0.0573341902730939087518
0.18101679620923247227 0.1611955250867804778636 0.1037067811810646750237 0.1682237112326457617595 0.1437263274214493902203
0.102996015312292063526 0.2030609054765281362709 0.03163367477129455651585 0.1028970688586332421499 0.08858367023723347222219
0.1231124671886746763105 0.07186880468155244783279 0.1377005323777371337268 0.09340499833869857215785 0.1573963542467630705168
0.09774540405798018416483 0.09563324986182869524853 0.1424750095219326495588 0.1146554391931541433403 0.1428150434472576224554
0.063355077609299967345 0.04359369907794206910889 0.0480891594181866791069 0.1146560562740795569114 0.1096803471456581080545
0.1171798759388835847739 0.06233572744762157918919 0.1123779034795281128734 0.01507808513727224887513 0.01092872942834615355989
0.1038945442219151860108 0.1458893110605015419612 0.03578942701205375942486 0.08665741995237014050346 0.1341303751918425934964
0.1081040764976101686834 0.1279594589951928707006 0.06437079701741747761456 0.09927669782595387182322 0.07145909863097202330273
0.1069349681089203779605 -0.01134273909963999342476 0.05052631108924200004084 0.1375500639534870395142 0.09635354187791754509984
0.1279341702034512973096 0.04189510654938363026778 0.08789159137633124896372 0.1142571855923488477469 0.05667951297912188907135
0.09642359138268440099662 0.09357866282986063155569 0.1280793133278868844993 0.1226030485096559763392 0.0837345679635790873796
0.08987618719233865516305 0.138998639430106984971 0.05263779914885954869241 0.09562568920611537459653 0.1309141397352165669954
0.164596931930593687321 0.1173138836149336533543 0.09957469079142007573058 0.1024508772616523483157 0.1375179106463083056333
0.1504975394801967847336 0.04465416823946840446657 0.164418306146733167461 0.1370897174514271732448 0.1664876397803913554707
0.0701508808441605735684 0.1308959852451088423653 0.1463311325335460710839 0.04618975127185795392926 0.1296869355085522312887
0.06956971925132436618266 0.002769281299337837676244 0.0456906428369318745597 0.100645362315639391726 0.1043650210601214933792
0.06836303680862869380785 0.08005927018697191199781 0.09946811588749644716945 0.05590694168480041248426 0.04576458788987178977203
0.09790786421815747542219 0.1861804588787204506328 0.109356558227657399418 0.1844261071309953314845 0.08652851393757357567615
0.09063431353785009192414 0.116316859483830567501 0.09882894727003536938792 0.02574752936832028216152 0.1465590668661876372347
0.1654418157149802615091 0.0960927112046646852983 0.1370101026651728282069 0.1321815017505078848625 0.09234508639470266622151
0.1517121335924934977246 0.001540059076910205724045 0.08178517186857338361339 0.03007039768271235757879 0.02668101040786099997781
0.04660482117451746758574 0.0711966270126578454347 0.09183104164176493500182 0.05652085013014179759594 0.1197534859340116664139
0.05472093502643236156979 0.06927699939947266905005 0.1170308172554806042109 0.1057337876112391245043 0.09187723646277298761298
0.07124311249428012804419 0.144454215987781298125 0.05002071029899716331224 0.0994434521552997330307 0.03757656086318580251904
0.1286319692417457472011 0.03649577184748740987796 0.1517120225983783210477 0.1056806724837643790549 0.05533765840605244651362
0.1005211972884435672748 0.08942134732138742880814 0.06657867132476780192007 0.1406317785955120691632 0.1176489285591940520126
0.1346870441018644393161 0.1014387156496753678026 0.05520693315714151477858 0.1099736886696065368829 -0.008704414125745353961183
0.1063499492992830280924 0.0629218539923618730425 0.05371142588739845347146 0.09171762028592576887487 0.1239500748653327155679
0.162960374238720867579 0.1064092841069373546192 0.05316284670220060987189 0.1256323344329275948361 0.05818397546417414245568
0.1077968613547487103377 0.08811519620048736955997 0.008533513230508334157509 0.1227400046846302827941 0.1654666432676568377236
0.04490826122677244597314 0.01122731203994773406529 0.1126223610103887912137 0.02296151789523237507495 0.1526762265126677398097
0.05253070853075566398749 0.0895922627003696570025 0.1237075292565515682863 0.06281079553917756630455 0.1102340632705084422227
0.08494294387977337212892 0.0886483774208650793236 0.1515556869717339660841 0.1343102120203235050333 0.1203702714655498773322
0.09781855504064269901665 0.1037838582072284770996 0.09146140643334806086262 0.09011948504164599138555 0.09138120153327174144398
0.1370393628308673450444 0.1078961980734731707088 0.1533916493117319368444 0.06959422080747468264406 0.08223631658979453640246
0.1119366654032828006793 0.05638967937731034080207 0.1517244604661606988127 0.1071205647381683195851 0.1082504043682006728
0.1227329464043812046192 0.1087175619282399335885 0.1546359403682729116714 0.1677698894643565308282 0.05877204005938949094023
0.1020774040176978952887 0.1708361722063948540118 0.05113291737441184869883 0.06892544470365427611291 0.08011004946645686186635
0.09441150473675082033242 0.1218426251737696058841 0.1248930267025135792958 0.1528673788487152351845 0.08203155701741694783014
0.07782531330423024529264 0.06686167536969342406472 0.0648259050710882911428 0.1064718537042394080894 0.14781156177182103173
0.1177371105196777234525 0.06899439193446094131801 0.1375971082539580447879 0.1353750351055473255535 0.1329873442074632761134
0.1144862742230270402644 0.1278434287803855706755 0.03729627034041980981893 0.04053472930806725771369 0.151679612242771211239
0.1395939021040867589196 0.09567672037619540104103 0.1204910033921234996379 0.136688073252485969844 0.08604171575049014697445
0.09731979400423095005745 0.008578372108584642052875 0.08578153230316583333082 0.07683201171054995781695 0.1066843127717703870738
0.0586502574213830507599 0.1445322422647761506642 0.1122639900377050553582 0.1059145223819738940163 0.09985521997887876477495
0.07414814594404874059652 0.07780531592927812656324 0.03039454525766835044087 0.1302178129764333947005 0.1407575857632057947377
0.09401880778500643076612 0.09241370503893962806696 0.1541004492094772693189 0.1348676295627862509185 0.08848257294057687571964
0.09450041559938485158376 0.08953210956489941751979 0.1110616957723019465609 0.0931706514211273900683 0.08258957319977842936876
0.1097080586368447269185 0.0500843180217498407103 0.1703548782074821021926 0.09365134885754616833609 0.05999111063564557116967
0.1267708411811718227646 0.09812449609646821391262 0.136328320789837587057 0.1260651312631973497425 0.1563559785918870459476
0.08109092222087097012739 0.1285769725261749485412 0.1083057142488919877277 0.06022685459327524470918 0.1393396717769382342489
0.1518479986645094870212 0.0303069543782734929227 0.1850386814149843905941 0.1220747174145007107882 0.1469217287355017442785
0.1950005432132755067709 0.04941404831422892274251 0.09186013013309407559959 0.1675579970179935096475 0.1202332435117945547143
0.1618747372667875272789 0.1446226549145143425168 0.08403042754820932991322 0.1143406147923272386802 0.05949164643223570775321
0.074040417214976395055 0.150183892644488725665 0.09446014039306818710351 0.08852502299466896706903 0.04968656058229697913831
0.144471961377618834943 0.08261090332131869329313 0.05289926801789385235608 0.1717040113168609438699 0.05746904405499744100672
0.1375769106398144481229 0.08534868234155608412994 0.1070764567333121197734 0.104237174460987930269 0.1033688139372154479734
0.06821145616916639287108 0.1672337508316131537978 0.1380868393413055006391 0.1357878003295834856701 0.1955289182012615312178
0.04397962854268001875457 0.124135294676730761898 0.05320525033744362419785 0.1149939694972538506423 0.09734365120743695976024
0.1373159051638839500686 0.1003491539923742070783 0.08267079709109452501092 0.07224849157462460980117 0.09660227190072570579993
0.1401556148711628757564 0.08027380177079790346539 0.1416503722223400318914 0.07004644977991517085236 0.1338508939309124012862
0.16504736453165383403 0.1392799788779154612772 0.04220352976361149005546 0.1214572166277634868159 0.1672406710229142889901
0.07228541653598137550762 0.08909375250979027771603 0.1372109018351785059142 0.06920704794349355482019 0.02233279650513758651798
0.1319928166177302408801 0.118412872814574673952 0.07368887168371432427882 0.09422282094862256818235 0.07135208823451556769957
0.1249093926664183035191 0.08231502171874000017837 0.06727575701119475892753 0.1305400193336017089507 0.150220698586224360449
0.1564125039778479775432 0.08399761273785773252332 0.1638814705450448716562 0.1594089748705282694186 0.1501112185660379294561
0.07866300548282195714833 0.1572442146200716539539 0.1767708016436561613283 0.1206831107154731907993 0.07516904459329179499782
0.1804892387010502419198 0.1273681630840209078048 0.06411978617315886030958 0.1211560764429525094421 0.1267924645803645555819
0.08862052983781147641462 0.06885836546910843736224 0.047903585655071877214 0.1243803756331008369962 0.08336728983967921224885
0.08811923307444438635549 0.05888591549929260426932 0.09153898602720295096802 0.09394051187909854827573 0.1383867305049653606552
0.07293726452497513446094 0.1417388094085562377789 0.1790222116369312999051 0.09574769042023140164233 0.06711365875834833516489
0.1197564787412223608065 0.1570786365404580608995 0.1455212361299232370904 0.1631553700721611321889 0.06439899051702317744894
0.14658508351069476916 0.1096224564148005897746 0.1095799956045642870039 0.1049450947814070528308 0.1621499353091340744903
0.09343042637772312752897 0.1215054496177554593794 0.140979330550764725416 0.1473274310729883462834 0.1589337252819413015548
0.1840291717454926867514 0.1110373523532018069648 0.08132504696714709657712 0.08389423850488332556896 0.09537315518974028016874
0.1850597662008344745921 0.0766183705252871799507 0.1755331340255483485446 0.07241053900735498760621 0.128518711089727705188
0.08534342833199499989139 0.06340307512054511873689 0.0528574835636217085777 0.08113930409693062562049 0.161535751369186714177
0.1347915547953474624254 0.1351973705672210313011 0.1351326279860435852775 0.149137060762059681096 0.15104161151458658785
0.1673051774767644328534 0.05369051769174704863419 0.1074280051817682185566 0.1440731282449015382419 0.1138175485662297481415
0.1262892387284370865341 0.1354127778171197449275 0.1392703492623519334614 0.1687072457453845653053 0.2484598193819324007947
0.1531230352814060557964 0.1200263692169198648241 0.08298069762357287992849 0.0757871732351777516179 0.1128824151908184997284
0.1124099743097165815531 0.08207392944844377202784 0.09097202803271497995041 0.1591855971316623041822 0.1710512440869636496821
0.1586452323522052898497 0.05087904973884124770755 0.06392625649595629067079 0.115872425688148206202 0.1284487290980766416304
0.08882017061510923128242 0.139200867601375732896 0.1218676839124361588329 0.05033425642068925509598 0.073078861379681600563
0.1192283756432198776887 0.06766269543160738364485 0.1426376083464936384004 0.05733902075057315667062 0.129084561195546038137
0.1362810884764637797684 0.1234436424828943973386 0.1189751986544497486253 0.1392653688499983222204 0.1307335643121817214674
0.06406341150714943422084 0.1391690522444499478194 0.1385977600249703178825 0.1145357864079280252323 0.1363274733370445912506
0.08025168729904573472478 0.1553117026732387107035 0.1601287689372257461162 0.1550871628224477771774 0.09741848966912879104196
0.08142877583629339055538 0.1302179358138381704002 0.09531334634706441211183 0.09827288998704111766536 0.08986611531226594562494
0.08541071768416942655566 0.09708012463394460889177 0.05945041950236848449229 0.06639572263581253186437 0.07813866789297564674488
0.08932250051174459026804 0.1599223667127992742909 0.1456577177121586019748 0.09685256272699763191447 0.1100264658038836024234
0.155336856409220430697 0.1162124409857021450909 0.1290489035140878204544 0.05982681093705610742006 0.09176311347422237696403
0.1061669240563511973363 0.1160349317393866014347 0.1200686914407478600442 0.1483660616616399030576 0.0847446815372600442684
0.07910243189004256825214 0.1300294429457556355523 0.1602915733083061788911 0.1171330423454315511345 0.1525304493674815853321
0.08153263974186067408745 0.1394589454017632068616 0.1221292547048471455184 0.1500817735443594480582 0.1856299694286833446011
0.1863749135635856812865 0.07852631895698881925316 0.1137647142866086424906 0.1130431069307300945281 0.0786885974593429238233
0.125740488593810845197 0.1166701734365890585909 0.1278834539148739068981 0.09915549656441868808798 0.05518629396303807721491
0.05572451145686836693205 0.1815013100377575738786 0.04600579501405500926214 0.1047119906701558661455 0.1448395334257430722147
0.1282744586200317005176 0.1709113061978282110953 0.08654174281843822480464 0.1136994212768120127155 0.1691881019701884369955
0.1424392382688825786641 0.1072109401484012125572 0.1696070810372738713045 0.08800245958549018920891 0.08265975524367326354724
0.0863696170055156253742 0.04916895978045284637536 0.06709604071215845289 0.1441989917084983974238 0.1501305779658248240604
0.09342012191525760067545 0.1715362231817762483921 0.196317324395109071844 0.1625993433420703238035 0.08773487369567670168813
0.1127775090754378067848 0.1272786263186551081183 0.1245091321037447018583 0.05904499388606336551799 0.09282337148552265160273
0.1235505308138548086205 0.110698722447278158354 0.14491141251292666281 0.1934865128755400842664 0.1985744395808249074253
0.1188793174656506551612 0.1306135911206366406745 0.1254453635623808127608 0.1354362521364822213865 0.1669279444560321234992
0.07020045146397448088127 0.1576382277858932867698 0.1558110005495713379364 0.128278773180906913165 0.07348201286018894717866
0.1879646999034994547806 0.1368525778624150313068 0.09831921052323620846547 0.1279898854552033449217 0.1101797925540616701623
0.1082187425623267196251 0.1193293494870920762319 0.0758449432900219072673 0.1279707620523876376861 0.1176885590579906937236
0.07607525094132126797231 0.09391888712266260874628 0.09980729508440815134218 0.1468975029360878037377 0.1293769449440902719051
0.1317397069352918559382 0.1303903454968607378284 0.1299253684696168309465 0.1128514534251125467357 0.1402317400105061451221
0.133073051717066237476 0.1355775399580432805102 0.1481105785814060826766 0.1599227829730545946685 0.01688387812381216684932
0.1307875074157267558661 0.161964021538960445401 0.1558876656356218137756 0.1503185736297469876632 0.1454347552108349039823
0.1673186740053942411777 0.06562507374291855211101 0.1741619114068694018638 0.08333692583188509472869 0.1420941503358218727104
0.1346585422950255239716 0.116367583810251543075 0.1244224512055835951685 0.1234230670220164971518 0.107029632298599811091
0.1794803433515732293824 0.05084116224532580358142 0.1016648101254698233209 0.1363081408790041970658 0.1396182849958510496791
0.1202675391279564298674 0.2179867746053391064365 0.1169659269823976888159 0.07484830899743435961291 0.09740349631459979673487
0.06709258868184614366115 0.1502584111363447494369 0.09842406944308616789652 0.08962154243059708425001 0.06601736297968240074763
0.1425466468193263558373 0.04843176377387623660065 0.1246817376014282136021 0.1375790722099098917219 0.1086580755137357828799
0.1248104302242256519184 0.1326766363570390516724 0.08679104227809139593397 0.1484917381594018370716 0.1149658669628117330097
0.1520874867205043168283 0.07658457246116705252614 0.1340162802857078894192 0.1524023463208970252669 0.1219906494659440399086
0.1063039526759831515657 0.1657318751451724303525 0.098864015912334998748 0.06316298663452717121469 0.05134149579574931454573
0.1217647129129556526905 0.1379045998019737262474 0.09216798838535567028885 0.1494441634022821430161 0.1372921813012137337573
0.1007603466839354922069 0.1059820468042445423817 0.09919797456046661188189 0.07367271882791401327317 0.09514694460277338394771
0.13804252502469760433 0.1691357778992338134483 0.1493048124613901572744 0.1377843689160166140706 0.1575126820307674868626
0.07400822201036749703462 0.02451912122374312955064 0.08722510176254601177437 0.1008003635861214747349 0.1392949879079193320486
0.095431574416865463939 0.1261085227780099071726 0.1156802755802238541483 0.09562840090242984147917 0.13180411992478388572
0.1357063297156158587775 0.1030479636774468271687 0.1350265984371458727331 0.1243880075303755439187 0.1278843372628953867221
0.2021263169446334551083 0.1340312319982313593592 0.1066654392019052016716 0.1193242950352357695243 0.1774445398992055278331
0.09087554444398433795005 0.1444172270639882404986 0.08124986881345062916804 0.1021619469926033224594 0.09463837285990338299424
0.1104294531159173697876 0.07405172417988216404527 0.135102724531635715044 0.1026105472581885225125 0.1006935727646063455376
0.07426806550044121046916 0.1354304186296242940024 0.1412198578531422832327 0.2158077033162485169893 0.1075445492388731327793
0.1540282859555053285305 0.1363520712897242359585 0.1372373376593228888609 0.111615421498452979665 0.1194749829382705519354
0.108595657560272659814 -0.1865104388740432272975 0.0209763861521208953842 0.01973810229250807027346 0.0277128914130764306134
-0.03895158553409959478753 0.1598308514618189957179 0.1384751525281547601676 -0.1161838982932868608033 -0.1691778764252813982427
0.1583731991868350674757 0.009476548405261013552359 0.1398706603523308111825 0.03679471734429061446914 0.08613555435934772130935
0.1910194991137301179229 0.03476131172486963960555 -0.05839070544505366860966 0.02382508989074623786952 0.09991458383921428265673
0.03362498561662050772236 0.1686832411510475193683 0.07323066926956200983767 0.008582721729690408543623 0.1387419520159919594793
0.1265312894812100630304 0.000246934428551577557151 0.003719732579906159016664 0.08178897923052302898483 0.05008770176987475258867
0.06146618956261741539837 0.1438666516750499169142 0.1375132691696268338877 0.0203593104701343882712 0.06319693809559422115196
0.105869247532762111863 0.05794021633727447495588 0.07937640537872699131317 0.0475712958897615001419 0.1279220606107129010187
0.03385517088530348717157 0.04731543543421101727375 0.07159475073507254316851 0.07123656109228475308282 0.07190474744977873311491
0.06684263635535660219578 0.01847332870741043645002 0.08542435137630423336308 0.1552937881279855547589 0.08104490853123244575862
0.105295239350883348961 0.1111446625602643539787 0.1071561997502642193947 0.162636632140138598368 0.122082089040542587921
0.08965635124275932177351 0.03122049923908475771439 0.03017259865010495090143 0.1713477722153212978728 0.1134015410748442642674
0.102795016588849721928 0.09526782423792971854493 0.05704825236491561230023 0.02754396951162918841249 0.1352573560789004647464
0.0903173110406264856298 0.1305614634138660967722 0.1053495790030169049212 0.1277733277356216112786 0.02689745992663504156606
0.1113263343973594776681 0.09809037840869518076747 0.0624299559195876790918 0.1068126007706944602393 0.06159086980250560311445
0.1140607961149223137376 0.0886698594542522366968 0.08412551136721035938137 0.09025840496547361813118 0.120505702680326190479
0.04427116670784472796107 0.03556557073905794452706 0.06383163089432461467787 0.1196931851970296639687 0.09733277021329922451542
0.1221005312888962385243 0.07316807382353447686274 0.101428263779321375937 0.1392947330501356495436 0.1642556145106142950763
0.1629872380472386361738 0.02048069614761375764611 0.1093098827428665986705 0.0465058110440855626555 0.09551823374037606007025
0.09050951128079771923485 0.1006653584049787414356 0.1020453702384100103107 0.1289383560172118470266 0.09211690209341315271896
0.04374273246752145155591 0.1183766368043914357644 0.09529868746796486822515 0.09354097955898689475962 0.06301919925114653209253
0.09510853445177235021557 0.10343152310606266997 0.09592656439068297791195 0.05887895087605633792638 0.108333041036424160275
0.1000060329497907407603 0.09011468786948081954868 0.06421272208817954685323 0.1049254784288458641761 0.1279125738179263116479
0.1620948652881960827532 0.09724407172019428058363 0.1121518004598849455045 0.09339976306975901476637 0.1448747862882915349303
0.073457997581875530968 0.05719329255141120116335 0.1358886734758708303428 0.05431688295795539939137 0.1299374647976292151963
0.06919685188680863019428 0.05500244499284329124933 0.1258564396803569240824 -0.01589862397593189147216 0.1612958914736705717807
0.1407144129607600657739 0.05327148314323392613856 0.1174173140681068344682 0.1288702392148162179097 0.08921320684393155286962
0.1537043295868142644967 0.06776520809824854163494 0.08539515198913959215243 0.04131641900819615909057 0.153871342622100809594
0.1091785912329915342323 0.07761768945765741556375 0.06610968372517314617376 0.05841530501653541956886 0.07938496572415786045607
0.1580950948868573013861 0.09412612147457760647384 0.08939924083001508925417 0.1223873411450829284952 0.0676891816815448077449
0.04874533983289151828355 0.04292695748525740540025 0.1038346896359789994779 0.138453080826918789592 0.09555336552415395756643
0.1745034075278628360461 0.09060035824249711156053 0.1014094203473783623037 0.09510780832561582798235 0.1679254284777695893638
0.09605537099771295495021 0.08971881488209329513772 0.1244047758083661470163 0.1868282050229943536124 0.09135823087688374477544
0.1498124171117074798776 0.1017982929229445943076 0.0703823377417275158896 0.0955130052322894773642 0.1484845550354055299103
0.08381429681906829576299 0.1372042200903372255461 0.05135165551223155183669 0.04548344510972281151684 0.1239463223384739548605
0.08876987070789309208774 0.1473701463505650566255 0.08932977424209437300462 0.04963924300699765895795 0.09845046988688058164918
0.02707320596999874748323 0.01702796235436396243834 0.02024654023906209687755 0.09778708875220605556411 0.06965005059011168675465
0.112113779329349808056 0.07581215957395787130579 0.1323165987381897390485 0.06805625016419930561895 0.09461160897753446985536
0.1481549465039923296761 0.1026650279612864036238 0.1081394860797098983474 0.1567150678604213032141 0.08698420431771158867207
0.1005660487882168580009 0.1145591644147725268743 0.07722996415948159276699 0.05931185838685583411323 0.0279842272977774315923
0.06809960171512710602748 0.1580404032665272129332 0.1045149930238567781426 0.1098010721739559464316 0.09391515481647694230105
0.1057214588545887096194 0.1923819213706261799235 0.1058725008316459548219 0.07883473238846454289597 0.04132963925510521607798
0.1075077972783147484126 0.1906631311284180951837 0.07694594361565117168755 0.12734367290841272502 0.1378454402236945486315
0.1627394677084293694858 0.07053402286487157890615 0.1604839318331144348839 0.09179620724725602587402 0.1543680014456131344147
0.1222543802385731986915 0.1164274948294295175533 0.1492980589643043698445 0.1554343809195420644809 0.1489595008846505974631
0.1288192916686380362634 0.08414503371412292154208 0.06211793094336073850492 0.09350562322225339229043 0.1677004836633902429277
0.0470619860397715472633 0.0623469843763215514354 0.1273701075937243298863 0.09216085574134848246164 0.1286533487850133605779
0.1423838598989300985309 0.1120922054596985018016 0.1058311739733474310388 0.1012154867240540878637 0.1016812733201559043605
0.07144493656080555532562 0.1511649472127994386916 0.08963585643359836541144 0.1007620350777269080389 0.06891281538630966707615
0.1448701584388827068306 0.1130274043775784942323 0.04853124535806109529634 0.04029336136220846437128 0.1024742541087964586843
0.07571737498418425194036 0.06350313234702326115055 0.06100282902044579236289 0.1340589254799651186545 0.1032191835278615382743
0.06070553961011825733207 0.09740990751795212954089 0.1238039505348686036834 0.09694514027979693471249 0.03390844609054682184945
0.1030191141867025511614 0.1274980382544248225241 0.09663068966472351806196 0.1510126332569998730548 0.1003728224883620456787
0.1094828040160312071505 0.1086939909340167709217 0.1023214132588484565067 0.09459910434180661409354 0.02514177879845594029695
0.08966783338528161451109 0.08360654115715741852011 0.07382031266993596685388 0.116397222124539345689 0.07202773190018281479485
0.1224240700029472078691 0.1186801161930025882985 0.1036694141166607380233 0.1171649852241379852202 0.1110315733040350416605
0.1005925701264904353893 0.1965971946350845711571 0.1190185370217488741718 0.08257934224193161365513 0.09019802047053539217902
0.1537204532724428251989 0.05024392727558067706095 0.07493465482359808194079 0.1445412427183012105125 0.06034668796767762161126
0.01776115345253353322574 0.1709367905867684722665 0.1643853977469654781274 0.08572715075545696283843 0.1574634446073174542935
0.1130290070789912171279 0.132716105679208440371 0.08311318834636592656206 0.1171429795276017205019 0.09595269036824599639957
0.1350716741020843436605 0.07752790933610910484308 0.1469891805156271769039 0.1514790235369259385756 0.06249162592691337447803
0.1133100077801600658045 0.09247358556930838913157 0.087867304680479901835 0.07000307273938172203387 0.08247842612265753048373
0.09362383040587866911419 0.160316484915100004871 0.1570378046978299635406 0.097166503048908961504 0.1780320737323697055654
0.1260092173439154028536 0.05933337584725154045806 0.1105939399535803835395 0.06847519734113813316689 0.0428128739018596438104
0.09109548605554307343368 0.05908409695437715630773 0.1011249504479145577829 0.105400449812828908569 0.05236809068897492480676
0.122772204019395522745 0.1489732991201225265065 0.1244837460539217621758 0.09990793470932232689385 0.05255118280143400433246
0.09993889052829799113375 0.06636683461388978577666 0.05227148837759997002106 0.1359272182726034561284 0.08583204831004760670954
0.07834644176085221733974 0.04785494617844967407683 0.09763047386765452695379 0.1549688009856584891555 0.1137759763632212040019
0.1334414615338540832656 0.133129427325088006695 0.09747672710809297813572 0.07658515837970113204758 0.1400094170755486477908
0.09859101715485088512914 0.07910777153655053350878 0.1669860843335557454292 0.1379994485437102402781 0.08743885362430667274047
0.1698321555627395063048 0.06384366053463889911779 0.1334419793100933837593 0.0875394349566626095438 0.1424174094184249839135
0.0921928621910686751928 0.1410481112763295186152 0.1483736219420437318917 0.09373121661618843969421 0.06322157019552189505252
0.1252762685898781980232 0.1353414746295010795407 0.1228503676657466958666 0.1660076192255199034609 0.1041908103817281439074
0.1252932674603076945719 0.17399962424538809036 0.1519245975313173735444 0.1375014159193322094143 0.07559983701203623618348
0.110721525933661524288 0.1375603983901309834703 0.1407127405024838906478 0.1527386367262700272995 0.07138976920449172092198
0.1481749203922475277562 0.1846523558382610064044 0.08110193191997606965149 0.132727916510994109478 0.06158771025244535318732
0.07429285619971756626789 0.09788528478562777412897 0.1276270061467881522521 0.08702663013261952018595 0.1650709839657353295017
0.1094574689391946409334 0.1263624325899565803422 0.1891916021255601321194 0.1074331907527940610514 0.1090630538486031531065
0.2168718297461908750545 0.1561531685736179952961 0.06987776693366630487159 0.1480226330069116247312 0.1545437731615086074388
0.05251290548281884601467 0.07465911915785682084756 0.08371269929005611953876 0.11621762168637088386 0.06853580955264862439869
0.05724202710917606490293 0.07504624965609685283141 0.1064376127424402490584 0.09442447545087451210577 0.1452159811193164673515
0.09371365370824362439617 0.05330939080114629330387 0.1853235415489441761938 0.1072887797017495620233 0.1299526517873553776994
0.1088340933996995996136 0.04442919469659803444195 0.09732506459139414478621 0.140277560887395236211 0.1257034505414409697455
0.06418119824350743130026 0.1005789700106286960191 0.08040434974394780609508 0.1664112316728684204392 0.1541611585519810645462
0.06774948487977196232013 0.1489061916618223957443 0.08818847419446758373329 0.09868969257891850588305 0.124908301496807316866
0.1094264606305933723585 0.1556105569304950253517 0.1570781010278963218951 0.2185342386472641784678 0.08314486033577930812477
0.108035094329803196822 0.05080850639928688461389 0.09651047895937490961327 0.1476026296145954708194 0.09311845204659099928257
0.09029602187323387818552 0.1367399570860930446692 0.09766863607485441745037 0.06022015724781761697448 0.09918943065142132864409
0.09600923727230865900584 0.1539018062650503171351 0.1000576968775239855569 0.1599586396375060337594 0.1369013010263433194336
0.1052232126767829178959 0.1523688640464629651117 0.1452176675125249616372 0.1920737423130577103958 0.0830228134619146185269
0.1371732254807135897856 0.08568741775725149945053 0.08588077440826735742263 0.1170883932014134959365 0.1010809629802768283557
0.08910306317726107705468 0.1379313166325339956586 0.1096229224415095349077 0.1248912844130089933037 0.160301241777903336061
0.07452296030410718308268 0.0804342291855616037255 0.1537438048492736353268 0.1104780916256505873818 0.06573103391981315046788
0.1327014874644557029804 0.07881807521156643236981 0.09736867679595606617227 0.1100893330501353795103 0.09541154859096820373132
0.08751141987641285202582 0.09619673863634413402135 0.1385378377843751451781 0.171272272142902082237 0.1364429992330855323512
0.06504188579134587144814 0.1799426048177064918487 0.1753495816475113822097 0.1601739138656254890503 0.1004521685562140831394
0.06981064229056085923553 0.1299344834552740579614 0.09173564004831533114093 0.1093800431566517017412 0.1468025317976693611133
0.080463663767794083026 0.1788970909009808818446 0.09301308636154606568347 0.103447145734057929789 0.1356865352445225103573
0.1603340472244892123133 0.1413518572714991261563 0.1365038061303236738286 0.08395560064562758439966 0.09131379014144981598466
0.1296368192394161678038 0.08490684213000895819157 0.10624952381138343116 0.133946820408767874877 0.1572741323606153818204
0.1483350808487610417163 0.03658196907608763509545 0.1064841404189915546885 0.1079504588365581274623 0.1584519883182144983635
0.1191939021231670919887 0.108794149450476454466 0.1281411803872263832638 0.1353057221279985178342 0.1329909870227693469147
0.159222870305633895649 0.1565953983990210074406 0.09300310246110572720557 0.1420107900552007862416 0.1828847782417781231423
0.08797390855889497540687 0.1665571027052119845724 0.1448318978043375560016 0.1319697853395897513273 0.1458879354061171085277
0.1326289268709447688455 0.1716671169401560170797 0.1383983930877867307707 0.1275723515285670239816 0.1575368331563787860361
0.1265300348314074008194 0.1381976526675947058997 0.1499828366957067782295 0.09084969653726915339575 0.1084193880513859287174
0.104868670562448057515 0.1024367665781799052738 0.1237104384732647249789 0.1252734541159649384046 0.1268871287875836251224
0.09507659701319937095576 0.07062203271142004912253 0.06080341794782237463401 0.1390656259936765004603 0.1698014246848298935966
0.1958415865715275039349 0.1262432105481161304095 0.187126978802600152374 0.1233347419647921883179 0.07165605570827868198158
0.08689083610790755696218 0.1378215670055407404693 0.1133308922778070437776 0.08220395715746589559991 0.07729590453906977354226
0.05664063368311811341727 0.1315716112891462119538 0.07921826208939541924536 0.1617841036210765914838 0.1248694834631060429642
0.1168535534010372994862 0.1598293199628028904424 0.1648289456502152472428 0.1553937574487642414578 0.112961630664891926612
0.1714048340629129585366 0.1343071950661758051648 0.09144643964656239132349 0.1771898657065102133945 0.06266228698112254191788
0.05050555631318462412871 0.1606648722568322085191 0.1394274589920587170688 0.1123863766594836166579 0.141653671511601769728
0.105922410497023153364 0.1331585319962205193889 0.0853716166703217260725 0.1686568211186203758434 0.1170992404208443110614
0.1318670228604452154819 0.11073427998619257695 0.1289473953274423712045 0.08133011326328282164511 0.09099572443571324331657
0.1557316886151345058931 0.1603235532637470872608 0.142191563870546794357 0.09110090745135615564188 0.1338155188836162301502
0.1707882913200871877191 0.1219946235332128453566 0.06385229215181963124959 0.162952400762142790569 0.09680071528902754740553
0.1928188388801858887955 0.1059361731881871410144 0.1801423431364398974885 0.05536243571325075163436 0.09558170562685602833497
0.1738504361833193567755 0.1378723216824770392286 0.1488744943028430245402 0.1037381295309988959996 0.1516837191878578072757
0.1599347594229212354833 0.1467946197689445619883 0.1291860905648529178613 0.07537075077605544237702 0.1115897234606512689048
0.09358987520442020591194 0.08393736015293327967779 0.1074207094276088819695 0.1355205429933256378039 0.1443869871301414198328
0.1000306748366096426528 0.1385141098057917907749 0.09119080369033909228005 0.1413865766359802544905 0.1789906443646447353757
0.0762265855565950473105 0.1016154021425886150309 0.09129228861915351933565 0.08440675024487589994671 0.07931634147696960124296
0.1484429453322445024988 0.1118936713604663235611 0.1141040318700593247936 0.10544489613227590874 0.124547892836002579986
0.1210626849042733127471 0.1465987915010504016866 0.06778650608645227226834 0.1146978082025374989783 0.1405106968353863894361
0.1043475776978510793924 0.05380052598275063269195 0.07386663336901924670208 0.1832878516729003204322 0.05130393634127606433681
0.1647084153950741924888 0.1411556043185410447283 0.1698188092643695412676 0.1022425794025962203504 0.0798205266571573868184
0.1110381568521672246419 0.08615031781643786579217 0.1482505460112667483585 0.1105653482521734287669 0.1260693303341385018701
0.09842629773129986381353 0.1301303377841225017431 0.1413714739611628967708 0.1597617485655521141208 0.1735998557889419646738
0.1557480756016352552162 0.09729468996418659532122 0.1648595041418074169659 0.07552882373789862602287 0.1091590006593270850699
0.1796242801750594642041 0.1558346646732984008832 0.07836726860718264131567 0.1266349847340068335289 0.1434667704161889933978
0.121599932935889720742 0.08266935108059296488658 0.1183324658188394801206 0.131726368908311436412 0.08031223455797477372986
0.09663862130195595423476 0.1316113470480211045111 0.132252601035858785572 0.1466839094985854241582 0.1039359340454018149069
0.07266586572426610157738 0.09253693136870901059243 0.1148253186603433451118 0.1084474781915549662648 0.1020760801192970440576
0.09059627441758111299208 0.1174237732551508262002 0.1403983589207652982189 0.1277508150263161335047 0.122603968276734129339
0.1112037722209130441442 0.1316925934663284447623 0.05928900985375772786368 0.04852638521927262610367 0.05311133902106404680588
0.1160879591435333008098 0.09741345557876507355033 0.05920234679949594458481 0.1208602855278363003011 0.1507190866974237319909
0.03363915532716513223654 0.072787700750610417888 0.06334955414874969548134 0.1147393048247953573071 0.1292682341901870979317
0.1353426201000405004748 0.1839829195087077096105 0.1396472705990169094203 0.1726974738300769141031 0.1346817883503280410817
0.09889731323146092045739 0.1283298939849268904823 0.1215222734304574753184 0.08105988402741122478279 0.1599313083382227496099
0.120805623353773219919 0.1116571727531836671909 0.1186718703790796969333 0.1045899898860663534972 0.1377115962076921884538
0.1156907073739139035773 0.1125853264441557533004 0.1112254495878311488788 0.07846171598653081669106 0.2169606453089452657856
