0.01016635509004223947294 0.0242681400777418412873 0.03179786879075761213409 0.0705195666821001598823 0.04964343135644470883516
0.08166826850506458956858 0.05229027392223128956061 0.0286743106967221536574 0.05164822215767778113005 0.1006307398803377578522
0.04841904177274259507557 0.1336197904321342611045 0.03405324539901209007775 0.02234286799774720666534 0.1176633112019813270921
0.05172171479533971966136 0.05676010850865918083707 0.06935962116296778834368 0.09899510676604755810004 0.08316980318918164305497
0.1103798381514601439912 0.1126139950148276475117 0.06903085975921158246038 0.103901869786806835827 0.09094419245963722420178
0.06139030764183552035806 0.08189331367485523649474 0.09435081128718823817447 0.1115900909104743377043 0.07061011481332848949144
0.1224878664404278755251 0.1062727802116362196827 0.1088431782271471470747 0.1011686025286308437954 0.1139800488886082291407
0.09387141354643978308214 0.06458327471024842558744 0.08352103377535750883265 0.1219470626511392069569 0.07315443312804052744536
0.09950132877779430118359 0.08079541021151863400274 0.05996705042424696485703 0.07419293128140103110724 0.07826871531430257267203
0.06920042743484090819184 0.1135633344317602683171 0.1287829671323026670127 0.07658260392650961811967 0.05706416484392413251969
0.08336617933975785932343 0.1051130586048417414613 0.1137188854218553479836 0.1061051572687344013435 0.1158137622918676973294
0.10768373212551196616 0.1144299284865891025431 0.08989046588285244665517 0.1114054678606443138378 0.1070319026427968556181
0.06630887416439748549557 0.08425896542734057081958 0.08486079459126730228924 0.1253833863086980249246 0.08141988562521952632611
0.1288298595556025827324 0.08887105717373326718711 0.135200119794031597964 0.0943113517688491664881 0.1075197591080057912816
0.1319125268818610863253 0.117304747866434577741 0.1107276136096043001045 0.08377175088440928785172 0.09587080703038064477539
0.07989581902916464972719 0.09789993515848821603598 0.1045273698618781471614 0.1132873263367652622025 0.0746042684817028317612
0.06959435951068713988032 0.08295305564125234065731 0.09680940290072873044558 0.09086453729141032165106 0.09856923482025348182134
0.09323636001867673106513 0.09685536560695341690153 0.1122341130350676258187 0.1228621804307373915899 0.1266343043674718060743
0.08837144778806904632518 0.1113542506822229050112 0.06663955778541000296578 0.1012882379189425224864 0.07060661030640894009203
0.05794351560973451387149 0.1080195399787279297854 0.1073145693953211909921 0.09579389987776804060715 0.07590729468004227264988
0.1074643041605717747045 0.1138885722977231590436 0.08349626827362273406852 0.1096772616816178158583 0.09726526710375396622688
0.11130289673389992533 0.09507316908522496501366 0.08656866208955921182522 0.07730687818892024998352 0.09487937349492293892528
0.09540327188632730104345 0.0962737038918150822564 0.09356902319434790005204 0.1443061259252432226852 0.1004692577920407586811
0.09125624966224427092598 0.1062852395567181473801 0.1176767050018152765967 0.09830593562694969755889 0.08696147331805789693071
0.09801315608957943126267 0.09605881610530447867191 0.08722428032017495724837 0.08973922653551412442763 0.09082797287104028838289
0.1186683526771105112729 0.101368676819028710745 0.08532160730584099905816 0.1222540989539565164934 0.08002600702940014520959
0.06294089083659532013471 0.1056464985611299256529 0.09948941215169392060513 0.09831501527587163669075 0.1126117864029702320128
0.0785338429835071294427 0.09477031138150197875358 0.05698983092727831489821 0.1007036122448237425164 0.1277894776049445790811
0.0575182650673617887338 0.0807338031505027559076 0.09085873487762599620687 0.07945237081954513447268 0.1368565769949862120924
0.1014262829982760100167 0.1155764247111938231027 0.1079211163744804163889 0.1247252472476897550147 0.09377634632879376652692
0.0796784910435174298371 0.08990210695135192331406 0.1018804472822977813529 0.1194383565265647179077 0.0848706477362931172026
0.1121968596810907631278 0.08101523638480605249423 0.08726434677309627407915 0.1102900400316896983854 0.0857140076558393776418
0.09895480990230004492147 0.09184277038892031674866 0.1273164295011499080879 0.09317581029728197461459 0.1014647084483403377542
0.1139509119309147500143 0.07862336130287629620828 0.1104327983067637658499 0.07152293188283671832028 0.117704342181431442782
0.05755018595930649211168 0.07490328155774003682232 0.08344704773234473682564 0.1111707371148126372029 0.09720462747070976461394
0.1174167007147708385872 0.1085013867837225365331 0.0889864874278825795928 0.09630129995910390039437 0.1035425302904407901528
0.06022416790854796114774 0.1010324183915766310671 0.07586453665171269400425 0.1021014566189934191787 0.09328168020698876516938
0.095487755890976994122 0.1045062182796779176597 0.0800722716155855274156 0.1048872240060167854159 0.1155978312771545196691
0.1119705175957143583609 0.09553329009253484771502 0.1309121960822793029333 0.122504254046932950506 0.1070317104820710241153
0.1041989549491750266519 0.1056486314007561849726 0.08677296650469142058615 0.0709313239022537900258 0.0943213000454785066573
0.08544057960774756321776 0.1064887415911961315862 0.1325145258456247310264 0.08682816314297817084089 0.07869952629508902841593
0.1046577974819665052264 0.09611307133244144373929 0.09714350537024679654863 0.08982187604250585488685 0.1099559413039680466628
0.0926411051872107205174 0.06754889930863113012283 0.1068480565857708869393 0.1069430309904681047906 0.1109779318754823135285
0.1051410950189775456165 0.1130373165697115128703 0.09449995734173526062971 0.1127837289774747953075 0.1225751257044271069763
0.09983550286552217434277 0.1315825996940588327178 0.09703033282355486011106 0.1035595894787495058198 0.1115068355949241363234
0.1020095895237406041778 0.1073217740274340220585 0.09557138403873242926689 0.1252273013440466653545 0.08880021098309040517016
0.0940291060945292467288 0.1145225088899192444902 0.09180761623821639960674 0.1143624630937840891409 0.08610288917660519070196
0.08248110482247202057682 0.09366201310969385351868 0.09470654139956197203887 0.1298695377014306151509 0.1270862116441646427756
0.09229837003149547747238 0.09206866547388761756743 0.09100193240203073574701 0.1015817878046470223996 0.1171329591469226771849
0.1148826017498802143368 0.09336791591205723106484 0.06733700419756261101867 0.09847197938000031014472 0.09031784390431341069672
0.06537905451573114423702 0.09449015173545864676452 0.1411243328298896204664 0.1235493576028918877308 0.1042427487424487514422
0.1158788026150802952241 0.1020642156562073243897 0.08723015725891029858996 0.1038916785623623662005 0.09601530105749327137499
0.08547836751129624099921 0.09000242899104009264288 0.1146643752478792854799 0.1165401160981211770018 0.1080708413443582927016
0.09722237212576308185152 0.1171767392034131077816 0.06825630787208747385364 0.09005822498301703504797 0.08672228776668164385022
0.0772575466593715953767 0.09814862176394832660176 0.1095081852944327499566 0.08192979380559498037151 0.1277009925025654191177
0.1126241813632282984248 0.09100654117970004286509 0.09940530818985672534271 0.08571518418723864107811 0.08974310113194711169271
0.1166525636174565866421 0.1462195750829855256381 0.1307469653638412832031 0.0986759377546400084924 0.1094904746187230215604
0.0987896004574248393082 0.08787374637474439087459 0.1165312513973575658799 0.0939422401963780906442 0.09160545086457952401737
0.1226286781798643643615 0.1291526975778481134416 0.09567130071775811761547 0.1142820047409852657339 0.0967861960437483292985
0.1088093232097259582813 0.09712114102273282367772 0.09921227622902681342332 0.114193872154484343806 0.1266938267063106859922
0.1215692595428216060682 0.1317234262958519031006 0.1320385907794463242748 0.09474766375624631142838 0.1153869040198875761671
0.09930543861575727437874 0.09024975341359947611508 0.1023880136707489424408 0.1089658533976399085175 0.08657140000847370064907
0.1375402322667399479528 0.1151499588857169964484 0.0969116139694894962453 0.1548454261281121679961 0.08311353822984884898162
0.1002657881206812373609 0.1265409502493747839758 0.0973931702208904459539 0.1091485334096662374037 0.1137720152050825245249
0.08932846087787735256391 0.09721597499747861026442 0.1063473947900800270494 0.07457413222715669753882 0.1134388666270077089537
0.1191186628032798872079 0.1038269740128344720276 0.1001242991778046875773 0.1003822902629817742648 0.1031497987795901988273
0.08422708476456397530541 0.1052205760821539742844 0.09231861247903450085062 0.1378956212260309677209 0.1066564811896996561869
0.0870937034326411396723 0.09706174038214773758249 0.1285900878891739207432 0.09448291160961035106691 0.1419295966517538365448
0.1050954439655671784903 0.1050447938323336438682 0.1301107610653765567221 0.1025535003064003969353 0.1063530293028515649745
0.1152555132558673450793 0.1155763416394049447611 0.144172034039114188575 0.1068085314668292956641 0.1090291219801297201153
0.09088043503638296161107 0.101944545670383274194 0.09898155164478697476405 0.1302877321664748511143 0.1083259614558797212513
0.1355561705966901731024 0.1133956848438289199965 0.1228562298523667856154 0.1061708569638089710852 0.1159988813134574664465
0.08026036968987083908278 0.1222630779758701602411 0.1311891839700779216482 0.1114612906455317714594 0.1135219871443216982376
0.1200805123405048607799 0.1089244630544830422236 0.07369722647902976486733 0.1041370935566435090847 0.06877289322594488940599
0.1096028361018160368623 0.1174169080802020537213 0.09602476287883150718461 0.1175765861865286782129 0.1196243582564242846633
0.116111702522585735764 0.0991563085058913967762 0.1356432001373125417754 0.1168766952248214280319 0.0916921923295772184348
0.1342065986765873797371 0.1281352380165964588432 0.1201184087554067747572 0.1004171841543131799002 0.1150474572666412564903
0.1349307214876033778062 0.1528025220108543691389 0.1095879247367917697087 0.1195658880843332855237 0.1342522750725189395471
0.1105892861452524578159 0.1094928350925104959535 0.1084372939164694599201 0.1197940953895243743066 0.09942668316896285940487
0.09090286674724236404277 0.1190293630740801439361 0.08733001823530567309106 0.09535074644953049627372 0.09606508996058538141227
0.08999043370775182404397 0.1180005432636388185141 0.1225456632153516661754 0.117200981417163896392 0.1170748630114894495158
0.122127223859026315389 0.1503098383716104102792 0.1030332666442682482133 0.1205470919018210296247 0.1292895283124333438707
0.08871941477247151375263 0.1051448271906841452905 0.1157827590245824322945 0.1197653639813128362279 0.1179651770750636680107
0.1076505713202811909124 0.1042403301530623049853 0.1272419560701305019101 0.1370315649288744719314 0.09324232446195428181124
0.1101376722311199624071 0.1400902665111952438703 0.1223114475421221841733 0.1136017469792506145998 0.1235678491392142169802
0.1231262277036915264716 0.1250320722840034537438 0.1297798768582291151219 0.1193163048231719175485 0.08746870020126584766018
0.1051531603143629756136 0.1129613976425433291562 0.09692890920354642336765 0.1277459827715482221233 0.08538183340507049523538
0.1013550971469030642647 0.0991739924249425142122 0.1105404946662304904725 0.1283623576657677567425 0.1379249616072795725508
0.1148778167076831419058 0.1121375362283894006055 0.1252342419563495234947 0.1124000403044161239263 0.1283128375473354954028
0.1367491441014406228227 0.117930622407009633168 0.1279396823408412431355 0.1158252130677304703177 0.1345530564104083226518
0.1182825053915985413777 0.117815069752194925834 0.1480018568841602044639 0.1179525550784666781956 0.08706196793565360025902
0.1240796230173844966194 0.1233828448647569797636 0.1358424206071541517904 0.09648311551197975843852 0.1001406871479764704169
0.1038202029862136388516 0.1368469015525087539853 0.1314882930446397146795 0.1195682739297509317167 0.1027507371017738480035
0.08329033126654603047534 0.09703309800923001771089 0.1229350349520062224418 0.101413319887401542907 0.1213908146205324306566
0.1031743931200999192521 0.1097741996053956808899 0.1283195224081421781381 0.1227208227111261928943 0.09296023838088368629329
0.1216232352268691169206 0.1022930584736110176669 0.1271097143321203160049 0.1240068059870009925527 0.1226609227685734604396
0.1005161938200661297937 0.1244541273685489113365 0.1279652448277265597287 0.1087857831821770343561 0.1191212847932217183677
0.1431729205526660331227 0.1157676630260063149747 0.1306484623433302461049 0.1115399872451018070674 0.1340153951844426372109
0.1387817735240881034109 0.1108787491353295934227 0.08330782053400317965774 0.1026273776897086709159 0.1254034787402907302756
0.1078606644169824435586 0.1189169250402681426992 0.1242507186768948557187 0.1047742769495713932582 0.1129923126945470146509
0.1010004929914815052783 0.1053985719063497833448 0.1198766688629181176307 0.1262046803234755099066 0.1257739930018751117746
0.1295652922287470476537 0.1067867584261947694335 0.117505638416049940087 0.1271374022664500669233 0.1205394677878929843295
0.1209212086084690135346 0.1292299526257523478723 0.1123473144849443106086 0.1339128989853907714114 0.1166997230494166426507
0.1065601966946637668698 0.1111016094303052259562 0.1061610017424725049828 0.1245000441609112745711 0.1153029440778303854609
0.1309788285348531811092 0.1340905088480136286844 0.1109343699802392835263 0.1185076219994695839732 0.130422963077202747062
0.1281483031111856074613 0.1316215345351267607121 0.1196601965460154792797 0.1404714285284060504289 0.1268655543689164721943
0.1362849359301800955535 0.1112719905850342860809 0.1149232175635616082232 0.1063168697599571610457 0.09925049381246127400136
0.1202644700732477811567 0.1030916279859604850477 0.1075887342607130675587 0.09730841734914033591686 0.1443500515560576513696
0.1080017917693270462776 0.1171555178279399117569 0.1453237039302923971906 0.1078453819279402148279 0.1456345498428149309866
0.1069335069630154427811 0.136900561515129082224 0.1099116009639600211045 0.09904057681897457388054 0.1130798053384742679617
0.1308007731544942320312 0.08566412649213189789421 0.1210917024416823944977 0.1052342926881077445067 0.09913416085431878133072
0.1204835920339885069197 0.1108814506107903830046 0.1257302559965965127464 0.1039841826411622149884 0.1560190124142475931457
0.1163537479040966104993 0.1420091789459223263759 0.1222371885729964385847 0.10340479529442912765 0.1160437793306093173795
0.1323723185761602472166 0.1054314559993399097459 0.1176863758964161316145 0.1284318508644155809595 0.1300321163999282048085
0.1376493278955698007504 0.1200585106051152983753 0.1303315489323771114716 0.1184702209018360097303 0.1177382199052621064572
0.1328528979920090835609 0.1430063693846071737337 0.1211418697860134896516 0.1133924252304330526631 0.1434756365773630637506
0.1237530172471925510314 0.1121105385695040090877 0.08035097441752318825348 0.1425160283898211921461 0.1198116312805015543086
0.1210311555943143768665 0.1053999830269887055811 0.1087144859454724915571 0.103478842744024052136 0.1285748502558530237394
0.09622661392694052684416 0.1388171584554569459868 0.1109576239285306326066 0.09869910374796592167357 0.1333199372210324140653
0.132679514609908927314 0.1330138780112144758494 0.1274835702520462354936 0.160273487279453341614 0.1147599412871660728985
0.1340899232162287291192 0.1181816312828900955578 0.1202857108302144290013 0.1156442342371204745621 0.1421481182190594549919
0.1137834819869261576697 0.1114692927275624662053 0.09993677746295782926556 0.1278333166349286398322 0.1221993354486377997281
0.138219199920345925392 0.09707825257945330854614 0.1326990497483879483109 0.1536249946274803046542 0.08428260622441136051819
0.1352067089113563602698 0.1028364782766670870728 0.1024868350028114161177 0.1052208123182348797897 0.1360455162881050450441
0.1237038589682811356996 0.1178896895950401618736 0.1284609857291188483863 0.1439227168056175509836 0.1032819269414866208967
0.1138547299193291839625 0.1193731720770123960751 0.1298861658064503488141 0.1449625908175649624532 0.1349844808893759517954
0.1046729724546133499796 0.09702152206994960059738 0.1395183664518341581928 0.09887840100458984704535 0.1515010094113528604787
0.108578657343014708947 0.1159364332883881798519 0.1126012975427766321657 0.1218925393907242527014 0.1156969204114176308362
0.1176522172247037728576 0.1256550243495257179749 0.1023900124059813621091 0.1260429315361359103864 0.1269071818803402806886
0.1014620178166013159116 0.1284096914001297551344 0.1224283453904134316703 0.1432089538341553558443 0.1250770229944555000934
0.1213284229297969529782 0.1608009650013881020048 0.09515941574559445836901 0.1199633337048317399676 0.1247868730439400664078
0.1314437245738697968012 0.1219757185911903296649 0.109072653706595787404 0.1189892870206551711565 0.1169480895734384962026
0.1225675824882397069171 0.1099214711475355460424 0.1419213166668275294402 0.1254402688589986436529 0.1101032301770410032349
0.1106310789864107108071 0.096438399438050576018 0.1355968364793852520833 0.1051622766571617267894 0.1199775550784012573269
0.1212662451248146117111 0.09804399335122020164857 0.1095110162247146384784 0.1142712233520487702387 0.09156244908959629280609
0.123405209339659122092 0.120196659433080402235 0.1333174184066824585759 0.1086611175861608158399 0.116159622961321151724
0.1145442399343264833211 0.1143386150496532582821 0.1119991018247582931222 0.08372161589171055184888 0.1112800591627189777943
0.1316462634678281784506 0.1232240811898983184891 0.1147954979600314950883 0.1366730037737004521681 0.09738038308521780594962
0.1154838282917647340753 0.1116810971721541173585 0.1060841914884743247827 0.1441029120788976658485 0.1362756139109023711953
0.1207962396893042106294 0.1198082935594276393632 0.1112961805157425959623 0.1157848493725387728492 0.1122228428102085978635
0.1387202980245518801894 0.1159453668984293528421 0.1177598850385832562893 0.09730201936712505605964 0.1271512394253093980456
0.1092712648456186791401 0.1519262993388499349834 0.1450538246448551116252 0.1557384389614714648165 0.130773118050496767184
0.137265046803487722471 0.1243689973366806089672 0.1137954023162218997189 0.1182697530543419667248
