0.06154336648078922306082 0.0673217013747382242439 0.07340069013680050602488 0.08164673316954385029476 0.09196596613600158121038
0.09506112193667741461223 0.09692868432594817229564 0.1096931100130494746159 0.1076615568263123712267 0.1124758682723411423732
0.1103089558205462006324 0.1110068688531577751899 0.1167559776626280326761 0.1193798765286280677556 0.1163562662714098250305
0.12253332580257160489 0.1256059817984843396399 0.127866272792418078641 0.1304326415940318673048 0.1278282845615792417959
0.132565176052056060696 0.131678256550817496251 0.1405705036723047807179 0.1374976813591574920093 0.1337951795288160050657
0.1349360593675309749617 0.1408063817115796645396 0.1415925120893470334771 0.1445722404742611488793 0.13935615376898974338
0.141872318341377978701 0.1420111416651281821544 0.1441633888495856552492 0.1472895932341641844765 0.1455782527524517033779
0.147920804371510061781 0.1510176951730491934356 0.1463729548855792761408 0.1513872486355458402141 0.1531263064877257384921
0.1585074302296813619773 0.1569883007346887515698 0.1553945240075992884066 0.1567841220803675439388 0.1518844816354463778119
0.1531140016357310784656 0.1548257778680226792734 0.1587593527225443779116 0.1600897601573148532061 0.1584552917998903742713
0.1604903694820774551211 0.1612070486860455453826 0.1610131564494228506579 0.1592808261429722593849 0.1590068536521797859518
0.1623620301122968012653 0.1660178670920240961983 0.1647584768650978137572 0.1672395777763377999747 0.165817778237555973897
0.1640889558581909157819 0.1687439914202877866423 0.1665528575001281874624 0.1669647210990451158263 0.1678180679999644875355
0.1682364967267482580571 0.1704950561002264164401 0.1681829409256940799366 0.167808029213008386149 0.1691157866550730692889
0.166358838211110526828 0.1706148342088132929817 0.1717476837086490959461 0.1710241799862369516116 0.1678637918477900170533
0.168652888596878824945 0.1739501602468906393817 0.1701762080436161062025 0.1715158249083982289207 0.1700039079697445998374
0.1743147789712695128195 0.1742538573280412450561 0.1743877817260978679847 0.1721760342901892393286 0.1730696427814098492526
0.1716091139758737782461 0.1722038886218903996905 0.174888697779537721777 0.1706050713958454922992 0.1733725893677649232405
0.1743274774589479436671 0.1773980817941587240227 0.1719225166206773125488 0.1755263391955134144595 0.1779992837676109274092
0.1761797086969929815314 0.1748151788013121987753 0.1773132029955913069319 0.1724640838672600318127 0.1753790145584912252286
0.1736448083325312086167 0.1748359734951680510839 0.1761887980537852893548 0.174758163643475572524 0.1762269722113742886904
0.1754026192853440357933 0.177166202726826316205 0.1750934158016370645328 0.1741232269237926733041 0.1760527372406388568749
0.1783592663650759579941 0.1754310452275979759218 0.1755177254439114764573 0.1781880197080175365354 0.1809006167677768561752
0.1764101639580274993868 0.1779307783213132654332 0.1761269168777101767898 0.1764037137341093464116 0.1778222719962767595092
0.1796181418006852492653 0.1806248421037805751421 0.1781834593160136204215 0.1778214436289132227564 0.1791630062411453672144
0.1802731447705800404968 0.1810253887038434927881 0.1800879635092621777748 0.1782737643863229470842 0.1798179316394288296266
0.1795778387856670210709 0.1781106873819919833579 0.1801675062875473243285 0.1781642124784688641093 0.1788026310616122604991
0.1780045186940745483017 0.1821343867645775771447 0.1799697307151642278189 0.1788411289552082616972 0.1806690472709586159361
0.1832164685383594338042 0.1798040730751944149546 0.1811597814578604914715 0.1776235272928387287639 0.1811290237305331340956
0.180201103665839773571 0.1781506742353570482695 0.1805024499238732371698 0.1792197764359781952948 0.1797889297688750886994
0.1827988733709756952184 0.1815958472274213086894 0.1790524014478595271616 0.1786564312673158405609 0.1785109270534599168467
0.1812819686039950917156 0.1795958117779286600246 0.1794740830183470803316 0.1796619611585849596302 0.1795801945606369243169
0.1790787713313531925863 0.183122184898150131005 0.1827727271777200845904 0.1798239590915942653915 0.1808410575055813818146
0.1805107576600138985512 0.1784305304069813136181 0.1804807000343455203328 0.1815443088278789474099 0.181641900316630772183
0.1792277322199531119917 0.1811506650280737262815 0.181029033529098354327 0.1800866081016892217281 0.1804904294504407480382
0.1808830211003368826361 0.1809657338900484413458 0.1799226478794215544621 0.1819771602281491096331 0.18135168857147662691
0.1826865120715346901825 0.1790273118523512674294 0.1817857728064249389632 0.1813028174705459127924 0.1841508753887378391223
0.1803771486457001749226 0.1807589814069541778174 0.1805040684325336652893 0.1832783558835875403759 0.1823649336638884788098
0.1794026735109831571791 0.1813465956614200014219 0.1784217886113017292882 0.1812904192774757727857 0.1831632524925645710834
0.1828080158531788512732 0.1795240789713120066473 0.1825488961582952540663 0.1813114403822582987313 0.1805964150392587175276
0.180502353417438393679 0.1829070681965902778199 0.1813212540220767166055 0.1828482279178306468825 0.1805669553709732255697
0.1803059357339477364324 0.1829874502981593542561 0.1825378996946985521443 0.1805027972182175755034 0.181902284563188132438
0.1817180997134467401732 0.1814887956166130467128 0.1826438067072952697867 0.1835996711003528014672 0.1788270987696847225124
0.18207577179363007569 0.183946242429855300049 0.1814893512233506367437 0.1839088501948073217651 0.1796001221215783316687
0.1819782322208981506506 0.1811721376070472011577 0.1836888810938757943259 0.1812131266374779059447 0.1808159084881764966379
0.1826506481381943158837 0.1824202714855405749184 0.1828535837223349835856 0.1809035458834833132169 0.1792421868844660537423
0.1799185148950069867979 0.1809486028787942180074 0.179610214427895098499 0.1790235158572790197251 0.1819328485048681831593
0.18088607702482573103 0.1798735785713003187958 0.182089418578264577997 0.1804179703330062167765 0.1833431351240805695646
0.1813798120355754051047 0.1819255960147170003705 0.1821346402406627540405 0.1804375809858861368085 0.1824627107770637468587
0.1808625281660765915515 0.1812618226830619572176 0.181882268853709505585 0.1815664532062264413526 0.1803570510578939578572
0.1811528450210847795976 0.1795879657224971059915 0.1815170775236062405966 0.1810383946608501992692 0.1805420688254238681392
0.1808714395524786411329 0.1810702023369403779185 0.180665078318980043548 0.1798295422223622208602 0.1794932197211192015374
0.1788652925128297599411 0.1799479448113554536093 0.1800882950802622783915 0.1803786831072140828258 0.1808980618549876906442
0.1806442431958379668533 0.1805310069839546893711 0.1795527298805238425317 0.1788107280478190286299 0.1785966827030018855282
0.1807916705154782588405 0.1805687390118798363314 0.1782762784604502159791 0.1790696589864139154358 0.1799994899127565772812
0.1783016577424759718795 0.1799392703605387222598 0.1796439883613987764654 0.1796297031161677160149 0.1802022155041491380256
0.1791875121078239652128 0.1802978432597082680822 0.1794934574362456181085 0.179586123467638220097 0.1803023798787123099796
0.178697510991621150156 0.1793442481379130537533 0.1773906392490179895205 0.1813649685299930092164 0.1797099462979298567511
0.1787084508005866712033 0.1780311498600178066187 0.1779144388992846270714 0.1784245466671581792362 0.178754690901982538076
0.1792545923964485865554 0.1778918042051464143416 0.1793925239718540398659 0.1790383972262888090388 0.1774822134374116622269
0.178246411732441434328 0.1793051350859307113694 0.1778113986201363405648 0.1776471526589769034388 0.1759021774842022545204
0.1773280964887245236827 0.1792284793453560176602 0.1760504003241383785827 0.1773445647113794099159 0.1779694681466768013678
0.1769767615583312247995 0.176818171088911679778 0.1793742498212496094823 0.1782551751545853324643 0.1780194039990118659578
0.1772175685060465022413 0.1765836945659076395732 0.1761547795207105138182 0.1793415665445352580321 0.1769803765332789990961
0.1767623659403055325079 0.17481712570806512419 0.1762087730374292393609 0.1777510731957111234092 0.1772707815538753783891
0.1777233426075567612745 0.1781929681960957301268 0.1772246803315519481092 0.1771459791315864451544 0.1764334960572667976297
0.1783865631485160863079 0.1765420777085864312284 0.1784315828754050037297 0.1754782325642651741315 0.1765178711624301177707
0.176564147465620657762 0.1752841620623274698776 0.175721023957075311861 0.1765653805794152320097 0.1757862299897871849463
0.1755284210114724241514 0.176031147063411108622 0.1759828714777409708336 0.1755103489120357906916 0.1775879811710905642475
0.1769385577513734597588 0.1767596436706539986261 0.1755312513836614629614 0.1763137582287401528003 0.1754305228392691873296
0.1762102154136430953724 0.1763500297805381533678 0.175309792574935646714 0.1759571650465316383638 0.1761925847949010470739
0.176000854894086844471 0.1757993857692297934303 0.1738240360068784851055 0.1723779912344637066379 0.1738902535467112542289
0.1741438146177418933025 0.1742863773555757833655 0.1740995607606455330973 0.1754062052728310450167 0.1747307137421538481004
0.1737888891814197422914 0.1730969697990215050432 0.1744673250121797913881 0.1746671941267519956309 0.1737619740125813383447
0.1730247610595484764051 0.1723613786434046724061 0.1750020248824841750945 0.1749302659027254236435 0.1753715807870091236698
0.1733662322251224574554 0.1732439841638899469256 0.1734938650490285283468 0.1745819172203676161725 0.1727291424519010187844
0.1760286508625892865076 0.1727388348081453639526 0.1730964273402951503211 0.1747666868508954418626 0.1724827806572858390766
0.1709651047843563920203 0.174975072649244861589 0.1735689984589003365123 0.1722693342140898531412 0.1739461650666047354274
0.1734094569248788297866 0.1714228961336360934631 0.173417066282414072953 0.1733824929064798070488 0.1734327238342004973148
0.1733551841092853540438 0.1740590127985181811976 0.1733557280379490195266 0.1722679488917183421304 0.1700248141320989392344
0.1727180061035796243551 0.1718109479226851421529 0.1721281177913984439254 0.1729678281396201944276 0.1709478603095234694464
0.1727078560550815988783 0.1716130016364895705117 0.1708867279486861179283 0.1707691814639379079832 0.1701630205351175872952
0.1730929516984663907309 0.1716801827278126579834 0.169782958534177380594 0.1705197960747971419604 0.1713403341461984530358
0.1698618807154135545989 0.1697636446997213277577 0.1702622960132924578858 0.1709324657822905157989 0.1698381422752472669213
0.1699721810839823765704 0.1715068395101863873986 0.170564113732259159395 0.1716067675796885128037 0.1710088765446702574469
0.1703505601128568747171 0.171159549811253780538 0.1708344349695531949607 0.1719444336008926765835 0.1725465202338247738822
0.1708753368186230192638 0.1703260795343299049964 0.1713411582990070070043 0.1690640736855624770563 0.1716341728627296114862
0.1707698513665793227378 0.1701153180724404856416 0.1692924386507489165066 0.1696470065366608992452 0.1732754010922732956779
0.1695270659478804176068 0.1701550914731257968526 0.1704770711437626484752 0.1711356493603237993728 0.1696005121860353070939
0.1719622548051963073501 0.1690187605191868780441 0.167980947895808585546 0.1693445877056652115744 0.1672861983394757501298
0.1687322578200552702921 0.1688574065519513611733 0.169941920916513750095 0.1696519817663989793122 0.1683221266333416177297
0.1675757435611343604265 0.1693238545553964191637 0.1700848662948818423857 0.1685624407530648127818 0.1689301661131944742866
0.1697070759277071461124 0.1691737355586275526331 0.1694071140992636226308 0.1679578639752926927375 0.1688658129873396585019
0.1676191477868280155228 0.1694853165675389017331 0.1677264004122447083045 0.1674708862930557873305 0.1677266440189399965277
0.1668100112683130187285 0.1682595781239992205336 0.1682018987424604428149 0.1681676114571376556839 0.1672200849104653885835
0.1670020748690738410236 0.1692737070730548631925 0.1687144669081405701228 0.1673370858641059499838 0.1669604076125096037142
0.1654197267395362547227 0.167451627589743523572 0.1664410415412742871855 0.1662545819931309509787 0.1678668523573513815528
0.1667835103472019853132 0.1685832543974244424057 0.1670157300567201019703 0.1682757493000901494185 0.1652119237266513329665
0.1650548277720510215172 0.1680725119139408751945 0.1673482137183670559466 0.1644164574909529885627 0.16818120305833864081
0.1657090497543109997025 0.1651737436967291583478 0.1662152819900155897859 0.1656204829852933602119 0.1662208403845351067929
0.166416634890709125294 0.1679650921414878039784 0.1670493006171617778044 0.1641781269075772708987 0.1652503027528737788998
0.1676171640547113872444 0.1666723195426593195911 0.1631585479182518227947 0.1649807348174394672213 0.1663977942008618704506
0.164891891546959656889 0.165404753493434336642 0.1652474493042328795855 0.1651054613746277544006 0.1653163835966426076229
0.1653889080462972449581 0.1650715097676733467136 0.1661078924508317122832 0.1657644167547690505771 0.1634278290850814940871
0.1658510276593825050195 0.1646134102701394541501 0.1661584363519209572857 0.1649395136634444203327 0.1634411531990031529737
0.1633871828747762433576 0.1640775680709065653673 0.1637206049456433609723 0.1649028162151147669512 0.1636183350582072482116
0.1649576403084417330902 0.164009258671635210769 0.1650704709224863619976 0.1645446799633655532435 0.163740856855183386509
0.1653674352889601129046 0.1645720144152383601632 0.1635142985946193561198 0.1642256956771591946964 0.1643282713850744425343
0.1633382474977490284029 0.164836102167072839908 0.1643217995329016301032 0.1626895399090212412929 0.1620221212574476099544
0.1632230943763319230833 0.1634477910104391862323 0.1625628764040605578334 0.1633139113038321044158 0.1624554845257139557013
0.1620964306598586812669 0.1646087543031860001008 0.162188029174181819192 0.1635825812127567335796 0.1620627185379651669095
0.163373720052660958979 0.1632148289913565863962 0.1623003112495382260771 0.1611162036888807436164 0.1640631675167416592132
0.163484719884791657174 0.1633443994322401060515 0.1627059846908449625147 0.1620551004511475157166 0.1610773699825275018238
0.1620758561409062770142 0.1641283094778189510787 0.1635373137467523441124 0.1622979182078470028472 0.1621350195029598040275
0.1631573567564509052996 0.1623011019777467200953 0.1630044669171770432836 0.16266516554740526046 0.1626742342389257411917
0.1604845005516397360434 0.1623404385065493893414 0.1626976223710157598568 0.1643680362630726143891 0.1632413741910790916378
0.1611608064443685595091 0.1617074643641404352312 0.1622132499533106564371 0.1623098866787546223911 0.1618394048188742107008
0.162842540928969659042 0.1607145732185686071158 0.1603234400214146315733 0.1603530730230925682722 0.1615005677695117158876
0.1605726895976731238846 0.1606841861824576112028 0.1602553726535971834188 0.1622086362935203363023 0.1622490434150294646987
0.1607774661178699437958 0.1588998360339275439657 0.1595126552457007129693 0.1603620135524838341556 0.1619708821278630639373
0.1589331572055558972068 0.1615622288554624252921 0.1607620743369499449749 0.1605456118930005948719 0.1605781642852145418843
0.1613090592983516535774 0.1614749956132306707435 0.1582442514905767483313 0.1588547383282262193127 0.1603941611936058053711
0.1605746653688892577883 0.1614472281127008190804 0.1601705733331702241617 0.1588401810271920788775 0.1603417609489398987233
0.1589633349584586852199 0.1590110555212290721627 0.1600030513241567642346 0.1616085103430488500997 0.1587802427783380210258
0.1587376105715917751215 0.1577470523350498476933 0.1590980633520048259655 0.1606904041401019944679 0.1585920663117042217483
0.1577843139717199083538 0.1595279855491206211227 0.1588960691256182389264 0.1591326763318038628459 0.1592701147032031805395
0.1607854606355709758958 0.1617902690269824028668 0.1588234027307124096584 0.1586260399193990255906 0.1582394692148766102147
0.1593687813867551150704 0.159435593471486891648 0.1590313220404767080574 0.1598677475079819665371 0.160086375638633288121
0.1589599840186433077349 0.1590120497509817931725 0.1595083359382971910367 0.1571181140365974782114 0.158101962717525829083
0.1581290242792900146984 0.158103016113279176702 0.1591583682410231959103 0.1580474548644501819883 0.1576524413295843085603
0.1561782862501674418176 0.1581344352318592161311 0.1587071574939627749412 0.1582955434231263502909 0.1560495661671569000983
0.1576777275042697823437 0.1567818570840446845693 0.1571058827186490036709 0.1555251983717216845982 0.1574754339057787277945
0.1571917290707564029972 0.1579692225354894230538 0.1598724908636450225963 0.1561481445266060807953 0.1569331490258329686593
0.1578590589776249220044 0.1567100946758565593875 0.1574004597222265766643 0.1594099231115659598412 0.1574508390437954763463
0.1577586396345508068517 0.1574365145440015378853 0.1571511565552687894609 0.1573658698738758798807 0.1562603860036596015171
0.1584607792786335289659 0.1576497045480837189135 0.1588767076606023287422 0.1564573969111258955333 0.1563456903460772318137
0.1575900857231587182117 0.1554530920304654784125 0.1567083785845052312791 0.156309715605751187173 0.1563810359924027726386
0.1569196511870987464921 0.1546828317657744922275 0.1566884284587153897128 0.1548898803582771377396
