NaN NaN NaN 0.1558263063332702980102 0.1310406692028397990235
0.122195711827004754868 0.1228604411502404875067 0.1267988006473252382555 0.1272257568133380589703 0.1668861563015046622915
0.1304710250920363134863 0.09111459129025421821435 0.163254058467892176898 0.1687571690039793292915 0.2068809468161558473565
0.1598640094554431845264 0.1521085504479497696462 0.1158836120731261271066 0.1189455987086908833605 0.1005261328776324430967
0.1359209102353542697461 0.1193703691707242442455 0.0750215273985345293406 0.09795374219234634360909 0.09634459406011283699733
0.1877082188180087540808 0.08168098334183751529913 0.004746419913889136227292 0.1509275667538082510433 0.1342557799949994912225
0.07139304395097033351103 0.1469518911430402474672 0.08540794362831155561722 0.1738872040769770810353 0.1492223514884648827294
0.1301459776933808487609 0.1408982019149949138637 0.07593605811066200805826 0.1454476073639513755698 0.1060551296774689122859
0.1170573585618258360963 0.117636721084262096948 0.1208647190073709465352 -0.005468965812367934317684 0.1216754960376078970041
0.1207029568282542431046 0.1414153186230361070042 0.09687240202270465394552 0.1522518905200561101232 0.1664410203006748134591
0.17127872470537797156 0.1511080198175426270168 0.09094613331047048110367 0.1871445746750071414954 0.1211835737477040819687
0.1096730524152314950603 0.1744898563778989053485 0.07582069769485570709389 0.1607176398510316572832 0.1204260821158697480904
0.2065055236848078457079 0.02702205756131879216264 0.2041326061322012996868 0.1075251255369144287588 0.02847353225423511491332
0.1423313980553470303736 NaN NaN NaN NaN
0.06582070399567414853426 0.06681680249814862804225 0.06798492115942482427737 0.07829732222062472934976 0.08082855269087738103728
0.0796083174353660466549 0.1001903068294543036609 0.1123796445098318858014 0.08248067798765496005942 0.06353868340823599913936
0.06302104979104504456355 0.0652056366461821051983 0.1677555523328891351476 0.09141703153706305651216 0.1149011444459468594959
0.1176569186479321793559 0.1244290339383922056049 0.09630056905590922422533 0.1145367272115862672388 0.1242778377220002394843
0.195570292465540834792 0.1042576708981207828097 0.1155618733548127302635 0.1189980335540515715698 0.1411938214247046297078
0.1519117308477309913339 0.1588474351268870099485 0.1136532672330357041091 0.07504428256991386991803 0.1225772421340036166804
0.1192845173224941907053 0.1426913275641328859855 0.1565966886684761194548 0.1013442041647779068292 0.1197404246456457432846
0.09031092445515646882637 0.1554892221165575794117 0.07058125900711917366515 0.07897273875584168156827 0.07714195277543603457282
0.1476964295519777314869 0.1398335519115441460958 0.1694276441182785419848 0.1650719448738314221181 0.1750451650211364007514
0.158305470982786772316 0.1569449895982739096034 0.1610285426338841086036 0.1563321339533361442609 0.1410717424751964932383
0.1497116954395513732656 0.1683913075268101133819 0.1775997395018444335868 0.08827534431655838231823 0.09659397873921544974696
0.176173916473418568085 0.1448228556787392040661 0.07632650330804313654198 0.1429130362387339980845 0.1082537766910490611982
0.08300641608618548883403 NaN NaN NaN NaN
0.1294322689621471567101 0.09880516430289842944035 0.06893520073099039524589 0.07694681131577769950258 0.05366642171509341391333
0.1400139516137427486697 0.07437926764659745504371 0.07683234971408013647132 0.001861390597729796741316 0.04618809551631030546615
0.147970747341110236972 0.1485301090159535375435 0.1101076785045286693387 0.1528251225357716014397 0.1430518109683913685615
0.1469586099536424883549 0.1523887520133341277884 0.1740632175829062711081 0.1494587952636190208988 0.1705761102010207308499
0.1245627372136913074696 0.1233002418782441628187 0.2138547892757557133958 0.1793688658990711948249 0.1644839905896590404044
0.1534519225473338910337 0.1998249593217594766159 0.1375023282206541963557 0.1554395380941595850022 0.09222241348940664329437
0.1627768669528679712499 0.1265299973481700812616 0.1770037140056338054173 0.1238885630857168018704 0.1508706645307089089236
0.1319990209345826004395 0.1245383205569347007113 0.1609441322656548767345 0.1858038435278185351862 0.1360301571671539977437
0.1459390307915927054161 0.1598066175533122135199 0.09300943033504857626603 0.1522133030280818644098 0.1339480022947062143324
0.183127413963073110148 0.15659030267376966572 0.1516859542570362928693 0.150701906673538249537 0.09260986902231517492456
0.2004243198901696776382 0.1525963153582602371827 0.1585089528289447546872 0.1268197915918243545708 0.1416029826187736873067
0.1862560426135835833783 0.2000604921473630171125 0.1223719807735136749782 0.1891057900610383646356 0.1309730620128362055254
0.1897736727523986199895 0.1248921037868619687838 0.1362071733365203818344 NaN NaN
NaN NaN 0.1189173147198483437847 0.1105602399343176278634 0.08690478403951823471729
0.1516077816891740759342 0.1085502467803621251541 0.1626139533774860757021 0.1808707501152917729303 0.2106143763409741298531
0.1228165049000198155715 0.1677686047287190451716 0.1807336063741989407028 0.1549531631228742434292 0.09270497781066530662564
0.1284275415738992121018 0.1801934209575578871299 0.1906785157782210360367 0.1537142396287864143378 0.1745088040204072488137
0.1510898865272377322722 0.1601924203457195661215 0.1800043442789952541361 0.1427947097715617508218 0.1325094146106694514842
0.1183646986711707205231 0.1570853210585896886364 0.1504047145371142091275 0.1919129497846459864174 0.1212044095804219040469
0.09378263553230509197434 0.2221340324885520411957 0.1902352794859939744132 0.1833757434649678497163 0.09619562879359873364127
0.1331537199932500692423 0.1342849786777609577548 0.1263631041036778202002 0.1639996840765892416325 0.1762177173355279069522
0.167238580615627852044 0.1797412223234230721491 0.1900265390883153771018 0.1066323254028010841798 0.1919169010475939296523
0.150217701965701500022 0.1277757273798212911409 0.1118891022393911777177 0.1688696103999703934662 0.1476271087962367500879
0.1256853084324421609974 0.1392528143419664576896 0.1434017689155132890821 0.1817797641359348015389 0.2024859833465899039417
0.1794425387397492188679 0.1266766516342822390673 0.1701649466994031578704 0.2009400090976436181744 0.1256596995464833443901
0.1490381356005288093769 0.1542221431992686908607 NaN NaN NaN
NaN 0.1813330940254359036068 0.1658619935750991758461 0.152868024381216133234 0.1392137732433051389158
0.07797666777663139758836 0.05043592857781915850257 0.1056388312423631736792 0.1481273879052123487732 0.1313640702174026508864
0.1126184060239876494336 0.1443122308196459757657 0.1437790471425901273061 0.1489332320357300842861 0.1879812502440927068914
0.1547833649857471571831 0.1749572024449319307404 0.06451328490024142714443 0.1603677047320144488651 0.1393095718584879127988
0.1442306603134128062393 0.1537365273794194242551 0.0556575269881852338627 0.09544914562242572120265 0.02519063177984598445036
0.1350193486468591885785 0.06343745737231223924546 0.08266009957405684449583 0.05713441206739561933903 0.1439193861125768747478
0.1412624205073405581068 0.1256429683943567077176 0.103115686289166466616 0.09029329544423120301744 0.1090310584880246763673
0.1018596775502883106101 0.1384569445199375636868 0.01394769089487416131867 0.08763270559369824852514 0.1107887488443561191387
0.1239809408830316872496 0.05621924352489651027787 0.1058620407829352211282 0.1529242670131669701306 0.1391282427521923770186
0.1549318560194945237907 0.1046825298206482818264 0.09980043144740613492161 0.1262791037609495570226 0.07105587588133763232712
0.0457811850319658555919 0.159063400551983147313 0.1440138791245053340173 0.1142982281213546363885 0.1219750757686070968822
0.1037291535925634611282 0.07574320184997167249019 0.08315642381110480152451 0.08171333885471293578817 0.02720645656341210555373
0.1261468138832502472457 0.119704967347916288456 0.08839289301594183134725 0.1738536140031347876356 NaN
NaN NaN NaN 0.1541916293339302967969 0.1231434892284372223381
0.164443402206659011755 0.1525705589549083418532 0.1248800132382929389818 0.1361600752562166782855 0.1596007199861554926024
0.1734017874574122763942 0.04532628776525708669265 0.1258830285376568713929 0.190554305251233263574 0.1529389494770390101053
0.1491924111001176889157 0.1437885373970369251584 0.1463506236738775778683 0.1339991203421746768232 0.05678679284544145555724
0.1478816074896601995281 0.1155740526177295723897 0.0934443540605151973244 0.1675583319444792218533 0.1504641579035661813624
0.1650636331580336291225 0.1991124339616356653249 0.1629859159576597660291 0.1572074276447404106438 0.1754311315225853540323
0.1714357160004760793903 0.1591399392169429716226 0.145412240214153692941 0.1685392690783650282427 0.1130356018085093977588
0.193089370975304430722 0.1357970337289535200931 0.09731507889336743488684 0.1832169470681965783854 0.1393320443542550857163
0.1450545401595030314823 0.1631763012603689166902 0.118113475003667062202 0.1087531074467490282975 0.1488785210095675548558
0.2233280357346981437328 0.1225142630345086997012 0.1623298408090700084561 0.1008562269632506530614 0.07663621443399928900853
0.03778464041434418524412 0.1612619953854788901193 0.1824032814365948995672 0.1719624691629463020259 0.2158473858364751418737
0.2003034353102490783272 0.1584001370898679983412 0.1293000282598297245862 0.1336602960068392909054 0.1779666684557465183847
0.1606805749174422814907 0.1667934184733944336099 0.1034635159855561148401 0.1365293941871701666191 0.1686626702055155080373
0.1139939646678210932729 NaN NaN NaN NaN
0.1624098069053004633755 0.1362449945924103233974 0.1521842746635762300134 0.1167820217797488069333 0.1331642731501688492468
0.1107431770630718098625 0.05408245868980603165976 0.1844404131033850202659 0.1323022084727041025598 0.1124151036126309760599
0.2108532213427925239291 0.1645909923028738008899 0.1593552423967786457748 0.1595456385921573128073 0.1560285175765329379605
0.1439866153079050470343 0.172756905158001128342 0.1752510360475483530696 0.1465499730363963581947 0.1017905655609832871189
0.1484387149478143264059 0.1927370986384758788645 0.1676555373365126444529 0.132190771990619931886 0.1156132261824510676362
0.1072747050422619002896 0.1271862040795982973229 0.1448980234356099794368 0.1257965908840255608858 0.1403456930106207756204
0.1993560512563640474415 0.1316058788054706996107 0.1640072433619111369474 0.212359399362488210361 0.139296056116812644321
0.1681876458854946743138 0.09699548252847779716834 0.1654441742194588671477 0.1102933808263110715409 0.09690287354468191116652
0.1495560545500829729981 0.1200424743202942318154 0.1109837330280647182956 0.1425313686887830499916 0.1027217365828986123111
0.111076869583159903998 0.1485726393220253016558 0.1079903070139155152329 0.1798945255696409173396 0.1620577888919029208026
0.1416811910946221275687 0.1304385659483839055017 0.1856647715880949678358 0.1812444743143331038482 0.1769790689296164565292
0.1482488938472034667448 0.115867984508535359911 0.1244466730111712382545 0.1227622599665879610242 0.09291424767862870026658
0.1662532740947845755208 0.1079334373719594980523 0.1375395709734263949287 NaN NaN
NaN NaN 0.0903651577256595894827 0.09550324356936361336334 0.1018220085359498594535
0.1837271432927889414088 0.1317482719920992084717 0.2310154196108659685471 0.167208624151236023847 0.1343461299997004421147
0.135157927536896510512 0.1186205568223897000024 0.1591553774351745220716 0.103849540236083517919 0.1483059558405803168846
0.118487750456429619117 0.1379399624114894251647 0.1329723705926415255885 0.1676338876742105021833 0.1264189608530078556825
0.1547825025258825204499 0.1677660921040955988026 0.1479302678693868444704 0.1087045559983566556106 0.1348498719340674445455
0.2032329806956140183516 0.1299506383645221974099 0.09747443239894187927419 0.1500948240953619283733 0.1210427938981307044441
0.1305682079286625552061 0.1713326267889744292106 0.1185224555478969904465 0.1396400740193091960517 0.1600612924394921310345
0.1782559490730955820137 0.1923188966975741265308 0.129719892383317048079 0.1547529600746757327823 0.1322725212121453330916
0.1575751524064734898634 0.1498800816979578565125 0.1437340358877129686821 0.1352816061289353055663 0.1694382372737705810817
0.09918857728630979531115 0.1408882144832592497874 0.1684004157474401353056 0.1589347061490102852588 0.175510071194116129556
0.1477196151772508514455 0.1222482465767417147973 0.1518250852818580076686 0.1044828759106175841698 0.197825480515715829144
0.2011192758814494552233 0.1833987990517585431327 0.1396316146042214656475 0.1562792133682297524011 0.1148170701112313507597
0.1424205897365832529378 NaN NaN NaN NaN
0.09862314923264589583418 0.1158814202724213482387 0.1397474396608713309575 0.1237273331443241308758 0.144697290780158943635
0.08569271123891884778256 0.2281566874317378090797 0.1810991095700252573319 0.1866789347784992003643 0.1916622188116859915041
0.1368943070044653376183 0.1971300164670726773331 0.273309124693809024631 0.1663649906816029866441 0.1788336352745441004686
0.1690830474150568085712 0.1338901226396890797865 0.1868946519581392295972 0.1308599613831306074374 0.1367368364289066606787
0.1201395385164587964466 0.1531189399656412153394 0.1708890964583097138441 0.1774411026652899792122 0.1786687760627850563022
0.1654369444691571322537 0.1531928835592079041206 0.1573741091211169063069 0.1810057679124800200654 0.1108978805897216507459
0.1811173656483994476307 0.1276531845023570754805 0.1585388921274834828079 0.1114121877863130105624 0.1445251432387228696097
0.1508202895976654411836 0.134505421662266810845 0.1550095719703067365103 0.1380497846870482603343 0.1747089922469069744881
0.1467961070635272480267 0.148144126151779575995 0.1509653434541004812797 0.1489250337965525861073 0.1578777833933718566239
0.1721482757034713262367 0.1577190807624708202006 0.1857493903121046341376 0.190951831272605510037 0.144644913384545326096
0.1890455708868581385929 0.120304373006878129182 0.1727344313809520970349 0.1715037198154639730419 0.1374521582565376709439
0.1559872651421601863486 0.1615432256472413841131 0.1495873103325544017927 0.134373179201562636953 0.1462630778897454630894
0.167372613570643258285 0.1617248946350053062648 0.1578119210442392728044 NaN NaN
NaN NaN 0.1352461874524415463839 0.1325992472419854351084 0.1021857367767563529171
0.1306983382405342009047 0.07013806392087108820821 0.07723224596722015611316 0.05959640428191827210558 0.1610738651207054838999
0.01256497881920421062774 0.0888733953169308643627 0.1097244334862620407378 0.134693751952531720617 0.09566070551248456732552
0.03922447669581691220841 0.115110465579858434193 0.09082166612361623758698 0.1525283501961341714459 0.09868897422445092881826
0.1070747719621480270602 0.1334584953236483961803 0.08582096204521563742595 0.03295446014008714119559 0.1500812102814985671273
0.1178770538334464601515 0.1555660458258502631956 0.2158211273857302547885 0.1087962481279221987895 0.1129962669543793096771
0.1892242095555272396457 0.07521995946796154741687 0.1045480548971224193933 0.1721827837560015728169 0.0624461819315363861338
0.1302314557630099844943 0.1213913767805127469357 0.1430161000097391610364 0.1565342211318317966473 0.06082751035979192671954
0.07990624914629866626381 0.1453274448030553722688 0.1225710404178645546169 0.06921446003285296189045 0.07901842492800688344534
0.09437461304299865627598 0.1161892952440737730724 0.1429302197629309101323 0.09931481586517809656556 0.1709412301689728075349
0.1363525292350448447909 0.08967399529249767131667 0.1011764938427566068446 0.1293251586273005127037 0.1604216178679893078929
0.1774442151450412452629 0.1161588424437744876405 0.1125212014337208799031 0.1688838370850886394514 0.1708049126063970746259
0.131456316293404873452 0.138711791963246205972 0.09727779262453871422789 0.1571442131394711616554 0.1785344747690488231839
NaN NaN NaN NaN 0.1770512803196953310891
0.142921298207490693466 0.1848230417705654382576 0.0824838611063149346192 0.1761136617184881902887 0.2015138313420770099782
0.08556253301063251881509 0.1018299338122380659488 0.2188467213491065710418 0.09453341751667890258126 0.1964641225445211969447
0.02329919041489883144158 0.09478316727623296855665 0.1514004099265322811352 0.1404440131038106609473 0.1051406799792107271685
0.09871045202643027871581 0.1320438619918309353096 0.1327954499220031225892 0.08071472516633768079508 0.04881429287678349521196
0.0417643270602897492827 0.0593483150123549074717 0.1484161460177001179428 0.1663089510369749890462 0.09588821867855529257341
0.08967919124546251674612 0.09281586161533383894096 0.1594278250590190904035 0.1186422337774223761953 0.1003019099796979840544
0.06747057004018901238407 0.1589958295423071210628 0.07836893108723400058757 0.2015432064528688282934 0.1425373765545839277458
0.1417440145577151533463 0.07292616781581741369767 0.09378433377921607805305 0.1383127949937012213244 0.07862124317594726408132
0.0802249653978547166977 0.1013656462615302039643 0.06554340503382904969953 0.1431410628565562837 0.03448043171688007502151
0.192166290258802913149 0.05834416710405597450428 0.08644863262641451495671 0.09133497962539716130692 0.1510356822187693959236
0.119586127684259954651 0.0954777194807407414423 0.08426006968850738299004 0.0828393220819737541305 0.05615935224950552306922
0.1480271657379297889356 0.08143239130291808625106 0.1238437346844485642539 0.1808163136035208229391 0.1297645212429333616555
NaN NaN NaN NaN 0.1135947216241781354551
0.09160855187340460892287 0.09580476791575916195587 0.1303248578219143305468 0.1374120448112014780673 0.1693285649566099726471
0.106863825417102403792 0.1877388104959525627624 0.1327246851469051081018 0.1254184013500222183435 0.08745647731411697323178
0.07367220782084925312372 0.09376221365244594152522 0.1232011278693874584134 0.1320812302509301039422 0.1504221623649824868263
0.172666887467750773677 0.1287766371231638673489 0.1338907701495782032186 0.09003945566311000181514 0.1374600408463057810149
0.1390025674905771280176 0.1344624316570640631952 0.1858007610407552689935 0.1615342970349402385022 0.123484910559916824524
0.0815102864045002817317 0.147219269778004757665 0.08980473642053386773565 0.1098677472237889196638 0.1107587994019219729269
0.1135098849955126359967 0.1570294218456578516641 0.08941948273429781157695 0.1451744798393429791705 0.1347493502467502768383
0.1553955349605760927201 0.1452339438512359193201 0.1360538350270420471233 0.1505313161351685413702 0.150730739471765823323
0.1437308840045689595222 0.1441316796740774452967 0.1519206237137813164662 0.1993161470665041901107 0.1693051535858016987124
0.1320846516205916865161 NaN NaN NaN NaN
NaN NaN NaN NaN NaN
NaN NaN NaN NaN NaN
NaN
