0.1208628038782625646608 -0.09630029401643887265738 0.09732271163015945858454 -0.06284634653712185825558 0.1273075391863515148927
0.08201364672027977587021 0.1879726541615203139202 0.2099173030320727051379 0.07906194478809749903725 -0.08368543767539088351626
0.2000869352016927948945 0.1189181982857517166918 0.1376462231841918959496 0.2212720777948500860965 0.1494672790738544032596
0.1781709299802086421405 0.1755451911312849999636 -0.1124826742499450971113 0.1679402033740031996434 0.06167590654563172986036
0.01301403658951068471883 0.175388296784772107495 0.02986049296395240984503 0.05689482075745384143106 0.1063337975241973737406
0.183480375540668483314 0.06349354725797844156698 0.1539522698433061498324 -0.0574006568965058847076 0.08477540748260621594756
0.04483208665002041265479 0.1215093255383563886074 0.04693271042917702973174 0.1386652365805670916732 0.1824394699753530968422
-5.961627294443960556119e-05 0.03614466392740615929835 0.1000768178225222015953 0.01962097650363532272411 -0.01523570994679441029107
0.1796736606592915785896 0.2203388361810421081088 -0.0004557102438860436430593 0.1651607703053126485759 -0.002741444329817844041686
0.1124461005898754750731 0.05967467777877814155696 0.2633385273639359258624 0.06689232618485635439853 0.0967912434700616275407
0.1253857844456947034928 0.2094813677342970692496 0.1239910471218447357566 0.1859979969173530811588 0.1656440381457080224248
0.1782866120948726207374 0.1437072352049403589636 0.1383857500617032831869 0.1264912672500312085244 0.1591915222158621634474
0.1503873631120714315923 0.101826214112426816083 0.2277537813006967060137 0.104701714281289326447 0.1394683811823866914636
0.1296934019854099340296 0.1528990115050100351279 0.2478048857722084108435 0.2004745824577780499709 0.2123578575436956550337
0.2087100945261075313208 0.1778949751312279281557 0.1584364383999108949475 0.2188052768151640958827 0.2262726675931759356963
0.2217026888017196994962 0.2486816690373555571725 0.1048867331048155687734 0.2145117617823014688483 0.238543426913671086087
0.1003470448077836002509 0.1522777219988150076979 0.1814328036795853915653 0.1577570459500671207209 0.1533759624517916364539
0.09382450694645938504834 0.2426637652756628849016 0.1957750479613051541872 0.2467705538158262712489 0.09203191339782117175172
0.1459314513232123355913 0.1824386611880013664422 0.2346640073064979459261 0.1801680057951985935993 0.1421794994075286366897
0.2435583924266036259798 0.1189042791229130702213 0.2292401390760157031679 0.2208394102894256638692 0.2213718749191760648554
0.2080525322536659060813 0.1965359521042637780397 0.1792174358543728585058 0.2208447097546276660651 0.1965862121031071718669
0.1661311851058768773726 0.1656130361576293730241 0.09466968090613300801373 0.2192045112610604140624 0.2344709710413548087171
0.146973289815804097902 0.2376142678878886971283 0.2013142111608336448647 0.1755742156053351488154 0.2266127732024780516706
0.1929423186943738655064 0.2302710400510414867625 0.2772074125475282313502 0.1630011141103219207693 0.2181313711650740561065
0.2680144195678276775041 0.1585240563741306119017 0.08403831237605358106535 0.2460403363439785107136 0.2680234394930502972443
0.2007014338403007303047 0.1286167295055079817789 0.1194979890838326064273 0.2399013922725010128367 0.1647892026300084022949
0.2763081653705249940423 0.232891113013404676968 0.1836745861123730838571 0.2216838112105305180766 0.2440914198042279104062
0.2333836938696426666073 0.1363112513145082194121 0.20119880641137749544 0.2195285662885251010135 0.1304661060033156239069
0.2135474124905142878639 0.2389000689080754136207 0.2109758407456238937794 0.2158197958151542306116 0.1939206597553269073586
0.2370314968607664107836 0.2326466770544822204592 0.2224850880013173604066 0.2124428521743770004182 0.1801583364562456823776
0.180981445576218979987 0.2153406922657841449098 0.2254255004827046549032 0.2444951622011282132974 0.2081036404836358322257
0.2487569350203758800077 0.2152786112874794932637 0.2292313690660344183136 0.2311724797488098614995 0.2081417507404572098118
0.2336405856296033811681 0.2619770938775393687159 0.1768778175098735805371 0.2529168505028835389759 0.2121837435133271942966
0.2119255436301185346881 0.2147007982618044652501 0.1933409727320194448907 0.1613643766166259208017 0.2177383620030706457005
0.1906039096296144597087 0.2334569718062572962758 0.2516034471584303044978 0.2369614502240399156463 0.2250703196385280269176
0.251289180889457286483 0.2142863291122309998826 0.2633622446500092917354 0.2383121550823749101866 0.2162393949709164597817
0.2534380596426803466947 0.2490051314016024919251 0.2134920188801857632299 0.2113351317123170758361 0.1531512265252592819298
0.3206066006515749799988 0.2639770715548707125109 0.1978399555476877957894 0.2011438173430661890961 0.2410823180408696031485
0.1992857080378049872138 0.2783738825362211399828 0.2433619650297664249727 0.193632090874796408686 0.2345871833325407773696
0.2645639374312845348847 0.238686759478949905855 0.2760401010192310433666 0.2066980633743806528013 0.2372873541435719935144
0.2497279682807772294151 0.1683452720255370071989 0.2388054529472399267753 0.2219865848672990527035 0.2930640945167243271996
0.2382506588259188651246 0.1780262704531087591953 0.2295133864758877872969 0.2726716559964034169994 0.309646535863736138694
0.2514584399124241143042 0.2252863352756872827864 0.280576427579520837341 0.2526055484290253838608 0.2756413413545392154802
0.1829758855026095698548 0.2189256448181639835848 0.2488079342545504724082 0.2844988324730535200757 0.2803675351857951580925
0.2234657313293050007186 0.2939844019752799741951 0.2526707574297626379689 0.2376768750963700327361 0.2526701068753366974384
0.227097001050255486998 0.2022721727843929673263 0.2142537317956730302804 0.1632811802557474767372 0.1712747515797969355411
0.3034186896297710323012 0.2737661949919919512908 0.2112961040474801710509 0.2501198092091442282126 0.2308808468044022121912
0.26605779545850810619 0.23883294330631898994 0.2550268447944199490252 0.2312484040545994268268 0.2688300840984454986859
0.2051166235352230859945 0.1837983377714515476065 0.2364253816990856682523 0.2323969790510910238268 0.2593343736101117458226
0.1684575032220763934898 0.259686396263389518424 0.2054559357244821748978 0.2664261739601634926267 0.2229639073075159183546
0.2192512378373727699454 0.237889332181020651813 0.2427499959518848449136 0.2135090515048435055867 0.2550934133688730343081
0.2861728272890617374991 0.247801824820716165565 0.1777873489215172631006 0.2605807722067423615186 0.307474473897219546803
0.2231784079701818468422 0.2428545028972227681763 0.2585574054890829032161 0.2339937361034836460494 0.2884816005380730907781
0.266414070654479695488 0.320618119434835979753 0.2934204533794895763954 0.1683670681509213118421 0.2715400942126297567647
0.2393644921262212676982 0.2752029483972684986703 0.2581620635604152669274 0.1448030729223423462848 0.1914291979481925198847
0.1589951585289331725814 0.2836443704299248524947 0.2462797833541384429079 0.2660354886524273210213 0.2754477826183781563607
0.2351759004995222779311 0.2127586633102581947785 0.2276153264758305205806 0.2614317513074664867112 0.2855822473613641721002
0.2841491812253931770194 0.2120146889392018341169 0.207167212501426667437 0.2173845317783739405915 0.3115744492924815700619
0.213109582142804454552 0.2575212509424077977904 0.2919245783492670498482 0.2571889446720833638516 0.2505072811435712920591
0.2830445932210888804192 0.2575505471399372470209 0.2568682312251203136988 0.2081215427722440391989 0.2064449713362736527067
0.1907500423066527672766 0.268873328989977455894 0.2672523858875327507079 0.2706134315357615616193 0.2908152263643568602447
0.2985329342709930888766 0.1798250150288608628646 0.2239975508661879721739 0.2471164541190365715462 0.2409182949049983868406
0.235551885129780702588 0.2707923679681160655797 0.3114481142112472400463 0.2578083311003734334754 0.2315315699175671815269
0.2854516892332559230283 0.3038635582998404083277 0.2574094576884515261916 0.2399160728624932237274 0.2454105530641523813529
0.1483480275406748871703 0.2721599821675412811395 0.2818838606789256795437 0.2679434784456627416382 0.2758996302686542723137
0.2573174075100575497466 0.2856324084062368262593 0.1886169193588341508327 0.321711802908790700517 0.2041753348329519157645
0.2713530545556192552503 0.2485343720413308588046 0.2181447501853084891543 0.2815277937001507968517 0.2421113946369769509559
0.2275332048969830600615 0.2285290268236562782889 0.2053039063794713514621 0.210553686253605071288 0.263975479429834514189
0.2570626393783843055552 0.3067964289366422736549 0.2727438281331439617894 0.1731273311773313394735 0.2799758867563564290748
0.2513979668492960506399 0.2376977212259898664115 0.2683631739513637204375 0.1992810121310431836772 0.2058329730200979534871
0.2492045209637153146964 0.2783625910773624423378 0.2463341824577814087593 0.1796015480406568387561 0.2744567020427744474809
0.2944442325755743383731 0.2554069047684193738412 0.2187755233020741707506 0.2040882466534602590613 0.239897852047925408403
0.2963734602894065317535 0.207366884868609518966 0.2277316391081344870706 0.265677435168709896729 0.2394042734558761431618
0.314934256753422070485 0.2062545981962927432729 0.340235208717994452865 0.2705439308739704951101 0.2690956346650778541196
0.2227308811787144515737 0.2626846346722916947236 0.256830898447262312434 0.2692194816368862486655 0.2330097472281362214197
0.2402989737560409511108 0.283888598129573621609 0.2530149078956731578671 0.2692724909176439918035 0.296476836054984760338
0.242503958713684603099 0.233400931796870575452 0.2047861129181725858839 0.1914108734277391310474 0.2508582178441407517511
0.2515982539927136274471 0.2625855909767617624162 0.2874310896405489756944 0.2607349149724655923421 0.2546399366390291740814
0.2320693135746298707556 0.1964641286010355147873 0.2585373656182866630715 0.2227137856688063966004 0.2658060194158550770815
0.2750928777877298947452 0.2200570339745528958275 0.2283792265310756464114 0.2966985107547621125512 0.2945843375920197959594
0.2803745029414521638955 0.2663345697226597863505 0.2459491359950136402102 0.207704645610432947489 0.2421798492225305243775
0.2482233188121527878156 0.2480705917551407346799 0.2277625623419314848661 0.1590112848265527456526 0.2604846316256479998863
0.243749814993927893525 0.2496545589086883454311 0.309592154782215911446 0.2617304839200704780211 0.2753806129559714932498
0.2483082099477037230084 0.2349695880821041638065 0.3054466728042869450022 0.3028641531193334568428 0.2207639116066974216412
0.2348537341004921230603 0.2796763140016039206337 0.271824618311429289097 0.199751233508211445411 0.2504278348595871395155
0.2458050058692052286524 0.2876638522926439067717 0.3019180153568311042456 0.2699451744142045694907 0.2480078783896959293553
0.2650327472676857198941 0.2852513536758399803617 0.2589120814148833660262 0.2486589753987703543814 0.2677325678672224373855
0.2576912975110987602534 0.2688454244649747248985 0.2338232117536266363444 0.2686323763119275453981 0.2700873103840588096425
0.2667952308521709392508 0.3135257352495763316647 0.2627525977268596601988 0.2634148562549931682497 0.2513104923959278425016
0.23996354478767523144 0.2223378336767264096263 0.2475071800964480372986 0.2573306562840916855706 0.3147181693576853733774
0.3049696681837911760304 0.2456752300918788045614 0.2693790785027870282597 0.2326295014007629669006 0.2095657212389177292966
0.2153623430660031312645 0.2001598192772091333591 0.2825513408931023540127 0.2727505838205014909725 0.2748532785993921256917
0.2612572209502190268005 0.2174545007450015554618 0.2567609068376650038878 0.2712678395541194276142 0.2594416865669397775918
0.3182008555620071676984 0.2628132125528733209485 0.2352194350744860606994 0.2400777180426766632682 0.2682974288730569645267
0.2915642192211706507088 0.2565605580611234892707 0.2600338668820156851069 0.2656030050735100345172 0.2500447428007101513536
0.2411613259443756707157 0.227384227445044412308 0.2601581057524153250959 0.2088164936021914275255 0.2417644301636498460617
0.2437529997020353722537 0.2287528132033515571031 0.2622421031973728999809 0.2571392849085818443911 0.269051626936602061857
0.2278733445692758818879 0.2740377080156565225977 0.2459201886947630089075 0.2571220667354547906314 0.2242696404686143618612
0.3200463239989493335891 0.2503736851153293696548 0.2595061458539754117858 0.301001735446418727804 0.2181550702457333290596
0.2619904173125431334768 0.3021012996211149270742 0.2780854602205618530952 0.2930006727536897392916 0.2406965394361648413746
0.267819655485611762824 0.2738473276560262625878 0.3115231343250730589034 0.2381470942126863721278 0.2535780249838299194032
0.1888910216986029733111 0.2705890916401660351021 0.2444658051358775396888 0.3058589071494273725627 0.2047106551769347360104
0.3075266565365163407009 0.2707688131675712317481 0.2889892789558266006367 0.2641640049255868927247 0.2801185124818887373088
0.2726055112523917411949 0.2210912488484901294861 0.265424426836066595925 0.2670788242636786824491 0.2735988105153583371809
0.2318297271706137308023 0.2875555610152870089635 0.2158211476690740648898 0.2917134230513383497119 0.285367623893909294619
0.1901538489540069987171 0.2836028048718423621999 0.2462112763738892873278 0.2717356271796079192349 0.2770806392348276747661
0.2450344927423658836219 0.2668241974840412922276 0.279312862142597650994 0.2021551554227751512638 0.1694142386287585122506
0.2291717840931003502547 0.2141773810937281918854 0.2312143329386909529344 0.2914478769066140562138 0.2989064069785903332566
0.225252847268511025014 0.3041994348147091242751 0.2370466702995716323787 0.2521301847158237130486 0.2699919511049865827879
0.2454108840132201152517 0.3051836523360239583624 0.2701279886023579268617 0.2853509444652861937186 0.2788845716481134218157
0.3077908026127467167044 0.2718293171303123312299 0.2531768084750278258177 0.2410824474114243998191 0.2717677645086953863718
0.2669335987320644587584 0.2604690824032088181106 0.2564145406627424406132 0.2222447741852964231413 0.2940977116205903407753
0.2429414486445203580356 0.2720837707232313662509 0.2799865951480494663528 0.2403938654327575363823 0.2716582093914272078017
0.2890644403172163978688 0.2506030781335441548485 0.2111536005868180077005 0.2342007953751288618083 0.2398918713885460352042
0.2675366614160547551471 0.2642395456424393995754 0.2347217701928046573734 0.2042788922900884429623 0.2231247801922549567344
0.2724994480791144702003 0.2610926210659708646133 0.2457503923702312464972 0.2083548621686646673545 0.2825457834725062511438
0.2764341758589174968819 0.2762167276922681269369 0.2956847298660802980663 0.2465815177947680292281 0.2213083987239140015824
0.2366451692796373851291 0.2605927142471741175811 0.2435020782547357709458 0.2905724172473898581082 0.2326292127913855423138
0.2712696757876059683312 0.2772042227041675577226 0.2254226165426487238364 0.2580639263204974054311 0.2740100491123376724723
0.2332652245000434443334 0.2501048335551862566994 0.2468940647075052730042 0.2180931840045720604415 0.2654201260048340005326
0.1725370896000807396931 0.2555118876568290842144 0.2707345426721642356327 0.2098105106282578680155 0.2473419884763861653632
0.2308112713931702864034 0.2531711482745329644395 0.2498065810576887701977 0.2905656601599101440669 0.2383624246617233599643
0.2579958452547354563755 0.2402712327184262641744 0.2449556894179044930215 0.242609473224222216281 0.2640084618788289261282
0.1776565102175654553562 0.3391381206227875866333 0.2790240232141831810964 0.2740137413892502760149 0.2981991439445809688458
0.2774929579238069599079 0.2523126603182031524319 0.2578439482787577285983 0.2641090274095636014628 0.2564904863826187875198
0.2217366870030199887953 0.2425484864701806242415 0.2683570661512345023603 0.2436252532687431526792 0.255511214753331217242
0.2383303517845383190377 0.2402729655881818693342 0.2320911929253577088428 0.2099795204717158636498 0.2848697322077739513269
0.2011520715697409922296 0.2781187466148626330487 0.2186708089745853234032 0.2623218713742010987922 0.2557515123411946422749
0.2406776425903292826458 0.263746382843096205395 0.2476287486683649008423 0.3000084432383488541873 0.1740504621896233339307
0.2620699509600113996655 0.2401316203820464401097 0.2180523635710380214725 0.2764567549301891746794 0.3101837373964153043993
0.2680106159508860996787 0.2375829100969718277181 0.1118853536662696157578 -0.0978626415126407495082 0.05983180940781419182573
0.05960284988886315610257 0.1266381416939766912932 0.103705716310519724388 0.09028347702913791517076 -0.1165450954138087663603
0.1397416326097163652431 0.06288665077587396456948 0.1647020075526640647823 0.08811910687946482301225 0.1161934639846229355697
0.1715331680631506650059 0.02182202640194199488866 -0.01634434742211849853066 0.01285667385378613108982 -0.1195651334142027871765
0.05098245272679515632808 0.1432453178373305213711 0.210740835187882252777 -0.1488336406237118492157 0.1389149433297281188704
0.2357980820021457479818 0.0768269350469490824862 0.1874013641261220164402 0.1602439959658199797321 0.1833652736255136639354
9.051985255246614286029e-05 0.07819470760011516807797 0.1723444778575943525656 0.163354369963540524413 0.05829843344278828193294
0.2085683906636900952769 0.1183591613092681849029 0.009823422386901044245366 0.1830356981366620117146 0.2385006674616633459696
0.05284003579630015129398 0.0959430735455574223991 0.157996655901132765365 0.005069643786491302185626 -0.006545654550964556672721
0.1555831503469125298711 0.1974369490207221744527 0.2099074811423465303228 -0.03118326687549991330095 0.03941574498187638136981
0.1967019799932232804185 0.05720588722618104998707 0.1405477083735509891138 0.06319191748931321517269 0.1911548058897404867018
0.1306800727610538670476 0.1383457998885320450189 0.1322393548449480038531 0.2160491046537155457319 0.2180678470353519804448
0.1175391670917176056843 0.1280103179786307165955 0.1571740994773362376513 0.1877133002335136524596 0.2351930804089288062908
0.2082851199967615252184 0.1300050558718343629572 0.1638631659902048121058 0.1590489687775837879258 0.1991999902960566726229
0.1642406532028701238168 0.2306321669594371959189 0.02083852756646286524811 0.1390360285358737679751 0.1436069154774075873338
0.1131771080782184302205 0.1958970934016113774057 0.2724318861962331528304 0.2020409120588814722019 0.1941100984698158615771
0.2544575758259930986505 0.1836971544736374639673 0.2370336530907677097257 0.1899880364487926409645 0.1144251277309339676069
0.2362542092421053563367 0.1184186452831892805149 0.1754480574056082042844 0.1534560696358983900023 0.2224842009322026692431
0.126113840671772864388 0.2545766025648930064307 0.2133854045333425930586 0.0451373512038002674962 0.2335952095093228042533
0.2156086169523631357325 0.1800672386518336332006 0.2262245188822750163737 0.2166485881410552261084 0.2239457831608244464672
0.186935534433954247957 0.09061903704682471027976 0.1714385999181603503771 0.1704846643331469624449 0.1755206406284212650171
0.2392387164488516126948 0.2645526107333320275927 0.1723856657627126920396 0.1944517287202306987659 0.2766957618897266102387
0.1682578204522704179436 0.1861969096036467374855 0.1002551076887156639161 0.1528409475032365127944 0.2672248171800282179333
0.1720454688670345066992 0.1506421497221741567785 0.2775532682107190174392 0.1654574982931358850813 0.1473585578594022449384
0.1896430629163904368895 0.2350370103082620731882 0.2662559183725879963234 0.1877408934475318369461 0.1851177560004606814648
0.2135137282156147897627 0.2253316179345486169883 0.1857501154222737094202 0.2237633700402444358879 0.2331656682700607718939
0.2016138905020574689786 0.1448531681142037064181 0.1809124284659291148625 0.2085133290010410533899 0.1604049273540661957327
0.2134528219479612243248 0.2408856291666105486904 0.2382504923000947072431 0.2087481716867163328288 0.2279192876837311254601
0.1628624685200115718153 0.191882342533681360397 0.2047421881594419512673 0.1713955228473365566266 0.1161848503682531008607
0.1928544786693258406007 0.2383247150272209680111 0.2545325310536348251134 0.2047159645481981538051 0.1386136314253722523482
0.2356488527263246313126 0.1514465263600025257684 0.248602759310240811752 0.1850512409798903135094 0.2444711874709232513059
0.2438076508542550424607 0.2488504618851458682904 0.2654413346018226205203 0.2321115723347384751651 0.1810963873940554524911
0.2257144955095845839654 0.2445610006513095346925 0.1978388509653530025201 0.1259776450594768115732 0.2403759696012268687326
0.2958057739977886235749 0.2133185736875867211104 0.2881047593754411106914 0.1844893064600610366188 0.2561436550179571058905
0.1698857109622966821139 0.2402175209752299978039 0.1746306135971694151188 0.2640411468995719213027 0.272595002428980215381
0.2418033826326102531112 0.1550292305527469216564 0.2319937825852910195934 0.1481528222918234161121 0.1745396166305295537757
0.2359429384778447547077 0.2679029201615936162106 0.2162985687813761825904 0.1542267078523963386161 0.2383265001466123023111
0.2410327121363330105108 0.2539536202913046936125 0.2059550200325223623388 0.2084368486784655694066 0.2427405832569316246339
0.1228176852472945279615 0.2182479535004774040541 0.2536913275494212527406 0.2312577016399414153724 0.22863378922029847784
0.2288042241153245837104 0.2280702180444605375875 0.2260156083069260468665 0.171205306808552754072 0.2205730814917632454097
0.254080687185732456701 0.228589039610550770476 0.2008189083332306279495 0.1788574675597789376269 0.2004416435681579400363
0.2237759721843823046417 0.1734883659419012846836 0.193532150275549041929 0.2341461974206863472237 0.2311140388734974626672
0.268162547323398781085 0.2603509656676647465723 0.2522100400762340988159 0.2270213971661722285322 0.2446511924070549071075
0.2368006613093919243695 0.2890998111821169724855 0.2812015421787475433213 0.2170176489569508593291 0.2424935542120986720072
0.2596511057897235574821 0.1912131884534657988439 0.169308426872001677177 0.2321289273468396807676 0.2826298074457859743625
0.2476580719163195831722 0.2033932480155253297305 0.2759676018815495068814 0.3079668128855963527002 0.2217828629067892798332
0.2552688960476354740337 0.2405379017903444271997 0.1952918010960033312617 0.2061170535991473096171 0.3006401527171876919553
0.2476839860056062880833 0.2999025178621614329266 0.2280294615031329963362 0.2820495043434599891086 0.2268713565176287139113
0.2607655234351825002115 0.2472574476389816089394 0.2296330430369143138503 0.2248290128846059665602 0.201754394761226446553
0.2310289411900149914025 0.224527749313715108137 0.2460389835911925560108 0.2760802070362619597965 0.246031271505566473401
0.237196239594147567642 0.2348899902333442257785 0.1970680200880736976377 0.1328271321238192193004 0.1798734387741908469227
0.2437777812056680648567 0.1834835379894725893024 0.1413463945679521993615 0.2700304042307605789652 0.246375936190780353563
0.2508124681645062525881 0.296599757992416668273 0.2869037332687678909515 0.3090618927490432210625 0.2308510295531509270983
0.3001974915373785135486 0.2262407277486817025469 0.1950706960329164352252 0.2195342641419886497989 0.2511590816390198432906
0.227317796979484815223 0.2213393234754457983282 0.2071044311368223089787 0.2311840482539655183825 0.2626681975862598106275
0.2795865616257736108174 0.2916088674885212173038 0.2260018756447669807663 0.2728485197274292395342 0.2498045130653281653554
0.2606311907156596552326 0.2384369797312584082771 0.2733724558593751408075 0.1799441105189169276546 0.2376592875536540638848
0.2300215058772730747361 0.229777160012842179837 0.1753341761930696796057 0.2624978498808155369382 0.2554376717447788269766
0.2065210629582949486416 0.3049710966146124691001 0.2273148545011437482444 0.2248193109471119666143 0.2643283959037066033204
0.2581653783444605165798 0.1971350417918669162276 0.2470318653103210915223 0.2916776565008267763091 0.2643844909386148800401
0.2646783714665035258662 0.2340107265494808796991 0.1829580582033337177172 0.2590743097708230746612 0.2589336374727259637574
0.2528562245020641863213 0.2646076193320716640756 0.1610633008603372662293 0.2333410728461667027478 0.1676934327989617334875
0.2023792607168771462423 0.2259728715476346239122 0.1720708318558170635271 0.3010819076125950677358 0.2581907735959365068901
0.2268298997190236476751 0.1791314310962851819031 0.267609788899017819741 0.2851903655401142323456 0.258645397935541310197
0.2525901154332004239222 0.2367931755430886520131 0.222848483080394149658 0.2810668820671498036035 0.1933113749460470265351
0.2469576648052205503081 0.2938257446338036205091 0.2663052760328556423097 0.2638001177084966508701 0.2802359319519661662312
0.2911715063492069099915 0.2034227419775232470478 0.2467333770238097911953 0.2126612722920115938763 0.2505410130813214286682
0.2367757133944743686005 0.2129547066684425171701 0.265421755519567148518 0.2227059235624848088086 0.259956134464953525498
0.3077385077613253860918 0.2062226247065215289922 0.2467958657942401767826 0.2756513418842921336882 0.2884280973353909871548
0.2462226802870809694301 0.242098680170775099052 0.237882200677737742911 0.3009394240085482286062 0.2122819475562696400761
0.1989855096006328816216 0.2346958693605061263554 0.1993123750511854030965 0.2714233363613112737234 0.2870953292946238355476
0.2604064602417675011736 0.2703365382638655556313 0.2119543127448398345258 0.2763353141693354886321 0.2665704887577480253213
0.2310215915844368306242 0.2563093479173075839306 0.2231674611309117928215 0.2574260692607441280977 0.242310277160390885598
0.2181043139533177799283 0.2442335029805994539576 0.2458157123893952300531 0.2563875620500323804229 0.1734566134564027306553
0.2025429657951163808782 0.3043746019635540922543 0.2383051405075309325809 0.2771905000177031230812 0.2866852106466841743071
0.2347285241939709998782 0.2128151018664516669343 0.2377331360536884263812 0.2082682228060053208907 0.2664960933950823451788
0.2454993145974068979864 0.2998453909989551857684 0.2997283568754504079479 0.2861025104569944188526 0.2486756926381590571129
0.2287089759141761324823 0.3041960333146243034008 0.2688650853022712117202 0.2445827496110659360351 0.2567137175727756681631
0.2148841401131071360275 0.268176556064773030652 0.2462728777058732221317 0.2509042084812707629204 0.2856933858570547823952
0.1857099214764957595403 0.2516304938835598470348 0.251332693611187762972 0.2517816416796431200353 0.218591864347774472721
0.3059069114305763559258 0.2256672460540374847149 0.2610650836738239721768 0.2368504578870692656167 0.2885355186058631837831
0.2423545954074926567223 0.2021798139104873104355 0.2671193245365873214503 0.2303413784498166416714 0.2650071025397013335656
0.2828406878619465492086 0.2386843551678139996319 0.1957088984561153044428 0.2512299130177808592634 0.1896149757181929407235
0.2934328043627753013212 0.2292730342509154972674 0.2644524411566666066697 0.2445791974372483745803 0.2846296272242401226293
0.2621497717166056395932 0.2841590349522291059081 0.2352535103107279423895 0.2937029733051947921751 0.2692130741135712046486
0.2504052196598414714579 0.2523410406511586434597 0.236906721844538786792 0.1930678955678787334094 0.2437584916181870231533
0.2936932001361535204964 0.2656604536786164594275 0.3033990640770780622404 0.2560868589982802645544 0.250336369382545220752
0.2583642927159987001673 0.2524512190999375071954 0.276662291005873361982 0.3015489109291944469504 0.2555650962291615702071
0.1759671197275514964442 0.2191904250415348809344 0.2574431067227097025274 0.2706937258718085104192 0.276954171856891639969
0.2656981216784580213108 0.2837036085428392140351 0.2457813287593787754393 0.2335997770786034377632 0.2501218832662640556563
0.3073854753576991116759 0.2391504216285432193878 0.2429885373301088336007 0.2000122716878484363523 0.2349817386960370291238
0.2666942997501113854497 0.2274343793585966444493 0.2303618596990214262288 0.2116717562102174987615 0.2714999744296885952899
0.2903959528767556252937 0.3175282242048265701762 0.2725786408426917328818 0.2499654962053292350799 0.2413955497229427760164
0.2501578364073591687067 0.269977575998576579952 0.2656094635434775308447 0.2711314712184810238327 0.2913710962766556389347
0.2672284281252039761512 0.262689788458821682493 0.2554076141323762261237 0.2550050012494692874832 0.2483780786016192287935
0.256738760991613579332 0.2316244716247733703707 0.2801980694695502260849 0.3039340009437414558136 0.204602388255904432679
0.2667678565358945763641 0.2534890000618899574825 0.258407487841405991702 0.2698734682347611046893 0.2324473484957539637374
0.2496480915130636357713 0.3099036113170171025111 0.297797449463685193205 0.2490828854987805762722 0.2178388751444331750129
0.2547403366319390682904 0.2540947081399458351569 0.248531335689917448617 0.2541314606344900473012 0.2243196617131250902855
0.2846872085400759533336 0.2478808407296881066717 0.2777793442127462486546 0.2878673286179804780005 0.2075913517246815442885
0.2044522074376473042001 0.2264059390766587909205 0.2513497011378859613551 0.3038388905250686278237 0.2887887037658165012566
0.2995608650220137336717 0.2411730603124076777188 0.2719860928742015571125 0.2375487164409380291819 0.2417220785046493292114
0.2802965618399340108624 0.2633413049424989660352 0.2953840471475353557373 0.2282898222901732776524 0.2509424477800394903682
0.2476515412372050639611 0.2692819829997710745495 0.2043479507282186247163 0.2269568162691781576523 0.2363022395854066926013
0.2495237023384585806074 0.3112277251154813018097 0.3106047369376816469355 0.3004462339641513768385 0.2947410182656789445765
0.2407534495091612769535 0.2309013230781887526799 0.2150592638876640816381 0.2383917100194820892778 0.1755066132427255953807
0.2942798041054549007534 0.2391434491667461803566 0.2836055283323976605736 0.258383931227148033738 0.2447395977440105230283
0.2862463386876933357783 0.2888057292812621357214 0.250020157513510921099 0.2708110152511734036729 0.2606066483180800030794
0.2820364378763673407491 0.2417214873399725627579 0.2933975509098802891828 0.2582353249351528878819 0.2456561112762229159845
0.2584745689343685981498 0.1984676592328369904017 0.2231231204520253696977 0.2813566633281168738456 0.2341907244385009745358
0.2297088634734090750733 0.2450293974655130824214 0.2389151750343446456437 0.2439246464059508789912 0.273834507189653741932
0.2586182635647371053089 0.2276484781553540226451 0.271301315659263131419 0.2549524547677041730331 0.1790682186462024538809
0.2409256659931692801102 0.3026577805375559870882 0.2701376180011765271161 0.3059763348285406969751 0.2536129378120159372223
0.3159327318245473970038 0.1975854330608697306815 0.2469579300915853703469 0.2702014095645274283086 0.2915407406605460827187
0.2260113877566543305608 0.2853839929253347840188 0.2499880605129980726264 0.2709168745003085465584 0.271237042330440492055
0.2422145331956447322774 0.3092281926552369886174 0.2323005897939835473487 0.2677413533863758909881 0.261733176453754545765
0.3099159855287271225777 0.1861267357510515141339 0.2698895784162879674106 0.1744573946804297004398 0.244787484228521479146
0.2301983873263190316649 0.2622329179375602059565 0.2515070002465031318017 0.2621715981700504793928 0.2599542300010233564223
0.2153989398280820033449 0.1950599516314454884292 0.2689107360680660363528 0.2478219667325116393197 0.2668196996072226823138
0.239416574208019566905 0.181999195519218615047 0.2593050809047788840545 0.2306254225410177549627 0.2731393749393027370331
0.2409671776817744470733 0.1833346088017588082497 0.2451132468399536967762 0.2974944119983784496242 0.2708370358830473612066
0.2803205343782964598098 0.3017603109014379003661 0.2478565300025366846537 0.3009527040815192511225 0.3004409824225223735183
0.2354944554004124446234 0.2181247635650994110001 0.2001795598476983628622 0.2582190690845521663377 0.2457235717210323189263
0.2386588175348505203033 0.2769244124566440645729 0.2391300229714026781558 0.2816855866889123038987 0.2663816042795859040382
0.2578659096825859364799 0.2423138052315926549429 0.2559081748437634917792 0.2761561684845306730018 0.2231925487565576682325
0.2572886932724554598373 0.2410865936954389165958 0.2798688201672927533536 0.2677132082531740731035 0.2646710821594190354844
0.217471659856048327164 0.2963769108845425437337 0.2530412856139050981064 0.3086380012678611173271 0.240160686147615598518
0.2946002913122502953058 0.1992902164549443522201 0.2171417543038051123361 0.2674322207034970921846 0.28880858185071356381
0.2736336721485533862719 0.2945194893073971309505 0.2415597160010552746368 0.2478207658004968061416 0.322220573533685550327
0.2682246886783877237725 0.2755780952875463984952 0.2435724252854220006625 0.2698829064138590916322 0.2825068027465542086496
0.2405207557907745041792 0.2316995649470730000985 0.2617061346280634692718 0.2766662417505205140422 0.06898814095075861407835
-0.004940726802811133862303 -0.03589850980749210301868 0.08672278995179190375087 0.2019879639892832312587 0.09241718692014720681893
0.1384557177845045505826 -0.04112733072418242596946 0.1161658960852841454559 -0.001844560505078485625544 0.1455396264350966029077
0.114875529064244197297 -0.03901540007462504788815 0.2412405746757849966944 -0.04298277344842627717414 -0.001754583998686035008902
0.1381719285213014181135 0.1493153703363449269492 0.09485050966348070045076 0.1428862489871481344927 0.1268195738692680929471
0.04109625728719539655698 0.08969775327167400780226 0.1887829787295287053972 -0.04767598225158149044534 0.1561683908045436164347
0.1475483037577912659444 0.2333855491169282148078 0.1562460268360461035364 0.1916640363763381094131 -0.03284351585504013265604
-0.09465277279656966746835 0.1474947765028262192111 0.1545023708188252020701 0.1687849947395402561146 0.1352739699297499376129
0.01797886599403569762856 0.2516142678584072922554 -0.02292149416706123696286 0.1007953219662379024113 0.1621733040757662169806
0.2148501716530269722849 0.09799888631982393849551 0.09404644296369041311934 -0.008865300856818792568648 0.1815739510822865776518
0.07984567079409221612707 0.09840270630803550633292 0.1213853680761820957867 0.1090916205519504161847 0.1532510451560220865463
0.2302657534429773111828 0.2246522689615611523273 0.2010148054683502938378 0.1911218388735980155957 0.1601484831379181017486
0.05233510800840306814719 0.1917608634848526893979 0.1607387004277912034844 0.1630383150072158005006 0.1717932300160531222666
0.164044300510983065422 0.139125600276551353307 0.1709628978015465261553 0.1887619372659615768484 0.1772171173923283993279
0.1740136015322117923887 0.1594353022324706825597 0.1697033995176350784639 0.2523820754455050052734 0.239890054165047633683
0.1377482836253151321504 0.1667253149490278973932 0.1239783030022180848606 0.1840346840346751555728 0.1433250693141756570981
-0.03177216980016608210979 0.1057028688240335551063 0.1329398567241482087553 0.1881635948984985151622 0.1509711780746753051474
0.05397772102121266984964 0.1698785267123093523089 0.1838925770130899750576 0.1597554201169657517312 0.2019150424651213748817
0.2146052660150058466471 0.2544686071808832661389 0.1125588008369499265493 0.2198577230873231536101 0.1701108359573915707053
0.240070910343156584954 0.2014082473020885333259 0.125515762060479652007 0.150854055959759369987 0.1192110167453490771061
0.1097142674120821365102 0.2642731833730624924073 0.2325548102841259734408 0.1951132662709435250381 0.2243505033027686779157
0.1869216243396765453344 0.1761614229437102330245 0.2172743989418506882494 0.2337602515928825508418 0.1608293574234659628619
0.1547972429701560681536 0.2990345683224202022465 0.22554767886471766003 0.2017643778212541427752 0.236635982011366874378
0.1009580684025336988485 0.1615797061490570341036 0.2188880564596950573097 0.1631151997984214840898 0.1672340943955624992245
0.229848833994561158045 0.1113730054700144828095 0.158103615758862392493 0.2207009086135388042926 0.2088779551203230888667
0.2122166627336344868482 0.2097352874694290714164 0.2162013701769618101434 0.1673658496081849023085 0.1940629357980661051641
0.2977173061490939187657 0.1398522983678649744821 0.2066796226935750657727 0.1747232672620611104719 0.1772556467580790051652
0.218476189062257492024 0.222843147091711352159 0.2609825778597241741075 0.2197142405033675749415 0.2301684015198691979354
0.1564237783859205865866 0.1548833897469130693736 0.2109120027588929635609 0.2361817271392563089005 0.228854230483820919595
0.2676063467898230352482 0.1163554240952886925653 0.1680477514739973088354 0.2864073140631502867315 0.1507186432950244903139
0.2229570391707903775913 0.172565276931508249092 0.2345203186006094286942 0.2802188919680714263016 0.1663355494351837493561
0.2325559203072123104494 0.2452828269974624275651 0.1935822241190374715103 0.1730284768643683968037 0.2497445173307455412726
0.2772668761658891312116 0.2539667196504567514559 0.2187823344105660761105 0.1551927946087973131384 0.1735737430423160698734
0.2056873572384267934154 0.2057128152857342628934 0.236557585103802120452 0.2341913226758637056601 0.3030268898069714555987
0.2954702559446259479969 0.2461436391344194174469 0.2298645240969223735306 0.2244023888436619817988 0.2509821706626477189062
0.2491987804427504837879 0.1556079528330390482349 0.241999166381238112189 0.203237104137002994042 0.2506658030609592580085
0.1922741729181330350151 0.2359094747835241978606 0.1888882781142855737944 0.2235810964843563675153 0.2742030609255236561772
0.2272776454106462395988 0.1850591845854824557538 0.2037223523180423934154 0.2162046917028620229839 0.2849271281084466145295
0.2691115666053323085549 0.1838280326850365853364 0.2362898775939660800383 0.2089876816854616958796 0.2420147715022067103074
0.1376493850695151011099 0.2028708081123731798989 0.2037707806412843158927 0.1998623779886675166928 0.1871490920910779953701
0.1964826886243447312541 0.1959390437650757876842 0.2265674010733106091831 0.1507675895582034908404 0.1874722960015115236221
0.2457077667826121913919 0.2182012804073513723147 0.2125205331334955038969 0.2615107372571122690275 0.2023628731198374719469
0.2894557758686874815446 0.21044754809857918465 0.1968928496303408437473 0.1900967118235046826591 0.2256845706604954648888
0.1736301174263285840293 0.1826674805030149839613 0.2311955779870132898779 0.256841696886036807701 0.2323735434488003459563
0.2437368374816373806091 0.2527133487470244466166 0.1948531898817371654786 0.2244799054950860073276 0.2945954003041273416841
0.1947553472322763046254 0.2483413338428145378245 0.2507861856717878423773 0.2447846656073319471236 0.129486351657620818445
0.2207392222230266931593 0.147424391979731977953 0.2202374451538276767248 0.2586638618316580706669 0.2473097289778529717097
0.2293355027445239113781 0.2323480118584416720395 0.183547045642280332034 0.2633660364878621651386 0.2365817156457500347599
0.2481446355615603283074 0.2159218539252249213778 0.2296898303947700059613 0.2536385512758902449626 0.2717468783696459500021
0.2635877460992329668343 0.2872239028748609923625 0.2945490854966198446263 0.2326281070325366406859 0.2515973328767530659
0.2439465576951040659548 0.2973128456957987442166 0.2284310587390046554113 0.254264929219684132633 0.2643433979439817060886
0.2365090007404861138784 0.1835768843457992738344 0.23618510143648543953 0.2859383158371631705741 0.2684895243706567624642
0.2652194466926696136966 0.2366318689758739601814 0.266041562350260718528 0.2444851267659836624446 0.2362747355393040593619
0.2669853994641590566594 0.2037910768388561943976 0.2133746465414554926987 0.2661131184490631018669 0.2266445427681950952614
0.2256888177329466060872 0.1759390312482237983538 0.3020525551825969379216 0.2146933449177753638892 0.2282368971186626849246
0.1949978885156866958983 0.2647225983761799517069 0.2212259503782848801823 0.2488977041679647506101 0.2972868016529327528374
0.1937872791459442356476 0.2173132965410232986248 0.2106766241624164759383 0.2650866056366832368418 0.2684356180106463041213
0.2726207897176223249325 0.2295720309969326577981 0.2247675385615469090261 0.2305791275093612147096 0.2742471645771571431283
0.251538568722726840754 0.1898677564281654461809 0.2485443745448309427193 0.2927092061098537367769 0.1808034202682958779818
0.27314795864460794661 0.1811556299315549845019 0.2929037519940033695853 0.24245999093338152508 0.2869108772483465186198
0.2349033405532471585619 0.2570992576265176410288 0.2679767724619361302096 0.2157541378565566991821 0.2832542060872088596213
0.2443111938217247813832 0.2315461850827056911051 0.2766753978028437810366 0.2691916528583243040096 0.3146620884585617505813
0.2365134173607661149941 0.2241408803145737704821 0.2820542869701507249225 0.3289895778714133633969 0.2542917141783246348652
0.269884688812913275946 0.2054305722948929768812 0.2412890746946085851476 0.3028339955134769501122 0.2670025857833563942556
0.2732759495617592127026 0.2795670845354190081622 0.2530572339604865717 0.3271080341234937627348 0.1825888044037555779653
0.2742592301292685608161 0.2513592900012764919104 0.2313694337071234008452 0.2878341805484576076957 0.2165629136916781549704
0.2240771580457065481617 0.2956480958176223028389 0.2477336265987461205729 0.2645412121175274022811 0.2493832281509902604189
0.2388779263339151637258 0.2638190334918183443946 0.2716363600939411537816 0.220604604973815537905 0.244429251734103097915
0.2485982642777709861193 0.2828489227908539405121 0.2844063873202533621054 0.2585617456871782127159 0.2887280808096713835553
0.2318128110342022041301 0.2735090835447029911087 0.1883573619378113850331 0.227011002531606470578 0.2656476580039970891711
0.2657248104402321620121 0.2264103531069901753536 0.2995454465250694253697 0.231434539632373287299 0.2452539197499614409548
0.2420606601610141850323 0.228285635032110495457 0.3343722101161342719067 0.3046839232855740875472 0.2864997597649743821258
0.3099014331839144986702 0.1915423336259614028876 0.2696380902516004596237 0.2702345728733174246017 0.2304276867116825944226
0.2752129721860036570824 0.212543367321288423355 0.2169697007734987526106 0.2876638880305009138283 0.2962205219749094453618
0.3064536207862713634853 0.2736213616272386572881 0.2586374955349517446024 0.2443418015503981965963 0.3090162719734216301148
0.2453575640574396643512 0.26202069086894719252 0.1739680139076151266231 0.2814493238410734621269 0.2674345223503128976539
0.2690564431794807975784 0.2272892395664177223047 0.2798476389035036149266 0.2112126703119824866484 0.2714813553783163024846
0.2601723206442221325574 0.206073484595107603301 0.2529487773720606180738 0.2413314885313252444732 0.2964666278405709842758
0.2665936340488643252478 0.2155306913129486912073 0.2367006314114732667964 0.2259247592228819934146 0.2604760592066105440168
0.2161360376797950011429 0.2146802986770481591616 0.2754277452498062328523 0.2561013818239041284208 0.2550018064216396096455
0.2120392632999928694826 0.2871249806597813702957 0.243030998827765881698 0.2342043307969852161676 0.2937878030383445082663
0.2695302876545571657552 0.2683725656020489735987 0.2126846182828381337515 0.2591514866938247063644 0.2600818192288654184807
0.2974091206071660664634 0.2741829789905987913023 0.2186733180492548556106 0.272632701342630345831 0.2702568711231853604282
0.2766856424128306679577 0.2846394076383341187331 0.2341566216636813968499 0.2631061918518109998821 0.2211959058055430749068
0.2197523460982723497725 0.2624481105422043492048 0.2728176670714289042685 0.2215331686768875485427 0.3019687613141828208541
0.2686539612530667309187 0.2392959568958794580595 0.2313136198464971482469 0.2381892588525802711974 0.2274047871887105720656
0.278665983002171213645 0.3006886225612113716643 0.2927187423803404575651 0.2440057831031977320091 0.250589518217786799692
0.2639286740503333228425 0.2894201587518850371517 0.2646407078394413803224 0.1714869506190991044203 0.2804055593437366766807
0.2687574759935114632192 0.2051897303281498274874 0.2599817999601236051532 0.3010182349210256957939 0.215590094700721296439
0.2877314723061040191432 0.2139851336476697452049 0.2194983090049660301446 0.2613714674130871440383 0.2486440278935865000332
0.1926003119471693114662 0.2346647541696923744414 0.2214221560790979870248 0.2397111781640553218597 0.2428907094929414756113
0.2412181406800758820541 0.2745455749301797254702 0.3013765217977401600358 0.3061966320964921717263 0.2580101435440630419649
0.3098210165484885370013 0.2587113988387896856835 0.2516562308714107576435 0.2918154076995383983117 0.3027626581241520953292
0.3150290007754891763447 0.257994762960244317096 0.3053410169924014039289 0.2760880522204900988648 0.2467180927571158699507
0.2481199895654976061987 0.2792475702212058319418 0.2242178142906936233469 0.294245920858782872287 0.2386996687647845449831
0.2746310083029805393373 0.2501764163251488093387 0.2406936607368458658218 0.3200760062738103317592 0.2064537586950421499399
0.2331856976905429257307 0.2451488890357146344101 0.2924288108756602500016 0.2527302671627227881324 0.2010437242505554444882
0.168628303485079733548 0.2077763014178339029403 0.2043793789155757545384 0.252214250946309448409 0.2850209463037660095885
0.2657872608065321440307 0.2950431753283473401694 0.2167750455985950619464 0.2732539072309164152053 0.2711575552692190305137
0.2598645506169683927489 0.2647570903508569828411 0.2299327423382240553895 0.2452063475347229515311 0.2668608606560042839639
0.2086781464481638481701 0.291441420431649889089 0.2543368116125991340581 0.2802659540359788703512 0.2299844117245238295233
0.2271706092609440952312 0.2942521178588345387439 0.2877895816509368764891 0.3039240117604295465803 0.2463394997279958476
0.2563911702442087658937 0.2723581143381436642237 0.3109056300771743108768 0.2515485255225524685585 0.2916345117026302724561
0.2669086264159097887649 0.2739167611505388122417 0.2928348242758861963431 0.2815354736018972903189 0.2407860680968524069723
0.2336162421217168883025 0.2610761402827282418038 0.2697387933215449895563 0.2259556754802157785278 0.2447036856473888966068
0.2662349104457408244251 0.2459855800749279897133 0.2960750450182013104872 0.208173373859554811105 0.2725116102878940016474
0.3011348941927336486657 0.2709038377401354891205 0.2226906042260157203572 0.2161844551584393703259 0.2333114960979621177461
0.1752930188529825683563 0.1922043371102216124946 0.3050125533897925511617 0.2682499232705622960182 0.2925742732371217624809
0.2892755337854507891038 0.2473615033471978086332 0.2659777320849388559942 0.2747091114459627725353 0.2631054576902605024458
0.2883140364935546373637 0.2507977557633607190724 0.2694023629268855746233 0.2783082707382639187088 0.2834069017608099594341
0.2397532589656933554867 0.2340841195215677406072 0.2490911220995040697979 0.2621258234051504487638 0.2554461796253401639767
0.2447294334491687539668 0.204777054767215610509 0.2730023037249158512907 0.2377660619005874387266 0.2421632927178467564744
0.3107251646362363950438 0.2790858528415675055001 0.2889901634230785942847 0.282512185592348308294 0.2582212488753795609497
0.2772944903471643574022 0.2319499017083015146579 0.2160148631991165024679 0.2620559031262358895553 0.2573895787707179971804
0.2783700459569389829007 0.2802711605233140224058 0.2716806079303812349046 0.2619722178425751835107 0.2627281085260583792795
0.3004425796356332001302 0.313750743914988194927 0.2481068840783976214848 0.2579080285310262898868 0.2436716283304374841556
0.2437328744626240106808 0.3057626595399406399522 0.248930726941822000331 0.3005208790024382348172 0.2653733069714733217026
0.2725657445187270599973 0.250855608625283998947 0.2086427231031480478141 0.2495366036433512846315 0.2859085327596869174904
0.2471641217578698368484 0.2282261386932908642233 0.2736012376224327691254 0.2600102629343241100734 0.2641067685906367534798
0.2248435671276251268669 0.2200721195837588295419 0.2514616168134891083241 0.1881754529697258759846 0.2852322315348743697605
0.2444105716331805844277 0.2651935011422533183811 0.2243439927733687500044 0.2935447414801831689246 0.2691661818136208972341
0.2342306948883806916317 0.2544688232065846489327 0.2550656206730903541313 0.2585594947124911224812 0.2354195641278680473096
0.2090966484508595679692 0.2542226308455346472925 0.2536020045196991645753 0.244621775946527425516 0.2767972648075662789324
0.3100980011306350148104 0.2381186334923359737559 0.1998364539873031531236 0.2521230530694182347951 0.2392686478534932770224
0.2803932665398994883432 0.2365839669446079540638 0.2544809303716991100153 0.2776375587958613277983 0.221083007091268296529
0.2553868462086000823419 0.2587859865424746441676 0.2292565433583897693826 0.2592210607420803447631 0.2554020236409744737394
0.2898957874584406901874 0.2911236469731599552091 0.2938386921863482270645 0.2790524236274780078837 0.2694995424542584450123
0.243281796753843315706 0.29735389997782207816 0.2398203883902112198978 0.2581561137973082398211 0.2527744528888849484538
0.2411722129451652762988 0.2627981355561734844173 0.2570751517490599269422 0.2748772107201448711145 0.2680706978042097787807
0.2585089211884458171298 0.2329313151628753797429 0.2471790857265858398772 0.2018873107131820276994 0.2632096191538760843187
0.2826366035930776288154 0.2301086585763636449542 0.2796578374724199012036 0.2491140334977459402932 0.2189808752141390590928
0.2934973357181261954807 -0.08785392738799657763593 -0.1327986383931712144335 0.08807920532981136640949 -0.1428952294185431015627
0.1017151100179680134339 0.1292861692509779669713 0.1074727595436040933352 0.09449422299706751460224 -0.08340917617211433821023
0.188354659539471530616 0.07651041258018974333677 0.1600888919163388768307 0.1005055026512871041433 0.04541302084980822911797
-0.05140840615452629824844 -0.0453107002085209251141 0.1563626672877480028312 0.1332597845142566295173 0.1057452765357309171224
0.1666585568199211719875 0.03228753228838997235695 0.1341691892424824172902 0.1526343802546407391052 0.04880340387475336910716
0.1193867964298067352313 0.07087309745319565756905 0.1769065360327433389376 0.2218140027817086801232 -0.1095071712281707326797
0.08356723262298780541268 0.189787858521903440856 0.07931260165829108477187 0.1304987720391347916227 0.1334426105800120276879
0.1568961282046529848166 0.05106099844455376512986 0.2281105734256616834887 0.0933779639753274937064 0.142262171035204137981
0.2255851597768544491984 0.2106058757018226812452 0.1517059062024444238137 0.140744252519380275146 0.06194185520812880985098
0.2194436149392633983446 0.1531173980973348502932 0.1456008701876350952542 0.1742693226611924939284 0.1466438972355273429038
0.2033721957923471657104 0.187940952766091545767 0.06388768625827916103344 0.1745084736890506471596 0.144987487586843627474
0.2725066290419952963475 0.1704185411647798631396 0.2216785905233680242787 0.0880043996772039566201 0.08739967492849409769207
0.2557155822231029773661 0.01558640476905905764005 0.1931513893438042417383 0.1486724237284369198875 0.2339281572746158277543
0.06699936081681076571748 0.1906038804777718809191 0.1809249791278976227105 0.1917192255850562465636 0.2229696516525234706307
0.1505868860330190073249 0.2150872588267641605242 0.1622066417381565484046 0.1684577029053669905423 0.1757790299033688552477
0.1489200595714120500812 0.149526694776554974764 0.1917368298457910458232 0.08713399196436540095068 0.07694145777988059542452
0.1559498922686570199225 0.2843108642190815271711 0.1414836123453028782215 0.2668726908035636280481 0.05833441736342907107948
0.1850775090872854022894 0.2291834785704477683854 0.2214919363614914205041 0.1943140949414610407775 0.2410864335961769300276
0.211457604206209043296 0.131604230652026116255 0.2571165467420719608072 0.1902006662877658016431 0.1653955039981462871168
0.1973787413080037855817 0.1017329883865225187423 0.1774759273517155233613 0.1288263135542534465472 0.1119841949731993496764
0.1660570195057604059308 0.1695056964712107205884 0.1906643852529767979576 0.2221492647365669870219 0.2599010744612606504944
0.1926404629358876852141 0.2020817138632164666756 0.1780113738875449547194 0.2388461764865958680826 0.1757574475988667728199
0.1792996798475202380185 0.178828502726998322947 0.2201973071897933564856 0.1447901171215203730558 0.2075204814490282656525
0.08014439070637835449418 0.1769483585413355042348 0.2417932432934710440531 0.2736364657519468890357 0.2233552556115544762694
0.2917115880307462050247 0.2206111398140893076203 0.1965563675219571815322 0.172005091476497035119 0.1953711666686048231689
0.1695468398977449941967 0.2413351991158344811428 0.1970902750324910190916 0.2118642943484912721797 0.1637253648831820396214
0.2381496556711942824691 0.2080516937786331677085 0.2272071005443130342627 0.1813377450397000156812 0.1752685694841070174199
0.1475008835952906494082 0.1702895140305650811818 0.1317676387377882951668 0.1501995474988194745336 0.25030656822177110854
0.1944317093012939423602 0.2828985319896646366544 0.1944429162264947330563 0.293593661921255966174 0.2093165726270183601976
0.188418905819052878714 0.2088795456341243361731 0.2089185518917264783312 0.2523890568299478331937 0.1990139842184073803999
0.2162420713539932037861 0.1659325978659549061245 0.2484325835172347396451 0.2160682263155723203951 0.1972194927551041976344
0.2334875514573885035841 0.2188426771340776511021 0.2086595512159243326344 0.2529339476687781362862 0.2111315632744416026512
0.2609232795423273576496 0.210002980576456721451 0.2134601388313545344833 0.1362806717522925259445 0.2613251346789017270922
0.1926877942586243674938 0.223201427662810508723 0.1727853977744608082734 0.2312925937010623100853 0.2543441854062741813713
0.2095408220143382127532 0.1895080971839383232602 0.2328867386353039858893 0.2238359777919494697507 0.2760839882513383414242
0.2574928505409040946361 0.2629777970658367380885 0.2116848914273219139925 0.2432296029726050412556 0.2362240903718443307824
0.2290687308135955779775 0.2084910642234694966302 0.1426621625471521104256 0.1691648426975192187616 0.2458583787488759775375
0.1553956427880055501944 0.1641203030520233530076 0.2468681951067276392209 0.2250472270233581095766 0.278085763655202378164
0.2621560060876508835292 0.2030925891248677450651 0.1824761357692759322635 0.1725797217835062236091 0.1965440860214570373277
0.2294485844870977064858 0.2517699172954855901807 0.2110798363503491315019 0.2434031685810712219986 0.15977843660737955922
0.09480476094555206900694 0.2207419374089192587451 0.2628117707017465498609 0.2665180589380652387277 0.2433524876515307522329
0.28322912753894941007 0.2383660298869632876428 0.2308708478593449187066 0.2166131944578573720328 0.1949632485271946824579
0.2907580247200652889816 0.2514675585540754321201 0.2437144034720479801592 0.2253141990625404378346 0.2501685897366870414693
0.2230734870177900619481 0.2658251487501322452012 0.2400560615076235693177 0.2687655190969081564489 0.2619232044161703409912
0.28946605065515301769 0.2184884968150838657763 0.239529196917878356432 0.2542376255575668486664 0.2108190028573424523728
0.2936730121380349278759 0.2384026855058590799175 0.2369745236043482583543 0.1526946448501639852502 0.1866624647867728414852
0.2984623784217062536506 0.2144592743129176692918 0.2741712735037060144627 0.3066673976024533732065 0.1888887421448955383774
0.1801834910421691304805 0.1968327411395028037067 0.2450785265236495313879 0.2849863083754324288854 0.2013999343035274558478
0.2200405278835610156651 0.2765320603148139766425 0.2800263483154014632071 0.2234940256325982921304 0.310015163541401905789
0.1622078155383720743377 0.2382530051408215665543 0.2238057450333948983356 0.2230418501383582829956 0.2383900251819675852882
0.2832234017797972125408 0.2754094518110915545961 0.2677757149876459630278 0.2127897088239145695354 0.2536727441529457727221
0.2518855851685379843019 0.2891310498635716874638 0.2014044452859571898706 0.2892631919035801302265 0.2601185683527297842765
0.2458981839106315070431 0.2518350211518649572895 0.2762669392565995085675 0.2786927021527788594923 0.2033313186281651974152
0.2175519443198591640343 0.2488839899074094530462 0.2693162708122767701191 0.197320593273972166859 0.2111567909347933924558
0.2626581335893237723056 0.2758490451897161466199 0.1999718722728026365498 0.276211563312779517787 0.2019479000306072247195
0.1936099292385413950246 0.201190628483561062545 0.1810867120637134897176 0.2205260990385514152656 0.2373563865082937707207
0.2825761444862944782308 0.1936665221278011939088 0.2615423509539269719681 0.2555333155787854471086 0.2573904928534609948265
0.1818064048369899543545 0.2466050033619404391327 0.2691404163159559770335 0.309472377124286990302 0.2230543972460040103023
0.2747777298968130943457 0.2583550565370937301957 0.2562128679503850592347 0.2490953562993507564016 0.2545438241197909845503
0.259420697308997305619 0.2319191852692036315275 0.3194508896886777971069 0.2392257595699389116639 0.2880592096304668836559
0.2457702753019442298843 0.2688435902252207521101 0.1651512357758854743217 0.2497787681174899743208 0.3113872098634519747229
0.2481005490171679372935 0.252362391032913857547 0.2363444158034564146487 0.2504401647019840471131 0.2943218066528092702328
0.3238914553772012094868 0.1897606195153483665816 0.251509039758507635387 0.1902683036317264486659 0.2621663919650541463291
0.2434233392065789369774 0.2540437441427991771548 0.1984583484931952968022 0.2285105544841308788939 0.2584036827432564242812
0.2713195040078963393704 0.261697193772720826388 0.1774695885030378172953 0.2626515820310814652849 0.2308480273842803687234
0.265611671785485059516 0.1948620327044681965756 0.2398985791351579410779 0.2830221129363058030215 0.2293814006526294912991
0.2445590838571257696898 0.2795525752679434150494 0.2850769922090077845844 0.2879435198564957443246 0.2239960284278487978593
0.2667048093671778863367 0.2718285532139448346101 0.338354124531269895293 0.2896641076148199767104 0.2587537902539308598548
0.263415727515792286173 0.2882774121974635006538 0.2164429187960868472551 0.2343943703338033368588 0.2454734092245468568549
0.2151882076489803341524 0.2542406918537210569475 0.2832397745871926830752 0.2782288791098501135046 0.2376441448854231253129
0.3098963029154271353605 0.239908325376023107145 0.3081455485408397532154 0.217615880569954428525 0.2980632478396114670716
0.2107412175203035586968 0.1825191975670583388602 0.2953472998219739964476 0.2819034973386767006787 0.2306390521937015936071
0.2666674822899266494858 0.3102485566739064393182 0.2916170692054735336107 0.2586812853416339819113 0.267230618878812498096
0.3478195602555816945411 0.2998748591590368328674 0.2653723809593129256967 0.2897152891168621180462 0.2334383246893784180642
0.270405930742966593705 0.2774280581960315017476 0.1778088471390616154277 0.2259222376337335913554 0.2697155306072622771296
0.2630823757997946543696 0.2554443506022581744652 0.2516602780652259507832 0.2693826911490230235913 0.2298959228984898683912
0.2783319481121300786874 0.2933025751179348938891 0.2005594339949610394047 0.2466003352273514748205 0.2800374022391579620361
0.3113865708980839697162 0.2775596964347969430875 0.2703769498730023146393 0.192558247322846848304 0.2684382043355609259727
0.2629423936383280535622 0.2783873247463040101479 0.2143869052349900716781 0.252692194119472524072 0.278878815545661573605
0.2608085969938111481348 0.2142495055557358252241 0.2697379295220430073243 0.2871812835706601951813 0.2156431181392494400573
0.2617930894864321511584 0.2662711456521507646933 0.2596532594791587933436 0.2356621114148647333497 0.2469808981815229675938
0.2955286082609853148817 0.1924483239318828808884 0.2139677919046448772988 0.2863320692739307893326 0.2892053079277788207868
0.2358192490614296754625 0.2138286848897462955055 0.2433070558701957430969 0.2829709000378295424838 0.2375631335166478730336
0.3045011926005913860394 0.2060461716446530811009 0.2431133318661026498919 0.2056714108705987587022 0.2418676973747772296353
0.2771626995573056584377 0.194897243738440362204 0.3034624674356380946705 0.2562995276249380727229 0.2212800211248913406781
0.2558161476349183338641 0.2215488579896979781658 0.1906037803063601321352 0.2324327731629624860243 0.2521818208626224744329
0.2818416481586423216754 0.2655253041045904649486 0.307707087091196707096 0.1580885876737893602773 0.2503525035057786451986
0.2120186153936374495732 0.2259016404698832303222 0.2309128424429818249308 0.2787893719191672503577 0.265041744088390207601
0.287846245639248710102 0.2575960079877753217126 0.24929534183062485031 0.2886240192385071678949 0.311147153834347656165
0.2313773718606555451771 0.2537733345542833029995 0.2426467295022765591206 0.2714174917499739825288 0.3018927911186906620777
0.2796427729958325669735 0.1706669627263989463817 0.1932258845560169135958 0.251238702876595443314 0.2548960815412914526767
0.2032754759736311034324 0.2617538270658921750744 0.2923272578769022800316 0.2460458192249098952065 0.3062655805868730318764
0.2758276324618166297498 0.2320194350618421941235 0.2334243437072414106837 0.2256778021771193576406 0.2068034415901189027043
0.3039081141344620595746 0.245524109215427888131 0.3230412077939448511898 0.2269274714813046545103 0.2741372774706419268576
0.2672858463341771795285 0.2501329357651145279817 0.2359932900492574814333 0.2695543757221264824508 0.2333967979391966540703
0.2375265960367320405844 0.179880960239263948397 0.2965614130832084915923 0.2565258934905605969767 0.304540128927575204365
0.2701576391622577122398 0.2639050790156317050084 0.2081254079716032268088 0.2847872346110639774075 0.2510430046640585444173
0.3004649859682865797872 0.2160678478716784867153 0.2584627156498345845748 0.2522032464387011785334 0.2297431149719875442816
0.2651022258077453397362 0.2748062221189545017985 0.3064846956030023994444 0.2574776569705609086114 0.2787211451110151450017
0.248898619961155975755 0.2397519732150817650673 0.2536717570853071479497 0.2192399808480682277256 0.2488293374666994128841
0.1907105148447532649847 0.2952771705026494553081 0.2318185153603547210555 0.2017207627841368089427 0.2454253187115079948288
0.2549713187936472058581 0.2554018584029051908146 0.2706131295936815561731 0.2818715589591402892466 0.2380948804129691953602
0.2542704915716809122017 0.2253277817063045196377 0.2257938226790185964887 0.2909898467934089461018 0.2430644029503216674293
0.2826916916597206341777 0.2718363482228049465839 0.2527986963318715751825 0.2766040760093941286435 0.2733107924902971053172
0.2936288624729202489938 0.2552909733166998651477 0.2186241581271035350209 0.2750372347259740779535 0.2135022396555410206798
0.2762640194892919121017 0.1944583630141039076733 0.2385213677062400228213 0.2616705918155787791157 0.2332574190552664239462
0.2251060655062397941606 0.2694818358470816299644 0.2925061530140407595191 0.2860857049090015924442 0.2278632040508023481884
0.2486753218371691720456 0.2893269667907474307356 0.2909779115060704413054 0.2959779987177154070288 0.2719834362966755958446
0.2042176395627289808843 0.2330917951661518328077 0.2060966423185409401864 0.2033285297051859452644 0.2677931275939595123781
0.2413102034116654803775 0.2410615339101716547709 0.1660054620175613337985 0.2827912463330044534615 0.2722823460963677000279
0.2907960470110745321293 0.2544877910081105309992 0.2645392663310605074756 0.1994719252455650071454 0.224529341103320206896
0.2322301866163865025072 0.2217441767389822238066 0.2150588971137045724014 0.2270433172912449393266 0.2666332518534064721649
0.2084026548534695377768 0.2507550920150928841501 0.241307834276263288853 0.2624366043783007973467 0.2353574206651088129849
0.2014171435127594667058 0.2252380547631873397574 0.3107620617513814353927 0.2476419615436261656427 0.271621096593293143151
0.2710381494014708070317 0.2717196454510468761612 0.2473350032220142380446 0.3137199968988854115182 0.2598991066417758455387
0.2983778849138393751694 0.2774593679460229389555 0.2746314678696841760086 0.2483117868624583057802 0.2086934498589135267288
0.2621196279606574086607 0.2505399609659612059076 0.2476154320492903737616 0.2806358705566771583051 0.2462015016624476415608
0.2467996291846419332217 0.2386574182421940248933 0.2410038807028615504002 0.3042647171649748849553 0.227997109407983122864
0.2698950600310717207186 0.2752007423042778233579 0.2897323241633010804108 0.2044121847930785718095 0.3221077223233962394389
0.2059631442465106876405 0.2763754630673866952151 0.2291639261372849512011 0.2322214586946411141177 0.2832498960566206536171
0.2652759508040230529424 0.2630952180640536153255 0.2491005682244321062235 0.257536659022708114275 0.2452284900457625260728
0.2729481379253150263864 0.3182875901165191367959 0.2287789782906979318966 0.2545151701155215495653 0.3006872677062840670814
0.231691727407539960204 0.2707061488085520939428 0.2534921308086345304034 0.2096660530237917652308 0.2155227035705970795032
0.2289419981908414614136 0.2951986829791289346225 0.2162257272761536619488 0.2981607394491920248747 0.2553112981175159057479
0.2334027708512381171779 0.3057013772790395655932 0.2654546173938826525429 0.2774087360395993129281 0.2646177787190754915336
0.2719451342696488360673 0.2933953723749044839586 0.2941170326347995467309 0.2287322424341637905343 0.2599921443817362343154
0.2585801470925191414274 0.270245152264618482274 0.2443938175010563762513 0.2477431486139834437843 0.2803344501606095384716
0.2909998222154819846885 0.2294061559885640089185 0.2965669663520849597127 0.2419570417130258721539 0.279829372429362233099
0.2624284904474195045943 0.3013092900136785656784 0.2141319023364005036392 0.2524802756252935709291 0.2287574985787705905693
0.2751884903740006160788 0.2561040999106770077454 0.2158821175586166929428 0.2831607382731076705262 0.2532165742780183581573
0.246436858784495199659 0.2497922498471476515647 0.2630145888709609081069 0.09636648320529898892328 0.0679399950966138449493
0.0920401825193209871534 -0.04990600744750012252027 0.1789749409534863999749 0.06539103359342936239162 -0.002298198405244481195425
0.1182016916265230255245 0.09604717372880516856881 0.1285597354164143835131 0.105457496393415978142 0.06934961512684076345714
0.1067639222819193045577 -0.01378077614010235658892 0.1472115705255605810908 0.1081056018157372650146 0.1214371076112163022609
0.1448159127234591447841 0.07160483658319942434911 0.1404329793565399220334 -0.0497865610327345026187 0.2181379868978570446547
0.04742476943085234541986 0.1581098498736978053003 0.07071104646155489115156 -0.007364567427512892956731 0.08554134131671899121674
0.001515489599148137642506 0.07851069550962497256563 0.1029057609173856940865 0.07279727620754213035514 0.1788858667107752487002
0.2198958114816818021353 0.05871596779838578888944 0.1875631161440583227762 0.1260280677200007193317 0.1358156461409044113431
-0.009262473798402502331295 0.05586574900845604763067 0.03136752187714535178298 0.0381568539020037539311 0.1752314016665723617194
0.1425297081088023887219 0.2187051039279964970152 0.1304538898265243662689 0.1087265706986595414918 0.0976578062871547164514
0.03439890619425460538405 0.1080036563063278692853 0.2043157533744701381817 0.2407299870248517104088 0.1490930227658560647264
0.1841276940003446216387 0.07201600394539853233766 0.2538791211176285589346 0.1179591815621770650724 0.1985111047158592267881
0.2327370519458396014301 0.03720167626185919007575 0.1952188708751530776819 0.1768728596601725489013 0.08221763543120946815534
0.2945603726592601057099 0.1830104332607248029952 0.2235086964164198497507 0.2243939648481791671042 0.07734786183440141293932
0.1705145365987159600252 0.1210425340646752861984 0.07908174667658816880955 0.2088005243885317496755 0.1201727363311865387496
0.162823982137881323462 0.2208801807245917847577 0.1591678929508243967028 0.2523316774222019720497 0.1928729638368563148454
0.1535016131004198203236 0.1017403776285168842675 0.1836108766799224578659 0.1499958659598168153604 0.1889505486756348495714
0.2172804149959613462251 0.139609973790272789973 0.04577188891719228408528 0.2003510874189801671541 0.2104329139426668326962
0.2480893233311226020454 0.1406762054443819187632 0.2125384716934818063461 0.1634925219591057410362 0.2098827970443756241181
0.1451596700493820168987 0.1113200294932436551498 0.2000659490021571840224 0.2422084989391447285012 0.2200205269761632831393
0.233406347713818906886 0.1320871823626730279244 0.1898157519127650905144 0.2210577841322367564914 0.174890243459392802361
0.2000327966110297950308 0.3058014239878708018239 0.1516424526095932756586 0.1228561903675843558492 0.2442502503413256920162
0.2280916542936242130679 0.2689893042008128509757 0.1483130098882957659256 0.2774229480270730685554 0.1622554656718867283072
0.1450165935590352894735 0.2279683724339098271905 0.1818526973917979350226 0.1735438555931788917608 0.1741026009090290427306
0.2334270247968422695717 0.2085717453694423961785 0.214769061573338360116 0.206404253674216692227 0.2381499662597562905209
0.2768604676599417668825 0.1765276523606718883652 0.2012553086275552238771 0.2829787531529498467719 0.1833109860098046384191
0.2646081209880763451814 0.1879601268719753859315 0.1957790409182455226844 0.2149255606957133635238 0.2739070748335628024961
0.2336061745768235609066 0.1878097951156261491423 0.1786364944312905933543 0.1445488342142673132695 0.2704196006479975267212
0.1360790240487101676603 0.1884579751512866496732 0.1638028597447647727314 0.2026408016915999532603 0.1944861670249982965597
0.2176688673522166606045 0.2070256607231147072401 0.1493949483949886525291 0.200886519247693878798 0.1930922024685413074252
0.3010630108420559447602 0.1760061316551430332655 0.1839836544014628871846 0.2688351510036682268101 0.2111097927150813458042
0.2244647853544816940019 0.2683112145823502436848 0.2220310104850363730478 0.2045360506429830527164 0.2832944672737409685936
0.2323822506773422780224 0.1777116596175120910583 0.2268165688694154247251 0.2509642014242806640212 0.1887695100199209552461
0.179770445953659513405 0.1945107972414480967949 0.1960858283801921175815 0.244840338162365001029 0.2382925820880701373028
0.2630395752102697715102 0.2117781224484227009519 0.1355837556194805226806 0.2473655833501925416229 0.2193351751067731947309
0.2342680479647085145523 0.2729904944569819802425 0.2212947927859039154441 0.2771677103198338376622 0.2179993405693488039976
0.1400918936711907092363 0.2044197957436215407068 0.2489869454157357664403 0.2211890430520936923209 0.2500758249879589389941
0.1924087114842921997226 0.1783144885565622062007 0.216307634305158202892 0.2545362151630455316287 0.2120168495360171545538
0.2164623586908182018007 0.2171186097807410453342 0.2622999566195797771506 0.2455733519374891093978 0.2876051082508706002727
0.2968809806818440422127 0.2180469813872679962774 0.2087954758136972011062 0.2751381183536957264479 0.2424661819987235511498
0.224801282212062553123 0.1922511360300164506842 0.2360100619205330596539 0.2480820116528544283518 0.1926467595528875698108
0.1639040614697921394161 0.2175844410894144931312 0.2153970885648956445912 0.238509401266952664189 0.2653822479013216439903
0.3086521153927888616586 0.1949255733291156977849 0.2631062267994803138826 0.2348220365248366303668 0.2519495083948913305427
0.2766326064745598389827 0.2637999503343009810585 0.238190395251855202563 0.2591657662217907720503 0.3026098313389651295324
0.08701977900566783274972 0.2568517566001756735616 0.2419557904873432252479 0.1894094812837483210455 0.2174903697646277667133
0.2569734202920488375099 0.278964593309568797963 0.1767465982763726517479 0.1816183785785202842167 0.2124592968137252180227
0.2436597270044949248291 0.2482279383124219029888 0.2181432854941616761302 0.2325243798766833958069 0.2202327129054223453508
0.2390803665246053200111 0.2191879796346018483 0.2353208865059104593076 0.2579834324555962954406 0.2838176431287118273161
0.2552616343257251285692 0.2124560760647695445424 0.1869831653398326132276 0.1999098578373573742439 0.2440238534304046968959
0.1940352896091718515326 0.2480756926388814065376 0.2135946547819827512349 0.1934733649078603234805 0.240388318956852448105
0.1959707286011483917676 0.2660183272204843518693 0.2688111487260133602994 0.2027680200667460463926 0.1497743970929574508499
0.2766185205515264144971 0.2849326462367454126934 0.2567417931860515589726 0.254071885959631205143 0.208719497833296685485
0.1831266747520369220226 0.2334160301391715597319 0.2070540768938259057474 0.1832764524520047455525 0.2096103998949494229276
0.255906518208501354561 0.2709472438335744359783 0.1822105071270627985047 0.2729730968996137985272 0.2179506523415082330786
0.2637807508771353726118 0.2177597849973181565186 0.2743877118510791301986 0.1874705153813204794311 0.3047152981658470816129
0.2444173090240751022861 0.254673014228689431615 0.275600852116183292484 0.2279022694913350188806 0.220914440797868066868
0.2509845229361579166394 0.2549156553759255317004 0.2383507171601529639471 0.2783488831727886636536 0.2831178572680866367683
0.2738383127727826993336 0.1868327586379298355101 0.2547565994726484484012 0.294757124017530292015 0.2723852353022883643341
0.197517813572457123783 0.2612447643590921075862 0.1172371032689894232437 0.2563247343326070515346 0.2540001704260982928751
0.2326974539875792669097 0.2515362523756478618786 0.2867443333633295510232 0.2605881354983435316264 0.2041725925310373113142
0.2561181654790192219195 0.2559676038196627145815 0.2444605841658477329847 0.1991449715047855506533 0.2289247561195925650956
0.2374332574791198635644 0.1905836790819684378739 0.2494561643410338758198 0.2852376405986477569954 0.2414506417764271106741
0.2689293671469784596795 0.2098352545950428471588 0.233590974395158385013 0.2151779713749234768105 0.2855122679654060191545
0.355819984188760263244 0.2633839248873616756264 0.2842450678327353430497 0.2764974340801557017855 0.2474769273508551081786
0.2689130213172486461026 0.2048802369480608176477 0.3064265753557424143416 0.2858512338826188492469 0.2330874518179618382074
0.2607882640413278219071 0.1923502232687149260393 0.279176555406073334531 0.2415090312994335741692 0.2555004920485003938602
0.2543636622797952884234 0.2587708013365954684559 0.2864912968987901042972 0.1743399913932948130935 0.2668223249210702752166
0.1762031280606703997904 0.200215541273981945114 0.3076246857093162812014 0.2780652931828372365075 0.3002662257405119272669
0.1814635790869408293879 0.2107634644628678943779 0.2239894692460207281659 0.2596546094205732790883 0.2939640217136836874978
0.235244074030928895791 0.3090266736661707036582 0.2796460807126130987399 0.2461010602089829246708 0.2815579651613019929179
0.2705909155589587000712 0.2541413236871142289353 0.2754821119774005788727 0.3218306746191704759141 0.241033713278213601594
0.2421981475358112589902 0.225804789585609982927 0.2487406908972106256428 0.2428304945138621273593 0.2619084515153207171068
0.2672950210396002335145 0.289647634012911603385 0.2266451357937527000264 0.2470786554032795845348 0.2889309440942868789648
0.2520600203297009844761 0.2234844168118346463547 0.2978084162193353479076 0.258385105727377828444 0.260054852599150787551
0.2544784736401161095998 0.2125472004874637832472 0.285724982024321283447 0.2130140446540244314466 0.2559005793038161558073
0.2635871420766170425409 0.2217667860298939419561 0.2604604510213845425248 0.1953233090200707233741 0.1935726089701375329799
0.2533314723260153833451 0.2255558323811091281375 0.2409638596074038519035 0.2210138423239348393068 0.1821307727766642847733
0.2701139795055574333027 0.2417612270627413906254 0.1735886537603947010755 0.2528171566134747028087 0.2659153920905161228028
0.152724308775345013478 0.2324807360654677357292 0.2580304458970304470888 0.1961566759269921522701 0.2733481044470943421842
0.2816572423986445361521 0.2875908493566314283463 0.2486401400251027071775 0.3123081305146623298796 0.2422543551325853916634
0.2625935199964118949012 0.2223380297952923523308 0.3080073997160904797354 0.2755852456752254098227 0.2936159921139557815728
0.1697899412670462460095 0.2703505602894082371357 0.2444275573333187234759 0.2485050876616999027124 0.2912389277769947826258
0.2317298796123763160448 0.2520317062366301819054 0.2361878749191933246632 0.2326689427997612746868 0.254981326588043955006
0.2847521302842559998147 0.295666858178522062861 0.2107925185827815017792 0.1607624459591963927974 0.2625947649567229036371
0.2113127821230292580079 0.1495276102110957294755 0.3273827775418232666205 0.2180379936031239807015 0.3079131364627205047491
0.2601204574528430679692 0.3313160330107303153113 0.286386849532770770832 0.2622317062240717144839 0.2521562460427204110935
0.2496744491286438105693 0.2778134596432884073636 0.2325423106888758750799 0.2639845296231148608079 0.2185525639776764728062
0.2574527756617574492104 0.2679513695627772640329 0.2789203650002097245597 0.2819157802593524331236 0.2029832257825608110569
0.2261665891821801055439 0.2923077112101515329101 0.2511177851473163635809 0.2711810110672780993468 0.2385538607430697510825
0.242222712651363997205 0.2310494006958061508072 0.252124367901759460775 0.2783242398131389183646 0.2322787891261798853826
0.2094759720432765315312 0.2747790045329967512089 0.1938071991950217065614 0.2696659884036564092114 0.2419063046048449960868
0.2519859891675388929855 0.2790380297978687362814 0.2330933030339489842042 0.2559597361959081718297 0.2963045340066216559727
0.2788376162793159140918 0.2563199999629358072362 0.2573654574943305406443 0.2382394884215488228829 0.204198615903790209325
0.2519283506857257215472 0.1999749969864716703238 0.2325801611935281176802 0.2358692171193113584771 0.2541557945979589505647
0.2509158224507114232082 0.296587686888282242581 0.2974058179827711034804 0.2266440185668596729585 0.2618794172812735077116
0.274115845121156054276 0.2853312763896105885841 0.2301084226140273081285 0.2632309482937083000564 0.2380982703247642440214
0.2316319902593291790716 0.2258995767039399804599 0.264868510978991000826 0.2120260002060851689532 0.2603373255082202519795
0.1810409435995772864381 0.2162094418649116722708 0.2449774507024130576482 0.2862792873579340646728 0.2523791403683448009154
0.2804392893073084924715 0.2802645213665646006795 0.3013521985948902082164 0.2938516169387635490473 0.2320144464598622724427
0.2474213208977324163218 0.2280181527695756271701 0.2099730599289651999939 0.2829713076445425912198 0.240474728007271099095
0.3137062881889154941639 0.3136506986865561508182 0.3063018017109458424052 0.2409688165872773124576 0.2582428738555447855774
0.2619188024698774763799 0.2921557664320083014253 0.2318933085500232138543 0.2523449799876102406238 0.2668227593158659649575
0.2960771207217586242777 0.1819755384236668993569 0.2682000519301453445031 0.1832915356458028055542 0.2814921387940826358331
0.2372278675896951904978 0.2502981005768503686149 0.2407324638137613159738 0.2495473371966575037995 0.2946503053321613552207
0.289835405940944423886 0.2577091978927418813861 0.2502087293785124066936 0.2493964421446353274536 0.2780470859935098570936
0.2326272320378065805446 0.2997490031600448245896 0.2367622912904691900859 0.2689468165957269452093 0.2316070074024445812899
0.2331330205879740824493 0.2327219416227560011556 0.2764011243525972272295 0.2373605906120148378857 0.2834258813642401286792
0.2747890158172429653227 0.2372465774263117777032 0.2649251551173477103873 0.2164549366576264122219 0.2755577243229832551386
0.3206674881906302898571 0.2802399303696949672826 0.2470495671147965865977 0.24922252334157532494 0.2372584634501667955053
0.2253410483722716461941 0.2732565216538863639428 0.294464137787945778868 0.2312687686504727446746 0.2505338462936887999888
0.2517453403920770771407 0.2548518145767508236155 0.259773226877617779973 0.2534364938606729067416 0.2583058870680847718404
0.2568631397092354662348 0.2559983733719221610237 0.2217325745391055535904 0.2858832002590638299289 0.2320230992303363715124
0.2681428936592433753816 0.2771933737795370111812 0.2089133850420720195373 0.2308720772203992355198 0.2545618665522699219927
0.2270622976354854105629 0.2237342648265733535684 0.1946852364129475765342 0.2599032284347435606264 0.2501768307866072404977
0.2613415714164591396873 0.2573958572895854168827 0.259792922337020282253 0.2380026587191578779645 0.2667840409261495460136
0.2366873627833447346624 0.2592002760893978852152 0.2856238916634618596468 0.2460713572175189378655 0.2612700920292293504943
0.2421531405836477857108 0.3268712875610559343009 0.270039238758917721217 0.2624805887587942643258 0.2289752907689643623979
0.2224025198698895144922 0.2506474935753689736728 0.269536560634117183799 0.2378926260881255583257 0.2170850578631838001531
0.2650801835499300151966 0.2490421960464045958439 0.2788083272646190158284 0.2637486324305457485728 0.2483566955193168834803
0.2521665824318694570927 0.2596787944169413053785 0.2607289793014149759109 0.263982813870054622285 0.2474273477480766758596
0.2418599845225396505199 0.2721738332682067107449 0.2632714477694144683539 0.3072133870950402578792 0.2580286240073891845803
0.3102144555412538196038 0.2595791202010168108316 0.2647017847156564740452 0.2472379064635375212067 0.2225768453736528817988
0.2020207082415695354349 0.3057922226493962059024 0.2726901259768118590543 0.2628682040838749012224 0.253100845797063045417
0.2948548447368762870369 0.2788035098712195458681 0.2488461350093585933152 0.2632040706791792805674 0.260879601454907017466
0.2681588843458708182332 0.2524496163517312985469 0.1659479351173792360807 0.2249035323322512436306 0.2611960827462280754219
0.2493413304017781939592 0.2327253210909187852717 0.2657900216008768357057 0.2546187490139210640727 0.1946608344346355545795
0.2698410153628045260454 0.2686324057672201948144 0.2067333911697132875496 0.207680943863113282033 0.2310608281324557089498
0.2181546164846284996397 0.2355111153091476727806 0.235059940182128751518 0.2249639588424112435217 0.2393006612713179381835
0.2154299146395907971208 0.2626482548119459248248 0.2281997768124986170069 0.2617188256077372376929 0.2421103243297179630211
0.2636211216241711730035 0.2567120659169324081716 0.2497080857574904833029 0.2312864833357715088624 0.2446684984555825836949
0.2827079838398534050725 0.2993865061844618313813 0.2421012430430799500236 0.2690774573423158622099 0.2484268442229034534741
