0.0620497708625186439324 -0.05279246112568962423506 0.06027507981592278296645 -0.02186438871250200380314 0.1473247391682131757218
0.09456275055907080451245 0.1043772820227044789698 0.05298815830353441336253 0.0695214942079577652434 0.05885420951025810420987
0.1384592956326118340371 0.1102702682545280699067 0.08441874240547923846645 0.1331356130486983369021 0.0448219392796808807633
0.0445733800333240892666 0.1208747136810673639129 0.03906865198198256061701 0.09822465577664188374207 0.1309798019093142973368
0.0666150833804633052404 0.08399161791771903029513 0.09170646785016951796354 0.1376778270475158827413 0.06511651864218531704509
0.1181117320994033714765 0.1267467448662104034796 0.1588065169933209619391 0.01358788281470938580364 0.1082214289998865985876
0.08938363667640404630621 0.08968187821487871858039 0.1206241007791216263145 0.1387789152882960286295 0.1628085740745745801927
0.06442536844165221154856 0.1202170895249339982458 0.1348614486639035658921 0.04953348763530688453338 0.08769107344380014379404
0.1497212700480033964467 0.1534391918979154390001 0.07485429643063119808932 0.1390874645504081852376 0.1071455417199746601442
0.1531543003221005894154 0.07031915163443204497273 0.1219650415018589811877 0.1279254455592233885586 0.1341553400830020892354
0.1695710955532422070657 0.1431839495381445614974 0.1796868579325083259413 0.1469392733357998692689 0.2042994854134923821132
0.1518104345609391225835 0.1664562286212572517208 0.1737911824409902883382 0.1058740971919786555411 0.1802349216599929415672
0.1343627914069384921003 0.1457905679263874487717 0.209061051674774789344 0.1801776645229876128163 0.1497486863106826382452
0.1771543061387788331462 0.1488468845554209440962 0.1937347880969015889718 0.1756861641790964101428 0.1850081465316490147988
0.1786652918945828005803 0.1474117330723519747604 0.1600100707739189331846 0.1705239797047122529694 0.1828584795103397886429
0.2078636033021770967988 0.1607120409957436546478 0.1290670610926900330195 0.1561182059481680539648 0.189992989046877308601
0.1845317212304249943067 0.1453355280979516106488 0.1899779127844707371509 0.1551696446717928667969 0.1324798851712848668516
0.1801444345613233688486 0.2085299902461450749502 0.2230262548693949520295 0.1734411668730215794199 0.1980924629899456501647
0.1649048888850156713293 0.1869292533042811732535 0.2010055600910114204094 0.1596015836598862758233 0.1741090968658565163452
0.1865870830759789877895 0.1685527178007858450925 0.2159383533755949990951 0.1768802264686756553491 0.1725953899310939676504
0.198881023215608493393 0.1838993738978913772275 0.1906163121548202221689 0.2486120647188922727633 0.2078363979949605366837
0.1648568225045712598575 0.1874247264153773573359 0.2274675683796999747788 0.2115513524755456287174 0.1900089896404143496866
0.1880231660539916083152 0.1747732113310677959372 0.1839850890340949118862 0.2003993189630005611335 0.1604734421642499964111
0.1976443790870339445309 0.2082946433082477344367 0.2086004932851468207655 0.188534958753314330071 0.2360699879381918941945
0.2340327373098089469572 0.1986375892674020759987 0.1855513829964764160874 0.2095308507531663533285 0.2063046111122168180252
0.2209656874658849634585 0.2060997333474283987886 0.1937976742116651884817 0.1999760794446582001793 0.1836588669191425993166
0.2114906990137759290604 0.2321989612909158007259 0.1963733160349348527696 0.2118395151235898110631 0.2061657335001574609112
0.2033281871868878043497 0.1807340881545861921431 0.1740560110779102720446 0.2064135161880974733695 0.1833529489444624127614
0.2265366329630083552793 0.2133662043593456125734 0.1909557288965276766746 0.1986128518617220894971 0.2112933086119479497711
0.2104097472182487882364 0.2124660870267477130735 0.217423212806040322409 0.2115264278749723059203 0.2024098961079551506348
0.2061375006382533403571 0.2184980459570405597614 0.2311425053242288640831 0.2294831489023750337175 0.2171002282351149892392
0.2374643029460009602261 0.2433222156555544801737 0.2299221348913333962116 0.212902506512182843057 0.2191270788824613569012
0.2132040723276019678067 0.1991743490053436982379 0.1878035440205573503025 0.248223228304964821378 0.2096934525031188267796
0.2542197917275413332483 0.2211476681058044679862 0.2379920871591456044136 0.2054473839061083662028 0.2054965698911562776985
0.2106180748847124861722 0.2397837625781313874995 0.2275820856354215104833 0.2539676963892417149715 0.2124248595310171960904
0.2548188547842756279671 0.1968795112637716226978 0.211426566541571769875 0.2207574515579942275867 0.2371558175692395631362
0.2347239593250286804338 0.204649494439951229463 0.1996902515588183935069 0.2160526126944261327001 0.1990025631225179614248
0.2460290534015225627495 0.2400821062962826824005 0.2131836314407664634274 0.2110911507240540441188 0.2385547831868078672013
0.2287315496303579664961 0.2234724426531648489025 0.2288654529655576586045 0.2081596326080260572766 0.2201527679332927478484
0.2409273346956939676478 0.2119841546521840092154 0.2321513354138407814187 0.2078751448541639457179 0.1894917612356822878006
0.2213686243354586191678 0.2096738073245124622801 0.2175740994661213290051 0.2238440037852244268723 0.2453378827639165760122
0.2222042226750442772687 0.2395762679006298301321 0.2392680566597221447633 0.2255231749612906788638 0.2627916929748902452602
0.243128529145613142548 0.2243203523470254923122 0.2419683812053382010454 0.2469140655592837185761 0.25656934633846767424
0.2443083772204160952768 0.2444692048206681955769 0.2199600270632499077195 0.2515556178321720626201 0.2454964940553686358893
0.2190535073208532412803 0.2355776486473804276489 0.2589705889135957561642 0.2451809457702777417243 0.2342535261825203218855
0.2105144037347610463939 0.2360824056622178868103 0.1959630717073706507314 0.2147355849112810854962 0.2374164358235334726377
0.2386007747786456911765 0.2407245475489583064199 0.2580064065500336512038 0.2178855125273056470014 0.2419307557405010744578
0.2370970292404980528378 0.2595846505727401609676 0.2476135995876862228027 0.2271119536505697977802 0.2353499552473422018473
0.2365876926187909512489 0.2392530597002193171186 0.2285865989153886557173 0.263213172383601812232 0.2184585400553436529414
0.2195640379477407921893 0.2487814449970005836743 0.2335625263330708134557 0.2472923649391535194653 0.2528306754532709810235
0.2317680255494531660343 0.2049551154251858797739 0.2191217096894631788384 0.24641546490733765018 0.2466285291100196730429
0.2478423364101747239374 0.2386351237726800356143 0.2266370041487577313699 0.2541938802426821353286 0.2603023238920154636133
0.2362936700764247111017 0.2609558268523948232342 0.2455597464484740588553 0.244368887328811457138 0.2361195796365479770973
0.2419972792525229010607 0.2506216248927112255629 0.2363239820835681403999 0.22533079924902291169 0.2489237216092507753995
0.2276050761905485664283 0.2412144111211140806716 0.261236346371941929867 0.220447299837139509826 0.2402293101918806239592
0.2222753467603058030733 0.2304562644329759824036 0.2369816429870398588609 0.2459230690829445620249 0.2599796459265534265271
0.2497998759340267216356 0.2419967543537622223226 0.24484365467559707219 0.232088809447535460162 0.2365003078386412049827
0.2550185298750181628336 0.2535153518321976995331 0.2318925662742229998337 0.2313498261773191955193 0.2602539170365500420523
0.2271815295563889836039 0.2531403117821222070738 0.2438402828942917432986 0.2628676303011971970847 0.247253468908229329104
0.2618989313094607362942 0.2615510052827452747159 0.2547391809678422047725 0.256960700030162636498 0.2292881390420206388914
0.2249901736654403294757 0.2332669648956006702711 0.2489888468079148597933 0.2604231885572179661104 0.264434242382590944942
0.2623716710442907662504 0.225494912563135446737 0.227040279165737185485 0.2471414126107833175716 0.2706726348192811659743
0.2133706044108388544256 0.2757560544235075905561 0.2642315495845126704921 0.2502955244732842920996 0.248233080713328724265
0.270121048427717003193 0.2616530298491528405691 0.2586091031921582961139 0.241769468389499503358 0.2774115684188747099626
0.2202667485360328691879 0.2476086269369918713146 0.2499988743397316970363 0.2338937655222003975108 0.2804695565284947567086
0.2353113322476986235543 0.2537817510688196720459 0.2603773444689047589229 0.2697538275691937492695 0.2406379339367836767138
0.2442724452783315014504 0.2503945775594671463438 0.2393302889351228701642 0.2428302873780794068903 0.2500000402711458624694
0.257455611709487053318 0.2676907129871387569509 0.2438473300674079136119 0.2544431672103965036413 0.2432330093170694540472
0.2681037215200665069226 0.264933504472981418143 0.2608638906755940123361 0.2324414912585882619922 0.2487839715640662863194
0.2510539155187469506636 0.2738319390846529755024 0.2511750538566864809908 0.2379194873658565800856 0.251468359381161021826
0.2511019631520111650147 0.2682051698837482622828 0.2443058349780562743536 0.2596496511647560234692 0.2617918144019456549998
0.2436495994332618097999 0.2797798806917928260418 0.2452173728128121121816 0.2450069229392221603625 0.2519508781844459477384
0.2614591640418373885701 0.2641107879230235599977 0.2386653178522297469311 0.2382932971172347091926 0.2833859281883787106793
0.2830460912008282980956 0.2589046029182120456369 0.2663013893117228136909 0.2355419834761761643804 0.2747885901892636040245
0.2520988793019445783905 0.2437884250380624451271 0.2590092359346488626315 0.2338796672751257132994 0.250163399951368103924
0.2392468583564742456993 0.2412892302300846392171 0.2539028808664423042529 0.2500142399396306780446 0.2653661410170912726691
0.2656060176818642037944 0.2324731939339425013102 0.2352499209768696419864 0.2389734512031750357508 0.2562721928697138107367
0.2694613640367655160723 0.2620108633200420866771 0.2209916109248930282671 0.2426477253796149313736 0.2539428182924085564132
0.2426724502320819487622 0.2302478768888371329915 0.2586520973341013274194 0.2500642234594802615355 0.2565973264284465704677
0.2615970027781910900444 0.2391740447217634568666 0.2567741750211406936977 0.2567235137895292340637 0.2648512807291130144449
0.2754167561961993748731 0.2651969133714801585278 0.241661854576967344288 0.2360150635543389885385 0.2486934630842293214581
0.2432755748342376733717 0.2562055620987526149968 0.2570029185517077596757 0.240352460980432641735 0.2487617624233430801972
0.2312426424525472201665 0.2551716993595078974977 0.2703139136921657303958 0.2645099803283394446218 0.2566107100484141811947
0.2201530349027525645944 0.2410018456880900772354 0.2539017207128718700559 0.2458453798986481864119 0.2662003184669886057812
0.2370022486133934458419 0.290681770491644786425 0.2593507268797322073972 0.2468132254300343386699 0.2566322263062030262226
0.2387794158232448560319 0.2404315514423548683087 0.2656944703655671480291 0.2772704794873218636653 0.254411614803805641305
0.2697062326580511593122 0.2663053075586653273277 0.2428419945769720866835 0.257993569804553291025 0.2365219435960212446268
0.2645153137179888647168 0.2546095759226446597623 0.2399067998824570835392 0.2523861502596288497458 0.2658520002266369086641
0.2537210902661310996109 0.2719600272002367091773 0.2569077270242584587479 0.2581615682937142275399 0.2559774616228538413054
0.2532972951616125345531 0.2246926882661911262229 0.2426374562651310018424 0.2725620166745152395116 0.2534059482682276542853
0.2462363732273793737182 0.2244075663241330009789 0.2564262168346276293818 0.26692688685755494582 0.2359131023403173155195
0.2442895819141776003747 0.2620568767838878376786 0.2675292299331613055102 0.2754776696236953537067 0.2834780000919808751192
0.261371488680090746648 0.2440143914673703062768 0.2467514744767394241354 0.2467090263060941202067 0.2683991180227993100793
0.2623843476394679408159 0.2718523351457511338936 0.2567362791008727107567 0.260449784963499686441 0.2779849605015219382587
0.2524896912900611023467 0.2568138549888208665983 0.2604517165304132686465 0.2563527002261553611184 0.2538760478700106126837
0.2341850125283880534877 0.2598327218974603169954 0.2396134533587848391978 0.2596905733290522655388 0.2566019695059022498462
0.23582705820314273093 0.2271434636806031748257 0.2336587862643204061008 0.2356838403732382791755 0.2753223851741256611447
0.2626077751132679383161 0.2599499420678297312293 0.2582889549827106501212 0.247729017060908218717 0.2636145360484224431374
0.2816786108031607560598 0.2605737676859304907673 0.2506963751572501841736 0.2644721968410618795353 0.2340227876800531070511
0.2658707806081835878231 0.2585586519559675000579 0.2620129002827754072236 0.262853945591438376006 0.248876149820900310905
0.2570799510875896864981 0.2589836433315876873529 0.2716407042407476546408 0.2726157252058306612597 0.2571079448800674960296
0.2429926905382631674435 0.2603929734469720980172 0.2672989355319138615741 0.2634263035806343467016 0.2484142058287624743596
0.2606329065477578366128 0.2546506446693511116486 0.2684132404539018024181 0.2596025747931700600191 0.2708720249114078271191
0.2478246430993850391022 0.2458226617806836267199 0.2658484577309080387764 0.2634722620613442201076 0.2709239605924976257434
0.2583651130434038711847 0.2701815899091585260194 0.2528424425546923481889 0.2683586320788573509333 0.2474937263222827810161
0.2282259805478791814259 0.2586515568385485686065 0.2374850679520606466788 0.2509370792378202152939 0.2467831466837700493677
0.2537587887263644259583 0.2552866363884905842596 0.2554263035446148744079 0.2517047657954750161657 0.2480140736270199652846
0.2555096236584213920118 0.268159913191881205119 0.2711655943024628978577 0.2783370827068581410124 0.2533208424884102472063
0.2528140348752758170825 0.2588207804024248992469 0.2324340230833225606766 0.2642113531649847302241 0.256508444455139761331
0.2448542417573399687658 0.2485665765882168753986 0.2545878838575016400725 0.2582570181422635946511 0.2673218132814938474695
0.2620152884282430094665 0.2566657100769154653541 0.2376246870773395247767 0.2506461458352639559699 0.2382290131440257807682
0.2576051168214441022819 0.2546457396302380660202 0.2419509646202001318382 0.2591974458468975783809 0.2593167435292072497965
0.2505854969513137131543 0.2702448593454939151925 0.2510096673364305974729 0.2462866291896207149303 0.2254803851008479742557
0.255710646475490133156 0.2720226852385998483896 0.2583898069461526558754 0.2521819489890085863593 0.2636158307789894239548
0.2579950269250632088891 0.2699436087853089860644 0.2740233832240926981072 0.2427399384590609165979 0.274852555591163894011
0.2544004782734154979096 0.2616936817627768530059 0.2607422311620065102922 0.2605532624118366280541 0.2602704529891142204434
0.2649435221942868512457 0.2399661179419359247067 0.2588732426292905119958 0.2364543246924103447881 0.2498828220247169273893
0.250122149323229403528 0.245603474548227951324 0.2602054695327910005531 0.2513223800304584809595 0.2472805629305691865749
0.2686473110362264660189 0.2575917552493844353556 0.23377864059171565847 0.2661457268164687528511 0.2221753642298415765133
0.2636321627754276142319 0.2403464203229492557323 0.2518616768012484352646 0.2477656167569085299274 0.2541693749720427275562
0.2514250246825498469327 0.2588732373550818866015 0.2727583032651516581346 0.2500008551852848093233 0.2690623433462573377284
0.2559225724207263574783 0.2429152648942525249964 0.2522012145365673529973 0.2772283220871404330055 0.2410981635115403975966
0.2537094045604854075648 0.263036255907862226433 0.2466637584783881731454 0.2350861916376384974647 0.2541688121210182726983
0.2428915869401539195938 0.2756644605165320394136 0.2696618436466879931146 0.258824299182556505361 0.243500242788130455418
0.2570178098940258948346 0.2621012750302889049436 0.2533145100038335373327 0.2495994727700806270487 0.258906659338132727477
0.2610043304400225805395 0.2577870698502460755641 0.2645450106161563730289 0.2567120310920192327586 0.2592508175055168173628
0.2477594551960867197415 0.2535294818486796830648 0.2471007088298814713401 0.2520491531287868958167 0.2536751649715274781194
0.225087678718681266643 0.2645181615773855576812 0.2455328965468178137321 0.267101664502624513986 0.2631552959257309476371
0.2626672344034020056824 0.2452636592996314535142 0.2637764069228781260712 0.2601763564278050666623 0.2352824888643685607992
0.2512485157291515780464 0.2506403492806364985412 0.2593073094013834123395 0.2698476857311727372668 0.2559070875337619010992
0.2535134665965104172614 0.263837584131896563111
