NaN NaN NaN NaN 4.77945772958734949043
4.687404728219179084192 4.467537488976197401769 4.57195690928692766164 4.612032583287555276286 4.727589392098714426993
4.772561282045899133664 4.802018433336638914 4.726399168598269362462 4.773635187239541721738 4.667392450110053658818
4.781144719682828281293 4.856366900686883703031 4.765220921715099144933 4.676103606340468843428 4.818290408996150020471
4.740585313379447995885 4.754098004437786073595 4.631539634952972050996 4.408174045322601486419 4.736521203194172358053
4.555412316000874817234 4.723177816823850960759 4.75254162746826303021 4.744906987985673119113 4.618634741212490624207
4.700923426769382906798 4.798802469993847630292 4.705655646711107920055 4.673832879398245765401 4.658205214536697447159
4.454869523255433172437 4.735922926152443146464 4.723436181899259622696 4.498764291162705042382 4.68563105844460903171
4.467730191220412372388 4.443453662246646729272 4.516376832841197952462 4.724364683407779708091 4.693380358897417004016
4.746724052127071935558 4.716863382183679398452 4.748437112999057241325 4.748958937024234217006 4.75229969380520955724
4.728660357219108156812 4.655726516632392453232 4.467055091630028229588 4.134055237063515519935 4.654611094624805822662
4.717989631604469380477 4.749349773982793010418 4.794593053931520465483 4.621574418394838623669 4.772951385387811384931
4.765809876610782147566 4.640035883563840002353 4.727297551460144298119 4.538849719020795703273 4.821282104653674238648
4.833852795024756510145 NaN NaN NaN NaN
NaN 4.750591119231643233434 4.840950399161513040269 4.654170245627387458853 4.853699583854622190415
4.570258751609753034018 4.721617811233309147667 4.5576662154473304156 4.519289227496771310655 4.560351302391127070734
4.589013717924399493597 4.5316487261609914583 4.601891731923680062266 4.54092715176374550623 4.628209191824360857481
4.543422816162914656957 4.598454143464818066889 4.542447891014178118496 4.514792659777103978058 4.535394205974975889717
4.583306440531372594194 4.542436137995857770022 4.590731287071867505745 4.429112786530509104921 4.488458929087001614278
4.535413433646481529138 4.544455937673157031043 4.755295212567864915343 4.749378343805018332091 4.762612328996663535463
4.753207772852056756108 4.893644069235183913236 4.79773352840685074483 4.663726813507254931324 4.581232155280032358746
4.611882353871220807662 4.669688685746937295562 4.597010630456808577549 4.696037614333817167278 4.625176457931796214496
4.74803900929706923506 4.733127861385769463709 4.70753170844191171085 4.707901934539625798948 4.747720931563497615002
4.812657252809232844015 4.779863651387050715869 4.917406642182155174225 4.934712562208580344247 4.908339259335106952165
4.844811414515939773651 4.901654119544465615377 4.89358591336776083125 4.758576631910506726797 4.776684150625039926297
4.836609748203215097817 4.828241877457406516783 4.796915412049603588684 4.780825400066938790644 4.853601695279240679781
4.870000367127079954344 NaN NaN NaN NaN
NaN 4.69794743851998397588 4.75313324161567418713 4.787820563696087994288 4.890121249995423191592
4.584215450243544154318 4.364463217337221756509 4.7005644335328700123 4.71394995793769489012 4.849459829884688488733
4.765354989438392863121 4.496398797525404944508 4.589978858631010183444 4.652609803407037780687 4.601538037819532966921
4.745738724761229043736 4.882134422907993709373 4.751761947490583004594 4.818320157828620331486 4.704439985008308511283
4.577567861879107802281 4.604357915437044646012 4.230737190213321952115 4.775475995887904723247 4.539254788637951065766
4.771497008875394740812 4.366359307654322563508 4.70747173472617586043 4.679687824827941433625 4.831533687533146270709
4.779274815258395925355 4.770168339209939212253 4.856943631767892455287 4.76165849085273240604 4.857179469235389568382
4.085171166166591483204 4.686156470409686747303 3.911661955902800524854 3.995632088772643975005 4.859824944365445986705
3.994987653705292629525 4.044066313127593126353 4.597063506137041954958 4.558603230138549733397 4.692280318467581423647
4.752953510393061797856 4.76663133403097827312 4.746725055953588068292 4.776196693300924778214 4.671671193206481831339
4.483697300269289698349 4.333593019683380731522 4.456953642173457019737 4.497062315917212060867 4.827456885254296281573
4.65590156479998729111 4.619358479208538703631 4.642332047330521405115 4.562146074315733379478 4.714723486643287664322
4.451588436276765037292 4.601499504262106299279 4.526120369403314747103 NaN NaN
NaN NaN NaN 4.87969294872545322761 4.61067443488842965138
4.724445180002808442055 4.640582966053825586528 4.792777879342416724739 4.656657884396786073467 4.796051503419660910765
4.847290391046946034237 4.560106726717503278223 4.619877462964820047375 4.443455368066241639724 4.517765227980125253282
4.72388481314732544547 4.428788998747224425756 4.284701998687405755106 4.682013977101768809064 4.709905985890451951548
4.709801265514253820754 4.759665092443836620362 4.739017486585697547241 4.7662476804215589965 4.840125247998942725758
4.663543461814934509846 4.712662469715822588512 4.76878581813363755515 4.825594630027976172926 4.387238379027403212262
4.777263810070638605509 4.66011209037245599518 4.701604461436937221208 4.643329872963221305326 4.833488399392862788773
4.727295157339500342175 4.859547439656485501303 4.732516364910931194743 4.7254453246404697353 4.71306520401054918068
4.644770571680148840699 4.614030978225533985437 4.768913220006729680733 4.739204382105248747337 4.799034617077301945187
4.649604042184791730108 4.777560663532074869408 4.733440094091043270907 4.875141764132284727395 4.764530419279038753189
4.423759629696377260188 4.767599063725929120494 4.793924718394044326431 4.597680595796602709413 4.622502383996814678824
4.711996402543751294445 4.744900067030682677682 4.752296688289765036473 4.746159995727116331921 4.746112326166760375656
4.698038603343507979559 4.741535766424949116526 NaN NaN NaN
NaN NaN 4.628744883097798634708 4.706291105152919485022 4.569896193648003368537
4.72921138255640105541 4.63994857533555293827 4.49144946915579001967 4.552718354101727982197 4.618941330525827559939
4.585779370897655304873 4.630730900968355712166 4.651490567299576994742 4.691097228947456621029 4.775114362476185370099
4.844110114125969701604 4.769195174542584680921 4.801066313163078191906 4.775881967357619828363 4.678051756192883381402
4.788105950559016221746 4.859762358426102046849 4.744064011759154375625 4.834773199371202423436 4.708037217116025630048
4.818115250113307546087 4.820507070299067109431 4.264258020171563856593 4.301093068658798479476 4.174474495734123102864
4.895804568848441284956 4.045685544301024449965 4.738201285357423131472 4.654857581443535785581 4.893492735815221372775
4.639324396277880069306 4.318048120516044363626 4.796076757661602130156 4.746754801719549554662 4.841602396045333378538
4.797152613278790056484 4.803041655354740591122 4.838825950413788490323 4.798348008704682143843 4.84003811884446033531
4.812581060048297665332 4.683385811649118046773 4.579116420291187594671 4.667948904923417963175 4.57847956306223391465
4.567775718084318370416 4.7207347571871860481 4.818643710023292392464 4.795826791777133557559 4.686863245031343438995
4.640954588214009746139 4.719106653344226742774 4.702972757597279063191 4.735552868127019365829 4.697820726110038869194
4.634440085098391115537 4.746928368384608631914 4.379513542318886010207 4.832114533966159086731 NaN
NaN NaN NaN NaN 4.700351049140669701387
4.814174073487499150303 4.461711496685890843139 4.719143806890758519046 3.89180829871276490195 4.803289489412397195167
4.667248895030091659919 4.676016169976495717719 4.798391215175526802739 4.214095392187462429945 4.610836936243393857637
4.750071728223653089174 4.619217096072280703822 4.750982771772034318758 4.316909491158565259639 4.710319289101650319651
4.484743291844596413398 4.747799826913105647463 4.743929485141623381139 4.807839319634496177969 4.830323393627790728999
4.824296871259146080035 4.750168963004739453027 4.803272694510335227847 4.560485295616166112609 4.796852917695112239471
4.723703579731791890595 4.658867022460013274099 4.601941148441997420093 4.855847626879113754228 3.688400252808861967679
4.709552887039473390018 4.738733741105058072662 4.798839173745585995334 4.777641148322015141048 4.745809827024986660149
4.829416728933328961659 4.704927227436233039271 4.390558658734454056116 4.860490413644336982202 4.692098885616937664622
4.926288597401772051398 4.57553165895569513566 4.579166559516906431782 4.722210990263284280388 4.418698289598520290156
4.767049839022649670994 4.858449397928985113992 4.773181996008091232397 4.669835654590830387178 4.739587278419272742269
4.422442951405064270887 4.77921001233533981889 4.757928915476659526007 4.47943995058509170093 4.72281102932490970403
4.359565980922877059811 4.783519729143565157869 4.715414857694474548566 4.690904046524609682933 4.648486574275258575994
4.75124953548356554478 NaN NaN NaN NaN
NaN 4.813428138289323143795 4.789456910728885574713 4.838125162266072365469 4.224742356967692735736
4.750191223739795631786 4.755255853388471898313 4.596625076749734084558 4.745080570334070380056 4.859287559289669822249
4.830306416573843186768 4.661402753776174634481 4.672476204339617744665 4.651961294630329923905 4.122840819788134325563
4.296812390419564309241 4.428229328313004309337 4.714424643603723374952 4.512541845988185862382 4.690618203936124608333
4.655065267643903048622 4.622673088902095273056 4.746806903543796529732 4.324729638761958483428 4.731910984676551024108
4.692735561377948450001 4.647677462937118697539 4.545865961214917483346 4.714921875818300911476 4.222603457330349918664
4.68837026631265008092 3.722619242692284391438 4.729687629626524447701 4.795532501843194239655 4.760211775880267559558
4.519300171699834223205 4.163413568349088045295 4.616808785559338268456 4.564801339954676073773 4.305319740073271006509
4.597748324364200556147 4.691426166889170801255 4.775660028956912661613 4.21393344789598334188 4.749509322373973496667
4.443099808700007535833 4.807699375353685411483 4.174243054264131558284 4.65722735199564397135 4.700638800615601020638
4.832862273643429240622 4.763165137401156989938 4.753004539782969217754 4.904153306252189814529 4.917701450020876663416
4.579318906071905281863 4.773871739138747294362 4.482791111625379798511 4.665258054178600843898 4.844884820257838065061
4.436515930037961297216 4.331171799944785405501 4.49703097760814962669 NaN NaN
NaN NaN NaN 4.757329929307452687226 4.681581959350073596227
4.737046214042799796573 4.808733118601058009745 4.637469479786286541412 4.72741174795681562415 4.65660057356298295872
4.587363355766124861645 4.716580766908728961084 4.779122174617393525864 4.764663077740111774006 4.784559346581663596965
4.782808411360075062646 4.815320058147774417989 4.838631533269309059619 4.794042554162548874785 4.763366074144245843058
4.721971533106168905647 4.611556552509036066567 4.75893959498226681859 4.810600715946100613962 4.727257179417959420675
4.669854158041649050404 4.633292434881886912024 4.776819294344090138793 4.714993583274655897242 4.724933788575666149256
4.635796982762669493638 4.729199672654833541685 4.648025889655970743775 4.764150356646797312976 4.819317453991751598608
4.725591989687266014641 4.813065658986388939411 4.736858559368982035664 4.452792823446782399799 4.739181915935240851923
4.60980848876303106465 4.40942693391432793959 4.642490735287713832236 4.614130373432876908169 4.806093531468247803673
4.772222547079363330624 4.749014894865073443952 4.851674076103352994949 4.841721877355585235136 4.797152143921213252042
4.802398786818652176578 4.780194624977494477491 4.791215853568834504017 4.771546825746787234834 4.839957357870944498757
4.789951785058976341247 4.800265766753845753101 4.79316483556753603068 4.792450128624578198355 4.853977186278881639225
4.709746096136652404596 NaN NaN NaN NaN
NaN 4.713324093502325951022 4.643020829277027416992 4.769619866537739838463 4.760211223347247333493
4.824704763771158866348 4.804009534121442825949 4.36689197879673951519 4.491283580551443499473 4.479965025256866795189
4.696015739743714334509 4.797059715227759646439 4.783001313135287091427 4.810723899224356614468 4.54971361021403986058
4.68265353835531517035 4.694040672803922120693 4.624639376562653225733 4.590171465653179794231 4.59019612338854088307
4.788761893868353602954 4.682122309960038641918 4.745687784732124825382 4.685632871416044231694 4.709267629813394862026
4.681839823927494315114 4.72574818997831247458 4.577482154758696353269 4.798194712704378694923 4.736578355684722296814
4.73318874152772650632 4.799529029397795909517 4.74664939809144570404 4.775455563981144457841 4.746650398042602247983
4.737455784988433116212 4.655816668953672632369 4.634438597311463681194 4.695522515903761906486 4.677356577021718919696
4.541774955287317006025 4.405836428557632800107 4.769762483866740510052 4.746187781421021156802 4.737540486100655812152
4.639335257556143510271 4.747051689689325115751 4.745488839303957817606 4.435893188125295871771 4.633472609630398864056
4.310459883480872278483 4.721570652829692349428 4.496886697752532136008 4.583849665005385709549 4.730713494379256367495
4.669580986826418644853 4.808110378391731387637 4.66642224796433247036 4.716291840100168109018 4.529442070205521808646
4.783106428945733235025 4.513344935221390130664 4.758683584248904807623 NaN NaN
NaN NaN NaN 4.8505043008243005076 4.675922426836847556331
4.91909036544440336769 4.620754128557924111931 4.691280887162377233324 4.730445190108297559561 4.707395349865960199054
4.759535022685131622211 4.831426051021082024306 4.754964559114799094175 4.620032068268419500612 4.628770897197556521974
4.67306682216972824051 4.748469492135601655036 4.807321085616249156658 4.706119894029129113733 4.777870550426094098384
4.635301120702772337268 4.761488340648829975521 4.670967400377989520166 4.568007390464105199612 4.739567937473818659555
4.600826073891099987634 4.740962238314110344106 4.505510174057400618608 4.388831279199391310897 4.481896972912958965196
4.575105695456466392557 4.544027465310225721851 4.526594936898258758617 4.463895886069111362815 4.58026683749559015979
4.73358547256480477472 4.902186966622571695495 4.709933861564860713145 4.863355052541391998489 4.926542676465778924921
4.781523746619524395385 4.56522031463147559549 4.747260730373212389566 4.840578283520395430628 4.931508172928674049729
4.848932797328023625028 4.809355906272521075095 4.829190811068600375222 4.856067528694117285681 4.700967283264849250202
4.774252480028850165183 4.828584915025484036732 4.717950684943463812715 4.837577741826363464384 4.578692640527465940181
4.696075105942679961402 4.755654734791759707946 4.795229639787870645762 4.680685347931431650181 4.805810863320591153069
4.596133052575182453836 4.728314996970886419092 4.750131350012412490003 4.584741403679231552815 4.68724329134011874487
NaN NaN NaN NaN NaN
4.7711100794649876633 4.46803365167987642792 4.843482883142858241854 4.487408366253476721397 4.574279201375484049663
4.546521732800278492448 4.827463999755368995181 4.62481021372738076991 4.667606966637279697352 4.123827070492287916181
4.698846377986952482786 4.156304748213929478595 4.647153160614386102623 4.835779831030822428772 4.588929631714020018762
4.689049872772318217073 4.744204657959175008841 4.790082431064019985456 4.811919147602334412284 4.656969594899499576002
4.551580446859371242851 4.812377137806259419506 4.677221613933391530793 4.817426125859458174716 4.865183947879954118321
4.661874549423294489259 4.623579902829982657408 4.713459664905652601874 4.371515484945390994653 4.719361361508124907971
4.732728549435805120993 4.709205518770337661749 4.687755567131819844917 4.680368356212561309349 4.812805228579888350282
4.724736023132546591796 4.726244794654539838064 4.756049606743109947615 4.795662248647095893261 4.61937063939972070159
4.638188550846922275639 4.602698830679787356246 4.534501731598115092936 4.658714616491944404686 4.587295611353920499198
4.655943082877061378611 4.710633427989523447366 4.341075163612431175864 4.678372624500783061308 4.687540974009829497504
4.687332142309601046293 4.771494284661036644479 4.802568631494118278624 4.819688538373235964229 4.792682345683161315719
4.63423012791896482554 4.61581488017459307116 4.610686634176507148197 4.654201216163974308415 4.634489891409086403939
NaN NaN NaN NaN NaN
4.801562801953759951346 4.647802161648570518082 4.740301449552804413656 4.734887468175866587217 4.802756893042322339227
4.710881555738118287024 4.68169722084177042376 4.537887064044551443942 4.499503003746960771991 4.631610761046627722237
4.63586756078749040455 4.692226350295810810564 4.670056636300136787554 4.787389063131560540398 4.691866028399283017336
4.789363273155261779834 4.7110189599845408992 4.76683080154416760621 4.72626658376018760066 4.66098576563318367505
4.700544814225330547686 4.687822495167381475767 4.770072956637765315691 4.782927491357050975296 4.775676924233255071783
4.8096468559261467135 4.902503617176229511188 4.838480890772236087116 4.77739293293926525763 4.823378726560004992052
4.803120681057374774525 4.846889371304475169211 4.818640278206625104929 4.73409428945822519097 4.785590843575699082635
4.800310017772932091873 4.851960362225644196599 4.865233174748723854464 4.855335195529545622151 4.929731483156002624924
4.833616112339921500052 4.74213447544235933151 4.809520822659889560668 4.82046962487972230349 4.757736125609487665145
4.787903647064992718185 4.774136292526521607726 NaN NaN NaN
NaN NaN NaN NaN NaN
NaN NaN NaN NaN NaN
NaN
