0.07644134581769050640343 0.08444047552598855921335 0.09214554423238453806366 0.09592187166220113303527 0.107038630640584622733
0.1148447057158176465297 0.1187818128423816649297 0.1265275495575923503377 0.1291408910565016165961 0.1306169686777604588279
0.1372318422325022324593 0.1333736769171563751879 0.1379417146238919866796 0.1480835914361569860542 0.1469925058534786999065
0.1517598234081421471053 0.1555640934528734198317 0.1552770186260273299617 0.1553780031636532998895 0.1591072664043346740481
0.1548934435770868700555 0.1599520755459808152299 0.1662147633628830445396 0.1610244236622865865449 0.1726144933855920660104
0.1637171900109712641136 0.1707584492782622254126 0.1745695052777674061151 0.1734513030794373189547 0.1759218957697655516537
0.1810803768457036055928 0.177397782167988682378 0.1831083114976690962017 0.1771671538164703296747 0.1862356603783386632678
0.1822062415699062243313 0.1868482398448827463966 0.1892117827493235704406 0.1853979718314703040161 0.1915811757465843145898
0.1919998777453963412221 0.1930038147383656976785 0.191561213060298107802 0.1936305773567499055599 0.1974038822146784721845
0.1996195831693996225464 0.1996025847633598471198 0.1931710519286283511686 0.2148587716184115203877 0.2188313051601293024451
0.2229654290440152564212 0.2222292249012352005622 0.2233416958777642291611 0.223997399836134314377 0.2227055520566194324328
0.2264131293792155108502 0.2270626367727422711962 0.2249788435806368835923 0.2306025318453250871897 0.2308831281335413376787
0.2320976243961178908659 0.2297447799799991752234 0.2359187999575836358623 0.2335458799577870003805 0.2368062788175791522072
0.2404359370571680643014 0.2377143955442611589213 0.2384962318312893458927 0.2392762606811956738184 0.2398761666531501746125
0.2398135115245556558961 0.2419861508853666520746 0.2436769189683141156877 0.2446062786626550245028 0.2468335416359917489082
0.2471427080001327436509 0.2455566363149436215352 0.2511668684431999087892 0.2482567194140010424785 0.2489432909043589325915
0.249649023714665685425 0.2549912856401999605716 0.253905924929477722074 0.2549833479380816392279 0.2556827814900805018183
0.2557523192733960337719 0.2570457336898325229058 0.2561032943374936809988 0.2596612217266247579772 0.2601427105266164718778
0.2626899441207362628781 0.2606050468990916413325 0.2645974447761719194894 0.2624703597082463368828 0.261850657733236680258
0.2674579988154521803523 0.2659701267941622648827 0.2684329774244936794858 0.2679888913631496838441 0.2692703779416977805106
0.280532010893000227636 0.2797275977646427325141 0.2811750838743793390329 0.2858692628404181368396 0.2818286549048584777033
0.284458154195040668899 0.2849538298297342175935 0.2869857878669560546925 0.2869277583615055804422 0.2868528213691055039902
0.2877762857563506693204 0.2898586702011456406325 0.2876953798939889672681 0.2892677968803451515889 0.288043877703553274916
0.2904584845508721424601 0.2904004557872803538032 0.2907384051090875498602 0.2929447214260316179057 0.2936115984317863580877
0.2932877843067372425345 0.2959174113704900466182 0.2953428880508214837697 0.2972857669233942567999 0.2995098323026242903566
0.2985807727856195636917 0.2980658380146716801562 0.2997750967309656400239 0.2976532894212801094724 0.3020025459111367882592
0.3012591169087676101768 0.3017549085011876908169 0.3031449115022343820947 0.3026673947794586982951 0.3021572686317271494438
0.3039310441976303400757 0.3053099543203164900618 0.3049963463337432845179 0.3070007234326422307369 0.3044225124943519267262
0.3072030662324253258433 0.3077787156465616180689 0.3083315033960686846193 0.3083837885660025146528 0.307442229183946036386
0.3105418807990888430126 0.3110196189678846589999 0.3122268988723962968024 0.3094205534265367929514 0.3126572753823902983683
0.3126283657408721605719 0.3114254311411542852639 0.3095275026648453553513 0.3168872536716959564806 0.322159979621318370846
0.3206318519580807491209 0.3214074907527268432084 0.3206788469372536809487 0.3233726977556369841516 0.3252006665463527679272
0.3253141604327177138778 0.325599759044928382945 0.3241923730933591318859 0.3272967533612928248132 0.3251397782277236081505
0.3262098370107970324305 0.3266242842759348730119 0.3294123160713765541274 0.3255835933182668617825 0.3279682741229030806807
0.3282285069578592673345 0.3305258949058325068648 0.3294503286622264548456 0.3311586298004632333836 0.331558284311816553469
0.3302942413909177865605 0.3288645458937212162631 0.3323914390207610147776 0.3343865260272347872395 0.3313302910165744075144
0.333438223910213493717 0.3345026565498150916689 0.3343067855715692870966 0.3335975960607851509288 0.3358542920356957228734
0.3353310904049873752975 0.3356678964383071339661 0.3357073774754470996129 0.3378390206995562361492 0.3363087325648816960921
0.3372202803092004264052 0.3379017823073133253153 0.339039405851312369844 0.3382654586189318135503 0.3394506006434723222043
0.3382581495451367770144 0.339306046694668850261 0.3403591790667186423036 0.3405640679657384595203 0.3411966784701016552894
0.3430669783938331551809 0.3434525173663510178024 0.3419740652410155901109 0.3437631433414939374771 0.3438401004488711998341
0.3468427292465462441484 0.3495007090632766266758 0.3481941619028905976485 0.3473292571314503529578 0.3487716185804364821266
0.3475809208797598914842 0.3491201480515572219687 0.3488455852651835553679 0.3525792149274117881497 0.3520159715949027767756
0.3519692236882636660056 0.351760537496138336877 0.3531402858275673461996 0.351819025025438270049 0.3534507768731849908228
0.353640167743541289358 0.3521300615390461907772 0.3536677781365516470835 0.3550986961773520689256 0.3537985156688140397918
0.3555177338818185095448 0.3550244986360278631743 0.3550421582082207150322 0.3563928582524515387142 0.3565393170895087004979
0.3557740586202498556112 0.3564172927015257230643 0.3569297327906073569181 0.356036493272683829403 0.3562903267447460331496
0.3564829688584106870408 0.3564300025208884115102 0.3585507680179638723139 0.3571436551903481859682 0.3591581078326262499445
0.3591314746351894626741 0.3600269155557443978566 0.3588696944190378768091 0.3604248008365135147457 0.3592726326611436205027
0.360720977132519937669 0.3604924635733261495396 0.3613862546479615911466 0.359909774918769742591 0.3626938538955748470016
0.3608581039464218709334 0.3604410265988801098658 0.3608208978082971252199 0.3611839764942352815069 0.3640676422453022476056
0.3619533384574872836303 0.3607528590751957198179 0.3630342987454807657244 0.3626277876536364574989 0.3666641698689495076913
0.3665087931546830435359 0.3671060948542211876955 0.3680568668981404334417 0.3671076944975991129816 0.3694376425955526177525
0.3674772840011076846523 0.3660875124688809378881 0.368741379203356645089 0.3683184095045981543137 0.3682845523149447797273
0.3687900979023505110277 0.3696521274684386737519 0.3698349968333342618898 0.369496387917395696654 0.3701345797009201743499
0.3696519900913772249673 0.3686868309738371984885 0.3714273410194243729698 0.3713200256037755830896 0.3724501204980699142766
0.3716096825420461824407 0.370203909949191889428 0.3712365855739209186126 0.3727106760070599267287 0.3738182400378533554175
0.3732239707977639264769 0.3727062948382903750932 0.373107702708248001322 0.3731799388687656038321 0.3729702591292901603381
0.3744438974119778662519 0.3744131940372770750436 0.3738735100881339645795 0.3733643433027825087045 0.3750377681758971792902
0.3751092383285069553622 0.3751577347777822479813 0.3756417682666938206992 0.3750063677960062680228 0.3751636063726845327082
0.3767306830399059225378 0.3758923015610110551776 0.3764895444423708714687 0.3756201788973506650038 0.3767119565995601382369
0.3766789469472571205699 0.376697571569269640257 0.3745233353865810022043 0.3773118170355127531934 0.3771605271861369068631
0.3774077079565289483121 0.3788559368459563092557 0.3759260009836723481769 0.379809876665939072371 0.3813049054958915773383
0.3814029231488052507082 0.3810227495878896197823 0.3802645380683686293644 0.3808697347153606194148 0.3805561767851711740818
0.3797027616193796584199 0.383100795689270468003 0.3816977304462957909514 0.3829449353356706997609 0.3828574756104590193218
0.3825814968666498283589 0.3823560661506825164579 0.3837681654016378840488 0.3816022851239439517279 0.3824374537105215687838
0.3827003640094672198835 0.3834059085363499264076 0.383541251332404853347 0.383819174501997206761 0.3824350708215994432138
0.384144407745358740236 0.3832681829088195324395 0.3832376544932508677377 0.3842308674542260216178 0.385039920067837881934
0.3843485916230733323573 0.3842540119125778530496 0.3860289395263432621341 0.3847709761232022129818 0.3852847035137372810887
0.3859620919375564840337 0.3859654283703174426634 0.3858082857195096471159 0.3857118362234819852752 0.3859613795281883197319
0.3854653559941795260002 0.3867980596450625863092 0.3881256990909905946197 0.3870227622511281939666 0.3885478599782936082185
0.3871464219714809140704 0.3871405826446979725475 0.3874059552146112972437 0.3884935340032357742324 0.3869584648203868160188
0.3874348705819671834227 0.3866319950175891584365 0.3879734092755283692 0.3889098666715186114473 0.3884818877966775829691
0.3880145268266664282386 0.3882782232822428181152 0.3898095645848577706083 0.3903816761913971311593 0.3903115274751770558126
0.3907815011832719287455 0.3896143774848691010426 0.3910802517555361790258 0.3912887485748787752549 0.3908514094628543489307
0.3919610798185215738698 0.3916589041986576202881 0.3922390230214573003664 0.390101701432490455268 0.3917765201533740526685
0.3921259865093094099109 0.3933708758907337732502 0.390758102973816801029 0.3919702453850749113151 0.3921338784478644590159
0.3922703920192057713834 0.3933486609708443659805 0.3940339861671043331093 0.3931723561859537530161 0.3923692809558672056625
0.3924583265385004904324 0.3942193988457506348411 0.3939001189630360055816 0.3943869410914959128256 0.3948587325108186552036
0.3950101742224202960863 0.3948511648489372305448 0.3940656165553123035927 0.3937037165173831732012 0.3949475146139469483586
0.3947885718370179319869 0.3944918244294884912549 0.3954392042633617099234 0.39575245427110694596 0.395524153440987180641
0.3950502674348314591235 0.3955325170384503263854 0.3962363905701817845539 0.3956192471009208899702 0.3962471096551428151322
0.395271126329351796258 0.39481465218420630503 0.3960856826984882617104 0.3977861851236385026809 0.3958808073439052943598
0.3975810683714168791703 0.3959554145751277842713 0.3973668213195499232526 0.3984146439462161182199 0.3984391412358722628362
0.3975283497036486979326 0.3983296998863581905859 0.3979952377713092404043 0.3974910315071992772396 0.4007981475220984690644
0.3992437768988046364882 0.399922372342808196688 0.3986279488064728426799 0.3994708053284821147599 0.400801600644723365896
0.3998868730974347029949 0.4003223657710764937789 0.3992793920267079799125 0.3988828207585323193385 0.4015327297746966173086
0.401211774239651097762 0.3998353558842852595312 0.3999572074333795357326 0.4001564124385644793946 0.401164802299288081322
0.4003637049398608982465 0.4009947603835415375073 0.4004403844772253528994 0.4000488783765459577246 0.4043252302000364117873
0.4018536717708463545939 0.4025106315953834168475 0.4021269956498223496766 0.4006781424648229172902 0.4033920039897662679351
0.4020943092786042893927 0.4029203950034366821242 0.4003508700226863781246 0.4016505719627495030188 0.4031482480689536074259
0.4014129833208567310621 0.4025465748164671064835 0.4022956176076804557518 0.4019418060102068479544 0.4023021487632238990528
0.4030216422453894997702 0.4042021816343139284378 0.4029339333266907519082 0.4033756132159063145792 0.4019356343378551743584
0.4033715302554806703128 0.4024828282237906673657 0.4056244255831964462544 0.4040583545984887114955 0.4046515375402916503411
0.4032054545364885944636 0.405730296588426408988 0.4055009771884522939978 0.4054221644163671922634 0.4057195479125031978285
0.4044136576790679504789 0.4061607108180786962492 0.4063750340393088023028 0.4063779292930469466683 0.4077337435207798455039
0.4061824504112535594302 0.4053428775390377492016 0.4051706407579124813445 0.4066515910201740635621 0.4055903165113818320542
0.406567424351303219332 0.4056694276334093518521 0.4070375675721534247664 0.4084657457043746053849 0.4070325959064369225615
0.4064866862800181057658 0.4074432877420263166002 0.4056446247313854058802 0.4072505458080771245655 0.4078822297696336196537
0.4073247311569743733806 0.407943306983590103787 0.4072022555909528551688 0.4081221031212428629331 0.4084638333453254332994
0.4083691993610030213091 0.4064388364909080064713 0.4069054929802696785046 0.4099414976424801126953 0.4084518573454002376977
0.4091601004371129279846 0.4088427544353435694191 0.4103296435184404788998 0.4077544946452372198742 0.4093516462285470836058
0.4090888404334881989222 0.4091637537147562730944 0.40907910513578277234 0.4087264291215716438543 0.4108100942473230099417
0.409317948053051827717 0.4097518668622998072593 0.4083976779280560909235 0.4105104837166534959003 0.4103486875384750875995
0.4099209523932303977922 0.4100686110168962894562 0.4093348163377993342849 0.4100527683460425953932 0.4088721341826465627278
0.4121029612218247706323 0.4113009234288491078324 0.4113151530341572770233 0.4127373326572724709926 0.411219393827204016123
0.412855297737430348981 0.4116867984655186996079 0.4118679367017387127348 0.4118880223459246425755 0.4128990994352728649552
0.4130170950871224766487 0.411958092301752232256 0.4120447763893781978339 0.4124525812499195143168 0.4136546933896368960504
0.4128914567963400394923 0.4135503596431572281844 0.4123429824858883541161 0.4116442716615482111386 0.4131515472086337847912
0.4128483851259142078938 0.4133781095448427755912 0.4130861338353614131691 0.4139576750205182786857 0.4138543450667936940413
0.4135088080447448244392 0.4133176868161395622892 0.4143424998220214816591 0.4138307498766171654836 0.4133741149415542381895
0.414117262870742741665 0.4135496859913018186106 0.4144750365978023265434 0.4122958336758262287702 0.4148469801569854564782
0.4135517001667423642175 0.4141568309965069083489 0.4144902565181082243484 0.4149590990256422085025 0.4140361217334607712992
0.41430602850351849753 0.414980862668581029773 0.4141273406006016899461 0.4158898798374237593123 0.414388433105487452579
0.4154378872542815459568 0.4156742679437511744922 0.4140152278507006067265 0.4152898921195736781087 0.4143883234845258112244
0.41544142089211999469 0.4159124575182750471747 0.4154613862575427529755 0.4164762331663496297551 0.4162913602705886617628
0.4169274417971419177675 0.4159789306348345427899 0.4157866964387404440373 0.4177037616003358433403 0.4176924555175394737638
0.4180813267288718826364 0.4168953629199961263829 0.4161156322172492871836 0.4167299151014963176642 0.4183008241616310018962
0.4172631721641475999185 0.4169626599978011882719 0.4187474066027128682954 0.4187020446674228346673 0.4181934648925041964063
0.4173595177902292285843 0.418469659698060991726 0.4166216789300328238177 0.419842627626456799117 0.4180171315533310338886
0.4187245531489608985076 0.4189524481440138892197 0.4183397902975113935575 0.4179548036472037209066 0.4189075198333433447395
0.4180225979558248594614 0.418765617041028714862 0.4185406733896375741644 0.4184340978615394002205 0.4184486431103875969661
0.4176975652529286708869 0.418564795683656953873 0.4181247210590997021029 0.4179274037990646784024 0.4193133436685337889216
