NaN NaN NaN NaN NaN
NaN NaN NaN NaN NaN
NaN NaN 5456.915539645783610467 5704.351134615181763365 4693.91277649281983031
6293.181033284853583609 6131.963244166367985599 5038.313791858176955429 6472.849494625190345687 6230.628250467773796117
5398.784664058187445335 8001.43346835523880145 7530.936294806430851168 5115.035821091108118708 8202.587955529037571978
7308.581642787592500099 5174.344739891379504115 9374.171792743607511511 8061.971231660151715914 4931.566015155895001953
6535.165123519236658467 8771.004037894319480984 7632.247461574726003164 8658.531437562904102379 8986.438007456143168383
8165.6579362529600985 8158.5225589324527391 7672.188898858858919994 8139.253514676830491226 6923.424226411609197385
7308.866305661832484475 8105.775674925177554542 5961.869686042173270835 5730.107770045540746651 6479.760796066789225733
6747.375146258857057546 7101.275768922765564639 7041.337167113742907532 7832.111183200122468406 8062.625206256107958325
6662.787882422497204971 8459.866664187680726172 9514.261071065877331421 8996.357607933572580805 9596.431009250260103727
7548.516426729867816903 5693.56105451786879712 6386.4223932824743315 7984.453451443418998679 7605.4641802073110739
9423.566346478030027356 8228.40038351185285137 6386.848040853613383661 5846.777075006139966717 7643.148779562960953626
6058.049805278384155827 NaN NaN NaN NaN
NaN NaN NaN NaN NaN
NaN NaN NaN NaN 4785.696744986531484756
6532.336953449747852574 6615.276017823362963099 5639.298925552557193441 6550.660495378594532667 7929.211627188568854763
5228.850398661018516577 7943.8694095812179512 8209.78038846175877552 6429.585649811132498144 8183.717978397890874476
8494.985548949242001981 7301.923725464148446918 7424.758213984853682632 8188.304770540937170153 7528.494803992829474737
8280.12363415957588586 8243.676538562251153053 7417.697716136785857088 8909.417288231152269873 8475.603584251322899945
8343.119630596760543995 8867.161978075244405773 8552.980785988471325254 8464.347467080157002783 8777.132729525726972497
8378.836982050375809195 8024.742579780709093029 7434.996701896367994777 8154.252052977598395955 8507.718195995559653966
9558.553101674127901788 9390.204077229363974766 9614.950320573238059296 9351.356572710465115961 9516.630565494371694513
9173.547103402448556153 9062.871627639362486661 9828.955723757770101656 8747.651104313712494331 7996.046788454732450191
6972.399569777894612344 7644.899388900335907238 5796.465815548798673262 6413.675279516352020437 7872.437234460662693891
7530.312804544425489439 6987.021480186787812272 7284.333578716757074289 7778.890468755015717761 6243.732490676428824372
6537.019652875362226041 NaN NaN NaN NaN
NaN NaN NaN NaN NaN
NaN NaN NaN NaN 5440.320386489513111883
5623.141129592332617904 5618.882494194941500609 5696.641899349606319447 5696.777830721349346277 5539.307732084772396774
4807.281703661331448529 5768.172804306152102072 6116.979956622401914501 6128.11712473752504593 5247.25173420796818391
5459.519997384953057917 5374.838913856835461047 5108.396943290371382318 5021.114273590261291247 4364.54467706829564122
4698.963393822770740371 4595.942852325847525208 5961.332424103895391454 4997.178848402579205867 5962.1913859761925778
5372.407827231163537363 4928.075541252128459746 5422.09145815427746129 5121.107825745754780655 4496.546483023883411079
4316.575308398197194037 7599.081634466308059928 4827.905721499279025011 4577.175320451668994792 6723.089706013523937145
4985.171886815005564131 4591.301699340465347632 4868.135862300252483692 4495.484639679603787954 4724.603241891418292653
4462.300508164023085556 4719.488272153703292133 5779.771166924349017791 5321.737460621024183638 5132.030540617528458824
6436.64212437533751654 6082.534789600561452971 5913.468131156339040899 5126.076191476890016929 5162.078928521063971857
4891.493045918865391286 4769.807948887943894078 4842.824993737529439386 4594.750443565748355468 3920.327350383030989178
4023.702578527722835133 4134.216554776790871983 4101.978187743686248723 NaN NaN
NaN NaN NaN NaN NaN
NaN NaN NaN NaN NaN
NaN 4330.06530492492220219 6909.490058392154423927 4696.589612537944049109 4067.3291338220342368
4259.57854260284693737 5080.52206744657632953 5707.875833061145385727 5341.204285169664217392 5426.946956847838009708
4698.779952468633382523 4669.051913748259721615 4699.512863346335507231 6029.511407937347939878 5037.815235059746555635
6102.870105795798735926 5411.700927894181404554 7267.588666561657191778 5968.589024294524278957 4974.704919373481061484
5369.220142688479427306 6447.128816294045464019 6446.773028596488074982 5257.805431184302506153 4554.754795770239979902
4687.829788275745158899 4814.49435993144470558 4626.621882449179793184 4535.966002431090601021 4647.423819337544045993
3917.38443237257479268 4000.747340317328053061 3960.648557846539915772 4084.611490979754307773 4149.500684971949340252
4260.00913394337567297 4171.869594497554317059 4110.739358175073903112 3903.092918507903959835 3848.57688715088124809
3532.396423023648821982 3536.785925141432926466 3456.003901696788943809 3475.359123599615941203 3645.619999586593621643
3701.525792199916395475 3763.154728124306529935 3820.10667736925825011 3824.800811292689104448 3916.329307483687898639
3745.202688579349342035 3864.58741508989032809 NaN NaN NaN
NaN NaN NaN NaN NaN
NaN NaN NaN NaN NaN
5327.469801935694704298 5324.373620805752580054 4849.891330647580616642 5343.164542494662782701 5185.332019983845384559
5844.241968634825752815 5857.831838450092618586 5708.322750411821289163 5336.904846207737136865 5586.250477840451821976
5104.399562093331951473 5966.161061893491023511 5372.944493742740633024 5721.122467008442072256 5951.21741110028597177
5145.571772093265281001 5373.989282403343167971 6995.256618140456339461 4715.67199949111090973 5119.75330179525371932
4411.337737999624550866 4891.180595894805264834 4751.985752055508783087 5166.46500984432441328 6618.392006102221785113
5815.388812093856358842 7110.516446116234874353 8085.761691352407069644 8386.146994274480675813 8607.357764946311363019
7351.597590823173050012 7424.603795402710602502 7866.491895313488385 7499.15721439565095352 6401.971266282430406136
4751.48617655297039164 4729.161814172017329838 5403.900689822490676306 5711.953556667068369279 5384.690303368272907392
4799.259837990212872683 5335.158280889299931005 4945.614637754804789438 5069.381231245482013037 5435.563099725495703751
5999.269370185706975462 5731.302386371896318451 5407.939852037865421153 5583.885120079231455748 5774.841375049105408834
5637.523989070850802818 6689.817570561654065386 6769.038858776424604002 7215.270938135352480458 NaN
NaN NaN NaN NaN NaN
NaN NaN NaN NaN NaN
NaN NaN 5373.108115974044267205 5612.699021970759531541 5422.738169050922806491
5667.718384901864737913 5755.492624699557381973 5217.252111154126396286 6295.519043852582399268 5864.627814408615449793
5443.937650875047438603 6333.879492449955250777 5260.518582940104352019 5702.747521344763299567 5169.998660027100413572
7851.934438495605718344 5617.128048473860872036 5217.123738165469148953 6100.144993625186543795 5815.90463254731730558
5323.108992721436152351 6671.409608556514285738 4095.092392982236560783 5005.378050602492294274 4886.079106318826234201
4556.777010216002963716 4695.243429203282175877 4675.2349761772347847 4194.530928769810088852 4438.753985658459896513
4188.462887809540006856 4428.531178792637547303 7467.081178063815968926 4955.737100461758018355 6739.719107515335963399
4268.407626852857902122 3396.268269581786171329 5091.986970927838228818 4747.623167184452540823 5250.975368507075472735
4734.404602537921164185 5074.681483829691387655 6124.535009739177439769 5393.841020101544017962 4463.938714058463119727
3566.171986017331619223 4445.936463095298677217 5113.487726972902237321 4373.235423698289196182 4808.129972764551894215
4242.361181963108720083 4787.288139128989314486 6654.394195124239558936 7771.873099521309995907 6192.352351239649578929
6632.761673338075524953 NaN NaN NaN NaN
NaN NaN NaN NaN NaN
NaN NaN NaN NaN 5076.013972804573313624
5045.978678724723067717 6200.474107550535336486 5969.11198518240962585 4999.658294440208919696 5864.586585887312139675
5729.714271954293508315 5458.132559640891486197 5663.38102476803578611 5533.244923506819759496 4878.960500993637651845
4988.021202000116318231 6195.720989870930679899 5089.798609421010041842 4582.814048034048937552 3866.823930917802499607
4367.538651332682093198 4569.840996038105913613 5494.544227010693248303 5484.823851885155818309 4482.400790756318201602
4353.696481693943496794 4855.549936425473788404 5279.301319946276635164 5373.308400851885380689 5759.916400518618502247
6713.180398991288711841 5388.65011893347127625 5305.166925275573703402 5168.471218338142534776 6326.825658517053852847
4584.074259971138417313 6423.255667579775035847 5386.373180010362375469 5318.888834449782734737 5822.152373073826311156
5441.788680259238390136 5281.948763257442806207 5414.728717575927475991 5361.126380843805236509 5276.746099578153916809
5336.15985245248884894 5028.46749168542373809 5482.643873817146413785 5379.261445940416706435 5602.852566882244900626
5729.580994644669772242 5586.074583885741049016 5521.212274016824267164 5681.101367320909048431 5383.990789176214093459
5288.966386916296869458 5584.429286598431644961 5940.171817901418762631 NaN NaN
NaN NaN NaN NaN NaN
NaN NaN NaN NaN NaN
NaN 4525.328653214808582561 4945.775957715979529894 3965.341465265210899815 4441.348059684331019525
4332.421778743178947479 3953.622598871746959048 3803.722001119600008678 4242.968221459492269787 3966.80847557003971815
4533.363229247814160772 4337.095679621648741886 4565.53125086281397671 5145.819779956796992337 4651.510904186324296461
5411.531862686423664854 5024.7925345637531791 5708.678724441650956578 5270.239789362987721688 4798.966988634360859578
5040.822579247606881836 5290.140072168055667134 5860.901228662251924106 6516.124261608697452175 4549.235487947035835532
4665.525081944261728495 3394.470985029920939269 3504.005054855991602381 3729.78600457297579851 3473.637823024572298891
3794.966753609573970607 4152.237766703614397557 4371.792217119968881889 4522.875925558989365527 5103.398980420777661493
4702.254191534419987875 4613.035711993466065906 5292.169158709469229507 5022.321107099884102354 4619.403943105580765405
5851.185410200031583372 5194.426831044146638305 5162.779881313099394902 5630.663309429096443637 4983.534810829367415863
4997.840370797037394368 5350.368622622550901724 4514.703631283016875386 4131.474732827166008065 3576.150175094706355594
3406.948876621570889256 NaN NaN NaN NaN
NaN NaN NaN NaN NaN
NaN NaN NaN NaN 5417.097456579710524238
4719.330063879147019179 4901.52077137619471614 5818.489875767378180171 6127.677981791621277807 6293.777483231053338386
6664.754122178935176635 5132.245712728470607544 6849.842113303821861336 6787.629966496168890444 5606.645527681932435371
7266.890806565874299849 6542.953408043334093236 6430.992002279901498696 6580.509077799286387744 6059.980201528205725481
5721.299069249324929842 6101.94283267679020355 4711.732119047667765699 7327.108692516678274842 6570.245387103276698326
6326.625112330318188469 5825.735860779367612849 6332.55022698153516103 5462.243442664082067495 4882.224979153109416075
5006.56210846797148406 4376.589371878280871897 4857.562508801554940874 4339.866353551283282286 4897.275652251598330622
4102.491737218984781066 6419.130827266657433938 4152.80436509224546171 5973.151924448962745373 4252.497371573053897009
4715.874161156259106065 4567.14360598285929882 4996.414783935726518393 4720.14183330755076895 3523.674250286198912363
3745.085047268978087232 5649.278780165483112796 4954.978334619039742392 5278.715603132136493514 6691.921901913055080513
5108.17189353488265624 5157.735689730327976577 5342.378378184785105987 5327.705817769740860967 4188.449565127644746099
4777.891581767093157396 5724.951847074676152261 4672.172351071516459342 NaN NaN
NaN NaN NaN NaN NaN
NaN NaN NaN NaN NaN
NaN 5179.375978764594037784 5384.910574842317146249 5295.493607200009137159 5982.928989849154277181
5711.074903443840412365 5617.479583728543730103 5167.415304805892446893 5391.619405006957094884 5878.667716291071883461
5819.399747635618950881 5603.852531573578744428 5766.126118053488426085 5683.873930859987922304 5497.810818400022981223
5348.889464182072515541 5902.995965525507926941 5587.626049218225489312 4375.841857048031670274 5748.818020021011761855
4709.568568268960916612 5324.229811620085456525 5617.321928610642316926 5283.135313321712601464 5404.125804391472229327
5376.375830748024782224 5230.487644079500569205 5762.354243051210687554 5536.968652198575910006 4936.219051554517136537
6317.198907802236135467 6230.654863829349778825 6243.992926254401936603 6348.465552242109879444 5886.781161927694483893
5331.724112571018849849 4916.447076770520652644 6822.808648797943533282 6156.136431833298956917 5489.130288359231599316
7026.972807491806634062 6220.4265741366043585 5227.197710957058006898 6924.194195100350043504 5240.746156035467720358
4186.355645815961906919 4000.91288886039501449 4624.229988206237976556 4667.49419929037867405 3986.75631755310087101
4703.314196375335995981 5210.930349896428197098 4371.601017470869919634 5069.916682396093165153 6768.942363458178988367
NaN NaN NaN NaN NaN
NaN NaN NaN NaN NaN
NaN NaN NaN 5190.98872303506868775 5277.304995938066895178
5351.545341292384364351 5304.234410140780710208 5988.523623994852641772 5845.881118391127529321 4824.454104215420557011
4473.602985757850547088 4403.340767389289794664 5847.253984002438301104 5496.641333987421603524 5262.885752365365078731
4571.161410476839591865 5026.614281976333586499 4549.266816515953905764 5450.409198277998257254 4679.402096876699033601
4411.673463830956279708 5325.100064361337899754 6052.919869472275422595 6172.177597860502828553 5471.364927550514039467
5853.993620108457434981 5187.641257615559879923 5646.625583138255024096 5939.928560506451503898 5292.413353246219230641
6189.719643865430953156 6073.33617104116910923 5328.14181667678985832 6437.15770320010415162 5875.624184440514909511
6119.888232660026915255 6338.679056511538874474 6470.704140849917166634 6249.877988020359225629 5797.577771746786311269
6054.180075809490517713 5514.54621989613497135 6276.03820944683138805 5419.151170962642936502 5637.154007373207605269
5776.26417885659429885 4945.509726781716381083 3902.512401262495131959 5372.56037176079917117 4918.320511783708752773
4488.789036398495227331 4665.896941106062513427 5893.11302691302535095 5341.520097143087696168 5449.946190495138580445
NaN NaN NaN NaN NaN
NaN NaN NaN NaN NaN
NaN NaN NaN 5395.325450356183864642 5781.761018753021744487
5457.199194822973367991 5663.900539366727571178 5738.246100408331585641 5651.318063062534747587 5370.032359370668928022
5723.675711328362012864 5673.536714898348691349 5784.050306172493947088 6619.426892295360630669 5856.876188457777971053
5522.218778631363420573 6403.211533186402448337 6344.592220856501626258 7667.879896698537777411 6487.151744452862658363
7655.757794932561409951 8115.358463721630869259 6533.160821220674733922 5266.314700627031925251 8720.050349872039078036
4726.585352072741443408 4443.008383238921851444 4111.064776857862852921 4031.575168989553276333 4434.962118516854388872
5460.151043494089208252 4866.361694256394912372 4437.137846777403865417 4644.053963544666657981 4440.234051273511795443
4088.331327796598088753 5601.666525771250235266 5572.616036357284428959 5683.790851479267985269 6732.981102922076388495
6852.749903579239799001 NaN NaN NaN NaN
NaN NaN NaN NaN NaN
NaN NaN NaN NaN NaN
NaN
