-0.2421221514433831434321 0.5264814825714064783213 0.3339912996946939327536 0.4749528090009134673188 0.3610371882641417173865
0.2621595294989218505322 0.3392789437636271054899 0.5496172158949661490368 0.5242519350168284297808 0.5665444995164811148314
0.3158285539076411962967 0.5058105352183392966481 0.01066292113612761320585 0.06153118390981391488959 0.3890760997313649216522
0.445404281876383201233 0.5507078234102255054339 0.5205016308629305532563 0.5924067101819164848919 0.5532113821150054233655
0.527062810153669847324 0.4765241455752042831762 0.5889649398094832788431 0.6133431404570202083448 0.5914738475085130620101
0.2447363155693647041034 0.4944574242792659779511 0.5131109320566940024122 0.5221893093207762293062 0.443329463984041494129
0.4876201065276610790988 0.4661217517013292455097 0.5571435802554758343064 0.5399521228155687024852 0.571608605381654255595
0.3121126971008859052326 0.5419194595790675084146 0.4389315970672781896944 0.5397681425994715898042 0.4918671223755806676259
0.5651355214613043020933 0.6194804910569492450989 0.5499776664345478183193 0.5408686860607375690435 0.5594848563453692635861
0.5657661310851627156637 0.56663413605968160347 0.5539663380312194185251 0.5426697103707810443396 0.541991533785555090752
0.6008501827569276976249 0.5836697523540906873407 0.4737319905987311119411 0.5675552563339236744611 0.5539354906647733223224
0.483115921576392215453 0.5459008077489431176588 0.5446339290770360053173 0.5287296118893085594692 0.590924985305874117536
0.5802400667680250867519 0.5689521948455719124738 0.5757396983716372984574 0.5832661945228695410393 0.5068429200175947890727
0.5367537981555779991183 0.6129808501201029491412 0.5984611106385625545201 0.5054218945639269433556 0.6048710748923193936122
0.5491162009644321440049 0.5401193649803437413226 0.6070774428297371905217 0.5641308426267210851535 0.5531310344374298360037
0.5323637456099455933511 0.6037238942461747859269 0.5878139189381463847184 0.5813409035271558389368 0.5313395025239721070065
0.5906323254406247169612 0.5839605389924786837952 0.5191713786928253693276 0.5799662656937261129286 0.5796444643319410561233
0.58276727904549885384 0.612743039079568285743 0.5928663637731752533711 0.5808886202943481791294 0.5591657384274458797435
0.5366128030410374227799 0.5420331671876853496528 0.5951697303904320834889 0.5934729454859065667094 0.5756715038722797217474
0.5381982939815306288267 0.5596958339032759299769 0.5910289753461018813496 0.5689571727494739938891 0.6143106761512252544932
0.5992347566032506511746 0.5969906675898457582008 0.5588211928246359372352 0.5249498417744722367217 0.576116647217764454858
0.5726502341733731293871 0.5425982602850486502533 0.570235386920003972655 0.5756814254684372578197 0.5351914715158933022465
0.6038934607491283079739 0.5815423540858157824829 0.5529118536376409487332 0.6276247885019335948087 0.5567400950569241224741
0.6125826895365749091837 0.5989853252862223920161 0.5825169137426158272319 0.6280336015480538769395 0.6181455858614195442158
0.578031855330740862442 0.571114995665457203522 0.6021746350593798480233 0.5265823816938444146274 0.5984452316276361871772
0.5882952909612011449525 0.5543789543298973665486 0.5927538819252292645601 0.5458283597596983449662 0.5776996438393801058808
0.5810843461671407750302 0.5742690554109893819046 0.588683187684268416362 0.6071533835251684552148 0.5890082143676254045062
0.5790151057284493862909 0.5795639199845760147767 0.5760545539279408044919 0.5397023674108344382105 0.5950451514698572585971
0.5633023242321125723109 0.594807907740807051411 0.5558773951098444632279 0.5924989812879539741175 0.5912562073778322435658
0.6173461129214580234148 0.5445979809642460534036 0.588432305925655652068 0.5614838466002023409374 0.5727201507443065997549
0.6236241453587794136837 0.5969593384542345448907 0.5753524630823056984497 0.5770007781869970209243 0.5782647536176827030019
0.5710144412911176692305 0.5662876820947234657311 0.5699503794481537433114 0.5409791279346708448017 0.5662370075718451412072
0.5513539152780188024039 0.6003284400514228291712 0.5859697840503234056442 0.5461169073630072201553 0.5946410249076045095862
0.56024642430725513087 0.5517875732853751991058 0.5870074895970341932738 0.5576473336312072204279 0.5649890295715844779068
0.5867933110879114400049 0.5489407539716631978521 0.5893041558831000337193 0.5963897977962591134826 0.6036154596128993077286
0.5753635313020478703194 0.5574451000098075148514 0.6099054615988549477024 0.5807983945706413075882 0.5722100745388943865422
0.5666808647429333323231 0.564121760924054638231 0.559181875808210437917 0.5873924404913994923305 0.6043384286698135765548
0.5972589472974231261659 0.5883755460642285939343 0.6138170618702075698181 0.5475357762061945354759 0.5641963681874012648265
0.6044731365184408122815 0.5508593684665418210855 0.5531943007870825379513 0.5727576249420986975736 0.6205196954861227354172
0.568456183160786499009 0.5828271623303992177156 0.5662594249592305395424 0.573301225021170979268 0.5786407243280229373283
0.5823136221906678455795 0.5581421564641301236165 0.5517269907392905459176 0.5738623366570452244417 0.5735925632114518002425
0.5932549697801101640238 0.5563338573223399752266 0.5789910917243539234534 0.5877363442362549816878 0.5844435262668875585845
0.550690439722515079346 0.5820979183100288834041 0.5686425651200753828007 0.5846125686422917189233 0.6090328876938035929101
0.587898212658991670132 0.5453378647617150853932 0.5576892892748880337095 0.5828206421198490749802 0.5519557924270450666171
0.5234533003788343075158 0.5866439141546310187536 0.6058762873087634170943 0.5653218757281875950227 0.6014653760227282042194
0.5979672846213331949272 0.5843775289543995388186 0.5607749882583378253642 0.5722506284208050963969 0.6024583800867671090629
0.5614501152226859526095 0.5974148445234553905792 0.5664077111118396290479 0.5694839952161332430336 0.5805637847148898966765
0.5625159645064171654028 0.5309692166416470904267 0.555361460907162318712 0.5751990027333419019939 0.5725193811059069437519
0.5980500524979985854657 0.5850987865999361936531 0.5714973077297310632972 0.608602346317878351023 0.5678351682370245123721
0.5729535065158307682864 0.5890645045003283231111 0.5843629574233142331963 0.5912969128094652804251 0.5712816688207121851306
0.6076452912537703143769 0.5773253467029610952466 0.5599000054290644845523 0.5781171329357031041241 0.611435338404199613116
0.5898145257220293036227 0.5592932245709311134263 0.5766239956159068258401 0.5689830657064051111504 0.5706074083904689731028
0.6124913285674484786369 0.6068625211408578135064 0.5667872367308044445622 0.5858382697235091640664 0.5706383958351372021056
0.5921111313844903412118 0.5798468165086710923717 0.5909388844387440942185 0.537985466910241072469 0.5799679249566722649689
0.5954892016903979845566 0.6198834268520889700937 0.5377036106373835888661 0.5480393969385278785111 0.5689711656786443638723
0.5458343627621085047963 0.5635285643648395570438 0.5893587140958809200697 0.5857939998889759580791 0.5826428243595256351028
0.5742561571223070426839 0.567486209677167230403 0.5852256210389477075751 0.5921160185345077930918 0.5977484811794497865378
0.5925940418916988416953 0.5975194776694646714432 0.581348073883253935179 0.5633503951878006121845 0.5854174453868480343388
0.6061308136373254606966 0.5847587754525495062907 0.5583684418584315967138 0.5614827193246670899995 0.5605217530087308608344
0.5803134206260778249487 0.5786558362764393503852 0.5494697520062085116521 0.5904859038255724223987 0.5763518159858072031909
0.5868359411831165495244 0.5594986463949711552601 0.5685018022328233167073 0.5745167823469025103478 0.5947347190015618290104
0.5596705912472995647633 0.5815493976475046844499 0.5886049921357391356835 0.5605561198270556655388 0.5709585953356138832149
0.5593174076837315045196 0.5750018137546424323858 0.569926757319865640028 0.587212135998501527645 0.5835068197189370309275
0.5788950272942315899982 0.5733499957111476419414 0.5756453493412608812818 0.5769684991534215212639 0.6085089936092354934161
0.5584542796519026408575 0.5720013198473595794624 0.5448846834218559198604 0.5955746602936807798656 0.5836573400108835407707
0.5492861189924378439997 0.5624318792641207487293 0.5722298161830390306193 0.5835038374693032325879 0.570076342998262042272
0.5670839464973170818141 0.5817062117897179307491 0.5738852744546204531773 0.5559089132148701262182 0.6168931735736924437674
0.5932590039705293305516 0.5636121757812974086832 0.5924670888007544933274 0.6076825783035123551556 0.5955695265500238200218
0.578422117721272943669 0.6181944935991781076012 0.5608985418125751465368 0.580678756295884279659 0.5908649476364103980686
0.5851264931191825224843 0.5732670942991637819119 0.592265518680514913008 0.5906540145259405738543 0.5456255844987737413376
0.5978611709568054655151 0.544061160183415881697 0.5754929362759442224018 0.5790747336502639619482 0.5616815467449837173675
0.5988097314884296418214 0.5445670630961600977571 0.5500912574037153390805 0.5742195965732038720475 0.5632911233336167500241
0.5848664117642204951508 0.5832765107178456975845 0.5948992922937929028748 0.6008339832041957873088 0.5649610586016720059632
0.5435433666605643532321 0.5776327006518203743823 0.5737301613105154629579 0.5814860377959064630105 0.5822909098892611323706
0.5810973626004991565708 0.5827981274395273025846 0.5687909454996419311712 0.5725383757810795781751 0.58866303841837996913
0.5898807919217103901133 0.5714553883042555737504 0.5698730726369416466071 0.5979716061113843350583 0.5970987260259164042253
0.5634626797745437842835 0.5595190561877019241876 0.586870094633956895791 0.5462375165193769088745 0.5688652152053059740666
0.5856024969361572907189 0.5639983022883355845423 0.5477619716051399523238 0.5790385747031830954157 0.5583679984354359415732
0.5760039334694910806434 0.5957784716889790166405 0.5717037753410191269765 0.5596704511594522424289 0.5786402174802918185748
0.5735831432357590964344 0.5902429365832290164562 0.5928471234055584515588 0.5802812576703637592601 0.579379328082900157959
0.6106249508520527058408 0.5657121783684755378374 0.5960918952709324258876 0.5613627042035049807822 0.5288086839794571281104
0.5846610528346908308706 0.5780623499660346720219 0.580485548099800241495 0.5723849682838026975418 0.5725269497741610758013
0.5732876583328319064492 0.5870158001481505793961 0.5676504351968028050379 0.5699070695826270460671 0.5832665552725067037443
0.6017781403831086173284 0.5815022457503487007813 0.5619785473116204466137 0.5880924070847746154556 0.550203640750003275528
0.5596212356322861625202 0.5614487550518831859847 0.5782386713943735712107 0.5773192868654045684096 0.5675807352689582474525
0.5561423953500979067144 0.5715422330906341219503 0.5870727943631779410794 0.5962319622098362081886 0.5530350217140038715513
0.5696671457945796657185 0.56375896754187793114 0.5733615746161493387234 0.5662825596229231761569 0.5564795388868110093128
0.5798887949645918915564 0.5841701094358086043812 0.5974011061506462327841 0.5649777641879006884196 0.5503365234507630043836
0.6000608689252385774537 0.5626912518131991225445 0.5724296243524074068176 0.5842194360375483341841 0.5547471355655653191263
0.585203387039666012015 0.5722929565627988823806 0.5788217441782195216149 0.5886348481799652532231 0.5665462915120070830355
0.6126400524590868146291 0.5944140749460236072821 0.5700353424219885001278 0.5915378548982983542004 0.5616530914618089731505
0.578005768577540046671 0.5685578266237726330345 0.5665863211083012052072 0.6057371606977183242648 0.5675946246959950869382
0.5819764902145031504332 0.5640461041957022247928 0.5943368724535603719872 0.5915416674780207273443 0.5953940873550639389933
0.5880082405839890391519 0.5862360987797279321398 0.5859898700867761656141 0.5646544910413878737288 0.5681987408480027035296
0.5971956518933498880841 0.5714639865629157489124 0.5549797022532333423683 0.5743839117030523633289 0.5719406695805386853237
0.5696885772454856056157 0.5458371588361600190709 0.5952159223075078609 0.5579776628715638064904 0.5858428539899074305453
0.577667201433377686115 0.6056183611754017981355 0.586192557006863013136 0.5827760207859992158674 0.5941218637781411349152
0.5630286156300748912074 0.5853532199672835112381 0.5896849451363772587342 0.5681364320692828817627 0.5648691544591134539033
0.5786071019868195275393 0.5769478907562138880749 0.5783012909254751088284 0.5873528377054284543846 0.555692248299272328893
0.5939698553846476380969 0.5662346870381080865542 0.5797189680585478344099 0.5861792492332843496072 0.5464835385463553407703
0.5741939405259398609971 0.5755843578415460459752 0.5869759216119683209456 0.5679652854804286832291 0.5515257646804193614187
0.5788908289625229741659 0.5561033363553026243054 0.5729460773640364656956 0.5780138332393863764835 0.5825439926949745883533
0.5920218368195964142586 0.5884042645998627252268 0.5710548096895367020664 0.5947191456902433115417 0.5741900015265938295173
0.5853508388991103261745 0.5689525685949599065339 0.5677688932613055294851 0.5680765291685906381858 0.5749187655942628039085
0.5874354434679378567097 0.5966924030520934785216 0.541354379528874884997 0.5601127622230398506176 0.5558057931064986911807
0.5768760582126241098777 0.5718416036753646292112 0.5683904576308625999914 0.5753943654967599297123 0.6128505722605916972157
0.5534149115893117754084 0.5456451120342408200869 0.5561578109476142950385 0.5696431617109729561577 0.5931649926716461296294
0.5795175930298206434799 0.5995439859021577388987 0.579820419730952218984 0.5645431153067894669562 0.5976308396230192165888
0.5882768057298169983582 0.5627828672306617319165 0.5889987352308012624746 0.5702628040452614177624 0.5795537782359466705273
0.5914786887409788640468 0.5847624296612251582062 0.5624619049926065095235 0.5575020358974731582435 0.5821639596673457983655
0.5430610035456134854215 0.5804509403658691946148 0.5748671647551572005952 0.5769595161544656125585 0.5900211643138367767492
0.5800325984933215606176 0.5950125308499570886411 0.5905193014186432831636 0.5544268818171657065008 0.5666249313671941623127
0.5740938398672497111619 0.5592285989089692543885 0.5761313653034424442367 0.5884716719523691574878 0.5772595124596170412801
0.5752901610647646046814 0.5788757448708262698389 0.5566830570171104053401 0.5961973520894744416054 0.5688885162681495133441
0.5773512364423474263475 0.5625273348192193489936 0.5601301188912444217749 0.5827721550455083887599 0.5605104108698003573252
0.5784449905313645556859 0.5757605490163547612426 0.5869096652946630410241 0.5883954214470845656137 0.57677304343709456802
0.6120976798470055824097 0.5593442860429183038917 0.5829753089847287128578 0.5683070569579007358385 0.5565260786039974982842
0.6110131495792610056839 0.554711539365923211875 0.5720611235479139411453 0.5760865434273254592767 0.5402327426899889983858
0.5735530403053828996107 0.5799357002162643937027 0.5546106472311362889371 0.5629295452650867614963 0.5514831774790552865184
0.5773205001150908399765 0.562892424210839847909 0.5614311521648372993454 0.5778914748592471894995 0.591393957956801719078
0.5532058541502624660069 0.576223197475039139448 0.6003982456228628139527 0.5552594615574376613054 0.5655881335937098519651
0.5912975459059631733183 0.5797629975359350762432 0.5684441254600108850425 0.572216642845187140054 0.576677487067129956877
0.5694938169562059337991 0.5935317987222425983873 0.5704855732305793569736 0.579269267163430967571 0.5881898073678170080214
0.5459311150310756088899 0.5732697055318610734886 0.5582807053907234973167 0.5554849490214787133269 0.5736701981580349940515
0.6001573256060040995052 0.5529977415553369857193 0.5816430835603318971749 0.5693312707547832918209 0.5699532697650869783601
0.5438465418186115840626 0.576080736467839749082 0.5583013261994589360171 0.5594736599471382687554 0.5936647026678331107163
0.5712566013350985905106 0.5633828955230972823642 0.569179853827566528679 0.5726533143391153712898 0.5552464476013464489412
0.5737621708441941192902 0.5711610925381834791281 0.5913498543755777436814 0.5526844675387394545396 0.5802313638321685562715
0.5962264150380777172344 0.5857320807057161404785 0.5876750029436667022154 0.6000653594777282107131 0.5615639344035269209243
0.5518937147848540503148 0.5737162758842264675962 0.5761588700240548588383 0.5939002953924494843108 0.5634319174452102618744
0.5379019498742713123463 0.5728920465551842200469 0.6080240782184952452738 0.5649103780438240463013 0.5689314861721131988403
0.5658509843137502492993 0.5848427842842771617882 0.5647673340536012442925 0.5637551051886189323881 0.5518694538185724418611
0.550217003804231663544 0.5473930168154264030989 0.5666460285489713921692 0.5441547609397494600358 0.5957870898189102648601
0.5732499969875918255369 0.5713386090183493193351 0.5775606318990278431613 0.555071847934090922827 0.5628179367152280621056
0.6007197158180790363957 0.5908625091286913155741 0.6029801697194636656008 0.5637216730868475078609 0.5522729788232736414244
0.5729128145952635531302 0.5852342023921230929062 0.5589308713492322500116 0.5940897687006831962009 0.536147392645392018018
0.5673319509324696863217 0.56299574196263124648 0.5639801532035696451928 0.5812086749334700597203 0.5800253224235799587305
0.5825703671685603657338 0.5594348359621521549201 0.571734871055890381264 0.5813981071626428409616 0.5754610002141622437932
0.5243106361170899454294 0.5576250391708555964598 0.5507360832537925299235 0.5437930297223607656321 0.585445831988623321962
0.5708602689003631214248 0.5771024059446189236056 0.5793635066364408725548 0.5680484845536095672713 0.5921679239336381517234
0.5451509745418116059668 0.5605167836034437023329 0.5759528561923437095516 0.5714165464601888011487 0.5584351212005331799304
0.5678980262765024322746 0.5667955290733899254008 0.5894147129591352785027 0.5919964972802593816681 0.58531414813306614775
0.5680592519543679053129 0.5669515116400213328163 0.5800563246450261001286 0.5921093095278445739282 0.5817380250992558732293
0.5940216474028441329125 0.5711714323916473601273 0.5828335229469926437318 0.5551945781632219301116 0.5630999533482629049175
0.5607774408231168683514 0.5395878520149257617788 0.5709386641146305674255 0.5553614008123389789162 0.5572546363131579694183
0.5665206434308133198741 0.5045806504405178083417 0.4724067661217625224701 0.09027358337874183402683 -0.1117542962113979992944
0.2490301122648896636758 -0.1057285823692079851366 0.2260878597864559580444 0.2617728897147757471942 0.4672777088121061184189
0.4851475460309735421305 0.6002805606586564257654 0.5407120545648368414859 0.499672281783617777684 0.5945848001363678303477
0.5992440883778142879379 0.2101164463900424550502 0.4814933236577588204774 0.4637689106545648809465 0.284359775615341203725
0.5562295729247369591164 0.5700867942630565288198 0.5605072437992427714093 0.4496960111705252671754 0.5109714086186986081728
0.5120854709812628913213 0.5312917539944761458059 0.4870988995065214099967 0.4363262392092970287649 0.5146767652886836685866
0.5077787761674480426777 0.4661376660518374293041 0.5754398277652587045949 0.5918449426620159270485 0.4725885636244794851812
0.5148260036140862583309 0.5140247115996722238052 0.6391549327547292325136 0.5715335446050306966725 0.5744113332213608424937
0.5854149551259194561581 0.5692257580357045210206 0.5508843774241442003969 0.5637241120515562586846 0.5451342876518695534926
0.5284059905803372148014 0.5780886052258180640706 0.5708339934669894866204 0.4811986914125808700859 0.5588067982038550374213
0.564541111385956750901 0.5298317743344760355484 0.4936411133148385643743 0.6155112034218866989832 0.4875383943188554836112
0.5973340676962516360149 0.4704043516484667786237 0.5354043401410276681318 0.5247856441291165463525 0.5717529452092374731009
0.5524067716469698297033 0.5724711270255329331746 0.5173276046601507083267 0.5508864145650240740082 0.5595526550778987529
0.5383282598912069172314 0.5508490023677267144464 0.5496545544592260634786 0.5856996525707973688668 0.5549568117709422487849
0.5037332131223754005944 0.5305669382412933066107 0.5475354985727887147107 0.5572379199627566226383 0.5963934627402917021399
0.5429313282873932111627 0.5017711367430751634444 0.5592209749464323031987 0.6035252078860396940385 0.5414008821329900911223
0.6061238574124077072014 0.5586406749050276676627 0.5849149745796144994614 0.5785669774644613960746 0.5852019225436989602329
0.5478386579312367610228 0.5782554708703401269432 0.53517613150316023507 0.5875508737547070481355 0.5826541185231055575144
0.5699208111803633070025 0.5651968767000216109508 0.5622400736423478484483 0.5978256658695983993823 0.5899936728949540798439
0.5812806115511462978773 0.6074242551127910783038 0.5871638818045814556257 0.6003213928937924936946 0.5826038232941174177526
0.5899329943143949428475 0.6010777202804968855077 0.5666767564285384306544 0.5541395490876019902515 0.5572806015448141803148
0.5568908353075072703575 0.5683453668636890832033 0.5876994020827656095562 0.5603333776301765434269 0.5589934672856980979461
0.5581258747302940692592 0.5943227475155238304083 0.5700559140428247406618 0.5556752081387865693785 0.5657654295728306026447
0.565348227113711021552 0.5836499442152068839462 0.5448488603759797932469 0.6209734051353553718755 0.5857250484471525631136
0.5554579933417868042866 0.559813687746350652219 0.559943755212427562995 0.6223869902521187436051 0.5862914460920048975723
0.5404032553195987631511 0.5791073021108499307985 0.611081434463382588973 0.5613827753768940720391 0.5904092705576325927908
0.5926452956683496697821 0.5587636434712355271159 0.5820886987176067117744 0.564457638824180096826 0.5745427039387477341492
0.5644282664882933620021 0.5625498745195801619801 0.6073749913979958892085 0.5734385946147366741599 0.59177087798871463864
0.5747620354741248549502 0.5866577293239191304153 0.5617557113652337230647 0.5600818538557108539067 0.5824563617867972720177
0.6198463527096537140082 0.5965700523249850562024 0.559767832626162586962 0.588646320870074624132 0.5662858237370537173305
0.5670966640805993330687 0.5647555218048500025319 0.5800894847921961305914 0.598996794753263617217 0.551445671360922817783
0.6327905750425433240025 0.5801701761115886091247 0.549419711073563243886 0.5675723592849882814804 0.5654338715451970864834
0.5796599678051097548348 0.5575382181372444678757 0.549417649793396689617 0.6007374716536751924068 0.5980315718314871409333
0.600067799438243287824 0.5933757962740104918709 0.5764190058112239611887 0.5613826701813773301097 0.5530167725964242331216
0.6044234573939415433586 0.5744119322849831066335 0.5932769629760563656617 0.5584520057622196498315 0.5566558135276722385498
0.5862899020069921585119 0.5928942998734035851882 0.5596839674141413922825 0.5614336978181566628621 0.5581925564282046448028
0.6125611529402604782391 0.5777044857182326298428 0.5542343500406737843988 0.5767953838745036865276 0.5797887552531967303437
0.5991092451295824128366 0.5803733267850307298019 0.5662273700811626397922 0.5867633557969055280168 0.5328478743075523160755
0.6026257776156584977656 0.598408469766245842969 0.5919978446590801191007 0.5488032844596273385207 0.5608349380418901075629
0.5650317899538331856135 0.5279451087238438145022 0.5232716534193058155466 0.5984920642703869253509 0.5534242931456753167296
0.5580612134349729469562 0.566740854347177025474 0.6212751077681930578223 0.5838279222458917505634 0.5737753011894404231441
0.5730696990047400296575 0.5707347013762643639367 0.6321837683176324551582 0.5780436637670123278809 0.5577509149614038319598
0.5906677106727656889618 0.5255272513710839143997 0.56137179926571223465 0.5715390245518354728205 0.5746228899393075462143
0.559316934601324478038 0.5831491908251110745098 0.5726304946272808837904 0.5930117398696801433999 0.5672860525927372332688
0.5763248257617029635114 0.5564183691661217512348 0.595647910885710452078 0.5783893848512031699016 0.5762611650613617131356
0.5877314944088477544071 0.6031206544273397529565 0.563591117883897485541 0.573402960032488140385 0.6049015850149017659021
0.5444568738854616007927 0.5802912107819788722907 0.5881595819630207611084 0.5466607107766907613922 0.5833090232174505951335
0.6100117886154092783357 0.5579043775812330130393 0.5658744277381290155304 0.562722468600171277231 0.5773638199189607966844
0.5477155246878327998772 0.5689033007322542578876 0.56031821571457807174 0.5697882299137260186939 0.5865794244647903887824
0.5662651900523597570114 0.5772551564923302791499 0.5603866327530238056198 0.5712390707422410063288 0.5548283092945981431754
0.5658212668035272896461 0.5600933810562117587395 0.5954853260485263310997 0.5849706408513576372243 0.5887273115653575139561
0.5498746076392847514924 0.5777444975167436158614 0.5873055031638694245544 0.5919151170903318437411 0.569332966772239323916
0.5618964431774432499722 0.5775764608087390339364 0.5792509755090449186099 0.556114930896254078263 0.5764023374993610948636
0.574399616544800317719 0.588581004728117362923 0.5852267571071064766741 0.5690077497592964661521 0.5828801514995248789219
0.561989503981237703556 0.6054840558618580503847 0.5589894912243555946674 0.5775402999743491916362 0.5756889458297284045685
0.5767554088974143899904 0.5727747869608814657028 0.6051618725468566051262 0.5834941288377951673638 0.5724721094611441296607
0.5829945404831083921593 0.600429475237208909455 0.5732214255532639413104 0.5614235867170604965537 0.5585914538047487276629
0.5930817125575532644532 0.5504636679287993050735 0.5912563857838413206025 0.6018032006495752650466 0.5460352335443707794127
0.5908576016434111677356 0.5649948474413389876148 0.5619818947944698050989 0.5819820630607147604607 0.5507322679355560746117
0.5680386694042955930684 0.5730487099426673225366 0.5765402777666478462137 0.5769881815475995656683 0.5924020434124616096838
0.6070127491998331681344 0.5594289480930833002859 0.5914226599710601384174 0.5577884704489521894288 0.5834502149040481366882
0.571901007836741470669 0.5704120855147226665238 0.5994044788534185208562 0.5945992325183152571455 0.5657738190812932055351
0.5940748727516542704308 0.5711439416500544430377 0.5517257373037840473273 0.5808035255834379517736 0.5661679438725079061001
0.5750826597851842469922 0.5921494086876663009988 0.592993658308252236111 0.5722028759485575655219 0.6045058595376350263351
0.5860063306669009985939 0.5897553977879826936359 0.5637253571226845672015 0.5951553770780982910438 0.5833381186027313258791
0.599188406033674292317 0.5563768376846028873572 0.5438957620459948794078 0.5758822184458093351722 0.5711836575938938898034
0.5807017258446873775313 0.5604155418805036870111 0.5630177543615004776001 0.5989113210200384118664 0.5865713569093021773071
0.5757590197069499815541 0.5891719225218758904106 0.5458004083517902227385 0.6027613493529463406517 0.5791391252060943406477
0.5811006516831616064422 0.5824839343144798675667 0.5809782536078861303608 0.5681903143226070262983 0.5948650748087759287941
0.5991635382402438203542 0.5742599988780153763557 0.5643294647539901509603 0.5515674362095270844009 0.5800716292873230317539
0.5687109066595495976415 0.5612955612351115952663 0.5732921674317706939306 0.5609737564259951181356 0.5644704896396522952884
0.5809067597626580425896 0.5771587212189390747596 0.5693534323283611087163 0.5935008980629546959662 0.5629181857835664493095
0.586633540507577655454 0.6022907394284394699824 0.60790655889654032773 0.5548107476996734233055 0.5716443834098027254598
0.5637927797813507835301 0.5782487558473172750695 0.5905640687246298536905 0.5505270650727637216093 0.5960253878883404743405
0.5800927186326322315679 0.5877722969660118534918 0.5885774890558934657747 0.5780497451983259704633 0.5532516214257504616469
0.5815817673129953790934 0.557859351319279994641 0.5818773403589602155606 0.5655049284571622703055 0.58505873361157278989
0.5921489751358111064405 0.585638882981808994721 0.5757199791248704956459 0.6017289167442292363575 0.5809571779436323302193
0.556975231029165240848 0.5977988837049348358477 0.5864775331742752007003 0.595640721161806219186 0.5661808896920950129328
0.549712284287179886455 0.5930243323874215821689 0.5792622896628659701079 0.5766009642945154611837 0.5890414489253571472815
0.5611910176624878010543 0.5496331504133656897793 0.5879433547409024241048 0.5579582700428593611264 0.5687125797706882313065
0.5758685444641393758047 0.561990998763514659764 0.5732431477275816700256 0.5577013305668946374638 0.5636891656370378589358
0.5670060628731815599579 0.5729080396370932470873 0.593027182698904753444 0.5447583380238170125409 0.575985328390644202301
0.582376374818163511371 0.5603241350989290880946 0.5839782907907976605699 0.5760269572449716601881 0.5893324398156152277295
0.5582732974230580902386 0.5701145583594210419776 0.5665187054456189974516 0.5759220796253627927541 0.5586423864537178873846
0.5495861915048204648926 0.5756243663863132020708 0.5573935012434906299816 0.5847710844102114169374 0.5760507363182337803309
0.5607204066038157241891 0.5697495714952836021183 0.545105591431880531772 0.5773084963409618186603 0.5744076873676484673581
0.5591302151889473437407 0.5950060540606408876485 0.5716709794386020115908 0.5851391064066098213203 0.588207052601359414723
0.5589066521818973898306 0.6090014942149402088489 0.578182780502694226854 0.562229518467163180695 0.5649435804978870656612
0.5600368309110462794465 0.5879346262124572897179 0.5879597011758861402342 0.5608866919984855092807 0.5644389837233796392013
0.5617186232085903396793 0.5862110888747618098193 0.5660255350638090376947 0.566665455600465883812 0.5683086798098707648208
0.5858314885915093528368 0.5848824694163391457735 0.582162614447523485417 0.5800149189604284494237 0.6071008737611769401354
0.583032999290747921961 0.5885324978073600554751 0.5820008917092267530791 0.5763490940177845578418 0.5521162915470968490794
0.5932323368464319512938 0.551575654028567563536 0.5869841891650611209741 0.5693313327961886383122 0.5906608573701567221903
0.5493414643532938956838 0.5446634896671841419291 0.5756809169170183926312 0.6149281191713064087523 0.5715757910739771574526
0.572986516874134710342 0.5816550623032944455915 0.5558487558806531891875 0.5841959279411292893514 0.5852455029026014665661
0.5779277072105420964832 0.5876441168882643450999 0.5827095844821578163319 0.5771911705114459723021 0.5672772575253719473665
0.570675295957105532807 0.5601747809395726251935 0.5705585598833518012896 0.5731702547597502528376 0.5697980780118028221182
0.5677970144994806123151 0.5713280808443189640045 0.5790352325573544511883 0.5613803491572517678776 0.5530582953986682426262
0.5519217356007343200375 0.5738996760275292263742 0.5929378406824763469984 0.5738515168035751567999 0.6025477673823351754123
0.5742995551407975574065 0.5772508779617632201919 0.5618524512385966174222 0.5906174661799171721199 0.5679323538400385951164
0.5817200203158600091413 0.5732642727788300751612 0.6121555765914816760187 0.5780507925888439535456 0.5927794273359006105295
0.5523285878211977584229 0.5801219061471712956646 0.5875494386958259873666 0.594520008688590784196 0.5809429384424716902302
0.5804609386056028830225 0.5843238168711751834294 0.5489735226985157368063 0.5756080487732663231171 0.5556801529006999418314
0.5581765871823453073475 0.57912904275222742978 0.5830452095394366152092 0.5933617175208800720299 0.5873955940529769215175
0.5518894344677987007231 0.5546313796755275582484 0.5260464779395457313171 0.5706376299017614783793 0.5934152705293398444297
0.6048489319479097847676 0.5832746291499433244354 0.5756598305539621929228 0.5563708418643004138815 0.6027036345798206795621
0.527679973035369509482 0.5709610126189793577467 0.558306583602685591039 0.5728558665454670517647 0.5907848662617891655202
0.5712408388289209604238 0.5640101451966551548978 0.5568067491983846872827 0.568835080386362879068 0.5924784941088313550139
0.5799771462899599994145 0.590846916093169305384 0.5730604721313228289148 0.5288070059361548169719 0.5469739176282228942938
0.5573826209598901071374 0.5706698032785159080404 0.5723751001443933006385 0.579347975096837664033 0.5768067810796210226343
0.5598519375537780451424 0.5641722995129003770387 0.5730577188930692233981 0.5637223297117749387652 0.5613794395535156578347
0.5692473610082273705046 0.5587826184952435770725 0.5898969020734019519381 0.5889925974420885390614 0.5856342362778442778293
0.574338784713365302359 0.5802960115331123880367 0.5466490434765987060928 0.5533339232758682779689 0.5747141020650453624441
0.572768408281415952743 0.5850330895282356280518 0.5784920512974942585771 0.5804190129727228031342 0.5776233019497791776331
0.6067397843882190722198 0.5883501520398113360244 0.5640935477564552602558 0.5796628270721811970745 0.5586322766703739617355
0.5862131040842629703391 0.558433056011161887966 0.5656169118464804412838 0.5847607343316157946234 0.5905112226615263359975
0.552278819438677848197 0.5357169756921340564304 0.567384411958733902992 0.5830300658751859099738 0.5795362422212612107941
0.5789787080014950904072 0.5736232849685607426693 0.5980215090994280835446 0.571355764766499074625 0.5412414097069230267678
0.5772156915778633434755 0.5765664017218571357759 0.5861869512620676569981 0.5653792337582068672219 0.5701135904312574220754
0.5593998558747971250327 0.5819934309202335898092 0.5805984735441738209261 0.5731974976111252617628 0.5581151130278118044359
0.5687338179838705709557 0.5742122088586744110827 0.5803750485016805349403 0.5722116320412257151062 0.5989320543094044380084
0.5732315968284619200901 0.5828857583311747303512 0.574232635138519964535 0.5883444435080048551256 0.5514465191148461009618
0.5628687588937362207275 0.5655605837650211631384 0.5509598506586974586696 0.592525548606361973647 0.5756896356072843667917
0.5677476312943214864504 0.5795483490242587798491 0.564793703531497714998 0.5696143550421703949382 0.5641446557789179250264
0.5695015906828864160616 0.5948427555388344778464 0.5779647417834887779264 0.6004214096008515522129 0.5751636271698571389877
0.5897503147509435272866 0.5467620728019253473207 0.574669536982859940899 0.5572100184362986929898 0.565303357385532612156
0.5693955229287825936524 0.562852267337689782245 0.5478319584804398623135 0.5619873246729486515605 0.5899416353503001975156
0.5541097884083117097731 0.5609205528664751305712 0.5846615508674917194298 0.565860085267798074149 0.5684425175236494931497
0.5737295727576365855782 0.5715404843701933357281 0.5628045198437308105355 0.5573217907996954600947 0.5569802195233095609694
0.5767122223830069005501 0.5721362219105426971666 0.5789449995991696740205 0.5560532963563423747289 0.5774022753957607223541
0.572564147274489343431 0.5640005555809738391204 0.5679966905023405843167 0.583865734013131798541 0.5637566187550464569256
0.5677394642774854505163 0.5752821984969623825279 0.5757558983699713195392 0.58713952120715706684 0.5797464373721116226434
0.5499245147416994550227 0.5938058068706567604877 0.559887123036775791185 0.5801230398752555972308 0.568382539260332997344
0.5642776685868046149253 0.5627968449309310727813 0.5466928090070795054345 0.5934981962107055419864 0.5805739212416414218865
0.5882540870520142073374 0.5828155912519624726187 0.5695975763455559670589 0.5849289769824460583081 0.5605112899365609635538
0.5761917799661597783256 0.5597754192421072749752 0.5692420118507796056306 0.5553534574698653081271 0.5557790373606441569621
0.5674376198682827832087 0.566015841524732610246 0.5713929267517798837872 0.5721084049330131815481 0.5729270523471343690147
0.5566959847897207103173 0.5895848292147179980915 0.5622534550054040236589 0.6010114986458442443151 0.5883627937737935242879
0.5790648799857786022116 0.5903645274387593344656 0.5843215600768820738864 0.5710862555616346147858 0.5880893721499976800615
0.5587774750808319756956 0.574538613524025021384 0.5832710675180612369672 0.5961619190587451599939 0.5707907443415437542811
0.5653458761560551382175 0.5669207510356079060543 0.5727104416879410520025 0.5709490691312325560958 0.5639180088915046740183
0.575832972750666027828 0.5575015084890166949805 0.5807258989999293241624 0.5720456517325644973937 0.5689846671246022724588
0.5423243869111555870433 0.552885985374902411138 0.5586001131693780763499 0.5806470086581192457942 0.5494451327074519886295
0.5740227009367409038987 0.5619017504608943003319 0.559010497760138336254 0.5611945675347348450046 0.5601842296112132801866
0.560875396956820648775 0.5862166559444321745076 0.5855599835349521997685 0.5772518682759073538335 0.5780451014659222508385
0.5886198229000094706009 0.5666935808318686040863 0.05203305143521781001015 0.3425420376404492150968 0.02754438493387655756406
0.2803747858138432302866 0.5383041248656950106266 0.2317490504126522021799 0.146384002985735561797 0.5025266967018870989392
0.5298871392120804157955 0.5337718484208745506336 -0.3401418065669749024593 0.1981423727438465509643 0.4959669839339021502056
0.401806849963732226616 0.5140152852498804936232 0.2591693624767762993422 0.5180333128099452455473 0.4989731146672187200863
0.5242292580203505858449 0.4509310054085957086834 0.5033321845502473079748 0.5424308071171378697883 0.3975081043400929270426
0.5850838575572714361783 0.4922486262726749051133 0.51453993158969768551 0.5887678341111112212403 0.5976878333839842349917
0.6299636042697570603721 0.5432253978809269412409 0.5136014158729999001807 0.5337491089255580467565 0.4905934786645417267081
0.5568593355471842532012 0.517356881845716376489 0.5784009716628228936486 0.5532000647619356170637 0.5094811612430154568187
0.5524153547446508660812 0.6127788889745638956086 0.5917755636384555151253 0.6180882735207061662308 0.5551136186146355955273
0.5634394333476027139085 0.5411891342655021919228 0.5139966987713771029433 0.5986479158483051232764 0.6067714381545422641651
0.6104520145771743511176 0.5310086677108318831131 0.56252842789664481149 0.5696124147580136076741 0.4580995049737464630546
0.3980149712213006396588 0.5775211522020199383931 0.5848851017129946816553 0.5381279777485266091475 0.5477502808730941863402
0.5588354721380697220923 0.540478678247200416962 0.5206930184073169654013 0.5472240900703798649474 0.5252895226285764218588
0.5565321447387642228577 0.5495266239205721658934 0.4864975987121501477262 0.5741951105043437975084 0.5607649874164767345164
0.5657039363709358559262 0.5827995514124764131481 0.5778940369800195098193 0.5572569404710220331012 0.5678490407478115065132
0.593816912701445653866 0.5179038840126036769007 0.5474046549744358003409 0.5463966111423237403955 0.56862568813213787422
0.5876239710234684165968 0.5806025132159486901173 0.560956758106763375693 0.5816865471223905403875 0.5876624280394913135694
0.5734717006561428354061 0.6162643307289431549023 0.5536775617902252033531 0.5175040596058132491564 0.5580740802354180463141
0.58154705054957411825 0.5846764037610391318012 0.5549523175927068008306 0.5674213443650739652213 0.5659869332312211787084
0.5763267867092075613655 0.5146070065280473615488 0.5899058790127887919041 0.5714420309314504065057 0.5847750623331452457521
0.5286417764998718737957 0.5857195791676689244909 0.5278161120658277916107 0.5740518138677412895987 0.5336908826273208950042
0.5300304897348045995997 0.568068741152450984444 0.5539675514988460225396 0.5646910539323242161913 0.5389303434976847606563
0.5813724108832939441172 0.5716838909159742687649 0.5905957176064188240971 0.6022666174123415538944 0.5438499726423864366609
0.5901901593644168775299 0.5919509261948137091025 0.5612016939981154806105 0.5670201439125328590762 0.5670449793955855133376
0.5883883404914679315922 0.5727387558165273340194 0.5606539005665732711137 0.5903728895629394290978 0.5652600786173979097171
0.5660460840809452554012 0.6124359182338765528186 0.6132063094617430376587 0.5936109916863023805433 0.5704485041379316889731
0.5759557195313877997478 0.5853159256063269477721 0.5290731347658224059671 0.5909450215225070524028 0.5527056071144252902272
0.5462937067771357346757 0.600228329046973541061 0.5526476053750516426177 0.5376534789594945573654 0.5898544692739563499728
0.5723375100969305684373 0.5978407090677102520004 0.5593391479310951819315 0.578279898289440374981 0.5654961991079556771211
0.533889794001034201365 0.5537079592029339192294 0.5889539689358197493974 0.5805089051789978915608 0.5573120693626815169708
0.5685756900556370174726 0.5688216604694266154141 0.5720150914358419491634 0.5665438302081179378078 0.5896572358017255766072
0.5722486451400903284537 0.5885988839026830010681 0.5782745682754337757103 0.5817537143143639566389 0.5716582116236548216648
0.5848116319317254729881 0.5930331075172867727474 0.5942184994411374709955 0.5869281209181580472034 0.5876595331550968914769
0.5912169954173495112215 0.5991604056403216915783 0.5707047538009791809444 0.5999325749763455561947 0.5889388162873050447388
0.5506303599277223570496 0.5669822576896196286711 0.5352674813011261134577 0.617799224747816122516 0.6069186965007609124712
0.5907595049248984819812 0.5726527427007727100161 0.5892188855828977001039 0.5890608054582976427227 0.5755250729258947206546
0.611505697709247342253 0.5444265307446242152523 0.5776366678557304235042 0.5891861077188473849731 0.5520951174143522433013
0.5930421618872845357373 0.5814964456036688655871 0.5686422709823525378781 0.5596230026686660474766 0.5753620994602499649773
0.5553161716557306615272 0.5729228694196599747102 0.5496225478015358545392 0.5947310113104659068384 0.5965030424981616619107
0.5659631809255459833352 0.5422351530991521562086 0.5755384154160569920577 0.5366201178868497123631 0.5724957316112078142822
0.6060927279572434489552 0.5728798043958795993547 0.6051811703575656897769 0.5653126835796743465679 0.5889920632168543779272
0.564167009447595901861 0.578232815753111029089 0.585828248056512235209 0.5780698268912454196311 0.5878240468410722563419
0.5486951946343283648133 0.5617076104698250915703 0.5701744623832950553677 0.5900349485001834537456 0.565456381760841786388
0.5661324440480858255498 0.5872958529535355909346 0.5606462455429667146589 0.5691816465631530652658 0.5939973239908145075105
0.5784719979270447343112 0.5568586240800095232828 0.5729242722334119131133 0.60475193830106444004 0.5938611964467741533014
0.5648193323655024133956 0.5687845941077430689248 0.5681845696929321842816 0.5820835726963989875671 0.5502049728107983872505
0.599383388138756023622 0.5822047059656377809844 0.5865945100054045235893 0.5916110875018275594428 0.5200168703435171790872
0.5699352912335244880637 0.5460572550320876850094 0.5810112088207791680716 0.5940523990724541070207 0.5828959957238513123201
0.5801963947598762771918 0.5642880478805707422651 0.5671788472919691015406 0.5808953534723375611293 0.5775299594444154305251
0.6056560135777787623468 0.5535126966204179099762 0.5600662123202574393943 0.5712966788781157490007 0.5725350132000980307723
0.5941194974562915565031 0.5847446245703782352621 0.5730313733591991809391 0.5712879094245254529838 0.6157411624695944274421
0.5865775861226142362526 0.5780952904216275500815 0.5919800853313524902077 0.5995922330439129588342 0.5810974062139799833915
0.5768334624684422484719 0.5879948970396063900878 0.5741940643545553335514 0.5809981995882040894941 0.5948336727260489231739
0.5907923234284790936499 0.6039935912091647374211 0.5374661201305824809182 0.6007682777472483914849 0.5760488602980219363658
0.5843922923587534512535 0.5648891226568231171967 0.5853773442459376807889 0.5715024682375564601955 0.6124404870945447942887
0.5512801380755851798909 0.5920886044786032309517 0.5407529095265116714231 0.5686356226609843300679 0.5948813511062458481149
0.5688992356836923836028 0.5720295714946451726135 0.5680979721717799302283 0.568215274657257185531 0.5956869053279003622947
0.5799776909500971022737 0.5566316525394015002348 0.571494670118785963453 0.5777398772763538969954 0.5656981491182129229145
0.5733467610926271662564 0.5421939510243323212535 0.558011136386895367778 0.5750406487074191108633 0.57943060115137923205
0.5782202586587482651126 0.5978504370090108599456 0.5855912183374899493415 0.5569481314583607511892 0.5718867344876764624573
0.6039565210637252157255 0.5673166997019228885435 0.5528195305393848180131 0.572646262624589952317 0.6080450612393115683574
0.5622793916959722970716 0.5971643511218371891403 0.5700510708409827209664 0.5778650463281509441771 0.5641711558457479513962
0.571522238382201508422 0.5774876205420756969389 0.5630550731249338580753 0.5586428962849264712176 0.598495030344610490225
0.6183999393851388193255 0.5899099960690014077258 0.5878531285893341395976 0.5988680482558093043366 0.5861358807670393744615
0.5835307832408078709818 0.5993197347068300873119 0.5700958524040484753925 0.5925487322742251095065 0.6031259405908589998901
0.584600238421224882579 0.5713529603680468360594 0.5677115299085053745642 0.5695644453392395556435 0.5656604808148822938207
0.5526454940934025783505 0.5611352679861049130849 0.5769109467583524164525 0.5692273920257124864008 0.5704156168123960535254
0.5843384158214430801337 0.5592130610067916896 0.5727862602644636647042 0.5614800205536812915952 0.5511390118671327664757
0.5940534188079482635914 0.5617277609876114574661 0.5873607968179850313817 0.5513899597940662422602 0.5973976967865916032352
0.5883979281835953756286 0.5672513207021807613017 0.5805911659380991185486 0.5778762970919609776033 0.5874204855033281491572
0.5958735054836119537924 0.5826945872296823702996 0.5708630646496031246784 0.5606856597012098708532 0.5870548448372551186836
0.5465513656149630916659 0.5938738092736467466537 0.5503267940973952665473 0.5819817437718014518921 0.5646342703913656002612
0.5833843396931882585577 0.5722060579340506603074 0.5639179500982295367706 0.5969703055113210199423 0.5476451854805486352262
0.5639901340503169491214 0.5530668466645647374236 0.5802966341888479151478 0.5763122284022103025691 0.5685419879571182999456
0.5897090445562953586744 0.5861179152156150706787 0.566527780238411104996 0.5596056856221104380822 0.5622525624018667178561
0.5806857703084619126699 0.5599248705164590056427 0.5567846295617504548403 0.5995111043474128376118 0.6095027098558167821807
0.5444061328138364297402 0.5653969856214632327962 0.5774079552564994610719 0.5643241947484194387386 0.5821523613245636052937
0.5997120431432699794172 0.5587608510900948788347 0.5506512131448877411799 0.5597437407628088612555 0.5521110894629372989328
0.609156915058465586732 0.5900513672647332841237 0.5786722767756758978308 0.5527453446524199787149 0.5565485348949956723175
0.5693750367597726347313 0.5887979281600069780822 0.5676349939943818867505 0.5804739277918182782656 0.5793984892647346951478
0.5502682846362105806293 0.5853686423827854090618 0.5759622640532048309936 0.5953085240568449787446 0.597552672417014929529
0.5987055114189503424171 0.5798937210260550756402 0.5649415441772034363055 0.5821261790909096900393 0.5850156159726251914321
0.5895077295490004365419 0.6005239851072764478701 0.5652085489940856799507 0.5838930431831491629779 0.5930015461275367494309
0.5850952389907684292325 0.5622964018283400644549 0.5807296880657307758256 0.5852792987120685186397 0.5819001109392222259586
0.5817576818129933657886 0.5814452309614759339951 0.5694126740944653874976 0.5704510222337786373714 0.6039266109546799210506
0.5881400241119645322385 0.5424248100661226423824 0.5697213785258247176202 0.5727061946908303946557 0.5926326310432052935084
0.5771563083612110123255 0.6073835696079399326663 0.5767800366987551052844 0.5974852034201546535641 0.5576335995763398445391
0.5667315262025117705846 0.5621990331568290644171 0.5337504254641473044884 0.5580213502462181285324 0.5599984325055373801661
0.593781784051356176235 0.5796509972716270553406 0.5510052251674834034034 0.5748968443226544211555 0.5604814625678867789915
0.6049249569371045742727 0.5615974104710490522052 0.5706373368145025715137 0.5765464276069259819124 0.5902407057493981312746
0.5913420380490920225114 0.5571419218960554919917 0.5889981512593553958368 0.5661215339628605791589 0.571677004285764622793
0.5727146767278455952166 0.5654215147243972783286 0.5750108039332726406201 0.5870777694916872180286 0.5904076788148389098865
0.5950281676673753183948 0.5729764200523311812319 0.5695505904359826621075 0.569441247680147588639 0.5744560850659171657995
0.5608633275229610859469 0.5671763272439587222351 0.5910243413961585590144 0.5725826933156455966767 0.5439613863761129097796
0.5698552558610666673999 0.5779390818763820991677 0.5873845238762462894755 0.575840944263554810334 0.5715383713566301038256
0.5935869674766540704525 0.5641620310554530393077 0.5915841796525426188325 0.5849178863912803949532 0.5732812912453872922214
0.5479568303682750274319 0.5698551075767899209978 0.5562753054317747247737 0.6013246706865946755727 0.5599608412521976941179
0.5758912327845362444378 0.5611118794589381453264 0.5409271654475182877775 0.5699736919780429289517 0.5750525312266603350508
0.5418706007995426343626 0.545705390022359182467 0.5824931576703223923275 0.5153506875674178644431 0.5658344739646603560601
0.5718680876427574277798 0.5688265568521907455946 0.5820734833920724327072 0.5652420850491688408823 0.5677528845906316679049
0.5237360305345923894293 0.5784766041177913376004 0.6054181738716488681007 0.5958751146034170220744 0.5743389268128298308369
0.5568414739002057745054 0.5941964526777769872723 0.5456213507286544750485 0.5864520205621961412845 0.5533716682868469183276
0.5972332355597059772023 0.5770116659288065941169 0.5679271804305792148426 0.5878416643743861191851 0.560918224725983405321
0.562459312597877847395 0.5537600027492187715339 0.5810749488590385425368 0.5389777034425111690297 0.5745433643389394884338
0.6011350319818806742234 0.5952931547240034593216 0.5667694520450978767911 0.5703404862106069561634 0.5896701314876062749448
0.549833466543184101738 0.5644043553993346451492 0.5786910877779082307271 0.5855835890627807405195 0.5579395738733751164418
0.5738870169513313745924 0.5881316945341636959199 0.5873964980599089003022 0.5545727667431501473061 0.5760300209432215323702
0.5583453811295662205794 0.5814450252033144250774 0.5714417074851070310615 0.567054304963602984202 0.5598349977971180946312
0.5742933061673656247592 0.5795908141873669094934 0.5866367917768011697177 0.5802025996932864693179 0.5718506284558032559673
0.5681547170314453776285 0.5947539529796012081064 0.5638515627741254032657 0.5862136443309009514735 0.5968823965410535725695
0.5984677388765006211813 0.5789650969653813428195 0.550569343317167336771 0.5695242076195863312194 0.6039337209734109146453
0.5740835659352585551574 0.5837146560885034807242 0.5728845526457903014617 0.5857325434274083253428 0.5732362207769637896249
0.5626820589819818696498 0.5972041901616532699748 0.5753070147813186263619 0.5851370481546599444655 0.5835435172208225385049
0.580072526757946516085 0.5546206416453706156133 0.5653059501772017547694 0.5999536980405548725059 0.6021234090841022235097
0.5625843897596887188683 0.5649286631046678275325 0.5764751348558139198985 0.5608296283313068952836 0.5554415619839055962004
0.5813807424789592115388 0.5886446950976746972373 0.5951357795787483029315 0.5812334002725848547399 0.5671266392398675026953
0.5852357903450881027041 0.5844775247356491787443 0.5877076075053535575421 0.5652532758363812970259 0.5567656837901600042073
0.5789612706453334256551 0.581905985424213123558 0.6044440851160315375523 0.5755011835727381619421 0.5634334061844964436361
0.5547473011126867747933 0.5666334263517069924632 0.5704226135964043375992 0.5526455266215326567192 0.5378366704809851572833
0.5966995056603109359727 0.5934298918107981934966 0.5835371510162747910044 0.5691498317048189203859 0.5715138191754413066192
0.5927559208339513441288 0.5894501718159451675305 0.5657588889143569943485 0.5965273729788231893423 0.5940097646474593595656
0.5610222591251374790744 0.5723404582323126099652 0.5467816876408904125384 0.5973899864115572722056 0.5720574169241985362788
0.5710384971138174892147 0.5530504458580716153904 0.5727723493304757163003 0.5704759988438592444027 0.5602869962222980504407
0.57560037088535687122 0.5790947753798953989701 0.5901367880952798072869 0.5775145106266192929212 0.5656175065208086660817
0.5839888842897008602861 0.5617883847723127432872 0.5363841639430291241553 0.5630038169453668306375 0.580850253877574274064
0.5685632260800634885101 0.5639538786621131061239 0.5506214445292951786826 0.5803641263329895050305 0.5680353502002127852322
0.5799291789810445685305 0.5800266847002744086126 0.5892175403163303348819 0.5630130187265693919585 0.5693871969028967416904
0.5890214837251751545111 0.5478254552565848811696 0.5886496724072536324002 0.5690961931800546658167 0.5538131490255017164159
0.5981845049092340271812 0.5579236579806435836204 0.5652785787078945523021 0.572134888673081709598 0.5763264894892198286769
0.5595806535550876814611 0.5860377443986805046094 0.5726838765176686107949 0.5764495782476388718862 0.5764761739519929095721
0.5680046928949173956624 0.5673246169921016823778 0.5655030766514784756893 0.5976147530464067658684 0.5726232551676546655983
0.5819089100277592407906 0.5688216920464296277871 0.5801273829472030074683 0.5759558694855774207966 0.5728484446063949464545
0.5403708253273558081986 0.5745378929840537773899 0.577179014044250537907 0.5631472130747169346776 0.5366090073652258762849
0.5564363910603997709359 0.5817487978726771924443 0.5618517946197687518151 0.5835746890287838439804 0.5618615045139875308067
0.5858994896548426201122 0.5477580857831320093609 0.5485358993408679939563 0.5798902892138454445714 0.577613974065519841794
0.5559430602357653405932 0.5619215783923199314387 0.5680047776927236169442 0.5492404864812953091402 0.5614893696701488412515
0.5786386087994211946395 0.5590026851390332840452 0.5911938513640192516263 0.5726027437751803894628 0.5800447919410645081228
0.5805217318335882392688 0.5518180781036773341341 0.5766124130185427132389 0.5797844096939684943592 0.5812878597274697689556
0.5499340429876499181105 0.5453066588079209520146 0.5819793326180185966123 0.609761585391880411855 0.5636578770980236186006
0.5693383319323638280807 0.5800305248432405802461 0.5460974485498742980738 0.5703496015771446492337 0.5693461752837107869851
0.5630921800352075567986 0.5601425649582697507967 0.5772004759113812388804 0.5738989176820993298733 0.5783103172539436620525
0.5765163674196539522754 0.5569794544815294123907 0.6004564434214150203672 0.5790346220224732443072 0.5998582097550998470936
0.6002753814779662189238 0.5685099863595903801894 0.5672947512325896557428 0.5376685329604141694304 0.5731187945665391358929
0.5645841928620549676765 0.5711124038337890285177 0.5613201991453065087256 0.5553376235529778881528 0.5775240716811956831478
0.5778070354531597008219 0.586799997590437771855 0.5496942930809111116375 0.5617883033942863146848 0.5957478493453914891731
0.5810890160101641610524 0.5536149030765499245987 0.5390226766569671257301 0.4003997962188526327232 0.537750457969764839028
0.2370728976225744133455 0.382147215342904800206 0.264312006959299738984 0.43618791363867637223 -0.2402241875724890063371
0.4449358310613721334548 0.1975721056302010003591 0.5295002305433015310498 0.420547889677102326722 0.4875574609340145304515
0.5448097696935284561803 0.4867413771789026455394 0.5861746445329782950751 0.5521720065573726410335 0.3761744263643921892815
0.2110804863849801427111 0.5516601031908937580184 0.6020018093927539393206 0.5486576276975877464182 0.3996076390993294480403
0.5556029610952040176386 0.5587385880343752608823 0.4327597850879191243578 0.1624560064042019358332 0.597405535461991377133
0.5517158680517648683406 0.4372010556887279131288 0.4990278315258058761117 0.5519307968353650561966 0.5739919960953107080925
0.4854526355469730436454 0.5909727189332347752071 0.4821873702893993973717 0.5549995548199999628736 0.5939047389514280350653
0.4881782015934265084312 0.3529630063508893411672 0.6257822761276465861613 0.5902959122086868237744 0.566697918137717082665
0.5692483148861474662183 0.5376660804116969449851 0.5905140702923450390927 0.5607341856276905067702 0.56120381358338489175
0.4332882060534192780743 0.5563241357749199034188 0.5980731185128498328396 0.5746276233625114970849 0.4740300124200032549915
0.5390241073370106716922 0.6069156037402752001952 0.5727447196982072830096 0.5057561598521166379427 0.5284515942060795667956
0.5628897438357354232608 0.5998916086853759432884 0.5830480436959351031589 0.4958465485210151735274 0.5255165359974899308426
0.5794460647669164021778 0.5596355354699916739847 0.4811908168810946628824 0.578961916542830024035 0.5690201153321351457137
0.5778721332957224010585 0.5651881057468384206288 0.5113599000994026866351 0.5054066083552097854437 0.5463995006784169161662
0.5660497299170157425863 0.5837016285909695234579 0.6046773339973648964119 0.5383640334478000388785 0.5483402403747744680018
0.5460729906139299982826 0.4416212058402996243345 0.5413563235879371715598 0.5111004867990356359542 0.5884712285342479365369
0.529509004056342047484 0.526254866217669037276 0.5479897462596104995569 0.568543042467859582878 0.5254724168374707016227
0.5459310266317418669502 0.570397792168568784632 0.5485031800447958127975 0.5548810956017341533553 0.5524649628916356025599
0.5796349429547918985506 0.5456815603462017438829 0.5764836214876040143551 0.5486009758022858395776 0.5587598399950359784327
0.6009035279262663342692 0.5913611775005467308119 0.589268381078478009627 0.5846078474444429406987 0.5939861284685863385135
0.5758992437578834833189 0.5886307396306672545805 0.5768566628870105406079 0.5878915776175813734383 0.6045036757718382780524
0.5910861345719320425474 0.6038572137571392994815 0.556139884225659408834 0.5527163818305952380783 0.5956485136764562149381
0.5459913847482720239412 0.5670387419975611020817 0.5345919334102138265052 0.6022469693347037855702 0.530316973027605165214
0.5661543577938943361261 0.5664386217143362323156 0.5777229365173299768799 0.5835581212643198290024 0.5797719655570849894843
0.5395287789100993158797 0.5464391994781324646269 0.5150170758804865078773 0.6006691231149943188683 0.543961271194657647321
0.5511570024260784572689 0.5501736167277171407619 0.5405878008664938283445 0.5777566567332808045165 0.5488951498106738879912
0.5840783927588801827113 0.5594643486145159938516 0.5864569593255776203122 0.5557023661899958000276 0.5864568956263880306068
0.5806635292664302783194 0.6015046075745669185153 0.5572161874009878834713 0.5904082892082090916475 0.5298364605945563576839
0.6117436808538725401263 0.6089731424314587249214 0.5527780740435729311955 0.5321924325116496046206 0.6034908567530925527223
0.5654508156703863530623 0.5828936648270057752086 0.5825688356091924813285 0.5663879402477700608642 0.585040147890256378993
0.5702689958582281004595 0.5546266926730185620187 0.5563214407142620387958 0.5774213727763577441721 0.5721325710192566305068
0.5855575295437217553385 0.5669561506624793967291 0.5603452944085698383958 0.5756153351935880957413 0.5822758487301480379017
0.585329747663349775344 0.5386169145957192538887 0.5506357430319334111957 0.5812979587133072501004 0.5796142214662040048623
0.5690649594397290123027 0.5941472451812280786143 0.5753841852821905966664 0.5862129567900121740465 0.6100873206895531808414
0.5500143920337738911996 0.6099301611927790967016 0.5566727570048507489631 0.587933609550065350291 0.5623834041752481249787
0.5850957229111507507113 0.5930987299904493248448 0.5991932158068142832974 0.5708912503302470131672 0.5813361668322359898653
0.6110159704344705344781 0.5878710786060649118312 0.5885659564862971704358 0.6067063005881605519676 0.5959335181723995900072
0.5951232858541395387419 0.6034595022575504064122 0.5897195083579233054749 0.5998433188356031564581 0.583639540462385086883
0.609254736326224954901 0.6058462984046782962011 0.5625382762050786800145 0.5399951898351437185042 0.5680353650451998026583
0.5642579012748695221902 0.5840522012435797050145 0.585687579773977895492 0.5592315440679960225623 0.5824202429065584718515
0.6107611063938875872736 0.5649264477275208751195 0.5714598884371906439839 0.6052837451184950312566 0.5839683923312876112632
0.5898952715237236743562 0.6056246717062138129606 0.5936269959760120951131 0.6199514664600113134085 0.5667702676010113460592
0.607925584559880882729 0.5822178274915539297751 0.5977115572738397331065 0.590057148019402566419 0.5599550582129548814692
0.5869314308100430643833 0.5816948124149159404794 0.5757904630466137430034 0.6070331186064554795934 0.5435601670054714951164
0.5999864765018990686585 0.5690864208644038635398 0.5720279524131476334148 0.5781688995718223811338 0.5806964058140516860007
0.5718032010693576694393 0.6005914349077893232831 0.572462542860943002232 0.5767671301729271338132 0.5935009762369608532495
0.5792126585479283606972 0.5937735098151445400916 0.5727667099201466660574 0.5728829588137811512638 0.5901527121246707974223
0.5996594854759864645644 0.5985083696602677694187 0.5470246002223948522669 0.5554928992935596054892 0.5892016435051166123316
0.5798429462416286872539 0.5445772514832564192844 0.5958493957464430224036 0.5861425467838800029696 0.597381738091720237982
0.5820459584880899317483 0.5865022329026721159551 0.6084274073447808461879 0.5883289547902553762171 0.5834850053926394775061
0.5496204534491474502644 0.5925577109100563788502 0.5725867148993227795373 0.5594804183929860119662 0.5498746679596142605817
0.5576593644591031351254 0.5641129977914086657265 0.5925339982682311656959 0.5688865801588331994054 0.6008520029232663484109
0.5608561793935232797637 0.5450360990537254091137 0.5640637820926472922878 0.6056086103157857225554 0.5861816232232505141653
0.5555587110032108588697 0.5874190373888231730959 0.5991676289369030072862 0.5594881743333782742056 0.5802348834226206397702
0.5601802956021905144368 0.5790159455795796938915 0.5698816954704165604895 0.5827267763782878473577 0.5614067927815510339329
0.5529362699435250716462 0.5652511985384220949413 0.5957628546298552318916 0.584319361685572857823 0.6001130510107616222726
0.5788844897020860580383 0.5898772701575997201573 0.5976115571185025565626 0.5628567281659322407705 0.5801515180011950212347
0.5830017498419756138972 0.5562043699150103215345 0.5584616948649536727345 0.5703587078613001626337 0.5528680891633294125498
0.5895449036143289855971 0.5721692307058244830742 0.567682087696335879734 0.5931440142478536792225 0.5879573061252107990526
0.5806868709055181820844 0.5722389299005917751018 0.5625159727271984433372 0.6025320728293757088778 0.581478647670401360692
0.5626096894547807369946 0.6053481335238112270858 0.5585801066999532826785 0.566730742089061378941 0.5888701044647058902015
0.5560858599298926785437 0.5921931176689159137538 0.5663212504195821450637 0.5734730102423334363593 0.5742444905846564306984
0.569379959144000413751 0.5747879651931196987036 0.5461117744942787233242 0.5573516467191428347405 0.5798247662653401857114
0.5397840134646898491155 0.5697683023330726292954 0.5668051120864633363183 0.556316562506103506891 0.5922211018235160606693
0.5740634858431939990808 0.5656313366077238002916 0.57540715200279668462 0.5705663668964074952683 0.5912251042631033737251
0.5693762274172521342663 0.564312611979963851816 0.5809294938046819511968 0.5826087117472110721295 0.5675568876883794189325
0.5905367064812744315461 0.5657797677983686934766 0.6021185707793197394722 0.5669404281895322750273 0.5924383952836849154266
0.5810047341593241876367 0.5644382925556071795015 0.5909919084304605663149 0.608169683786389136948 0.5457499853431529990289
0.5474522736090409180676 0.6068172246816253556645 0.5630065954518028714659 0.5762912787843246231745 0.5825974093169207224108
0.5573496980062805361555 0.5762657155088869442849 0.5867463056034325497023 0.5510022961845834066352 0.5864866187231716487815
0.5654837903713362257108 0.5700661995850226926308 0.5630090648732183344904 0.5707912598978727158894 0.5984892984933918302914
0.5797542465228635588659 0.6051464676501496775529 0.5869988491483084658284 0.5940944113525619130201 0.5492357345451650552093
0.6059251864871475490304 0.5734861602835338301176 0.5737038412360503381038 0.570361129858061088882 0.5671661006207598942908
0.5800762365128272479708 0.5698974510762278011811 0.5587134931947073113179 0.5789745017867625742625 0.5844730296457660845277
0.5644318315070259162169 0.5769540607064458370701 0.5887677601567999907672 0.5861110371459373746816 0.5652861481698127077422
0.5363601492189090658158 0.5711284135143601670137 0.60635159228831658762 0.5430691034831669483651 0.6060104131691352868927
0.5696033573184566822789 0.5812553856703588373023 0.5774702475490606223829 0.5721213135012233053089 0.5794100036045592982958
0.5975372081154353143262 0.5861470524361285239223 0.5490827801755322479238 0.5740718858381994582629 0.5826617595582579411939
0.5872460978974451961676 0.6072061425290760094953 0.5727563488957980730731 0.5586308003781537134813 0.6128312899295765836527
0.5507166136595433858503 0.6116662565613895097272 0.5793364292187606068296 0.5794449947447943838341 0.5722035650273342710648
0.6176251800764727128978 0.5795655773638919150414 0.6044021956588543353917 0.5797834349310876378425 0.5828637456863261512297
0.5751057941608851420412 0.5881281865492417049168 0.5667921758956409039598 0.5398749019804359727814 0.5921885596369684812146
0.5512191066577695197637 0.5920853337609867095281 0.5566384001737584297231 0.5620966405071836646812 0.5847259904959353216114
0.605337945759085616082 0.5568630829866185738553 0.5810067739018444088472 0.5770411015193750436936 0.5651094846792762416143
0.5748834609709659870802 0.5987399976536665890947 0.5738696702537480209827 0.5990200155708002016652 0.5818790097239217029568
0.5846364375539528923653 0.5806414097698111564938 0.5883659543551859050226 0.5613898873203043704549 0.5795109633525129533282
0.5762040976131673764016 0.5750170903814831868672 0.5892379441451131016905 0.580617145689973357392 0.586640390693014768253
0.5795756402415679353624 0.5686547663833830812408 0.570049613001678112667 0.5732358911807217127787 0.5737296982756031615835
0.5858280839585782162615 0.5919499073438800884617 0.5784743949571165000378 0.571899037504237761631 0.5570795871543782196156
0.6109899692810889515471 0.5788715911732067453954 0.5711326197386445979731 0.5697809884589860596193 0.5568854367716329356597
0.5690608978953123342492 0.5799886043167712390556 0.5559912199302108337662 0.5940634238325760430044 0.5830748725358091411053
0.5990681919244510433842 0.5471062989821782185373 0.5559685129446885198945 0.5847125438599576341403 0.563507163793393939244
0.60726543548023648178 0.5911254994688289743365 0.5827309083979695936151 0.5908779950784585066614 0.6039778428114186414888
0.5739611561171591436192 0.5713670949200360116293 0.5960655347690489991308 0.5694802319378271526773 0.5432894770488958524624
0.5810998861228386935807 0.5643207286063935956832 0.56251145473150132581 0.5780593509808689134388 0.5753202202627630823528
0.5824866445521473812263 0.546358593844696538433 0.5863362334163874090009 0.5883777399214590309029 0.5463208022272819652798
0.5809263239878874607314 0.5672400364275127504499 0.6049837506791136965134 0.5895741111488322916401 0.5422324499324887581153
0.5821111510572146707787 0.5614635021840282957939 0.5732653750719689522697 0.5638511464128178607425 0.5548311391757841937178
0.5974257332559919086989 0.5820040376619579625128 0.5725522048694114962686 0.5832076669271866187216 0.587440722044171304006
0.5694184259041012996505 0.5696864236564417316444 0.5807918818465435117915 0.586208843771679033452 0.5529300427490736469238
0.5408285408354359669048 0.563810446883436733323 0.5758415010202699857444 0.5754761914064687733372 0.5626552185823741059068
0.5626028775510953927608 0.5832705333686031279328 0.5697414921835606271827 0.5642929958359405029356 0.5725449372370990941405
0.5713713713093990786973 0.5846540071975836472262 0.5595625269720615468927 0.5781384879274861221532 0.580492305442511957736
0.571171741585737580138 0.5823569592315236409519 0.5656678650495338134263 0.5906727923544760061603 0.5803788622379146833197
0.5652601486500598015894 0.5933685010734496279028 0.555651823229966090878 0.5823702029817753311747 0.560261160989391937548
0.5528535885534355820425 0.5317546622505244791057 0.5636692478992703092544 0.5754361814727354529353 0.5661996755661674596283
0.5482246428121314574256 0.5696185581271796527503 0.6000574341777134002029 0.5819711097647570774427 0.5687976940130576863908
0.572278224705841664921 0.5892033309273482233337 0.5649299834979017997938 0.579776481935989296268 0.5718778341716479474144
0.5618480780335323165886 0.5748221154375234842604 0.591022375851436798655 0.5608729264265281955204 0.5616669068434546607804
0.5839510377663067464127 0.5797149284686159420588 0.5530252164155041727511 0.5837363324387521146264 0.5723912944018341164565
0.5430862645747123185203 0.5552165141795147862425 0.5471105402345290968924 0.5576929490839913627909 0.5634932680317999986741
0.5852333724581639806672 0.6040981451616342923217 0.5785123053910274926182 0.5590703973021353689887 0.5825291192407290319366
0.5844858503929407644861 0.5970912992903744109796 0.5753024867354173954581 0.5935291383941272425062 0.5673272897322794161568
0.5921690199043631031017 0.5779921267509857685241 0.5750536375594603732964 0.5867410007696358675844 0.5590406344318634701551
0.586569250301023692451 0.5700602706112697370955 0.5535615388830876781867 0.5622060364986085634342 0.5729874873169565896447
0.572249914164986495102 0.5762721689472203312476 0.5550128935075926417397 0.5802283736705988737015 0.5661514931247266790848
0.5535000992412354436922 0.5815761661657141701198 0.5834133563471707306647 0.5713157643946217278952 0.5806505388732737804602
0.5708004668533547265596 0.5742890596262388847038 0.5875988913378363820428 0.5649337505277710613782 0.5674035058408104514882
0.571099941730456306388 0.5830059412710241195654 0.5754316999915172203828 0.5702675526676980188867 0.5881925447184259692079
0.5740701530957789122667 0.5678280811940313865804 0.5861240878322051539584 0.5638740290932706678007 0.5705649538488913874446
0.5640301600357353617454 0.568664881098071672838 0.5847328159160518623594 0.5695636696302610602061 0.5770414771462561986937
0.5955629211261821431833 0.5783222259679108301356 0.5822077851851964469532 0.5584259075616407885789 0.5778143658979583152657
0.5429330579188131888912 0.5778125001267695459717 0.5764840976488753154783 0.5668856196167479932768 0.5675322075175286418158
0.5626524923029396774155 0.5610275098543827665409 0.5661200395098641147129 0.5791841568374496151961 0.5734656160196537344476
0.5623433493254565984643 0.5709962195767575021677 0.5690150057784117976212 0.5951211664113537080922 0.5781991035731676165099
0.5549372812494247630966 0.5797230455890950429065 0.5745874598593134763291 0.589620212177227154271 0.5681837283718210729333
0.5513547697263839753035 0.5562497851843902774149 0.5748256555985836735445 0.5838913667340062119138 0.5543643600674207361223
0.5648059850210077614818 0.5609164153314644130077 0.5813661725464407403763 0.5741238162098083464002 0.567375176552268323249
0.5550623846125629645698 0.5746811310392667682123 0.5428474045718206797417 0.5727215888004729693606 0.5601191839018605511669
0.5611122596161876030507 0.5815599137881298785757 0.5715811300420751139839 0.5572233631378120666255 0.5858387188963759539817
0.5724224474651254945812 0.5812340316372012205548 0.5652141787860626154227 0.5578493596769337203867 0.5761387366706227641799
0.5795883720741181743819 0.575304159847513263415 0.5773945030166978131803 0.5726416606467609193842 0.5707711191677250495147
0.5896369582521719943102 0.5707981410755155193826 0.5531439684329549910657 0.5965371669929379061514 0.5518170375686887174638
0.6031923830349179560528 0.5857939796054336678566 0.5613862554607740307233 0.5580633981623215333912 0.5861070799073393455814
0.5649587719249585804349 0.5699192794243312931712 0.5907753686846893836915 0.5871855127657470418967 0.5875767244411145284744
0.5587994406937760727416 0.5796054944037569711668 0.5470950252160005078395 0.5664482571754088091609 0.5513372732988864877157
0.5706694076407584637067 0.5954446870000407177059 0.5769822786399063652141 0.5556409621565427947587 0.5654401108319185853546
0.5812764224383967226473 0.5776996592010430475739 0.5519977605854459179469 0.576277391074671796467 0.5722082391424736513841
0.5670061138255716448597 0.566570068673797777592 0.5938604860538858609686 0.5756685380265699203406 0.5635754178369921651992
0.5643915172014438708104 0.5804090159176921170925 0.5721733905592153446307 0.5680856712725920187879 0.5682598347593706966663
0.5706278939989528620202 0.5515877849461360282746 0.5505082771777685124448 0.5656802880957603196777 0.5864610598395264551286
0.5920402299364432296969 0.5614867477747482737982 0.5605216417262874895044 0.5793968497915216175898 0.5806021536812717709353
0.5931235494483991788073 0.5634200552412451656892 0.5514693856784843584151 0.582950565951716126456 0.5705905734037073351317
0.5481662716137264412808 0.587212131261627523493 0.561780674192397744271 0.5670614035797564289609 0.5758579546898285883572
0.5890574941425182897703 0.5663696504829179856344 0.5795616129471037325516 0.572879656673390802446 0.4065800713918912845379
0.5845827222077588647409 0.5671370858178194085397 -0.2145338552467707105009 0.2051645761378650678619 0.5340668503043651815787
0.4858849534721442764429 0.2269235020447362138896 0.5315443879905018542686 0.3762871280374106564004 0.4051168618381856822985
0.5304515864778267530966 0.5400203812708891382144 0.6218339537939996386484 0.5797904234240108811704 0.5776749012696530405364
0.0933053919085655020238 0.3726494923910194101424 0.4954692287682814222372 0.4301511447732439541447 0.5635722901823233543794
0.3094235822071952912715 0.6226525941012217568726 0.585304843492333581878 0.4589837740888284556284 0.5479964137570402238353
0.4819227534518567002131 0.6102292401412858779963 0.5532879871248098657688 0.5887826645276558190645 0.3950310538372343582836
0.5703041873986722798406 0.4472819862735202822712 0.5444554030199366678744 0.4666974842561495973037 0.5369029588729262725266
0.5839951064298892768889 0.52298400455674498577 0.4909325474418154700018 0.5288420588174960190742 0.5517596997798059899054
0.5333628272999673125554 0.5790321484003009278041 0.5822441456837365025834 0.4899925355210968946906 0.6156410655464671366488
0.5348775139137078582507 0.5210932707670318242421 0.5454606330936754288174 0.6257947758071682464731 0.5164962226280481738527
0.595918211865018809803 0.6487901888717132470319 0.6183824953314562833384 0.511758841878996451058 0.5552583052690875931034
0.5516373554391523770235 0.568757507663503969475 0.5600416043155918011109 0.6116033297872667251482 0.4653779735850843701783
0.5123037872332139031073 0.5668012249293126192384 0.5453364274185390492278 0.5637270185647769160653 0.5707851718065798385382
0.5937132816829483461518 0.5006453664314274298874 0.5929099625315715771379 0.5247666554634232705112 0.5445760220857988054277
0.53642340768487095648 0.5879387957838889677831 0.5176764390248751457335 0.5924330831984431222637 0.5760831963790098431133
0.5560451819347265178806 0.6002048824006721572388 0.5358330632150886119192 0.4854285885380796861099 0.6033235686152333965282
0.5615189492046767094635 0.5735845707931620518494 0.5612863512445295244291 0.5514038935911976802018 0.5469022162612797721692
0.5732652734387518878023 0.5704831690932814503014 0.6006018417887861726712 0.5740890702317281713007 0.5756237250596671906067
0.5588723218430464712014 0.5693255162201958929913 0.5867619886843283838473 0.6070005228653987394694 0.5852689826337689193991
0.586360168252069269279 0.5636783992945555432641 0.5905749190271670778785 0.5557471377113470945019 0.5562711389198449207782
0.5525560339046424740417 0.6030263953294758838553 0.5745250168099172993763 0.5589573178451187063231 0.5760727174211892620548
0.559653478936075199357 0.5157356386786514645948 0.5492323210301026659153 0.5684816045532753436831 0.5844314558785712598876
0.5641672720143949826266 0.6174009704118473829126 0.6004750652652608433613 0.5462733011761682355711 0.5919131977430657221007
0.5860069279081384641117 0.5863322581265990596222 0.5401467984300764024752 0.5705087641776167561858 0.5307372383376411928424
0.5867047990752901620581 0.5941986948187144568223 0.5831239004762900357548 0.5718472678183947888186 0.5112699355812342361105
0.5872370750487939661255 0.5588902303826528417119 0.5705716317782755231391 0.5390750938636523770242 0.5746803351494775835562
0.5813438957018108865782 0.5568409261356529471598 0.568153151791995214559 0.5364148368324116455952 0.5695145011144475688525
0.5534397924743670316161 0.5628156170592997220581 0.6162443451120510617969 0.611371753687895869156 0.6095621567206116475646
0.5904468066099428646964 0.5802885646024199539639 0.5859211924926497339072 0.6058490357960838457174 0.5886964871700696155798
0.5818728074635932667746 0.5704157702226967385783 0.5887166986220726538903 0.6013632480204720298644 0.5775818619919033114485
0.5903716212647697192395 0.593356032099546792935 0.5752107030834940903929 0.5969110631627351226669 0.5767466547973536528104
0.583538362881223404699 0.5754972703546248347095 0.5475800320742167937027 0.5698323308427224453965 0.592800070714847859854
0.5532314408261286287072 0.5860777026607103534772 0.5840511172281205309886 0.5754322046601464402116 0.5829999344273212313894
0.5726332735335346590944 0.564829101067705230399 0.5992378147697001722349 0.6026692448793560252795 0.5832842690633097681996
0.5528174363533657764691 0.6031464123563653467741 0.5811728084033597196978 0.5587129185246365592477 0.5803946673648139320534
0.5990426112019974214107 0.6012627051358103713596 0.6140867295529079950001 0.5337901700154586981384 0.5778622422723241891518
0.5719171474777550168156 0.5989541439764378694122 0.5635433566880266864629 0.5667532692329868559966 0.5895534612183511713468
0.5932968047283831980465 0.556119674118162654608 0.5273563065726728504856 0.6070648006153690490194 0.5546251625885458835796
0.5699463492628490390857 0.5879644071713228115073 0.5841921944751214956781 0.5684619515487503438322 0.5657766486522692872541
0.5961410264130994063336 0.5916526786350082556254 0.5586817177844832782441 0.5599675673887722915367 0.5852960889267943001002
0.5651783411635826759323 0.5799067088371793188273 0.6017406969726004639654 0.6080289829404462720319 0.5818417104510816839635
0.5821732687425978935991 0.5702115223544788058518 0.6067654302438135749398 0.5945620547278221978971 0.5657468859670808924989
0.5697712450608808376629 0.6000804038321337907647 0.5600066769630757113063 0.5933796794873055224784 0.5873115411264243634903
0.6016661613564250332686 0.5543383679871791702709 0.5704026580945111835064 0.5790063015136273083527 0.6018255048998704115348
0.5743896708316089672053 0.5772809257423302531365 0.5823583690096154619198 0.6007605832424675051939 0.5649576711589407995717
0.5957334412834083270383 0.6047260091157015127195 0.594247350232050219887 0.5996322662190112229297 0.5638838336709356413579
0.5939105298292707280083 0.5785376832307991268323 0.5558522020946567998578 0.5936796068723162456138 0.6022085895770457053544
0.5885000911472635376498 0.5502422995650241288601 0.6156540225434534718829 0.59625863730091877013 0.6039926908464615662453
0.5707173078949543398863 0.5751401184054788506828 0.5747014020012168877827 0.5792354469391735038997 0.5647830014899736239542
0.569328582293962881522 0.5867891514598303492889 0.54808912467622405984 0.5868200449418271569257 0.5673611337296562417976
0.5982259082620874357517 0.5491112743323494083114 0.6046941038999835704715 0.5666873885370143915097 0.5679731687763729386376
0.5742215626769571201748 0.5826617553112288794281 0.5498752711766202727617 0.5370167604188574861368 0.5833853543358999971247
0.5876790588465720110989 0.576656733377544417074 0.5815339858952274232351 0.5543566295977122582173 0.5917229843075915152184
0.571533441838604105989 0.611564084380244232797 0.5842809216826854168403 0.5755886900925889504421 0.5612068611565605991132
0.5888193833842150226587 0.5742795029346278168347 0.5905326040891296646151 0.5682240444132374834751 0.5858837794791486031087
0.6001269934624114954502 0.5626323915310281753577 0.6031177369578605285128 0.5830757366823955401003 0.6046335528744675169577
0.6000147332011593892531 0.5717186981753743513224 0.5665479020512501628914 0.5865010846283997825168 0.5836513090827020189266
0.5712095320389615205059 0.5925100185785674433703 0.5736202159784213883142 0.5728795126101599022306 0.5358377876385698179718
0.582676167712421699818 0.5511341895704717774862 0.5631055692712272353617 0.5774054548092799610259 0.5893193563253646960476
0.5823220388208665276863 0.5690590231991761172026 0.5520831662280564211542 0.5966839687355141030878 0.5995722644159786618445
0.5924775574334452121761 0.5469620767536146344057 0.5769834149326474870279 0.5901523966420487710138 0.6008513311530723211007
0.5740240909688474335582 0.5994149588829474906149 0.5957093565068638518767 0.5765776758472885843432 0.5781129535219882153996
0.5657952775268119127716 0.5732539968551080278303 0.5776260757316963312391 0.5699644937199223049262 0.5671291697248611596294
0.5712312551537386262623 0.5735788023975251226361 0.5598743703396532600536 0.5619540316224335141371 0.5683366161468045296701
0.5734407359028941275625 0.571612317178426532216 0.6002312094233297479207 0.56960714207583207358 0.5675566477682386645753
0.5926846966382844916765 0.6016046280895962494739 0.5956641114333923736623 0.5479545426353255033192 0.5793066013417335069491
0.5635487641847540807305 0.5879113074368681468584 0.5776726992237539715092 0.5861048825204649981302 0.5736985211116811811394
0.5435932805534643419421 0.5999378819327942924389 0.5518700665898671475773 0.5982198935090312641449 0.5925472092414251212844
0.5548351934568117593827 0.555295960009929978618 0.5794270800005293375889 0.5630418727080211960256 0.5906946191004656121493
0.5479114175812864750981 0.5531724039653045377207 0.5800709505764941598116 0.5537164890781139936493 0.5469226343808867296659
0.5596381317419097944921 0.6169599454225326295997 0.5795277294385806632349 0.5640826085022384583922 0.5851983664498815462807
0.568688190465552745323 0.5628180236007170877954 0.5817105979833459006301 0.5926896673891188793704 0.5425496476001820944646
0.5837388787273930512711 0.5760797732325881881366 0.5663139410329861567206 0.6042148407195049308882 0.5629014464674215734163
0.5891519041067176942761 0.5807136197375768471574 0.5761922988048011617934 0.5512041277782682158204 0.5558657007058295240753
0.5698406936396925859256 0.6055247483655703533145 0.5745627190630507863389 0.5785371820213732751981 0.5698453580437453647178
0.5731526974426511822358 0.5572003909964864387661 0.5784522125905423584058 0.5839482211536356492942 0.5579602147035440662393
0.5707774325353007771611 0.5636748551324491929293 0.572552650503262094972 0.5676574678965619069615 0.5720285895165811984597
0.5899337781307170125444 0.5784536613552282435791 0.5769562110767069151862 0.5787142692953266553957 0.5714382929987914527814
0.5492401174084526882524 0.5612882886223101719381 0.5918877100223896015052 0.5879073538471878412892 0.5902893967471761760279
0.5867308891514182445093 0.5801228127935218470412 0.5793667833986950732594 0.5845431470153801267742 0.6030695143594718699021
0.5760095685039292590091 0.5695179113293594719281 0.5471778732245946574864 0.5606109331353561486821 0.5540774609321855725952
0.5880550330028900818391 0.5715810894914845619041 0.5946676830480368547427 0.5886496309318000053068 0.58097058241100396625
0.5684136890836440914043 0.5797407495170329161382 0.6048207795831259669939 0.582296546036683571046 0.5950681542753553099345
0.5869632072421443469423 0.5691569651644569072246 0.5546684589916281993283 0.5830472232983843206 0.6014752612489097094439
0.5701331132579623428569 0.6050333082898196046528 0.5627602466651306922785 0.5746819266357285904689 0.5817321345434063317725
0.5927452138317271801427 0.5830011605272664709787 0.592347053745432505778 0.5881377323063349260579 0.5829793127578091205265
0.5535364032106186993332 0.5450394789184827004647 0.5543497953691035595725 0.5594177540717398811054 0.5788916547612201757289
0.5624505886631475659598 0.5441575581932769356541 0.5736360316294421002326 0.5543926075628912153448 0.5691870052990621875466
0.5642579544637267296991 0.5763101210835585019865 0.5919200155422139619787 0.5858604176270972851981 0.5823790866627436280112
0.5542625548701041182653 0.5974262332372277661818 0.5884472732195239474962 0.5577021435223022960415 0.5950746958112395068596
0.6085779958427436353574 0.5659874488478567888805 0.6270550972250688026577 0.5607196987728816361951 0.588654073271767663833
0.5566236365635439664601 0.5967253084225100367988 0.5576323036889612172473 0.5808687855710301661816 0.5824317991827576701525
0.5533775182750260146491 0.5893842456920772576723 0.5703276229077496317643 0.5910123556204308625794 0.5641458546822623043582
0.5489859887307678709689 0.5522847341392057574083 0.5794602377940890614028 0.5934943487923965976805 0.5827506176226265877105
0.5753960973189744532164 0.5873294757566377422009 0.5817648296275217401075 0.5753850708835543947828 0.5471629611717510055513
0.5726548976382539457575 0.5661951168702779035868 0.5979257042004618716291 0.5663960629470500274252 0.5607151716321899792561
0.5765670441102066501315 0.5953608897406694744348 0.5450902276266998969234 0.5811722756187592819899 0.577046304153366773626
0.5596377283578189976154 0.5690329609318901527004 0.5625644726474025025809 0.5925144707416846179271 0.590307067625228998331
0.5385619462891215736278 0.5424291984700064794822 0.5675501717996349615447 0.5813909242132524468616 0.5747238268585092013652
0.5658954741192753212786 0.5752013365953189127922 0.590091256867805946662 0.5656484263679093515975 0.5727577412708969584187
0.5876807114977891099983 0.5796682650244496803893 0.5784391728663338394512 0.5884606740279881842426 0.5869266343779282468773
0.5623601723706528332514 0.5866040376217288576655 0.5415574802209606186665 0.5803639397405450095491 0.6094273078229485163249
0.5512995218093558191796 0.5835426862278435544695 0.6081029536092141807302 0.5789024504262446635394 0.5996509249977728384096
0.5790782176069908526728 0.5485133002927801149085 0.5490285689392081502902 0.5960662304239362496716 0.5814531617666169882597
0.5688375192844355998645 0.5614065779894902297187 0.5603267858684368718514 0.6021150236661106935898 0.5709099500872296673037
0.5961452335978638661373 0.5624538449166051057304 0.566111824562299581487 0.5886438938675230270192 0.543758647858137655895
0.5885364378930639794874 0.5630459781587883183462 0.5882566270840222655281 0.5672257714284822949224 0.577021604586970826567
0.588734291678315035945 0.5528275157388766736233 0.5730785967948336390165 0.5744392061253047465641 0.5902992273172269488413
0.588283996101995554362 0.5905899930300811950801 0.5858568846013963993258 0.5833831420072872475657 0.5820688721699545098431
0.5659395897140910847156 0.552689786651354264535 0.5747734716311388991627 0.5752159291050080724972 0.5856630719541104923564
0.55014679932809018581 0.5670535818633806179889 0.580184412188611942085 0.5528470069723551150176 0.5505911121682161013524
0.5858935004529423062891 0.5828854634434751380567 0.5846034860678442912629 0.5488668855023089987455 0.5791482020720463141927
0.5506441123417540328688 0.5669023698984062553663 0.5797905599455021041777 0.5720501066063322648247 0.5640248680555750571131
0.5748126097193748673675 0.5740683624469413715019 0.5553565828784338131996 0.5638974801404654790815 0.5936359205611385636558
0.5772258094809462614094 0.5876725317672779613787 0.5768245898584432040934 0.5925058831359404365458 0.5653015559310382576186
0.5544936748373837653858 0.5880336618661125003271 0.5800663303208125620714 0.5624857862592653745537 0.5897081168663927952522
0.582723583573226844301 0.5660863926144322766376 0.5521706209122616559881 0.5961253247376209207786 0.5826588677888164813368
0.5822000718942592634164 0.5587916490759009535694 0.5513334123451424373386 0.5961096002975067031926 0.5742438293306816321504
0.5688176522467058848775 0.5869391824291092518706 0.5587354342639925253167 0.5771317994570168696811 0.5657562341750375090044
0.5571725876748159222984 0.5737803073554073041151 0.5944903967180635850909 0.5751939555831121486662 0.5362772371513720992553
0.5635031776566424843722 0.5638774895857289193302 0.59509470887675874895 0.5828429234770857725323 0.5795491412762112659607
0.5676401199625917826097 0.5850052699453774929239 0.5917792234515780736004 0.5582090777750154941828 0.5593618006155262056822
0.570270166567381164846 0.5980506483796453887081 0.5654178972488798082807 0.5760395883141393724713 0.5848448705851290174706
0.5709356114534519521797 0.5686653169800182094917 0.5806596569291404552615 0.5724330102364163508355 0.5924064543827171069879
0.5827353195100984928345 0.5800304316636329948764 0.5714354538390822302318 0.5649397146286576631979 0.5765137193912490687353
0.5787965033099723433097 0.5969489809498188526149 0.5506129727119269956503 0.5585438143259680021657 0.5833862139793456469405
0.5762836528788412016056 0.5535387168279924940961 0.5610667155798400029809 0.5924663661327914665478 0.5801656851511952650569
0.5436870527221265847473 0.5640391745346022833729 0.5706502530353109170491 0.5947718870781741884457 0.5756400743122299656918
0.5795580596721285893125 0.5794419052819448356928 0.5611943856564701738066 0.5844029504626068183271 0.5704316001388750612122
0.5657301541566875924261 0.5841711744118571747464 0.5663940200670504188096 0.5758169175909664261326 0.5499826527049428426253
0.5768136188741123104862 0.5513681391606978232645 0.5726134942998467591835 0.5835486974117060077205 0.546383343541831933976
0.5629614108585352383329 0.5612577489649329676169 0.5828868844950987337938 0.5759625874679399348821 0.5566540127642490842774
0.5799342019688304983305 0.5747345259294335262368 0.5644944147813697465921 0.5680001850886107206406 0.592171655299028820707
0.5734894936085458416741 0.5697329729962855582315 0.5563699716172539888603 0.5765722495876878239685 0.5684680492211294788873
0.5905821116103595613822 0.5705225966589503316939 0.5941508085536987282538 0.5532967143576065227606 0.5836428168873057931165
0.5653486112862655676992 0.5775369384425435015373 0.5606373194913180091348 0.5924215349483900050487 0.5720958711542221131197
0.5717383232054973341008 0.5733023371041962024108 0.6061214123617398863431 0.5870184689395157029423 0.5976558914173479841736
0.5968610150729058982932 0.5580149900003743557164 0.5818474844343316521034 0.569734118654783294744 0.5668879786424243505394
0.5910524809635944176733 0.5751107461201627746306 0.5726318492867954468295 0.5739757292334399796374 0.581847877118924050599
0.5668018702389866492197 0.5647391913563347687344 0.578934752597973889543 0.5689789697050183781002 0.5768206812230682878351
0.582755710606851384803 0.5641691825531470749766 0.5790140590830127331756 0.5752160042840482878646 0.5907174848837308811511
0.5760364482986795042763 0.5743848820251874487397 0.5571071458970829892721 0.5654173906978273711488 0.5434553285742287354054
0.5848461620649786363302 0.5886257023109976449504 0.5863646055755483699201 0.5647931201649284416177 0.5852910386541497755886
0.5602433038697678391316 0.5702144117740911566372 0.5574796858992551173984 0.5684019541272958830902 0.5625842633207811527285
0.5552209608612468372257 0.5883445232435622340716 0.5367264787817467297515 0.5973009078885302969297 0.5744702183054541944074
