0.312257878374519182163 0.09296825007308219535052 0.2137693629620578683603 0.3070568856949355551755 0.1328552629557911701763
0.2449653397728787929122 0.2730012192523722514004 0.1448602846188948578554 0.1436689739287382305832 0.07407620016832559828313
0.3618862351445403247041 0.1437242599779645080282 0.2289334743491417967221 0.2256200846548439831185 0.08728902499526805525143
0.1675399672331966682837 0.1856322862607341639407 0.1264163100322310828716 0.1201851238720317849307 0.0741148467230161173136
0.0274563501015797385707 0.1042396349388874515762 0.09548113728292648150209 0.03856557262555074250265 0.06071694874599315588926
0.182204288797594038396 0.05790583115380438378184 0.07044875995629318321534 0.0696989818104860880954 0.05402376540049873276939
0.05859186886358589557711 0.04677062189649994206064 0.05859658880933972524563 0.04313336219871733573372 0.04037403854795396096478
0.107272188195244214115 0.03823391841436154375833 0.0485045404441784497318 0.0888059790428929046735 0.05694820014160114490798
0.01715282260783357673462 0.03931516989292632019426 0.01148361023591601762228 0.01873886363210254882294 0.03724759050110987290694
0.03653396920641103357008 0.02280516874222644763126 0.0665318628374751697141 0.02754297885253570443709 0.03940089030365288153002
0.03406873554215955612889 0.05557662480394242460191 0.08424686447676305034449 0.09246556153213085493814 0.03237240855035905529036
0.04867290764986376139234 0.009058036825531074268114 0.01722882350407740556508 0.02566391010599337885179 0.02897394827659838939526
0.04926888021392768907125 0.02354169360449968537163 0.02213223842272881575211 0.01382893297198386356461 0.0334857449384575248108
0.03654710259851258469244 0.02424279897760121121886 0.03831704208552585977365 0.03200261834875911537424 0.04543144111638535570519
0.02652479218195381502343 0.007976571137373192690867 0.02011362876717311815034 0.03247019721120627394617 0.03582609309305198608264
0.02681435959624996895334 0.02351245949333791163127 0.02395491971290918467585 0.05840624011850687608005 0.04656579428530279590737
0.03566382759149850506519 0.01067634351436101518285 0.03108329268903935529988 0.02355087085294889706621 0.02977157450548180775418
0.01544643054924859683352 0.03973408839569362444033 0.0196714732725455088147 0.01089829950394892443821 0.01391385992529876707013
0.01446828245596597575795 0.009789871271472412594949 0.01454047296627129955138 0.01940562462825174555592 0.03403597733218766130392
0.02925734088606348273776 0.01379149857779057158913 0.01524248060729368157984 0.0260797012545640402581 0.0208446745524364859814
0.03134321833500347542767 0.01871373080722284545918 0.02598615733604859104333 0.02758581066044395180281 0.009321676886355647825844
0.01232728213572920582253 0.02435741073286544142174 0.02899286991868336993416 0.02113715794080303980729 0.01432471015605904854362
0.01947793335513155546512 0.01624180605193746920745 0.03070328898405309120401 0.02568891875654832901432 0.02173068940368502038885
0.01957539019082153372575 0.02832139732984005620064 0.02224176778318369060439 0.03227733326536633834403 0.02344942342825199685374
0.02064075461598455923928 0.01229388152355888157163 0.03253554434156168823078 0.02524257450072214803427 0.04026272956122743662544
0.03972466355649207497835 0.02801777217130952193913 0.01599570048521223655791 0.01851668884457203373417 0.02542154785181081205758
0.02146000056007770981359 0.01601127482410049512884 0.01618753834755574938509 0.02275478440119097639505 0.02531829727555916578763
0.01067272777058211885581 0.02755784452302517326117 0.009905660404338012883785 0.02959857686013274077896 0.02128829269275114496884
0.02070674325905552323746 0.02635280967612048039217 0.02267243324853025765453 0.02810745504511361070321 0.03043454801120799857461
0.03161394555512133525133 0.02258915404716148322972 0.01402867790727503095882 0.01162355828803688165274 0.01411024026306951541232
0.02442613673079025923829 0.01150473463918321587185 0.01220774192417080870887 0.01210396247693396737377 0.02806712476227650465699
0.003441158382067269465993 0.01379630918687919059751 0.007053459374786900937249 0.01734174048788867869564 0.01282789619151864478341
0.01967364571445733012478 0.02215561972350513567087 0.00653142376469607616879 0.02727524760433515729763 0.02114133072762298254377
0.01265230074066062485039 0.01720140156124642938362 0.0128425160920742111037 0.02371582280579581994417 0.01926620471796745490134
0.02177241492923055743436 0.03204993634673976299343 0.02597168247470367161145 0.01989232639229746024689 0.01969289036582032303979
0.007118041263746124197587 0.01914929659510456252947 0.01947042097304407803904 0.02311302529788839335567 0.03392660490465353867462
0.005122969472942506992397 0.01378487911671608286135 0.02521324036824485609332 0.01151605542426396844302 0.01486931238687087472594
0.01474508649765231271811 0.01660835650337746244309 0.02157556767971053127142 0.03018539181433974386004 0.01851931652531047661769
0.02687243903673445025171 0.01808915609291757153887 0.02683159653263565702641 0.01789366885387178723876 0.02911361613438383233454
0.0204613813265956748233 0.03073231788445192694259 0.0155024944848504916961 0.02111470103425609756709 0.01190330706386926243323
0.01784881337830878170192 0.02554841468035986065677 0.02118271486624899446749 0.01528298491299700384571 0.01538603950056955174674
0.01289578937488902732333 0.02780822635725301028575 0.00798216950985317433287 0.02692227704181636427361 0.01360905906945062207591
0.03464030495886036981057 0.0117507263663342142318 0.0197352832967074773296 0.01045346257571466361269 0.01857265818247027383547
0.01209386872487808010923 0.020731345663364993126 0.01955878194698122338191 0.006932432791273697263168 0.01257655304983904855087
0.03433932209320067485692 0.02374872192109405907856 0.01282045876847654440611 0.007569258049193532643384 0.01542336279653728700612
0.01729067322678509016631 0.01153666075321944060883 0.02045639509661038510369 0.01288401137352367456512 0.02352922322758720444225
0.01078759865525457870006 0.003387371401960504509882 0.02506801190287557754011 0.01451550933943664481451 0.02393058266967704877937
0.01752549088783453973273 0.02641445624077431650334 0.02063645026606623217313 0.01734559866577580974911 0.02033742557528324737537
0.02110345804877273787059 0.0116950326083999460447 0.00415382853668448334683 0.02608412406425772434027 0.01590364655190066103807
0.01028043805587543213509 0.01522449935279699198554 0.007070365213440990906357 0.02176311589773577762075 0.01655098068794056201392
0.01894534020573240135077 0.01155370714144555305269 0.02851573409784800144928 0.009706994169885617765314 0.02258658891130022744465
0.01393551718568626987538 0.02018881057935084308297 0.01265494819082984764846 0.01000987293024085608706 0.02227962958971995907631
0.01714325200288130401916 0.0122239840997508762005 0.01534796375399381969384 0.01806324238201160309325 0.01867061575981920212852
0.02633764544198334556224 0.01069548065902515068815 0.02149315907036582901091 0.02097611111087831908817 0.014763844265967938571
0.02050766419002256896187 0.02294924656689125916365 0.02732376380431875140253 0.01845274602838900546153 0.01004228190864454861586
0.02100174943567682459 0.02111942426087175944671 0.01802477086066605477255 0.01550350698724125078631 0.008410124515765986935589
0.01593769854525828658098 0.01680896430863455456861 0.01302231616706728614674 0.01458093762255746259071 0.0172138086819281117823
0.01663814176115189710781 0.01063162532829116727062 0.01349590059541595256365 0.01175539711091941330601 0.01992065763273275641465
0.0254871686475462988497 0.01370195595414789961619 0.01646084843524253660263 0.01055462676129055935026 0.01446640977071722740377
0.007867031312097374010084 0.01174829400182605780578 0.01212694301507141053653 0.02032440125823523763282 0.01915973869238589769037
0.0229083030809945284445 0.01379773181840454783498 0.02332772302928077384765 0.01586102237986660584701 0.01664174296230063257451
0.01586341488649246553311 0.01004478472703420124934 0.01926725205018615591501 0.01586813750207031678552 0.01051744255256161983403
0.007693225611633703470149 0.01003387404402563375105 0.01213694304262486790835 0.02020907185405268133294 0.01682879726834944633662
0.01443824140565656485857 0.01217635808091621120453 0.01747494766801603247042 0.01677939963188597796706 0.02012307951403440389737
0.01326344542424042621809 0.01295512878241662953205 0.022794047453944987075 0.01339823543047879809975 0.01209673748761335571045
0.009078749539732547391147 0.02052305113240840417355 0.01428361168650405660374 0.01670330293133815563467 0.01397886436268050598664
0.0092251398364455311496 0.007567771849859114552395 0.0119023760368066854054 0.01297358382980336698187 0.02245144133233849606524
0.01138848234389385795373 0.01954934447183178519714 0.02095128067694471130089 0.02234075963369435563477 0.01481404163860962006072
0.01155338827562486965495 0.03003055070263407205777 0.01920361445163292282712 0.01126632072305195665651 0.0170922621646286791719
0.006671006119310816592782 0.01367694914399934444371 0.01980313001355435767459 0.00827980859994803877755 0.01782720725987016821557
0.0203036174500479081606 0.01593810790422824780199 0.02237031187791129610565 0.01353042549862002071059 0.01418855611306377682845
0.01796828300428433139446 0.01981135803206660397913 0.01676335156627341629876 0.01550028785561158826967 0.01217872709158310598476
0.02423947646912999812074 0.02207172221101053044556 0.02502800654340823355293 0.01480953628573075490926 0.01946827487592655073212
0.01484603721948199971103 0.00973566701626091442201 0.01233866890919266615101 0.01042130753205846617482 0.01564616732428671802557
0.01274235037103835579964 0.0120135666953110047811 0.0176813226848120258472 0.01069507394428509047812 0.01181417570589073963438
0.01545077432686223564695 0.01327970856518498159182 0.02669004721322067869016 0.01994336189631660399835 0.01548551987995370679552
0.01666971699716501484345 0.01825692696484737531648 0.01496103025463773467107 0.0194424866138122841297 0.008312043700837950035987
0.01760774247207472220644 0.01345200338325139646778 0.02350139262331298398156 0.01603091673177365478198 0.01834758343085930026861
0.008464501380941758315601 0.02012811603888253406125 0.01223155807572558900764 0.01891020977290305826735 0.01145751443009871903267
0.01543724835080759021089 0.01238414489163067351563 0.01735839350911190168136 0.02233705358638001653437 0.003978505477621074003236
0.02011015970554060408593 0.01117412781888797203289 0.02394537509908162969952 0.0196896893652849895584 0.02764969158889378497701
0.01214613831809959777763 0.00580026905575079052696 0.01574385169129659256537 0.009489857299273396842865 0.01330754293296076105901
0.01558229651101284904402 0.008874449631746142777566 0.01546200611608306366151 0.01261831797056869354512 0.01315436005191063587039
0.0165903855391128368657 0.008332397070317283313545 0.01656870233584044338482 0.0156708675052136953143 0.01751109109797790649998
0.0154907637568245954568 0.005623645701202821534093 0.01424912682648552669784 0.01356122353502160239602 0.01323325148086506100609
0.01606976948520609863036 0.01766925946847532069572 0.005608386819190474062435 0.009608587923655079535146 0.02261422767766251354371
0.01281922029622219530443 0.01664126737246378329171 0.01599277436735976887228 0.01251029570742557758822 0.01356377518202323689822
0.02700927393372436202679 0.01293594998150556125982 0.02038348049397038092012 0.0120440101743140761531 0.01193866678589339258565
0.01870662544799650550686 0.01012654686030950434983 0.01075705234768032161896 0.01487900763205494275576 0.01307329976469738357092
0.007448222903633054670092 0.009556322465551931114036 0.01701750393865907734492 0.009537026259434854338903 0.0117610661869469602242
0.01560406108081355790185 0.0208729288273784112373 0.005265759419282247874583 0.02182668332112695439018 0.01043295530695921048692
0.008008935172428706741887 0.01263121585516662620519 0.01392048251651000455309 0.02687400583947633161963 0.01400171396396629810988
0.01389347470745423002159 0.01235631986969279449973 0.01532745563505670365056 0.01437292238920974754568 0.01890069554805157148181
0.02069694020065723435997 0.02011176970662830951198 0.02825104983726676663447 0.005312391782554532967953 0.01242801026924278753882
0.01003734286346803263046 0.0143220289755723421965 0.01306858233009571164385 0.01109637498528334535741 0.006801310638042210726661
0.01765808651361399847501 0.01562929481163674583222 0.01089694921846443009805 0.02100780161945827589909 0.0095119302994873360102
0.01376968801649406000387 0.0242189286356371893949 0.01341196459568146440167 0.01422272872912492408526 0.01812307656836535316169
0.01813340695866363580513 0.01701367983450442766813 0.01102606020532890564179 0.0102282170804890853999 0.01848347924188101579213
0.009860044679635080952518 0.03066211466904568069824 0.02000698065201087644249 0.01380187307211287045527 0.009477824663042663452805
0.007415148002678546498845 0.01027131831717477405963 0.00919243044577765407166 0.02636061692979497009248 0.01496403264201243837883
0.01403667308399782903683 0.02224801266972362481789 0.0180056884655763992098 0.01402115161754550337614 0.0198962615638011326713
0.01608000867649293438855 0.01482260568991938635974 0.01685575083007673918845 0.02072606455653757881463 0.005036593017533498757576
0.01841805329892971451744 0.01907330613901956489764 0.008202145722821956030923 0.0219141095079866156381 0.01095631674332719733556
0.008820131782589708466236 0.01820783054337671638678 0.01603665545190679359022 0.0198714821616363356005 0.01911268386209493200245
0.01514457781773065510322 0.02618068686216340479334 0.01739452293979191002671 0.02050865490555066339429 0.02484437273391291653435
0.004950493059531301150156 0.01364530360610575511482 0.006002397582653506633021 0.02545365962001802651038 0.03221681594958167305087
0.01749527347951251171621 0.01624793078257099135375 0.01152934201386595670924 0.01377850277343315756051 0.01399204146239332348378
0.007181831853969164111695 0.01743979214901639207547 0.01057583088340801995286 0.01174309896809430479869 0.01190258950939646759304
0.004457722986369445222765 0.00956566614999692331478 0.02519494789193568382024 0.01418872704661824739325 0.01461959789108553328663
0.01281394135584484027246 0.01100608097540714362672 0.01755557246098331247719 0.01459772251275139563764 0.01271363668115642678313
0.01915261990001919725768 0.01134397158844983009851 0.02205792380737206168084 0.01073255173739628628993 0.01869285393693647517876
0.01207039427467566580776 0.01207437608367591293235 0.006817245417745544308619 0.01982999304309489979614 0.01761398257770419376045
0.008513002104212482809564 0.01794990962356446048687 0.01300729520660260686571 0.008813999805591452366138 0.009061010522990752685812
0.01269951963301634012549 0.0121360672014643681399 0.01739684906775173026117 0.01580877022772409976059 0.01778623230058853921243
0.007396173155721764286286 0.007228121178309508329529 0.0151139518131851030569 0.009887757381219081098678 0.01788602588667709616943
0.01501340430109867132846 0.01034352666255626031211 0.009494287529307940051715 0.005881959675541872413496 0.01395172931964591515885
0.02801336554379348781074 0.008701994170244205240028 0.01404608509928917219056 0.0122855453550006609581 0.01436590351905856453862
0.01810888969834328898756 0.01560358846799093923696 0.005888818076258207738494 0.01513670463221689251043 0.0216657708620214134454
0.004491743468804603074684 0.01289451733492034263273 0.0183560533489015437203 0.01554509720663834089482 0.01639439299893212173553
0.007616037140222557504099 0.01271082694679470312393 0.005329375328611918836985 0.01571881926986617300512 0.009784079830043980810506
0.01457898439555042023608 0.01240891004604668251821 0.01719012528498785330466 0.01999114086255915356816 0.007940896739172574950172
0.01709876536891747830782 0.01111481476826319675366 0.01135544467846896256324 0.01457730470385316598469 0.01238021426160369233005
0.00624200550729897378488 0.01535875021893298025821 0.02280703121031691857357 0.005442806156693935290547 0.007332943139728395273713
0.017648371605778902238 0.00494863959605097020189 0.004630391271594826683999 0.01255375577697633374119 0.004840128329730194502167
0.02589296274534000352752 0.01199639263577999270804 0.01347795569362296788651 0.002559295297305195279053 0.01050738232836358719557
0.02234520153711729018031 0.00225412369494839811071 0.01742839470642760721364 0.0128169639137348245761 0.01299738713757272665084
0.01179809426337243179195 0.01037800264080040828218 0.008468928327649302353897 0.01552181142148503951994 0.01843626087991643083819
0.01073682483960543450341 0.01587331899188481817986 0.01393689414236278650838 0.01717119564915814064476 0.01339888406501623004108
0.01168348322584181545047 0.009220791436643189370459 0.01430609130710079612836 0.01788996496946866632261 0.01814972051076060161057
0.009036896545666084357151 0.0078479646027211982795 0.01173714367489988447124 0.01116864339336574862838 0.004824557545168648223233
0.01133308082899561232415 0.01171386402272345250708 0.02064310465679289330332 0.008633263227470735351465 0.007254129023557687704071
0.01353650976913134754143 0.007818313351943268277311 0.01059410900130631529026 0.01727344611701578380725 0.01378457177579595765993
0.01728196941384221169136 0.01217502720743844982221 0.02022187194014887084981 0.01080737382556874043305 0.01650982995673381040214
0.01625287279679389629283 0.0155360921892284276763 0.01698249757348819707903 0.01569307397585165478326 0.01550789632691832245492
0.02060749949863695598684 0.008908208388144904163464 0.01478118779489501037616 0.01503077830205045740952 0.01643284720818783545271
0.01124546718654263234571 0.01569527157691227164937 0.008726488012603875535356 0.01554661852140945196843 0.02145966231236672711047
0.01066456054712599382794 0.009077836473343784892687 0.005755708484144737326071 0.01332476069456773291877 0.01537185934817527320495
0.01592319306026596797965 0.01558628711299975440341 0.01571237189378714774191 0.01498648870781897624038 0.01486767068708844813374
0.02585584870653473768543 0.01964129558797260421965 0.009316730123441103322834 0.01592807600021965697135 0.01319038497370615854731
0.01382914153758543242267 0.007961584361966205988792 0.01338336436023022761599 0.007329787802028434919033 0.01225249104208287267981
0.01302809857361732735759 0.008138770742650324949152 0.005471608333216746063166 0.01107170992455386304698 0.01147025014463367263706
0.01822113283695857982591 0.007233724063733914383389 0.01192488187391943683935 0.01911783799971434813503 0.01547337622218366258442
0.01409016361408769665853 0.01888373538443652299712 0.007840750899288038630597 0.01764039402863456368342 0.01136081163126008777842
0.0147279771802139303194 0.007180708031558221370039 0.01374167706930718747815 0.01414324194513592522493 0.01080356853137333199288
0.01334138660990473283785 0.01790650773491800698545 0.009977994993639284146414 0.01811232253233108560608 0.01920607434098808158351
0.01436937129413701913494
