0.03287607893092831662374 0.2519855891213695908704 0.1586622459196326273556 0.3364427357677090002497 0.3429619129822517598072
0.2975281073689129973658 0.4292599297874078456694 0.2518679580768002357338 0.3500534653072066570978 0.3084386669106284895037
0.3517831793209370006004 0.1565669994198319037171 0.4278805738225351928961 0.4141020111446809814915 0.3827555025332158855633
0.3597889723617246349185 0.3443243858792463529817 0.4187553259474519617989 0.2156670680775402415552 0.3125790950734473327977
0.4005779226516598123808 0.4046675923905136973424 0.05655483273506765884431 0.3568001664152245511197 0.3744409919050107338201
0.3126749920943060478962 0.3456426447839240911897 0.4924910613719981622438 0.3361750665988014752372 0.4032551704401925452004
0.4645013239733854493174 0.4360405934542120331976 0.3395129804222199454422 0.3288092642290977307695 0.4419571558301643721123
0.4582206152475541971469 0.3725409437316974936572 0.3995930284357557815689 0.2418405003363396643667 0.4673173446195335034581
0.3979866763089068837367 0.32883148003362439038 0.4509385863562107576996 0.4213578255315117426782 0.4651062010182799855151
0.3347528701841595011324 0.3500014137794775215262 0.4128465242450130023855 0.3569461395229571731846 0.4873147914487371834547
0.3992326960844442274023 0.4174235233863838323565 0.4192788228762029945074 0.162121824843197426258 0.4188123249590789964891
0.450116700923934132117 0.423101748077353956301 0.3758268845873660723989 0.4718665182357104082023 0.4151484867056266514496
0.480677456246867973455 0.4190671712426372041982 0.4546734876892602472687 0.4989799302865777774763 0.3770327227319100193981
0.4257540443194093304768 0.438286606080397100893 0.3409618289699962168093 0.3347362586550598484436 0.4342935261974769645121
0.461935831080318104469 0.4284597207591096523771 0.4511962509562593703905 0.4826336723322188215768 0.3945860704838639043679
0.4570420037230734089384 0.4362829056826337259523 0.4010995618158600950487 0.4407783456942810929036 0.4240236753029396621351
0.4205084876857547171447 0.4603630759341612033175 0.4547092364089501126401 0.4293455999383040677664 0.4409518257233664417782
0.3690194619391816699405 0.4345099221742724227013 0.5002609444049750386796 0.4533902994000744146597 0.4304702834004373035448
0.4209209354753440934793 0.4135838033829974391686 0.4590712828266715339609 0.4156986536260522391295 0.4804558353567233708326
0.4398686158074350260883 0.4274889334395672313427 0.4480681922654478066548 0.4861390968234385323576 0.4172703110686065697266
0.4431107516465138673745 0.4818257648652219393703 0.448820083738738662138 0.4194466439095262955128 0.4373239144368753494874
0.3760424735602660439859 0.4819724649490096934912 0.458744680843485463928 0.4908175522631416098918 0.4574042655066536955388
0.4527771037729092507007 0.3958631407076159680614 0.4714718561946962815945 0.4361591706835132309372 0.4863106218848559647583
0.4028401817831342990317 0.4818283147984072090075 0.46771401836099518734 0.491555716998425262787 0.4694938173290559291218
0.3983727754180846902798 0.4250856922401773374531 0.4609770065751499501516 0.465671107072795686932 0.4031957148818295921799
0.3366069591552724449279 0.409023618306255665189 0.4844165526514980224526 0.3950184013211220923623 0.4009190103773198621262
0.4365124001417033938743 0.4117783957407846195942 0.4544696410517944373808 0.4675007240598162971956 0.4165115501902642569654
0.4452808381754955191489 0.4463796690125073629574 0.481454884341053046537 0.4269419724827493989316 0.4362525632660214092162
0.4544627989031372328199 0.4018764975866770949864 0.479101531089708765343 0.4576857419518855496499 0.4802568794447305000617
0.3876900444427885394916 0.4410263040237085152562 0.4710112752163588267784 0.472742187761125864931 0.4175725347354328209626
0.470463248981245973912 0.4934456258486590307655 0.4549136509104594328079 0.4942698395299455205176 0.4605139948784699455153
0.4915814717042614190312 0.4635163014815183446515 0.4417343977972141844113 0.4787560440369403313987 0.4519716257990418206703
0.4692698257504380743299 0.483016827811061810749 0.4597838557043896212662 0.4885848628820297911979 0.4848023058877353741458
0.437881525320041264937 0.4802678046940497824657 0.4644495110258864412067 0.4230451722254393587264 0.4854573259699618836827
0.434342786436656469462 0.4442907583299526841358 0.4708604983304115476628 0.4482410380066927380049 0.4004145221819993549772
0.3934280536299100128339 0.4750057748158372228353 0.4839913661133461997288 0.4733804542372805901351 0.4619971278892254784587
0.4262966687294276191267 0.4910254369860665990544 0.4631276000586220797928 0.4805626318321045697957 0.4798498440434460499127
0.4844156545080668951897 0.4930824518228278385834 0.5090966761599098333591 0.4608893561137205607814 0.4628253307722177134487
0.4045618888408512581201 0.4662867335064195262184 0.4864425315762119783614 0.4782126114485626411366 0.492267203262188035584
0.4137903540206889774211 0.4477281068826777232772 0.4005960973993171747587 0.4775050169626194884742 0.4799780825851119869796
0.4807940123934241194448 0.4283259760867068055568 0.4339959029635011011905 0.4782225483747672978296 0.4909568151857305329244
0.4648286937402276719489 0.4630129592671399230142 0.4453377719708156989853 0.4829478350450244761305 0.4568576879527511125367
0.4673487797492733575311 0.4600428513988060186257 0.488392992222433652838 0.4768399112453348687168 0.4716619130638940449174
0.4736186278651976500065 0.4502976838835320849697 0.4581028055987692582107 0.4424314080564718532074 0.4429910782333030261348
0.4790320156525199601916 0.4670157610164430983524 0.45834328255596407109 0.4640413847296958049782 0.4965715032051652988443
0.4719025693148135025545 0.4833170579048866599692 0.4349087759678471054592 0.4828107918714895641088 0.4038235291793837999919
0.4677401073657598828959 0.4808221291594151902693 0.4531878714775396388426 0.4927380009101300917251 0.4632247809974896490814
0.4862496968524800400324 0.4911455360109060475082 0.4604808825183032694461 0.4778149993753700308652 0.5043818306781704396968
0.4485372526062297304783 0.4611581719467257589606 0.4848155153979757381322 0.4858169343049274502278 0.4440979410023566109622
0.4745968975001488288079 0.4619811450017278220415 0.5062592450762910534223 0.4411873804374241703208 0.4906565306155526440257
0.4589767354084168804462 0.4625419736763964895232 0.4426368767842093210341 0.4824058220931299323375 0.482419562426361137053
0.5072306119109210031937 0.4612495398434747206906 0.4889654854948427553651 0.4497588618335844334872 0.4812488896129946680524
0.4510879602444068936506 0.4513338901015843118714 0.4541941934745741815682 0.5028176910983532810206 0.452576216671089603949
0.48667015200732749447 0.4387807782514690502218 0.4702426267549518201783 0.4445196691778848241405 0.463664599150126643945
0.4563505368056889888173 0.4821049564248218732843 0.4528040055538025687731 0.4782536931728423312826 0.4363496307440709043313
0.4492117537849417141516 0.455287442894410476768 0.4751419559549178717184 0.4571506219150780481186 0.4478278643939290204479
0.4666613580763964153064 0.4789054368405348260929 0.451961769722546480299 0.4436134177126409561254 0.4728889030115923097775
0.5051255185806761138778 0.4815702936728176175585 0.4810277127660709806101 0.472435279889554970989 0.4804830397676999598211
0.4178160603872168588069 0.4571705200886984621356 0.5056467114509659577237 0.4719838182066651288693 0.4727660977056379887351
0.4452480278077806663539 0.4792850027058384032586 0.4451544146220411946047 0.4726954759964303032227 0.4491906036777592037268
0.4456858068599453548408 0.462927549335363897054 0.461833808758500719005 0.4937690661885583143231 0.47617284121915726125
0.4840869055498894790723 0.4914343873022026798481 0.4761086770889112473881 0.4535468807915002953379 0.4503498815730098692178
0.4373103497302206488229 0.4364408811316469183339 0.4652279753163788278414 0.487292337156471300208 0.4793345809428800619045
0.4995867531548940920771 0.4684613358979634045731 0.4754195577601788014199 0.5063626270404287810223 0.4681465382581743717161
0.4789970746407483659368 0.4877435976676883777614 0.4749113238090256206014 0.4483441156473117472636 0.4554464425675495142798
0.5053694807377842046492 0.4983219523260144501187 0.465594724279808136469 0.4897093272129375840507 0.4668858204581268211975
0.444081593513377170801 0.4778630015528988472795 0.4970709108289313449269 0.4450784613264435196633 0.4272890197102630627235
0.4893045198899931280678 0.4504840158904046543142 0.4765336474100386743302 0.446704557399261736883 0.4904556259024864250939
0.4556819047291753577156 0.4666633086508517602731 0.4710297547996656342129 0.4574724006571194157011 0.4915312161064707696667
0.4318300791078928391187 0.4848924373992550274082 0.442582643895679084256 0.4348435944599000069211 0.4379035736060047367957
0.4762677796445167754946 0.4467087307688946684614 0.4713409706618841843451 0.480791689065914129575 0.4694977967509386673761
0.4607924341129244205639 0.4766673766373153986464 0.4894844425835184198448 0.4699635977051001556326 0.4713330455125854800968
0.4497460711902953600649 0.4743473899419360928498 0.4812687164928992067381 0.4326151714381665236431 0.4573235403909716723092
0.4712285316984909933069 0.483923996632843855803 0.4244324607188995068796 0.4706358541719625199207 0.4547049828356576894883
0.4694770488589379842104 0.471167048763555251778 0.4616352202106891455813 0.453372981266022712088 0.4568362257928017533537
0.4593890163507508006546 0.4287409770138566056374 0.4727206330506135700809 0.4597354680070152577187 0.490742517004426948013
0.4456801835147846668761 0.4558229144398283083639 0.4906099346696378149524 0.468075061695865657363 0.4826657557407484366863
0.4911805782369039752311 0.4180507643626108493784 0.4674210875366238693296 0.4859087276133994826033 0.4772196275105089480206
0.4664823660825184181711 0.4865391202407042259281 0.4681025661475043397886 0.4795315570477289290885 0.4496754671502752875867
0.4577196645163880694973 0.4478516877035626508885 0.4885566854331324648797 0.4437990772458502153341 0.4487038936632986585451
0.4457676436967175637172 0.4353026674926830374979 0.4648291349255215809677 0.4957273888283216800588 0.4381559107091667071288
0.4349419817663752185766 0.4817333255792926594019 0.4837774099174168007664 0.4863130599244471774512 0.4467609635060911799087
0.4945886099094077836824 0.4698631126954245229577 0.4574509449522044524095 0.4734464390620391482933 0.4727566145783612117093
0.4918962923493265804176 0.455511883418370233656 0.4619681820466169930306 0.4662747884583363089384 0.4723463226933631298188
0.495125727849331453978 0.4430448825573273796685 0.4620082689353633420559 0.4569044213649066099592 0.4428261149887796066515
0.4932523005771955459942 0.4687270966392519944144 0.4690065770493381247519 0.4529473668647975292956 0.4811509232611322905981
0.4785547066079299249886 0.4621861986057567150965 0.4522983965815587925619 0.4375636703615450318061 0.46721616300663992849
0.4934793704192372842954 0.4576132817946568787093 0.4915037270936896685036 0.4503646508368142065137 0.4829966951852142642565
0.4750732530055675750802 0.4760203220257586131936 0.478167104115108543283 0.4917305376707138409031 0.4511510702377179438116
0.4710705039612438915775 0.4569623652025300852841 0.4431460407215447871998 0.466602573111331075939 0.5348463249751100878626
0.4673930790870655105351 0.4652643543135191461779 0.5006886627142334011964 0.4783575731133912212201 0.4759745690324739819665
0.4391076406224230788133 0.4483880934200092371889 0.4812024182391274607085 0.4891817964040489630229 0.4615235250375789854971
0.4561630124915462269897 0.4313180551018562791654 0.4633277295347206226062 0.4704606398465446814861 0.4485487343668099757821
0.473635664962679669987 0.4793089846213833826738 0.4818549078692622167353 0.4361319367400923741052 0.4576739381009377050091
0.4761771202159194027459 0.4608820384771481482034 0.4700949847073848109069 0.4466741359337048633549 0.4724977927803727939526
0.4751892886955745298749 0.4902210069618457843887 0.4485492272673300417907 0.4669414650042377212813 0.4549838103634114006013
0.489767087450503846302 0.471163045785721990022 0.4474808637859740145792 0.4801971084402503198163 0.4556560020743044003844
0.4717638313494804669368 0.4840962641551441736354 0.4754023561168244649267 0.4286012284099852687191 0.4975704013070770259652
0.442888529420680465698 0.4849646382235822117401 0.4426233873855614509019 0.46747370826242262698 0.4815543066536496219499
0.4655149713033677194574 0.4219812894588089169368 0.4539918966386198850849 0.4919056554049397456119 0.4591467715298970242443
0.4655407835648294190278 0.5034204114831893894788 0.4761652125292011872304 0.4745857466479467268172 0.4834060220053956746789
0.4760288704251322555727 0.489905721299874641339 0.4793335907375933513386 0.4789342423266115811309 0.4878535084512010677749
0.4584955172358396446874 0.458372984812579542524 0.4672427597483080896623 0.4926781134207744439202 0.4688446691636022900518
0.444629214779782233613 0.5107885286292933590957 0.4720364449039567422695 0.4995728803607814016985 0.4714234495606893782238
0.4794798977808071294149 0.4845516762658118592455 0.4587748000052180308295 0.465003848798790087038 0.4091768620685410362547
0.4799605753643327865632 0.4873695903494487668972 0.4770892195855130912818 0.4731739237811206089113 0.47262111272764029124
0.4795255439327107960246 0.4570401727048021833788 0.4612880065173113330879 0.4769229538040871130278 0.4382817219217261528463
0.4536307958640143356277 0.4783051309751735202802 0.437709711893459640919 0.4566684265607521830965 0.4503503907078258428065
0.4787070685924104118669 0.5093374172371676333881 0.4645295159583933131131 0.4718838531457240637046 0.4580602338442518184358
0.4947037881752226473608 0.4528707584533085972467 0.4684598734281456011708 0.4814520224490453914612 0.4666930137928191890673
0.485967339693917921295 0.48644354099018294324 0.4569702719315845151904 0.4925165196630836850211 0.4552185333926854204911
0.4723482033958937842399 0.4500107313713444523451 0.4514837396208583042423 0.434660024244876985744 0.4550595313163150468228
0.4982584522328526444035 0.4718647637293093555222 0.4405102183289958950319 0.4805088891622894542444 0.4469148538167752593431
0.4792895985306616646326 0.4722188824697035047784 0.4873070700076616579288 0.4768964520403774498547 0.4473772445298476174713
0.4761902492115786533766 0.5011113128216198031595 0.5058918334404467476162 0.4295695479511411618567 0.4509288965774215229843
0.5077155366971114469621 0.4725978037492650773999 0.4940561015141340939216 0.4670652160997986745983 0.4842027978067227622638
0.47964920982564390739 0.4469302493247059304693 0.4555131527429097659798 0.4926888843175809551411 0.4248162117898582335052
0.4843989568961307723427 0.4491983725830637763643 0.4539937062232530795569 0.4803268827770125759535 0.4571867612330120511643
0.477387501465299568526 0.4675537316708615609429 0.4641854862249691349163 0.4275846147971069100002 0.4380676369392003666192
0.4644467984896827883468 0.4418619935067481518942 0.4800345966239104589235 0.4726487590073041866745 0.4693678634802193605502
0.4695578985407975469712 0.4678075356611262058948 0.4650792033444986484092 0.4771996239799461969611 0.485697411805389611672
0.4548331792246806393187 0.4799322839464280066046 0.4617987819740173582872 0.4572118589345219308306 0.4440870886510444592865
0.4609131998384329298446 0.4422468378965089264021 0.4686841813926679312097 0.4530593606883041024602 0.4755808618934859732796
0.4641734337934376730672 0.4862749942707181860513 0.454092881759890376614 0.4805654447509146165451 0.4449319832487840242763
0.4939993086782334397178 0.4697162360651380152987 0.4748655001858798629932 0.4501003731000761676206 0.4655250115509799169189
0.4704663729935786853353 0.4693884375218114746176 0.4592128599790750720366 0.4515444699214713475399 0.4768688523822529057306
0.4572380141435124500937 0.4155270690612792860996 0.4607573360004584284155 0.4547145530083154807421 0.4608727763778163177832
0.4742700071625169933043 0.4853844218113834152462 0.4930535354769421396703 0.4989396565416139295301 0.4712628876556457790947
0.4396866061673318504255 0.4790840921349616143843 0.4891505009542303494818 0.4455477632577735103148 0.455667845165769302973
0.453849102863369324723 0.4556132187090755625292 0.4710965615877817369572 0.474103677335645179447 0.4278285447313438516481
0.464452526412938437872 0.4835587686730127843227 0.2195472548244161437037 -0.01965454051978504992904 -0.1527675137642373615066
-0.06648169241396678641465 -0.1125974546377721263735 0.3549273166611527918768 0.3031330457267762956697 0.07555707381668000377495
0.4111834393768054596308 0.3569583347464732048238 0.2918144852057436011705 0.3095688648519118180147 0.4030672690755648934768
0.3480159809410129923002 0.2892500448573862570356 0.4230690956944014313734 0.4348601271981574756254 0.2317663603618161649589
0.3381811130684950206238 0.418742596706321024147 0.4639512124906440826422 0.2573372495087264399949 0.3617447139764912722448
0.4042986131805644811621 0.4292847723337073206906 0.2489351290862241161683 0.399870872389660902968 0.4670498960898594731361
0.4950379492702807748827 0.3102381268918336654217 0.4264625378744496542183 0.3862327857776627904052 0.3677146908285591764276
0.3287348540313378419953 0.3635537401959960113196 0.4057578115283185793416 0.3868697796713245207201 0.3923072474134648990329
0.3661062627940411262628 0.3853885901262403823608 0.3541345653906027290958 0.2736039294238667429759 0.2995530094075237181883
0.4464982765430023370357 0.4630439759965340740244 0.4692897943984539188556 0.415068558668345632956 0.4427595725853421537721
0.3819498362758689258278 0.4418687986425463565254 0.4201528889508924780039 0.3661701525347825225687 0.4434533890674521305897
0.4529640721881526554959 0.3859309597203419150979 0.4764680235850359824035 0.4118809782131460095478 0.4041150114649610936013
0.3770145168012945524616 0.4061277412991765589645 0.3587610812812166427577 0.4703798325796784141062 0.344432749359915468812
0.4883875473539192602068 0.4323278418979160098168 0.4598394694509435609575 0.4060270482967843208577 0.3867862598783360916777
0.5056909253195580600249 0.4337781896891837463137 0.3678908568953260793677 0.5211216156512423758329 0.4804174983814806787485
0.4523795987383206207433 0.3445106072420063836326 0.376541487760321647027 0.4241182501810315530477 0.3823744009143906219528
0.3883299018172676198013 0.4259372749382780432015 0.4225297130499258146941 0.448609097900579179008 0.3624102578008763786421
0.4063413723549532119428 0.3972021943432413881858 0.4552370470004267200004 0.428891396903019306297 0.4485371753187946675112
0.5058597161137003972442 0.4352163793432607397094 0.4256370855623496929354 0.419399247858873447381 0.4578570665442903697695
0.4539675381938715337249 0.4642119381502593511435 0.431361964632348438009 0.4096828424267131563141 0.4314044492942133990354
0.4289273189925164042613 0.4413831574678304114911 0.455187854083427545504 0.4081941967322710307364 0.4519894922636539247307
0.4328017618429325641394 0.4298661511100571597233 0.4588600859580614921285 0.4201689611499774268388 0.4940390763159994702569
0.4704284489615269682083 0.4450692331653077205011 0.4337483622683631634409 0.4494522949502750552853 0.415223494814382643181
0.4467525504638129030255 0.468733036322497798043 0.417574893553493697862 0.4595778977837404188911 0.4670575446304964795097
0.3920021834939071414539 0.4782932944884823456277 0.4996843357686241993143 0.4577045301092411144772 0.4799458810039707312711
0.4457555083521901884147 0.4559444551633851649974 0.4731688158595193649525 0.4873310494134922010723 0.5226560823959069956857
0.483161560993045635648 0.4599079928741386380509 0.5022508390512498976932 0.4937859081229443725114 0.457446506622041060286
0.4800047530301815856824 0.4653432338979508475774 0.4157765110301809841076 0.4587207599703761462528 0.4946312871978983949361
0.4703649124444781448595 0.421337977822470399758 0.4126623966432270140814 0.4584177950206685392409 0.478026774349961047772
0.4662814558544166043674 0.5000632547006588213279 0.4633536064196479564714 0.4770526858580016460465 0.5127833733239242075541
0.4692126522995738735489 0.4834056928358569926729 0.4519620369058460207512 0.4462611982596077497831 0.4060898424178080445834
0.4489241380938013281643 0.4923579216750412212988 0.4422395866858322976967 0.3810517267967710730581 0.4337514371069692842298
0.4628629406649574229426 0.4515935191475636267811 0.4647815049320855318449 0.4753267867735745944024 0.4384627262231984845542
0.4151991515906272023351 0.4847120203887607114979 0.4663912537132918756377 0.4300673759839303555985 0.4836218094684976431807
0.4501777655897894470094 0.5090123447718571947362 0.423283772624693022113 0.4705970268510599741063 0.4322585445356871280964
0.4187473057664590214699 0.4399877094856825543445 0.4473271868555452335237 0.4049970189802514219934 0.4400884049748312598638
0.4690077695847694738696 0.4554783766520097976205 0.454670562487426099807 0.4886820633959943482871 0.4214948245131850956824
0.4853168085714015256293 0.4347646200898688806369 0.4720685668837727999581 0.4509835916379534292986 0.4737075454348185776787
0.4687898730495888566239 0.4656960812620312695209 0.4449731028552071365745 0.4849603115872094805106 0.4333725832551257872716
0.4514795081876887827832 0.4535511544039567688458 0.4805588641160255525264 0.4181589763697339257043 0.4756321512051915334496
0.499642435353554792421 0.4837513127264448375975 0.4264330255103203071165 0.4146195319119294619981 0.4922651411810849420014
0.486008164579839085917 0.4524389513711010168961 0.4884478340802483331551 0.446374425476540492852 0.4993947451179691632284
0.4956447411941460323703 0.4690003274067964800231 0.4804135332939596381152 0.48120637101219987386 0.487549195308269900373
0.4855789260219441350053 0.4897284873536377758363 0.4719099160200623810368 0.4618958924906316765302 0.461613200955904634526
0.4696804480613294696667 0.4265476985406477794527 0.4766050011473716985222 0.467002989185585359877 0.4542373518888869754484
0.4742196796209091624874 0.4348504676883043207347 0.4802011213094534713974 0.4574174701366502948652 0.4853201221013191402065
0.4308278882252883912329 0.4920402150199222890414 0.4756861097556773221307 0.4269133472363276227135 0.4660048111094871603477
0.462541629054421254974 0.4817845650348665520468 0.4722854408111892832167 0.4849381794207626161786 0.419654811167336605493
0.4620707184949555679232 0.4558007531228209230356 0.4229597960717630389382 0.4478794936915677094014 0.4820217633924436251291
0.4763072062460700917264 0.4860206359557439625974 0.4773013698509738778064 0.4384933913836905339245 0.4705633194993960044528
0.4912107069882089005475 0.479005125977204182508 0.4841765300793314796834 0.4516543026465422716598 0.4735023236099445975711
0.4361437702064763777265 0.5127406571175215921343 0.4840792621844496879113 0.4703136867318822300632 0.4654020569909243509876
0.4674003223850616284274 0.4543858127784912159797 0.4760086293459426243224 0.5078292008525321366008 0.4729828452165624197434
0.468142143307887614867 0.4514236103962470103568 0.4585293066779574933101 0.4868473498269773047653 0.4585762462622936519452
0.4444485329416142938008 0.4725583372640031476486 0.4584356554303009589901 0.4991492136968226356331 0.4812750356999246914569
0.4379614657451121328968 0.4887164156171195927847 0.4798401871922790551395 0.470450330017645523828 0.4739745288279030854817
0.4720557304356866601402 0.4522624645885414129687 0.4640008764051520295801 0.4800682420695814300871 0.4563007660870627146821
0.4508919624241402024367 0.4469028071199305784944 0.4577733655620704333877 0.4672898734730819847449 0.4688047633836057159762
0.4980628712961786552782 0.467969947220967963375 0.4871282478413472283307 0.4564338855329842514763 0.4421164822441417951993
0.4516746798838526810727 0.4615286030679335849136 0.4337620077318279920853 0.4584839266420411840741 0.5060978806408589214527
0.4238124438481222222563 0.4877088808157039601099 0.4739377625525507120585 0.4955934091540681318833 0.4958668316479709070599
0.4652524091541792028437 0.4652813487275651582742 0.4891988119788507338725 0.46675772411408333884 0.4678055670391247922169
0.4716751817081694664324 0.5192001962913189716531 0.4806878446798526494099 0.4678076138540696038426 0.4680943581544583231846
0.4618990112030036954138 0.4640157426368037851816 0.5027048934475404351474 0.468551105652449118022 0.4537166824447619872807
0.44302688307057569439 0.4506767178130051676455 0.499629486681769374723 0.4859463531055344676091 0.4775221989944675726747
0.4662524383541700734312 0.4868002618722155894204 0.5001167015098332280232 0.4534181784953342786437 0.4646838386671262033367
0.4968272725941808576344 0.4410681862814393450201 0.484402680458357659532 0.4997150783115852923366 0.3858542313088967889989
0.4764416670353005534011 0.4815465914127895485919 0.4605693392912306172171 0.4653124479674052293987 0.4392751574789067747773
0.4565866412252750361489 0.460423862440918374439 0.4727090032833494714914 0.4358059371156808303738 0.4369367806965053224744
0.4779983088841882055142 0.4595227987517527812322 0.4484702114477309708995 0.4351748121983420314329 0.4659816992554149384098
0.4513630299721876903973 0.4470066710914590846215 0.4742680034346744011309 0.5111370708433535803294 0.4832841949466121223011
0.4346726502071838749153 0.4363982876943334754394 0.4686119648534249337857 0.4808719776392686995337 0.4747166330501658704222
0.460987604448225785081 0.4394803912493071007539 0.4851136770925923991093 0.4559570171003866079218 0.5025413296299443555171
0.4487903900873262408311 0.4538954631495064617752 0.487642983304730992522 0.4436384390571786462409 0.4808104917246650011897
0.4744334124539839603329 0.5202939629847966873655 0.4880172382526540841852 0.4521451656620552594923 0.4664807865669342579196
0.4854823106297552759436 0.4709128685044313700203 0.463961212701231195954 0.425857910074662615596 0.485974399595186901113
0.4665249237310006846791 0.4673993700090195990704 0.4392945363973365657806 0.438120640218436163682 0.4464353539116068803061
0.4922735896942534439269 0.4503233131933399024938 0.4363680883034270485688 0.45703722863498558171 0.4735242008639515831625
0.4847609932637604868155 0.4890910901385140396869 0.5097717115803119813933 0.4571454850586406659652 0.4824342742381008131147
0.4948814407433928530544 0.5011939523254702599786 0.4404463665575416575493 0.4618326609007294414333 0.4696368241815849220444
0.494698996145952751835 0.4559236920099225542913 0.468812293922782341582 0.4909555360955659142341 0.5017121201731189472639
0.4366478360153679960654 0.494835633470943558887 0.4337437381749096876327 0.5210981190959410591645 0.4850309875652847324545
0.4967794317915580903922 0.4485211291959887991432 0.4365029267966484827213 0.466294560792884893452 0.5106069812883129444003
0.4451973133037914198695 0.456053260593213660723 0.4352035684968335038647 0.4745710138534558475421 0.4938632028989307087841
0.4829721578815815430374 0.466546696462238397185 0.4584398444397094207758 0.4636697299817964523783 0.4788639412325262911807
0.463142438297666381164 0.50269728074262509665 0.4649831902276704287402 0.4457533628268709469111 0.4166282380440351484907
0.4993524787766959738278 0.4481922634247527681417 0.4781952481121665710084 0.4790217330999514966372 0.463465403585969160094
0.4819522165759106413496 0.4486913110861457942846 0.4814703214106035855657 0.444414918077544851549 0.4645394774578910923601
0.4273330504951134978242 0.4780066961433963590444 0.4842344702379364762557 0.4922756597041036963347 0.4508898216625584765005
0.4379475642741159080451 0.4852814666177464597574 0.4360415738283815456633 0.4471034875959098431331 0.4763611827359026107409
0.4839555127255568689471 0.4779708869662099846032 0.4377162334082980166272 0.4829491005760985777862 0.4516437747636009580887
0.4596300099279398976293 0.4627487511694718946842 0.4634006875584784634903 0.4420676706116015153292 0.4751317110431111379043
0.4466975060612509151881 0.4471552884158280227744 0.4342099725740808380259 0.4749104659426998664706 0.4324549468991519818317
0.4630622102503013093333 0.493020340945059309945 0.4333771399577324712205 0.4548881104964283550451 0.4486614945229043249775
0.4848978785684575076864 0.4802056234485037600201 0.4690784424683731579364 0.4657291605401882028659 0.4667869361346159706727
0.4875691185736799604378 0.4860181656962315743797 0.4468464274104491651407 0.4733280110905065951599 0.4336919386978701496105
0.4574809861034067615115 0.5011642647051001153713 0.49843677772098510248 0.473234420443758241337 0.4404230286165405350296
0.4411692269839790347952 0.4734233679951373452433 0.5010779668853178048238 0.4710697591562461039594 0.4655316859998450684799
0.4621997435733568027061 0.4534822118185364292486 0.4525085334498781808321 0.4563343972654947400258 0.4916139185783418574793
0.4808596225269470281205 0.4685336373873046356131 0.4720593151116256880329 0.4947514413169851743568 0.4616198643668669721052
0.477719537533387306194 0.4748257455614103283992 0.4196475186013414737651 0.4393911493938746359866 0.4473042449359168060141
0.4520832799259970058436 0.4772988250569596968553 0.4681560859876361946341 0.4697740567708789116708 0.4765811092940486215497
0.4757959615762874516776 0.4574593526723463310368 0.4668363671537417158852 0.447756105765779510719 0.4473284657390012575284
0.4437327192624359040174 0.4591833568244013674686 0.450139620349164215618 0.4809507589012747552637 0.4604941995247265884572
0.4633140740349016573063 0.5211313535868798973993 0.4691964622062953504944 0.4279532901836634595227 0.452707714270190575423
0.455366991539911336595 0.4639333900584741154915 0.4597395014071387620014 0.4616680525311187555104 0.5127736197371899340425
0.4667416020794680764361 0.449973692214182818816 0.4637143262065359095025 0.4855444775284549208116 0.4792084158119060410819
0.4722519236849486712337 0.5084934885692311556937 0.4713516797121651835667 0.4847800873216497330453 0.4739739533569063967278
0.4658523336557705563088 0.4553594782146723751737 0.4576199596097554334051 0.4627614866204464716404 0.4975644103928129613479
0.4928070627924094893046 0.4793044908314732510668 0.4471161320213261625156 0.4833204720777764529238 0.4985358873323362249863
0.4434851577093543717467 0.4685605815049971867303 0.4247276398055553348065 0.4778183995563309860444 0.4821244373013020001473
0.4949561098366970224305 0.477766898843813625497 0.4868438195216031050272 0.4393299697263036707184 0.4577063614084346254707
0.46303748680379613889 0.463647681764499275392 0.4746626017590314106087 0.4966413545367145410125 0.4928911654508752460124
0.4701779130812575591136 0.4982872405245309388455 0.4523818256462084352876 0.460224025907068123864 0.5045873748001487024695
0.4267437404036383274963 0.4824476450349526879258 0.4757349895140355333645 0.4932478498247963027978 0.4711581310354617802005
0.4753861586558004725944 0.4924797618967488022079 0.4703577594206843626168 0.4744325892933208277391 0.450900237655770086409
0.475022702812884278778 0.4822578406414347873543 0.4825803892975518150088 0.4433554711572249007467 0.4657978735827553173898
0.448494119393524737216 0.4636786879918109449683 0.4454011173595728290131 0.4757962563148009360603 0.4839233405983179858723
0.5086140940366095097858 0.4862500630111049049198 0.4405577564807326984564 0.4668306677907502200142 0.4715594648978823077989
0.4400723232479152313701 0.4535116859397891886374 0.454729547363575792307 0.4946746504684831902132 0.4842630293686961961974
0.4926441873007187388644 0.4586928155401051587781 0.4557275513277976308757 0.4505756019582479732222 0.4655817256677836635248
0.4711686564766136564586 0.4541893436350589730033 0.4605784636730767545032 0.4454426598545950244379 0.4560537088863780841308
0.472809745461913399911 0.4774491050148526594121 0.4347903199404232199576 0.4825032455788610397107 0.4388933029049187917181
0.4596044105481201791363 0.4436135127926695842504 0.4886225564357985495789 0.464813164852783344827 0.4675202830807245746314
0.4531507419498471134212 0.4961785567534247598509 0.4819290284148713965351 0.4464012113137157400367 0.458829135002147614486
0.4582840750402606966318 0.4662172741580994372868 0.4715735061264553773519 0.4969198908715578011375 0.4676109693716639092997
0.4532516098127095105497 0.455313131730247788731 0.4781136950737436830394 0.4910277190149916481943 0.4571373351118009353833
0.4849759674436764922412 0.4920445779695805099685 0.4872273618205446577001 0.4492960823798967662235 0.4797515189234636823201
0.4457928365627378819447 0.463529013373882303739 0.4677485999039869279947 0.4651551278691226087858 0.4566195939336921694185
0.4824189167680574263919 0.4779296542984536877441 0.5011604346350767569263 0.4963835681151705370162 0.4819374729911647392555
0.5102200564879505462201 0.4781550952317342173536 0.4579011185273076933733 0.4698155558700030653974 0.3163946443394871632648
0.34466085693206677254 0.2766250474731205555301 -0.1130938658759050169378 0.1349643510788761657793 0.2955848408218439971051
0.2353676909839862718687 0.1987506429190167567267 0.4252104436790900554577 0.1507438624438747765133 0.436854073803119247188
0.3591130047220880694425 0.06497712906161898227531 0.3076088370075703570805 0.4443400506825417872747 0.2187712647830765688717
0.3555018789843993887168 0.372408412069834660052 0.4047093900682184886008 0.008150259477455831791382 0.3658029478395249944889
0.3739056424983732695999 0.3752928410754278187866 0.202106321029441093895 0.2771630025063122615414 0.4395900043544667679107
0.2802572879314716436383 0.3382290120521264098485 0.3946886895857041333002 0.436297361829432628344 0.3367024896750444584725
0.2543081584319548116291 0.3671597347957589185796 0.3370183075514002757345 0.2974782152967357373718 0.41932188335524106515
0.2801341963280478686293 0.4507696801186601431866 0.3450727038941994173626 0.4956349851998090305649 0.4847749736675202592018
0.3621369905696932289807 0.4168210965672624057632 0.4609206432196611413765 0.3704843940839544491617 0.4343255455819655108662
0.4723176513446645241601 0.4526345422972516407967 0.3423683330207075159457 0.4153087141882336186249 0.3771575235089609789974
0.4031097325479986448471 0.4771552904356979318834 0.4914518632775787265743 0.4732774055804713775331 0.400404843646545938185
0.3992703199257341961648 0.490807214584159989812 0.4007747144765287372614 0.3889389537445732125676 0.4662420070816241657319
0.3851039122689456917215 0.4636626620155847033899 0.4849018983603549104444 0.4831442114200166226823 0.4274087551643859228534
0.4719744689746224741711 0.4914123279907282038081 0.4472910813362324655706 0.4360532764626268709129 0.3650387694074312405768
0.4770729653804275383067 0.4561479417528137569882 0.3619512285670037354812 0.4166992630747456405338 0.3807117340393508797547
0.453993093072993680881 0.3631350619598135431865 0.4520190499407387152431 0.4435704443176556877049 0.4403187023048879544795
0.4269772189761680269982 0.436584041288759827637 0.3837255345118131266702 0.4356530591305225463827 0.4824630842203344038843
0.4018500440401205908714 0.407720384953430659003 0.4153950141561980613503 0.4809556793119384998647 0.4262437228678166989404
0.4802265671277361480662 0.4251408237941703416318 0.4238269895817755594791 0.4284131604773923074347 0.4596435410928246256823
0.4388831004508226274474 0.3503015567890133685758 0.3864379285109980077806 0.4442545503678775320466 0.4319226506817425148554
0.512197471241558233146 0.4136874915032594524078 0.46113640687966511722 0.460624732428872918355 0.4278188453953916670081
0.462500777739054014237 0.4076763336648802082962 0.4567834601955831907993 0.4169744508993274978437 0.4466037414428142837686
0.4637053850815122668649 0.3464884664271105085831 0.4202535667892739468243 0.4548954832447205109958 0.4116515479653951037342
0.4451807180058000579237 0.4471414395169239219818 0.4266642155492839649789 0.4721053124630760211566 0.4409020249219974263433
0.3987687182274509689606 0.4604725125519083528403 0.4389372439577851059411 0.4004271791252736467648 0.4777467756550336508425
0.4441372719551686665262 0.4909218952998715690406 0.4493016448122050809921 0.4376014838005004570221 0.454041082245151161878
0.4636922637737130314939 0.442876705663824643544 0.4963699104188574739993 0.4965312443244536133591 0.4829575438025557332367
0.4689549468504449758477 0.5088472351293041873177 0.4421106101664997178879 0.4598324081457884071611 0.4802757077171864730225
0.420496204283020313941 0.4910201356286896801073 0.4871507596690241026494 0.450286628795978693951 0.4747569834782779385485
0.4386260099551274049823 0.4886151426884111081961 0.415349062864567297737 0.4834047405115565743117 0.4307563110020776742104
0.472844151861537886905 0.4561330200968767289993 0.4480651295653220733683 0.4488606998752641130679 0.4187374008489144205925
0.4676400345657763524265 0.4377238834772342324086 0.5000293755170278631184 0.4374719841988731205973 0.3862525595089377761227
0.4816607435670626213842 0.4974383833446448521798 0.4847941991140754525169 0.4700383806229585514913 0.474752157414194575491
0.4876448820573068276829 0.4858020513130124617973 0.4766084890012863284348 0.5048877990781936997422 0.4982913590081611832083
0.4864995424861912054482 0.4691289775413866602882 0.4646879166285193818453 0.4366205671363891926973 0.4296164595047108902826
0.464363459988804461176 0.4421707415147178577008 0.4613138328994247916448 0.419395409471421731773 0.4833568034113228106818
0.4694412383208291239534 0.4414652799556896822786 0.5035841189167460374421 0.5060355258038128356546 0.5066018841482482493177
0.4707336666109465661556 0.4539321694082515956659 0.4507125312706246611505 0.4763103399507265800494 0.4543218593107876679404
0.4537099801302473811582 0.5140698688336368116225 0.4547368785253380618627 0.4670017864682091124351 0.4213377146403618489501
0.4461492107772076498584 0.4352032573913046098468 0.4509500483278858218306 0.4529875034886188256422 0.4745704655578150688022
0.4576741390105640294728 0.4685029197935855482804 0.4693457994599409266456 0.439939998500346485244 0.4696390407377360465269
0.4467740905267426620995 0.4430650301514961197924 0.5045374235873041346423 0.5039220522091851783841 0.4917973777737033591606
0.4716515583226433272479 0.4349286438550725719665 0.4698354759802912394839 0.4696783604889444574404 0.4842619082109521633228
0.4908402206781717347361 0.4307115705329279120583 0.4967432581559692583717 0.494941207586477915914 0.5151496766852317055196
0.4220938253573589538092 0.461481931973196535246 0.4440053790740793870917 0.4486479243199472666248 0.4572148105518293315086
0.4240792706358212371676 0.4311026518654885175685 0.4771450975460074794832 0.4697267388290022327446 0.4307159677655725271705
0.4603407593229255079237 0.4476333887017821533405 0.4874405250735707739729 0.4661595496007115979609 0.4727720132382209894395
0.437704897360823075303 0.4402950641018870681087 0.4915416380568195520162 0.4621749099885111844443 0.4689141932350638364291
0.490614799043543936552 0.4899137438212962103457 0.4448266560551017989589 0.4324685676039679016469 0.4870111825815816586349
0.4605296078889028477121 0.5209988807025228707559 0.5156991009997079489224 0.441345079652957605898 0.4982350928270169454493
0.4520620618150353875464 0.5073151357836668262635 0.4276883573902615642837 0.4958665784487711891693 0.4975575815145247826621
0.4778186687030330226378 0.4646129058968016534159 0.4666074409341138817808 0.4835817308065735731226 0.4399948533513456938593
0.4483677906315777783597 0.416461942319920175315 0.4378993382920006172121 0.4671017972662088735269 0.4602246268292933262245
0.4479436796199355308445 0.4825830254869071245238 0.4870737189279590317881 0.4619689191914213566292 0.4669174743420737572208
0.5021289153477116462554 0.4888116502980905941911 0.4693478971909827990316 0.4426396776786640785417 0.4876770419031256076359
0.4352373101527720611337 0.4510480694386161393261 0.4120845440653879143689 0.4555256859892537479872 0.4517236146651848471834
0.4555734143724065599024 0.4545446613827422988052 0.487024066921756260129 0.4298080317131090510863 0.4663604908749082733621
0.4411868752798674409021 0.4847410919548110208588 0.4359485571832997230501 0.4509612115292074285833 0.4289649646762631607366
0.4783682350987056852709 0.4722164632492319991108 0.4640825460068903063338 0.4835758971861392474523 0.462640123506074696369
0.4518685245749928802717 0.4864002120842642051812 0.4705303875168189708944 0.4561570331248183673978 0.4677736543794386858686
0.5019800943428313066974 0.4583811755582763436401 0.4946584544711388198301 0.4575967830342437814295 0.4635599800731362574169
0.493033152593559786947 0.4689146893824943651552 0.4693590301403813280778 0.4806693421117552156296 0.4770369973926524842511
0.4777325389471639982553 0.4776565032562257728799 0.461845336261861083571 0.4511398837745870804561 0.4585602404145481258979
0.462909966237220471541 0.5039581477045615987009 0.47093119861182952679 0.4870258715422747797241 0.4503754769663864121476
0.4580151615291856437295 0.4784564618649427836239 0.463849821490897706866 0.4400663747927175406538 0.4504176895523326340509
0.4803255001057157302924 0.4415955623308274180516 0.4860703030630072474239 0.4859228119636457288166 0.4548676787867110271613
0.4274551738902365172201 0.4710859746508045953206 0.4322493593715976967218 0.454994768253942083458 0.4373006103293208823857
0.4789177538453533999885 0.4815147643782488606767 0.4812527053991589309767 0.4586766081263061178852 0.4709813192009905113977
0.4753480588075778556778 0.4899385056175208363882 0.4676060830561050152276 0.4588865785979188149923 0.466274945414572983271
0.4904140157699076185693 0.470008644029013933352 0.4832196454683347908166 0.4493316471696779390577 0.4780869439320974967345
0.4968140537955082480792 0.441381452376722493991 0.4621382785065462073248 0.4658919984459332086502 0.4843799345377876042207
0.4616085883114622312462 0.4659757351138189007678 0.501153322647425847336 0.4449049576198035871322 0.4415198756276323965864
0.4843252837861741766368 0.4626167279865175951947 0.5068377104242574038295 0.4747647591180578219294 0.4674466439797183570093
0.4747571118501636155962 0.4565649521504169805475 0.4638735091625612594335 0.4432785144564185819682 0.4720190169028730120537
0.4643729576688847004995 0.4828125500386236113037 0.4630283718274024185035 0.4613876012563480899509 0.4653881288315014352897
0.4967174061667344875382 0.4652676731354442041244 0.4650036839192450699443 0.4721424875621533789882 0.4721248699177294505525
0.4552815327931333255762 0.4848836175771044643135 0.4653307576064715789244 0.4968943336731221349645 0.4630495555717811795304
0.4434874421442467906651 0.4235982163495293217892 0.443331129738667006901 0.5086903081821163574716 0.483167993115169724927
0.4851395002656154198384 0.4934159094835537384682 0.4639717423749520897047 0.4558809041825819252658 0.4571474167105902264296
0.4642621845475795039349 0.4402000288099057190294 0.4908893647161658435607 0.4736003373294955798301 0.4344982537924446108768
0.4664883303964426075616 0.4617307451864382517037 0.4368485495750783487168 0.468491782271101220303 0.4421419552552250387123
0.4293745353457931179797 0.4511659664428742111397 0.4399220550427003217919 0.4442292955899090900473 0.4646013915380563519264
0.4526948469500789440367 0.4760503669590470110506 0.4361523712117781337305 0.484281146060006773002 0.4502676386772159755623
0.4836010251314282748503 0.4727614265628775624961 0.4681669532019497870223 0.4838285053525648859996 0.451027962921278779973
0.4275331988238053604334 0.4593228507499987900431 0.4678599438007211008816 0.4666690451169238085249 0.4519588864350828627536
0.4262603087950543323537 0.4560222236141497353934 0.4760748241848798967268 0.4731915403292583643946 0.4545706884748890175274
0.4849811401585890635602 0.4738033669505016809431 0.4830312212273115135552 0.454008579904954967521 0.4947049600918755341006
0.4842071657541421325632 0.4907670771691454714158 0.4622863500711011930377 0.4158268807756630991435 0.4689838954663295145231
0.4721790178131285986574 0.4640471511126996739804 0.4462529402131275024779 0.4595280802043255619083 0.4446933063165731114807
0.4544404685012122802057 0.4798232032176759087605 0.4587432951498842115257 0.4842600666643936402345 0.4809516197440404372543
0.4812845265968366814668 0.4921858905680500662072 0.4489792119573394191256 0.4902304209174009330674 0.4390096228294859126429
0.4734829765797530232163 0.4420670411582844905318 0.4769478384034555040749 0.4485950976957632230224 0.4802044228346464826984
0.461783063218141887063 0.4600203279787433707781 0.484361320319618537944 0.4536020626301062730334 0.4508898359549853296357
0.489907882959275897683 0.4518145542567322259231 0.4760889267338621611003 0.4600208826607839474043 0.4405946753481591593449
0.4721129474456506880387 0.4425450713313403006133 0.4577177932545241634266 0.4716902032192185623138 0.4810410726187611674121
0.4556858736468646919882 0.4571282355825906362767 0.4600847642737779796818 0.500213213529054012696 0.4671951155510455921949
0.4782600270431412448069 0.4793291849136708249191 0.440290912680880386354 0.467137658085915730144 0.4870488340641094815453
0.4744811866883499318348 0.4510234010490441480812 0.4610644016842774806086 0.4591982682934939719033 0.4864144193283715944531
0.4334186060837257326028 0.4810056121613855428798 0.4359067638146853496117 0.4789944662894337623626 0.4680646069486906757362
0.470237672143160367888 0.4763669785087544239488 0.4522358870036269906656 0.4849025093657324259055 0.4371295039218481837118
0.4905440634394911403326 0.4406043702681452511882 0.4487650110494363353553 0.4661248106020868808841 0.4764840535368685126016
0.453060494748357800443 0.4870185030050587782213 0.4845429083100810108142 0.4700147600881769971437 0.4597777248888761936207
0.4881537729700073380279 0.499891337093903043165 0.4596659367635120840845 0.4567599411996801639368 0.4258206529783012395107
0.4630753964165525426999 0.4747316426299377778442 0.4645197175822808888235 0.4531884794064048316287 0.5057578143566439088374
0.4728391333023124198931 0.4441486458185808783306 0.4669746498198228956689 0.4634380549546279759454 0.5127964653834389263665
0.4588486092258988180426 0.4465545139059745038956 0.4464173553277870909461 0.4898948227270173427783 0.4943486581585204153733
0.4747362009661560411367 0.4729853768413647130409 0.4432949916902034770416 0.4447462888296169758462 0.4805072085870603082469
0.4667387887520718647849 0.4622843611694856247318 0.4831856969023383685524 0.445406273458640589169 0.4854563342302384287841
0.428428862106003005561 0.4780069349748370388653 0.4548404819616129746152 0.4454012049930095029637 0.4877231691842979777185
0.4439459076079537713788 0.498182311011228173836 0.4803046686521862951302 0.4828547167476748280812 0.4689316008836322269282
0.4685124904229828746161 0.529578510237177724207 0.4522510007076429028317 0.4620793596112385270835 0.4678547712694589577609
0.487741812921783091106 0.4619129866578414733702 0.484569370035522528628 0.4573952304372865818038 0.4636453332554351103312
0.4826256406417176458845 0.4375870611643611907127 0.4669169797728609516696 0.4787559933053733285391 0.4818361937274351913807
0.4734282426447553038251 0.4331118850571070710842 0.4463485850775200658447 0.4490380752832114352735 0.4493641733862942522215
0.4490973429310306519469 0.4739115353176021616655 0.4800206900444624058544 0.4844553261864201210152 0.4550015513856136006865
0.469685033242578431345 0.4375472345021590991898 0.4760624068007822118354 0.4480828428439109223369 0.464014182414204001681
0.4679154999531324743423 0.4737946390391168383083 0.4722344471968724088917 0.4653763545662725209517 0.4541051351475641761901
0.4854166024053828687457 0.4571473238704746866468 0.4575649874933572225366 0.4768365024851444200493 0.4773531750379061966427
0.4896683785119907983407 0.4889263202966277477302 0.4403929795859847784456 0.4828844341102139781086 0.4737084208677298513557
0.4550158993815545671602 0.4769719817521662630355 0.4564732643670568190686 0.4535979180670696719879 0.4693964822481553889055
0.4712574945099578527241 0.4979371220704711387128 0.4559531275414984707872 0.462524593872838230002 0.478291191329427489709
0.4662331858487364089072 0.483880007924690769272 0.4834435444968789297171 0.5000830952968545739523 0.4750657289391090887243
0.4493631214992445110923 0.4394329733501416423991 0.4658131194847816569649 0.453561521861827243729 0.4900053328928536400255
0.4503832576422308608954 0.4740024442892102340963 0.4257033896141268480839 0.4638880283283529082361 0.4609348139123880527812
0.4625065590848698726667 0.4695505035312536046277 0.4291091441149936791533 0.4584373754109827836523 0.4613973214301547720595
0.4361055571676482056631 0.467227052367705619762 0.4940012579481798948855 0.4396343138326877508781 0.4486137587028967144143
0.4262958893651713210282 0.4302762399247269109459 0.4551408148718901203189 0.4789337234720788538667 0.4264926087376806340679
0.4664481233460824882719 0.440425909982349095273 0.4814049093672972401414 0.4967721052934793157796 0.4424135234506895164586
0.4434679000541315030404 0.4794570829454035121309 0.4783151105013830339807 0.4365086526819126344634 0.4510847308911955511057
0.4696547879302299111082 0.4717324359836569946935 0.4800214519362479559383 0.4834038824300164738368 0.480100165095891817657
0.4813485236554683743826 0.3976765793381362712466 -0.06042146565942416863715 0.2937050414651142249411 -0.130956207946605035497
0.3310496532733722685471 -0.03614731596356498405376 -0.1454762614510456408823 0.4487720989758587353258 0.3553622918278950271187
0.42556188052730170579 0.1102125210382153691624 0.3559850322930445676306 0.197794596984349979607 0.4381403449149804396612
0.4311850793500300316197 0.245135566506854057911 0.4054947482290433002916 0.3943075101217420330713 0.3389487792785417785701
0.3414581516956807227814 0.3109148172732890125225 0.2464456571786919902856 0.3695666632437881737872 0.3995937673855686766977
0.3451641576949754375292 0.3257095413254545990256 0.3095117593151955337483 0.4697440874297787449798 0.2921650060767150280938
0.3347980486066320926497 0.429445780817210021052 0.4022719104221709751634 0.3869764324579373915292 0.3357913920709933996989
0.4078381860784743295767 0.4307694840129570046372 0.4133001667347381835604 0.4800520132308890297601 0.4172840801395608645308
0.3688466871633909738293 0.4217604117975723987399 0.3990944237195424570963 0.3183772105473551272681 0.4856465845185379270887
0.3644666314584617539118 0.4415394818908164875637 0.4726020162282668080067 0.3978533266507705001835 0.4370212244429865222628
0.4307163193152124258667 0.4342180094054178263185 0.311662671293525594951 0.414744870571625512401 0.3860841975214001631223
0.4472757413754544497664 0.3663062176867938335434 0.4182802055379136740854 0.4361640669488137111998 0.4428742622655089111738
0.407782926163161030253 0.4781579806344944949537 0.4049340212812484463001 0.414971843208346680143 0.4746217527735907548703
0.4382328506829088476948 0.3989653190285555872663 0.4236601415491252908829 0.4449795199395734646153 0.4750098144021009938243
0.4279315605848816872481 0.4312343796538807838559 0.4486112899760412719985 0.3869674313068498516799 0.4467114672207458947462
0.4760120623065807743401 0.4380571930350243836649 0.3093183932348936293621 0.5160139389252633712601 0.4145351313248915037235
0.4143762511498011447131 0.4514595987489034567552 0.4245182592363700990745 0.339373786648927866505 0.4318402096710366455667
0.5070928873398753422563 0.4518129811635376857915 0.4540860372713602099992 0.4698041636827022804468 0.4175008947600465925021
0.4410578118718157525358 0.4476477030369628851147 0.3848942276633207093539 0.4172926207204007420515 0.5173619943891620831522
0.470310228247863837403 0.4570269604065093083101 0.438220209716182806936 0.4611793714819726330845 0.4849445570075424094547
0.4461060042431203020996 0.4367679023768797352822 0.4136334012691862960232 0.4921079938357205141308 0.4745603984916873518962
0.4448731473455825868868 0.4210986194497648438251 0.4579351747907573488838 0.4699613181829626062935 0.4076462871995977232942
0.4198795199408328904234 0.4787347821732267916239 0.4796023056696826492029 0.451841966568845287977 0.4625259401862170105524
0.5050236189111839690824 0.4579330066107439867196 0.4936830500525555831537 0.4657088439128150847424 0.3272752089500836625291
0.4220188065779832964353 0.4306910864252421200504 0.4344008437678162359852 0.473545394917564532733 0.4022433809259589598817
0.4591007445934746078464 0.4446553025756093679988 0.4743900303239859672644 0.4950261800900164765871 0.4075092622721225854576
0.4507522997390620012048 0.4785414191500403924273 0.4818427050619856211178 0.4453378508354595699537 0.4397275962270859039904
0.4099937235392260848066 0.4793830505844219880274 0.4442974074775475901156 0.4232061092687708359072 0.4443827341143239961774
0.4588394771351345102772 0.4116359103165230792776 0.4464851351836938153639 0.466350376699588897722 0.4446322771572376875149
0.4766285863455861915305 0.4745773873735179004818 0.4443797748121909307883 0.407072277947650329466 0.4357614275088562139082
0.466213083114060289347 0.4800822308435623297918 0.4890380887065043924444 0.4714754796014294369044 0.4737583365364351761784
0.4963831397763165398374 0.4156513001604939527844 0.4757064551291398379895 0.4626833920282084622322 0.4827748591780121611983
0.4649884008377479505114 0.5065472149179268690489 0.4861901328500775609776 0.4722535062003822559085 0.4396622407127891984935
0.4783913202073585835272 0.494536590217479088416 0.4578461426861132332888 0.4316609124670774955135 0.4836437136184572604947
0.4597282137798390233563 0.4630066064887806143169 0.4518766119509741718829 0.4768225488664102895697 0.4790809189031625114907
0.4865293748966550424484 0.4709684146889506761724 0.4794810856697228063084 0.4349514948163024086192 0.4479593938258041863065
0.4519398386342560192119 0.4729953407730684289412 0.4786877091965540675922 0.4401052757833173179058 0.4516747720441053881579
0.4700156780626454366967 0.4871094759270234164639 0.4183746519158698107255 0.4943131612808449593111 0.4597556798454716098234
0.4874445584347870674691 0.4733258257993663287166 0.4832657137692440429966 0.4628788878446351562346 0.4631726435723442780734
0.4416999119891729108645 0.4525005061298760233868 0.4309176770759441388314 0.461501980459729121975 0.5144687358734388871184
0.4742999444622217897205 0.4371138470714922563687 0.4609399472032183475712 0.4641509703773605832744 0.4789371553287971039481
0.496357847647861505358 0.4837920974054530365294 0.4722227765867120785614 0.487388156656155258073 0.3987815470971212694629
0.5046854949986863125844 0.4469392255549999304343 0.4377477561328883548519 0.4949879104724771439194 0.4801128486379133697426
0.469568311259265791513 0.4499084940928680387273 0.5054198036539888638785 0.4608137381722136605156 0.4497333420898826927825
0.463928477658803961603 0.4366140686235085444089 0.4111148885379011796992 0.4831159524303527685873 0.4399059251869480990926
0.4576039651376383465831 0.4368141047250876374264 0.4693554799826285539588 0.4918481951414135355805 0.5015459388343364022234
0.4429856534407615176185 0.4564971910900506024689 0.5061021354969135188639 0.4581379321769425416733 0.4506679745138882364763
0.4865133679422355417188 0.4752360443502137155036 0.4476712411005289715682 0.4533206871131518211904 0.4363989012270460543519
0.4765493513787711354901 0.4794449616119322854502 0.4860403310252232600419 0.4639156458390484849552 0.4304525867597856492175
0.4729628164261420186776 0.4613884264115387656702 0.4400937424478421067242 0.4890063614794011304099 0.453177953259677468445
0.4914270568091593238691 0.4760389154562188473996 0.4541103038164888139328 0.5008027446501216450869 0.4490469146234997710465
0.4548159056080672835165 0.4785382179216218778706 0.4906850581567760438695 0.4379238189777922007906 0.4616619796689903632014
0.4299336104100602851119 0.4766529313059096328864 0.4452304389095355641182 0.4702173651120768460565 0.4870511794985561970783
0.4512087752762221626313 0.4764425437750799963155 0.463134793591818361147 0.4460399531918399218533 0.458752160602964087488
0.4422626294527201018525 0.4348020104369854088588 0.4846046191604724273638 0.4622321488507848963323 0.4370318202067605128924
0.4284777847132538175501 0.4768986301823929241372 0.4546340408286204670674 0.4347880718058904636614 0.4427554772518907388879
0.45392149676255905133 0.4420028443578161159166 0.4500070147651149543577 0.4704051370857972869111 0.4743194641961187563162
0.4684440892224175367886 0.4463311153379203033431 0.4895350320053263315501 0.4480432599956946648767 0.4649332033701994992825
0.4725811508238368374712 0.4736500516889848855229 0.5112381119134822293759 0.4542991622287758102239 0.4578225992079618666963
0.4576313043789954626561 0.4414290031036441352974 0.4655827824416614579839 0.4442774590390274891405 0.4889140251695145988897
0.4666872862999095761261 0.4649401634210407197045 0.4474633504585504018003 0.4644893692724486600198 0.421637425625641271143
0.4863485784922866317359 0.4383551944401106181814 0.4757599343626549015518 0.4774142109903827813078 0.4804967028969986397868
0.4658863246312952011152 0.4461631672978584872702 0.479317497257672864297 0.4674180479006203037251 0.4688118543276702521183
0.4601625027462202810469 0.4657482759410110917386 0.4478131221890698232535 0.4528166558854049839056 0.4807474750042279310058
0.453474501423906495301 0.4828946889758058413911 0.4600295504527803225336 0.4875334231979918664379 0.4819969400953814653299
0.4882977505328715550625 0.4814641775220396824331 0.4807931015336227575929 0.485626050285070998136 0.4632899233760119361847
0.4899856648608733045158 0.4879637083746812820095 0.4851859877122613462497 0.4736009497285079694606 0.4665428684360559685729
0.4731572397294389054068 0.4890761202486402781098 0.4527650569607931108074 0.4897409652305536043038 0.4564247151897691812117
0.4732084492152237031881 0.4961862969814381241207 0.4876003112250102966563 0.4683778518166692994562 0.4759861310786479560164
0.4920658506487020633635 0.4614797210302623575728 0.4763986546137677358104 0.4945409101230616166767 0.4797258621182663995697
0.4450045633112978404888 0.44888902121476942364 0.4723334104955365653211 0.4877784546509775220891 0.4673102755767857829916
0.4879150810071970489901 0.4514444887969075170808 0.4905506741715141005855 0.5122827006842675112708 0.4430260789199734206001
0.4770905409724492396428 0.4484334710842882709692 0.4788865457203168030098 0.4735310525833142381025 0.4901853101843428039963
0.4829070750585283677836 0.4794609057698976384287 0.4536315966981829261861 0.4421468022364409278246 0.4784826364305423962442
0.486583702782912352891 0.4644113353070649652388 0.4616407691782395961155 0.4575874670848869563144 0.468939723130809282825
0.4787715381522523183655 0.5329825884958262482982 0.4168592732706902781459 0.4544835729494818843399 0.4868547269921060793862
0.4949910184578764638097 0.488696862701030909637 0.5039045272072654180207 0.5045877347407281554581 0.4685200793507007799299
0.451445010843412430912 0.4443512305896044067843 0.4852760652133591978696 0.4655968842981526578662 0.4658759394294303968209
0.4641183557851525920412 0.4728198544976902062409 0.4767314172501951885508 0.4815901895755192452242 0.4537415510371047844274
0.4728752363956783000276 0.4433404957856010852879 0.5116967004309187494471 0.4750439078218259281172 0.4813650608206417325086
0.5007283266276254529714 0.5030396497219746798635 0.4330280437072624444284 0.4426568531351322000056 0.477569284287133077882
0.4839270749692431428102 0.44905430518997696554 0.4875812195218289790688 0.4555229143599166530265 0.4944482596897857851204
0.4639443997967147015338 0.4734768364726121836483 0.4460075350580985364957 0.4380149486499023692154 0.4643360708333721942331
0.4567808369755583242089 0.4352262630101712548303 0.471542998032150939558 0.4630117169890844985858 0.492752278958487555105
0.5103689850586496934426 0.4527273023072843072256 0.4393145633167204189284 0.4687409380619577126126 0.45453812833375900615
0.4709968891225013165602 0.433221081935517726702 0.4805881403575421040308 0.4807225139010806724826 0.4979930812832482622809
0.4672463305411126421873 0.4800859346116603809662 0.4676516541225413936544 0.4869590673250864809596 0.4656687709609922398712
0.4338374926518043239732 0.4709242256251708891313 0.4946293233062854510784 0.4708549425079510686309 0.4294038319045280771569
0.4443821298466932301352 0.4679502772699147827851 0.4434389444041966221732 0.4663227702852000278178 0.4184207713420650676106
0.459595930193651691642 0.474749530389920626483 0.4831756175643260320385 0.4649351829587576867553 0.4637984592559734609019
0.4612815604611800179846 0.437176714050607484463 0.4922671965128904703057 0.482623605245386722018 0.422072560446865641115
0.4726339476869462763453 0.4693916126603129290729 0.4748566129305582528275 0.4671541411774398078194 0.4906899720853654667252
0.4176574265093267457338 0.4600284621740923229893 0.4829131240103410327436 0.4666138261823193356115 0.4462314202060564394259
0.471041354876857665257 0.4343122622104674257493 0.4680708925329191694154 0.464105222195624778081 0.4585430882268813901348
0.4540780504626474312069 0.4639667816592312199475 0.4361709229294059020354 0.4688041675408670672098 0.4658602194128567686171
0.4696572185535662913303 0.4912451231924658268113 0.4541395494410704336552 0.4679856451015316221032 0.4822999499217449637101
0.4578921155805195097876 0.4770128561503824693446 0.4432979712374045533352 0.5084439940036196148299 0.467697178053352868865
0.4713524036657276150564 0.4695469835819399695431 0.4757200147468292339425 0.4681763739401032520249 0.4496966660825069128649
0.4497964428756331956016 0.4822392370546751960703 0.4826395559677234547991 0.4425065033595543817491 0.472400856239474087328
0.4808855544108991408869 0.4471218902540026185477 0.4805351798520810513438 0.4717913324030124644359 0.4657284091914352663899
0.4654225357159022524733 0.442258497706722930598 0.4740479280348802726408 0.5022021383729889931757 0.4733329450011917183261
0.4534753243692183355407 0.4657601666065881995671 0.4681278881239958056248 0.4947593065923843180798 0.4694693172945912928995
0.4672701404619475917812 0.4804039345655253812062 0.4664092243131684467627 0.4626686027836605652475 0.4795120872043357462822
0.4547145361253396855794 0.4478185883964605484842 0.4567712396588500256556 0.4461464115014522335834 0.4653320986294162131536
0.4775421632574839425622 0.4764805511162406026493 0.466626407438564816399 0.4573847898288888047524 0.4838999609431564041806
0.483440380759002030775 0.4610064355865055030215 0.5090578333704612878918 0.4758687160696147278038 0.4363662170968264919502
0.4647518895667065441657 0.4325561764158617483744 0.4950209531565524234686 0.456066404512959155948 0.471985938940930660479
0.4799849802314460345265 0.4858349793982503217471 0.4148669540610682715531 0.4244925720387919265697 0.4778829323011398177989
0.4569967304105968519679 0.4725106826153916972366 0.4470136668199329310625 0.459399956097471362515 0.4831770254681916898498
0.4473724743437755280162 0.4813715021413118577698 0.4699891416882820416312 0.469806404204186400797 0.4823955552079774999896
0.4638580196675393119143 0.4596600901488569479447 0.4922011529180767008818 0.4803128728557605753302 0.4792489228714533200382
0.4560914046681853184495 0.4588443300090826459936 0.4682136313513058922808 0.4536020924576023571895 0.4618765498295969718079
0.4756303551396117712535 0.4494466591013882572625 0.4479165826956386098345 0.4310899100493396640665 0.4678620015472466087125
0.4775837143564444775556 0.4493282210336001503137 0.5002832719469910705001 0.4933513477126455493149 0.4629300701654492367076
0.4357136409912583663306 0.4794767080510801693372 0.4736437777166765950021 0.478546206270842044983 0.4596926110890908745432
0.4849287319129416684582 0.4724243293862899206736 0.4716739831886920808479 0.4958104710023426564547 0.4710827932628408043492
0.4500710438940022650733 0.4455473670829007692973 0.4742031322605629872768 0.4811349015973914178268 0.4586209255843223808746
0.465693017324431746129 0.4771967624214553671536 0.4406752808110170893663 0.4661725266779508380921 0.4835109718280687363112
0.4831135917476621632893 0.4680293078045055787939 0.4574442629751685474027 0.4556754321156336051679 0.4665733493407471232928
0.4689995549892012061122 0.4774590827726368780226 0.4667111407291106295325 0.4793663990513702399809 0.4759355778340360054735
0.4851879129065856388614 0.4578606489158968950726 0.4446379768857554592998 0.463002634939760404631 0.4713493603724518976605
0.5027648262747702601061 0.474972126301874741916 0.4741197958452024185938 0.4726418599966903943965 0.4520444235201268590174
0.4626833934044130014485 0.4419096170779660548433 0.4774244874882663247639 0.4876227392658329939934 0.4933248140285640959135
0.4569049786832435344763 0.4797356184038306659012 0.4773384541373723588542 0.4382158298166832222087 0.4598038200626878291288
0.4770865350122030501545 0.4745229036919249576698 0.4621515141271724247396 0.4865747826071164516826 0.4797526792437443732275
0.4591364875858507388351 0.4626683777823874521573 0.4529124316136768912955 0.4822511967535412780173 0.4623815026193276445099
0.4507573162119670739933 0.4562541063639373728478 0.4340049627763507000822 0.4774756518117738712803 0.4886267534234545184546
0.4675088908852794156168 0.4711859141794948468984 0.4897171144726205627151 0.4603456155981842656821 0.4776112482606815201613
0.4763153860572617581681 0.4885425468292977080331 0.4738390736703475547564 0.4620089375569182976733 0.5111680103722063828187
0.4608200572601187650079 0.4935130882619655490195 0.4763579028620111288639 0.4541565447344103612082 0.4614682437550674531934
0.4528191127011341188258 0.4523369327210571277931 0.4733327416345656235563 0.3600096350267887879149 0.217475521669005661396
0.3508936385118988643406 0.344115945165941627959 0.2004484659846738903166 0.4106369667103210163717 0.06193056912444453582234
0.2150343413596796926512 0.3257184094453681177939 0.3645239328105990272988 0.3281350535382021593733 0.3521907499415640740992
0.2614537457617667759457 0.1472073952374747807248 0.3724458824952618929416 0.3387123080240345140979 0.340524080231799752827
0.4200614622256633734487 0.343442860446090902915 0.3068088083594859849512 0.28265788446132256162 0.4121445751871905538444
0.3924415293388104908345 0.4585533751846739281 0.3560444941768619031564 0.2539295791702561033709 0.3921094238778421448011
0.4240064475608799066109 0.302714294840590536495 0.3644693979938786188022 0.3971898937182289923697 0.3951005462179337790474
0.4580317858066344505197 0.407455623050066051416 0.3988666284621076307815 0.386436913173816620759 0.4497524818819045866469
0.2585961001692862470946 0.4812697395190451699065 0.4346858084924587473097 0.388503360299142341816 0.3376911715145080594702
0.4269465551817125947842 0.3995638617946180581875 0.3911344134471924638419 0.4636279198193201667166 0.4841104715495547772264
0.4438418975020430590206 0.4602360814783911235892 0.4198134318498647488127 0.4393923964271755355782 0.4327479528614218140525
0.4868145835290541012519 0.4244442740664242097459 0.4397094191400747753562 0.4765972758844450596349 0.4483658310504282651365
0.4214610431548638791455 0.4318164155719885211049 0.4137294743390090290269 0.433728663467157715683 0.3697367659751729096484
0.4559581689910719992653 0.4171469274534976290347 0.4134131534767839233346 0.4054161836681356434475 0.4655711597692823722205
0.4694753721681701463808 0.3906242754448918663712 0.4182504472042953280742 0.4736513995517751540731 0.4080138934840443210028
0.3742906800956409818504 0.4106428281563579973934 0.4068444823593220238678 0.3828002291121390121553 0.4277735593137931280339
0.4302888491570924234253 0.3754410211659846008381 0.4420303564300448462276 0.4207363495514173101775 0.4344726999895129893048
0.4594745824100453512884 0.4022193845601071404694 0.3731740530528001031918 0.3435322594507768667604 0.4671975784890438632146
0.4667178791964258777192 0.4145613405056401412629 0.4603712469920903660459 0.4236214959972848803638 0.438997454842551315668
0.4583610967816891257343 0.5037676071933582244711 0.4408354424430130369394 0.3698878804434563294379 0.4626606099129197957609
0.4706861164121675655814 0.443866742129643998549 0.4673480034921512205059 0.4234255433220008302264 0.401016187967610737708
0.5032950014776450542442 0.4782902793132483565408 0.4511524959379547006222 0.3756259947008929733769 0.430766474535378196542
0.4057366175543092867706 0.4282311761198374644444 0.400281869298066084184 0.404165844876621938031 0.4043436416741334471503
0.4555203577495746669612 0.4474138755878144801947 0.4650371672561339209118 0.4795273818937527132711 0.4675001591012070689679
0.5017308894139629327213 0.4542919735430533401122 0.4659407943363212400989 0.4622403282415072367506 0.4623808728846694471315
0.4863988892610986991549 0.4719120435912170785642 0.4337877123997168071767 0.4508362159533946811329 0.4700787616356901787995
0.3922025609029277659623 0.4771913387211120238796 0.4667625044417963997567 0.4471748576270130337562 0.4883381689651952739517
0.4184615161742490929697 0.4576545249259245662365 0.4757846796290448598832 0.3825855130615483101764 0.4685897865725093258682
0.4331128143203232250258 0.4871356783171161275448 0.4377075031305586727548 0.4297354716217830494784 0.421554053227584824004
0.4947985058456706441987 0.4690965942244743058787 0.4693004655387249535181 0.3986412430856207111951 0.3803295605587016514626
0.4292404621831593103387 0.4635495830455059196318 0.4576972457786845360772 0.4744192040610428762193 0.4503109410397504452916
0.4679677092169241547914 0.4487070529697844145645 0.4298645407331081469415 0.4841496355221628355991 0.4293232874932622622488
0.4898724257228584955115 0.463500240688462294969 0.420980332698482284659 0.522810994570811482518 0.4507901372801715322858
0.4533290494808066006804 0.4236861297748211740988 0.4431048177088269812707 0.4213777175404429531369 0.4877434589906530226777
0.456169495314259820784 0.4343653677724683692674 0.4642657731286080058375 0.434407324064465472091 0.4704808596529349573601
0.4665899913178775948452 0.4646578703564337997634 0.4698927633168439865763 0.4434256293030860440751 0.4683789811627447341458
0.4650420844629593042363 0.4421037921391526293036 0.4934505296670569363116 0.5151170790687876754887 0.4612482309657810475301
0.4926597370407320708452 0.4974105115488613448882 0.4508057371418130454543 0.4714237209500687364461 0.4623113175393122054047
0.4574513168261862272601 0.4819185197053828528801 0.4212861998565812227113 0.443163405567039148103 0.4434734581644801387768
0.4504547523655590968161 0.4888665405997731916443 0.4756543191090553124312 0.452045597270761767561 0.4750916898799336096637
0.4752053449750393565587 0.4850009855304786565711 0.516212278497441334757 0.4473578445374625789377 0.4667793182848004596153
0.4703459525153727005531 0.4271387323230839694332 0.4012872959212971935017 0.4460267102826571683494 0.4477932288249208969688
0.4738362244509680687443 0.4810390516799423199501 0.4404678367041129916082 0.4464233342413059801856 0.4374632323459029525914
0.4474338537407738236595 0.4976595106605594120985 0.4965774616167265564926 0.4833915212437264741219 0.4564133901389247349734
0.4486680704416312059912 0.4891223761016385562783 0.4882963350630720733569 0.4969951348578490746277 0.4894645650078493503976
0.4561836382186525429283 0.4623570644001734897266 0.4584068914682684070527 0.4314716621757282433158 0.4046780461918834670421
0.5134900968552978950399 0.4728652277825676208955 0.4853869648219975019288 0.4674213998775577083578 0.4678874780807416589035
0.4866257597314052607551 0.4974496449864293512455 0.4128643240175691730975 0.4481694993022958262152 0.4816058391345233724579
0.43818532324516595855 0.4570867494386294804798 0.4297384725101767721789 0.4625821121889013842754 0.4891127834707413302162
0.4978851205065568108488 0.4274031695422696452979 0.4649038457775367394476 0.4807976987032679394574 0.4568153121953764661534
0.4509386171847470370366 0.4462087009263747683363 0.4725368066652778642478 0.4554456854782889529965 0.5126785617628745184149
0.4489753032258392839715 0.4649874931920870424484 0.4914819972940698833419 0.4725844349157005686024 0.4874139270588816463814
0.4708712963214041757887 0.4946295708004552205139 0.4693493871693246721755 0.482091094878036530158 0.4106410506596327447681
0.4871513731501327937323 0.4726109221613031818876 0.4611777819021801172461 0.4739280680819352165045 0.4972107037895198700106
0.4741178431372611301597 0.4751315928124918985809 0.4566498168051097428233 0.4843294500049106221518 0.4771045065223282755085
0.4973005138317462270336 0.4659014765836904103935 0.492995869831006960915 0.4524056182337504172786 0.410010679271322620032
0.5027299231860004047334 0.4685587294095099331059 0.4594371947736318739786 0.5036821788040791725294 0.4513908011671711739687
0.481658563310702281246 0.4242648222043533534631 0.4310296693252462785217 0.4838445921795695991996 0.5040985693873107909013
0.4976274449112532138884 0.453080514656128974238 0.4866186650173420780163 0.4816860058761266993876 0.4372337819624619315029
0.4418250211201970034658 0.4744899310721888419096 0.4644390381121006883269 0.4636364906451155842859 0.4590359523337768088425
0.4611486970943921570587 0.4477612732860410948987 0.4743258830925954350199 0.4596662937819351313351 0.4507767234695933544764
0.4823122265278199094496 0.4186478149617319788334 0.459682154865250269804 0.4999848243705499739598 0.4729486037696316036438
0.4651324054040512634423 0.3978272509801401013441 0.4668755443363692414493 0.4585264621814013064061 0.4637043549775292095028
0.4659703893446399125544 0.4937687229380666176226 0.4840358389695491592164 0.4718000981916001812522 0.419328812229022351854
0.4895559512983670980013 0.4467784033179656999479 0.4682416234658317577555 0.4656567062588209959806 0.4940629432683395494408
0.4534509685057950267861 0.483281628451649847289 0.4912348159800042912693 0.488782001372760566138 0.4568542962831927956024
0.4820769316613073840472 0.4502274024031127086509 0.4737726619619197498956 0.4591852583267229670483 0.4345741699453855022561
0.4635811218221301821529 0.4968689838583558726626 0.4675672950131056215817 0.4814329482871566034952 0.4276587608811381335805
0.4794239195483920301655 0.4920798455709732843744 0.4684800243489251614371 0.4800165330866734691995 0.4838478961688609247815
0.456173651700780169449 0.4881729570681112018171 0.4687553667516399791282 0.4754658604453793069311 0.4641232971124791828466
0.4817275986944165033776 0.4384061527673532299154 0.4818173660360980381512 0.4328275326053215854571 0.5057908892982245774306
0.4760783659415336321885 0.437510712616451469259 0.4657795169032054038993 0.4793667190376129094709 0.4544671894184154070651
0.4712727884274406919829 0.4749859003800235290882 0.4816325277906912671888 0.4660522062509810936604 0.4867228935450519378136
0.4700480039350388161701 0.508463890071958579675 0.4600981850051061305962 0.4329438968586717395581 0.4805170650796414810735
0.4883113052343587279225 0.4823757550229920143536 0.4673897460740962239711 0.4759374368944871980247 0.4591899532874437750429
0.4528094473866780544924 0.4725324918967678811121 0.4847874010818116197186 0.4359904472924442386805 0.4440484270644302622344
0.4665780133447934296953 0.4386143782652155986845 0.4699789209170739390231 0.4450802831121519753665 0.4715930878211738730421
0.4720638766723197488062 0.4574461597616150121404 0.4437558833089204624045 0.48663895169753662584 0.4713314573888512382105
0.4500088723346990504659 0.4517085092213791730487 0.4693598538608546033579 0.4731178222075482220355 0.461510864990463010038
0.4446838608335858533671 0.4857915556199891571332 0.4771654659813198695595 0.4739744200007829921795 0.4776092527354995898037
0.456989018149659143031 0.4702123303775876395072 0.4633237056569411427276 0.4246615374046217583626 0.5016804130037429976241
0.4591846292424133224586 0.429664656648245713022 0.4847476961046581767079 0.4544919474736618947297 0.4770488622853052973483
0.4764471124956675684992 0.461035277452494174355 0.4710292594433070356708 0.4568275191436114157639 0.467783500935695206735
0.4680826136159441652751 0.4790787487301345626278 0.4735680282089137493884 0.505855970338517479945 0.4684234248608057926688
0.4686560493234718238753 0.4436328518110875807068 0.4335045603280535675417 0.4563167400749295610218 0.4619322971579322145708
0.4754027811411494774951 0.4606838303842760717899 0.4695847788391862565049 0.4696476587045408934706 0.4578420727379705623683
0.4602987106694492736025 0.478127324152684052283 0.4630878411088940049822 0.4496142899516159530116 0.4574274979057773582447
0.4812387323476205458483 0.4696945222464938840545 0.4657650672897996058097 0.4640687135076543845535 0.4794784389528268797598
0.4881435288393056182166 0.445539777645681700502 0.4493378039977284910123 0.4474524383430982243937 0.4663295387860803553615
0.4578239698776582211615 0.4426585139052087725098 0.4582107187456077035392 0.4766452001764804879969 0.4714155416450720448296
0.4624382861492045138085 0.472483385550553414145 0.4754281771734902850568 0.4859585874878821210032 0.4767876247890183161182
0.4588116127291092527507 0.4252641895212698197604 0.4718336196735635756916 0.4800091892731572218445 0.4523183026090923930518
0.4554170466612377232707 0.4958082367144656110725 0.4554829118393494136185 0.4418089819005490137549 0.470564977507298032311
0.4874172546432047892218 0.4675153168475737475163 0.4952755093812049036472 0.4812654456468300478988 0.479699714585810843559
0.4641365787072875837005 0.4790170739664855736883 0.489483946584695017723 0.4387739202801143600929 0.4771345169357440463287
0.4696809340729898307742 0.4486935726111880851086 0.4547686267950781791036 0.4495748349051352232841 0.4732270500011581670918
0.4557848130137978071019 0.4686069112496699662351 0.4805278383280847109837 0.4725450575189715785029 0.4542407236946973680958
0.4938114570349380616499 0.4827653197995036005175 0.447108883827634695507 0.4584230754739233582029 0.4722014896770314051899
0.4710140303077906542839 0.4728219592366330603639 0.4546903067002063258961 0.4393469347127603730208 0.4927065784193331854368
0.4331219986885514461328 0.4744974807968257990431 0.4407422750747839734764 0.4581060575863478145919 0.4685317766034872710712
0.4598951152247621187996 0.4815067547794439350994 0.4487044331735365876312 0.4290009590946607387352 0.5048115014945205869523
0.4498369911569634616022 0.4325751288856360399215 0.4544097764377654780077 0.4525890062759642118451 0.493197248150562206348
0.4680896065636792613418 0.4825801697407727797184 0.4457590533581020086906 0.4577331179264222948966 0.4820527047519266861109
0.441767198644935965568 0.4606281080903224522949 0.4586029002231068463225 0.4680547555351055599715 0.4802960393678570860665
0.4832911784621933271033 0.4651590083649564943968 0.4643990064712047449724 0.4924960586630855452484 0.4940033265856660915638
0.4682879314686372862475 0.4590693009934448398646 0.4727029292404683613604 0.479286736441797589503 0.4619043875421918743385
0.4676698252227815544302 0.4994996439860288073298 0.4935964425849994619 0.4738322875463504280091 0.479362446134321551483
0.4837018808332382846515 0.4782088357045298776526 0.4996860207302908363225 0.4342477723151622615028 0.4526901727404188391368
0.4683220215384721885066 0.4686146584831601957788 0.4572235579276726635811 0.4714508816713137151488 0.4646206983372059284854
0.4742575060376027495934 0.4675212866164870639807 0.4189848425986236191143 0.4957499394508739221088 0.4738554633216539024865
0.4328168686658037667137 0.476161497246048004417 0.4787208229315310092922 0.4950256642606726265043 0.4389863652804446014777
0.4434457405211994496241 0.4793819827561747182187 0.4568063817106601254281 0.453309760867659838901 0.4680393026365098907426
0.4636647979242949357825 0.4483322190511371263533 0.4893319587925225588876 0.4457867527267701523996 0.4859976191067466588791
0.4513178143242091433507 0.469123553916252988838 0.4673161708167952732573 0.4844798225064864682921 0.4648884502107593630349
0.4481726719383240520322 0.4614917424980936599965 0.4909306054246198591784 0.4807191284117202090265 0.480478755368603904774
0.4659006877314476047225 0.4624049669367499282302 0.4753581732046436303385 0.4765502755050938232806 0.4801657710051901450932
0.4329497213963568458261 0.474692825058720957454 0.4704703386798150810399 0.491849815962660363855 0.4612845493353451842289
0.4640430497394448794424 0.4604699476587090223312 0.4548435589755613350782 0.4943040319311948760372 0.477234039273308097151
0.4653198973964644546975 0.4638247758021670219541 0.4344341268708670766863 0.4329299299576787052324 0.4685209905345138481358
0.4307677901807579479154 0.4863834866039009052763 0.4620292813539969567493 0.4398354461848017482595 0.4639446920990626388459
0.4864221528913883485501 0.4613860520030342304842 0.4828061665933089385838 0.4906620034843064415142 0.4696563611924168823997
0.4659157739350499594089 0.4544180677735326079336 0.4600396964203394278847 0.4442744282494529572958 0.4631078002716522701299
0.4768332340117080736519 0.4719003016213415002689 0.450918370054317674267 0.4589458526410840621956 0.4389891269612671287348
0.457457999488867450566 0.476759467048031571057 0.4764832730363147694774 0.4405864980367033556519 0.4517432823339063707735
0.4799480439960369104746 0.4571636777539157536765 0.4358007243039880851398 0.4339781330443165385802 0.4638348028195352634739
0.4620239612806981144288 0.5048493883256985892416 0.4428098116311564025338 0.4618331855552916254126 0.4833047373668084012444
0.4480061122424652264584 0.4604053526473782520512 0.4178738865434822313816 0.5045552363898007097731 0.4636194552994666873147
0.4541936150500214819381 0.4987842902264197353368 0.4465702133175222798833 0.4855584659149198012429 0.4713111656143466055013
0.478578442876490650626 0.4480474227539922305041 0.4752892876004096156528 0.4541242270474203368558 0.4569552703360095224916
0.482515153612657343718 0.449651170355303164694 0.4891610723120636827765 0.5001613121716921295246 0.4740364276480446004136
0.4491330342492660943066 0.4779877340172782318461 0.4863258227824552304419 0.4731577143081610592468 0.4133728884020998473048
