0.2653008384919513518163 0.1468091923086465577786 0.1854236919211057765811 0.0740053829394347606474 0.1793653857362803860642
0.2645059831197331678965 0.176842994834313871344 0.2379964230296070792914 0.3735056099272730523175 0.3212453354877754518881
0.3037598625812434893767 0.3066849302456881032342 0.2710346629411671814935 0.3310149138491438880472 0.3839953119836871930914
0.3170954414740182469856 0.3761410441045292540885 0.3674598141453016553193 0.3281898421877773031063 0.2775477822624781709671
0.3647809569432881038331 0.3389001433526991902134 0.3111201160739170967773 0.3642704486390945239904 0.3564194837233735091431
0.3161678492061415490788 0.3454783976596188521668 0.4383041009009285282616 0.3641562012744183896018 0.3698116211523939100836
0.4108604052116637261882 0.3747907988607868667863 0.3838791248622219764997 0.3475618881865790710251 0.3819387851726956384368
0.4201013414635774712025 0.3805195136695425084383 0.3962636138736111979242 0.3703146573366372651392 0.4303746831202865386068
0.4094319974927489447225 0.3402715990522469646784 0.3825272916120129318429 0.4427974383214662301711 0.4108471232008845674955
0.4287071223749431281291 0.4388200223140618638773 0.4299871726560840490272 0.395704322948182252162 0.4390044110889188555547
0.4140307028753781870556 0.3862228065248224928574 0.4482893912960065341267 0.3834132463793506473415 0.433001170155084325053
0.4339786123453510113812 0.4201798165609152424516 0.4256748441480329714359 0.4248692854702062482453 0.4063455164503093075545
0.4435134377422721985162 0.4098443406695365109904 0.4267397822528358197758 0.4728076112455880664065 0.4288301560419071067898
0.4234767543262860090003 0.4411038849340422896006 0.426723061789360813556 0.4306704710315686357447 0.4300614000276929416167
0.4199502473177462724685 0.4566558970501730096991 0.4298039604986089168293 0.4308637590029293917837 0.407730497093303723144
0.4070305295339818885125 0.4102972402970691545576 0.4185823625544839998724 0.4142206899886327065019 0.4299876004277438656942
0.431110570268177839548 0.4389880704073583217451 0.410510380911511929547 0.4106944202072428384831 0.4308148039179611754612
0.4204129667548514581732 0.4373069957755632564123 0.4586081095112656824675 0.4413414529871318991994 0.4496142801839085323401
0.4288141885879516723712 0.4274202601750958230298 0.4435445781334444448341 0.4629245565968439501958 0.4568453209350503696484
0.43155779247651476771 0.4353871391892411013558 0.4323279372485629434841 0.4460631286928278815829 0.4432724053279172293784
0.4380829404221128764441 0.4433734044151696473968 0.4619800125638034993258 0.4532470980874119259596 0.4447680882518685319127
0.4118892038128754151671 0.4506687706328353359986 0.4472316053123274182113 0.4507813849479374024298 0.4279218677620375554937
0.4432059669067870966153 0.4385933536166438662107 0.4281092283509218554549 0.4426210207421263365113 0.4759999855238784549627
0.4339054023613039823282 0.4695540279483420564866 0.4698705471670387434635 0.41835785970695066327 0.4615704050389837775903
0.4463781101550911567521 0.4356681314458710208015 0.4722679368619384643324 0.4449038567799893928445 0.4304911612327359526908
0.4366028138397659019709 0.4569921463269185357703 0.4770446542680441548434 0.4424364416239214836679 0.4431886582465634494277
0.4637041196430315981303 0.467887488332924594836 0.4437184440694737497246 0.4682515017323731765231 0.4528328863161879547228
0.4411966913308404958372 0.4573885139766770691061 0.4682504660514699157403 0.4541871815050334548758 0.4427939858999946909357
0.4377544570403713586337 0.4297659370603288953028 0.4818594647227237848242 0.4649693657714076278076 0.4753071629651358098734
0.4398038529599705981354 0.4362828670415460075027 0.4617445062719007786711 0.4513229826959258561558 0.4616586593951182426743
0.4615366063587549860792 0.4703800011432118788335 0.4513159404486995485151 0.4627448993390577136608 0.46559605938763998223
0.450471878984332996243 0.4434475610932935851771 0.4531531072264969317587 0.4775846920170800369299 0.4454011725363417606438
0.4699324199360399578751 0.475396925656389635062 0.4642535041906843407133 0.450385316814868541524 0.4722097689631280514888
0.4589878488410899515237 0.4687139328824106443427 0.4643407559177467613942 0.4535681016414881416843 0.4846702913456919503687
0.4506663697245513744427 0.4647489598542225985867 0.4631321121183546440925 0.4550830099322534794126 0.446688987403514037311
0.436953148796440593582 0.458445264123472140394 0.4532488183764313838253 0.4587530485372863231497 0.4564522564627939704707
0.4704872908940065379113 0.477816935773045015079 0.4517705434703092604032 0.4837097685826437509782 0.4682942810283172718755
0.4843238604834360083728 0.4590971359053819811358 0.4777001738220022497572 0.4644131919969576860474 0.4627125020552687595377
0.4440692164746503078909 0.4663392394315201139321 0.4694437247750337660612 0.4672936364667413799978 0.4660348750465164169299
0.4440466072355428450713 0.443609132197099409467 0.4496277662861163371133 0.4855134444095955403853 0.4814458243519677549394
0.4532538390141028772362 0.445667782499443831945 0.4658521773661809528555 0.4679304800132856878569 0.4561961817252673245804
0.4705468752492644735064 0.4552354961364112329036 0.4698043856694808506624 0.472590119720707635409 0.4749866798543064261295
0.4665844501226484308809 0.4576223538424881165376 0.4706585191198054407558 0.4820053345092086272139 0.4794429067564937030355
0.4726180934865613636475 0.4729733981690498190176 0.4519818771402893120559 0.4695421664930583549591 0.4633409594164609734968
0.4808791793932962188585 0.4513384058210275773249 0.46267243141341057866 0.4569058866023611997775 0.4592161503638647057635
0.4555208536153824150361 0.447769464970374064805 0.4713339683862732276687 0.473038988851937902691 0.4587926202582134904695
0.4596121551709236308092 0.4684131698592646775303 0.4623179526394313731963 0.4781675549076879194743 0.4621093175185744805766
0.470942538910879948677 0.4686131386055087943987 0.4423873536291689223532 0.4649826013185641149228 0.4657290635356901020714
0.4564876631427780551142 0.4749611158355603879322 0.4837103577914641516777 0.4529613105816309159835 0.4600907613531494688708
0.4762191150095022029731 0.4515826397835079331067 0.487553284788471597011 0.4694967685222786735189 0.4749941199440303463142
0.474574591849854621195 0.4666094407434674962154 0.4746464768107563347854 0.452054471501090959773 0.4874649401789581948385
0.4879980216894435618435 0.477496176098809510524 0.4655551127363530272696 0.4680116351244411054822 0.4636998861554889050929
0.4651670938251282749754 0.4526804742309725182459 0.4602015438546532832831 0.4737042548716201562087 0.4566976363023895757465
0.4711589394743186942627 0.4667834610159440345001 0.4663119389666507408343 0.4619851348925828049552 0.4594208603726762096819
0.46016702540399195831 0.4890184422304313938135 0.4764846708468697955574 0.4576992705798776372994 0.4578358757168230486201
0.4692066462592979214641 0.4451239606329542297658 0.4675365098426655929842 0.4505210206155106367198 0.4537949413015830435469
0.465614174461725705001 0.4631889818429618110862 0.4629741795177702012865 0.4560227466918019278985 0.4498147000784591398315
0.4718870165070289668385 0.4767361287636808220292 0.4760488546022871303443 0.464892085279072386772 0.4717228028718108423512
0.4578490660939877887614 0.4680889069192665230545 0.4632207680586625242469 0.4640107148755117649763 0.467988188090161405519
0.4493431305588886370828 0.4628512377396621357839 0.4686157326961167823853 0.4607427211633854380324 0.4668139374021573195783
0.462400736198982142966 0.4717482253520814405867 0.4725766823530033189371 0.4587930340802499062924 0.4690163412677006427032
0.4750371432825074013984 0.4799867604284264732684 0.471075109980992889902 0.454581009303437977298 0.476596257788749699813
0.4599449642563971374365 0.4650005772336165410508 0.4688734547944646280371 0.4747234523774145897868 0.4677377098140080846633
0.4796800522299187741204 0.4534128684411450338487 0.4750933990186548827594 0.4695693174090055377334 0.4655130505006385144284
0.4755106867047061980358 0.4771595212047056722149 0.4743748752744445518204 0.4687449888078821791382 0.4723691291490716981372
0.4852300101389500630589 0.47394260574877600245 0.4679154214448280058036 0.4772248457298500778911 0.4715270291052010009913
0.466100183891969999106 0.4649586822824735010684 0.4582386376678541650698 0.4634362680055507111021 0.4609109828239078554546
0.4715367076092683018551 0.4550276071090189056179 0.4732976908092280110552 0.4666096929568876450212 0.4702489140067719342042
0.4751150114563253978872 0.4698531023935963446547 0.4644913089262282523961 0.4734471761488343588553 0.4741523621712968594721
0.4567041634891677026609 0.4702006434187503414179 0.4709682991995172152144 0.4575116569572084124218 0.4522127642429075167207
0.4620678561662759364914 0.4865568310403035057199 0.4719726877155460131874 0.4564847211945762817109 0.4650965361603215386666
0.4689191082677314770244 0.4728331612355951563131 0.4827464599718422899599 0.4700233008201497586498 0.4628882926289673571674
0.4581730602491578818736 0.4760478260187731014419 0.4780011661255428312423 0.4773784944412103325995 0.4657978045444340908787
0.4677445923223019219606 0.4672936418636021160822 0.4584532024129562288728 0.473960233448408430057 0.4744501818267762849324
0.4739724152432034376403 0.4617031789120357165856 0.4642650942575624051223 0.46867117575015149189 0.4705391269575290302818
0.4715422787343507837754 0.4424447987180748498304 0.4690048584151039756662 0.4633466361829165491848 0.4790508627901100546786
0.4581753471286066914381 0.4649445404959673955325 0.479716103514279401665 0.4703291296217813055591 0.4650168593519086734922
0.4643176808798506471909 0.4550365915488107093623 0.4560298522765913187271 0.4663170598533273314423 0.4816958470954292859112
0.4810719494966477216558 0.4734132775611237242686 0.4740453600556527868903 0.4755835693646335848861 0.4713582052070651173814
0.454525672714180817291 0.4726504972636579871015 0.4660852928792216243181 0.4761929658612396587536 0.4684559910574566665709
0.4553558757077081908804 0.4654909981391394113714 0.4660226965325248715821 0.455291543070829363149 0.4740316195050225389629
0.442874785572029749936 0.4793672123656322336949 0.470388878156231982075 0.4756996167801971209244 0.4548970095064021612608
0.4651994567720672546507 0.4605287112864364096332 0.4700411710930821884702 0.4596421886282230917509 0.4686879772832107660108
0.4636899465744129811284 0.4707300690592421954506 0.4720521155641962951499 0.4707598060622885660642 0.4733190139789739125931
0.4627275155185067156971 0.4470989343675163540937 0.4688677560241991115753 0.4606257524362658561934 0.4705548217620031947739
0.4626126235760014693277 0.4558341962713379769134 0.456535652655610579842 0.4808990150524611317806 0.4665737797330299918563
0.4682041735516523917049 0.4702536447785232165408 0.4715529933581473209792 0.4675820802744506399229 0.4539037227878689462202
0.4809295182109083466315 0.4720686255770912276297 0.481161750613596561621 0.4429855321906477350069 0.4541100411897390776161
0.468738866864569336812 0.4700486965466535993485 0.4634501634106449885486 0.4474020654810462183093 0.4627534531998098721317
0.4606400229345199437425 0.4626194961018100793027 0.4653407791566170903508 0.4691166451586598062917 0.4867574032480768142506
0.4618392467555786917721 0.479710560557672638371 0.4771907092040760800522 0.4468607089933612219745 0.474684261695971332351
0.458183750588771532275 0.4582227312302029065272 0.4641944716558401018425 0.4798650699337173031189 0.4460828498995692559248
0.4544829703949829768916 0.4642979371560674306529 0.4619668170476280422143 0.4663261814940189431411 0.472297600440007625533
0.454696069746538977796 0.474375117039163518573 0.4621145515103622369857 0.4669357808471558124452 0.4682924882515135944772
0.457718187994359482218 0.4624059172656274085966 0.4635824187574396071376 0.4613029679571907792912 0.4709264014088934691138
0.4687793493644771825046 0.4693202982282891344568 0.4526279719326240513766 0.4670828153105675006884 0.4789562485012339720925
0.4809913788783777288671 0.4640392376409446795194 0.473897705670948632406 0.4624239491915932420696 0.4629356631297439350625
0.4775721382709542384148 0.4755137428847201475079 0.4662295694827215397638 0.4548767997973519050525 0.4629475261989893786208
0.4606795307932731731171 0.4700127551919718871254 0.4581742840346789136241 0.4662276863280709893189 0.47014204796321423796
0.4621733682408069032732 0.4672074718749045785238 0.4647330374284031617726 0.4738192487825666487922 0.466600399069295734833
0.4387154525778805269631 0.4824430107691912161805 0.4632225914526431620466 0.4562684223020415652528 0.4669429516942852353978
0.4678036365664378637419 0.4748130818187338841874 0.4811564232385528439018 0.4782645198496688343504 0.4656713630063548103877
0.4646493323540810682637 0.4685489585226922937267 0.4637796728019618064387 0.4672433929482761039154 0.4596210807072260706718
0.4472925664077627705417 0.4783763925947655537563 0.4673399754044533227493 0.4715795557944673088713 0.4775368904565325811618
0.4846821568246145184311 0.4691947667552037182226 0.456260776278303137321 0.4660629504190251237716 0.4585383234162226928632
0.4785579428366427134911 0.4757696946038239005361 0.475991178904214773393 0.4644397484542462373192 0.47416759196410929178
0.4687953984519958594568 0.478340850098057435158 0.4706500169033558944598 0.468532928764939959887 0.474238500056462231047
0.4651144871753304932405 0.4594762267700764346579 0.4533565239994231665932 0.4704408095806322243071 0.4530672861438816423352
0.4731489853438219372883 0.4624324262241512051297 0.4747516646922234628825 0.4740459419968850451887 0.4498246493222267661238
0.4813329061946065023925 0.4647963486297949642356 0.4735602689283400223985 0.4727597802529223125489 0.4721374309289123050171
0.4668624669585270114958 0.4727923898336036101497 0.4784863665694048528998 0.479670907167010329708 0.4615925156453166144921
0.4678401770127396663845 0.4626670896014494216431 0.457673995613806339211 0.4584951299929859724891 0.4682129514900470468319
0.4663599598150955372056 0.4770091921420253622266 0.4506792338635562389371 0.4709178674959815236178 0.4737715945639838777126
0.4694631322888783708791 0.4742085746358554732005 0.4733060699031774176682 0.4548821180370157257755 0.4611014422527779932359
0.4722970497149417412608 0.4795158077325454293316 0.4790816787591600789398 0.4614147949354489575136 0.4776301779556351712053
0.4764098904789586530484 0.4737110360958093346895 0.462252753214152545258 0.4727851888070053743007 0.4670169727731771636137
0.4727281929165921825486 0.4587377804061942843106 0.4680567233403236659939 0.4665016648302018897887 0.4548815661295869672287
0.4710812007511835930451 0.4656641102775145313331 0.4653113589532922311776 0.4787683423874430355127 0.4675642090695581454263
0.4592515341492245384281 0.4700036062966569949673 0.4622228987431741265013 0.4522013507151310118815 0.4610985186664803281431
0.4620358591356854005561 0.4644416752369918133247 0.4814116319375063013375 0.4718175681024299739086 0.4699305353174577648545
0.4686409169033907695656 0.4607869940415008636059 0.4715032919915127518351 0.466017767228808554858 0.4730431744016793116359
0.462589877755702538753 0.4657671451533228479391 0.4702415185586969470499 0.467481974806956523949 0.4670442104842964514688
0.4543249436874030600109 0.4581053638848295861408 0.458418239280485750875 0.4697122343595603322086 0.4612288296535081988381
0.4726246879125247657427 0.4661106306474022131781 0.4627558965885090747072 0.4552774148262984099667 0.4635771655293505766338
0.469072837548346888159 0.4609220646820862410387 0.4703687765214191185414 0.4644191319649547122772 0.4584251920674138336409
0.4655877527775735824633 0.4677262109083005769961 0.4648616381428902211148 0.464316838589813318805 0.4480895001401275501429
0.4689549621347781638292 0.4460950191034519507483 0.4559680355797563477971 0.4764484757947512472143 0.4691860364044554976282
0.4689468715630313866427 0.4724313815248659675916 0.4704310045714859556121 0.4703592146972645493541 0.4766337359961357322824
0.4585031006797452568513 0.4637002928129145828962 0.47395025380058031228 0.4734201942509447258445 0.4640174563436635923885
0.4799537337646598844643 0.4744091810529063590884 0.465611209909255974182 0.4807602327064378622268 0.4657064915753367784212
0.4655896914130712160862 0.4642856956470299278905
