NaN NaN NaN NaN NaN
NaN NaN NaN NaN 2.149567372655150965244
2.004563105359624231028 2.161292519839722370278 2.086215670191045479243 2.17844072334583538364 1.748722683838129565714
1.694889485890420210978 1.892201447743377284993 2.105459952678432777873 2.273097359392319827265 2.14891306157167205626
2.122539822265077091856 2.479219424861623721768 2.451371267912355378371 2.301452042800724129279 2.370719248424030034528
2.337046505238533189441 2.461072832324733283826 2.303502543413644243486 2.474589212580166730504 2.346897532064721403344
1.864467769266772601 2.309403811997186473093 2.108362893124104076037 2.119263148144358233083 2.020018077529213584853
2.140943694708688394002 2.190744546902365641472 2.114961689828951829639 2.27514047786671413931 2.298477568448335173201
1.92884802497388285758 2.143609950434812283504 2.296423264436375788478 1.562776278545389141428 2.244173458532120690734
1.873049665796901575021 1.519993988813431506912 1.558178495386813411372 1.815067030914093493266 2.145371232824184293264
1.85223054392786368183 1.922857502240884031153 2.178937156259517227141 2.053205059131059329047 2.12019049523111835498
2.4906282447378118583 2.409009405985334417721 2.26878562478475043207 2.333574538434045386737 2.332682508034741086789
2.396825968651529858988 2.473467729238368217892 2.465397933085883508397 2.458808215675520880694 2.293641106790454742281
1.821224097437423861123 NaN NaN NaN NaN
NaN NaN NaN NaN NaN
NaN 2.350202539039080829042 2.292170388416955528754 2.35253860186717611569 2.254849826628958275876
2.294367228646489120791 2.161594653821699019147 2.333212981756612069972 2.413204651432130365407 2.409964752720000991104
2.468568452877771157716 2.538768658231615127363 2.553811691368415015546 3.070312726374889944481 3.002883104943323111513
2.946513134501252295649 2.860447000987941024164 2.883808095947101080014 2.850354166424248880674 2.856175933323504168015
2.65326572395339121968 2.704719513772520844697 2.893330137187810180421 2.806259816400620721311 2.768666524420600349998
2.862040351186965647656 3.090364155113467070635 3.095113246688405261864 2.804749584255510796993 2.754149485430979371614
2.891513560540456939663 3.059211121864968241368 3.014258405010990848893 2.93668828947610194291 2.802262398689527866935
2.802793003385896319912 2.864141737226590933574 2.78497076979422431009 2.824916217225357684129 2.86199539769526145605
2.846334890192340427717 2.875826720014211357324 2.847513319332494852176 2.865483168351354414938 3.257778732148265188329
3.119739065110100462164 3.188206828400573566995 3.096679559416614324618 3.098821930894673393198 3.099090310292035521655
3.076539627976143886912 3.101026205358541787405 3.075295101001645381444 2.908948164175357398165 2.813274010114763967749
2.772648383089427071013 NaN NaN NaN NaN
NaN NaN NaN NaN NaN
NaN 2.190653293661112055446 1.991523086291516753121 1.697955402851914152862 1.587118114545863933884
1.853104548141715657295 2.10379969220183582479 1.520088657631896600364 2.33419801383661784655 2.265171241866659634923
2.121700334264437604048 2.046095368242347500853 2.217157272763394360027 2.184311958590577251726 2.257975131198129759014
2.230301312215130504768 2.390989991958116789306 2.433371140093075979394 2.462291087823852198113 2.003678720275593239109
2.07805349480946821572 2.06607204311469327962 2.10050449818752582587 2.274187389817186932817 2.06097182769755260523
2.480176421526338881307 2.652258886366678503066 2.367978899785618818186 2.728239070610966265917 3.050146351944650113808
2.520143483002650341973 2.734363365291422098835 2.946953748886271373664 2.540216026728012721492 2.036278297550039972919
2.698094187745776473264 2.390737811225034814555 2.120951374133990263715 2.528680028576495431025 2.478433448895743129725
2.523142883150470527909 2.568343905070597177343 2.48671205821811902581 2.512023828003433933986 2.356414271594022391554
2.688164635431029569901 2.217410690983103727092 2.403461005051438448277 2.313760407738689295343 2.501826843142280321075
2.603829605878264175089 2.624458617472398724857 2.754497202282256029804 2.162792522654500171342 2.39713865057184749574
2.799248740083567277281 2.547781266899415975047 2.533401190351614040708 NaN NaN
NaN NaN NaN NaN NaN
NaN NaN NaN 2.952104839680905534749 2.891472880401907197268
2.317547200280841490638 2.755191896269367557437 2.768607679084626571608 2.536573703777547095228 2.451038425126310649205
2.740559711340905924004 2.555561602417432354173 2.122568309978896561319 2.096193068075579368781 1.99738014997781787585
2.07239621512681893023 2.241765067584982951132 2.217969925878217285486 2.215478134595595616219 2.326021986827221166294
2.477218624485507003641 2.444021696098335638681 2.453539841693873402306 2.371914238407666353226 2.443161091669918238978
2.601891270296350811009 2.549522256417541044016 2.625969787708776426172 2.712439800429869318776 2.665425138692937956364
2.637348263866460484905 2.298883927058374965213 2.607228306762393810203 2.660036428766179295025 2.570852615903785665097
2.452299756371079997308 2.473071910463051192863 2.760736972373778019829 2.815871144690852201364 2.574284025668583275603
2.81044017834884041207 2.704176462245794443362 2.878283984578636101048 2.463614852826093493121 2.462236785429246843648
2.902780348569473201081 2.717193216250333609452 2.849627264059455100664 2.79264151691958062429 2.578638277562113945152
2.524009234989987415787 2.302463985011544256309 2.463658590585867003142 2.605243506117115526166 2.086437876099815458275
2.843381339719165179503 2.736176440890635053194 NaN NaN NaN
NaN NaN NaN NaN NaN
NaN NaN 1.833718726319646386003 1.773353066995166260611 1.71096630077370104317
1.886789043153928702168 2.059876445699587499405 1.472966883549954530963 2.274320848019771190707 2.346466748019826464855
1.932140988618219035189 2.223320095753577252395 2.10897874135671692386 2.059166119278537099291 1.837551714352862575197
1.903435087705964923188 2.026392638756693287405 2.207671435821401573207 2.109099029587930385077 1.917724786109701540227
1.951006634929745686691 2.035672985371057563952 2.005774877215883655879 2.101779490261876048862 2.128628713229306246291
1.940476605810462995549 2.164743102419548037574 2.128847772164303098208 1.836664148190395584592 1.974241413841566705756
2.004350229376782088764 1.568128772334503651109 2.083910553228750295318 1.984413355371834830621 1.996300835737630174904
2.201334756232742329018 1.894300570603468569786 1.977867356415732302821 1.935432818095550899784 1.709212389853806746132
1.698970359851021294517 1.696529226883795260505 1.637740585926022784946 1.509546037128859596876 1.996502141715637890229
1.652838186411584642244 2.147983734806524491745 1.725856450326561430941 1.811227178049875874422 1.745887110618656645755
1.630472210802484722691 2.235684375880457430696 2.148304345935398096401 1.756053877249557082507 1.777473446951862046106
2.019386906293958006131 2.053590669343739349983 2.228565851354761040426 2.34333124438596041017 NaN
NaN NaN NaN NaN NaN
NaN NaN NaN NaN 1.942429591526369181409
2.710789534045211279789 2.376111082301977983633 2.379813194506286144758 2.839451616094673891411 2.588191968240045603977
2.216931380045012556224 2.13987517693384887707 2.468558302977940765999 2.065778173020954788797 2.29786976621982930169
2.112085694243927225244 2.516000210872585629573 2.092951578188927630464 2.215068709141876812652 2.367605948292836881564
1.77287594102797330109 2.39423744702844265575 2.230148894654623514811 2.068333162722612694751 2.657400839567297445853
2.334284691214484119826 2.680784046986325996897 2.363560764266267710809 2.54496641851073679419 2.262963413993804628888
2.510445433373095891483 2.436533898999509339944 2.251682416117039231551 2.25965763328735347315 2.470668124103230223199
2.279208683460899109718 2.340254807020144767193 2.236104619189277720182 2.068313566343814358106 2.343336127428623960611
2.334173292053050907668 2.715580372832550271056 2.48292922308116059682 2.123977595223260017576 2.208896675512306728706
2.200217178112005900203 2.496125018856443666948 1.913747709088742254835 2.247839690962030623211 2.207074187902541062556
2.230907642553902725524 2.182825876802291453771 2.438060608190305789122 2.451865282044670468764 2.495736414194626551222
2.638982550093611934017 2.539011714768891092575 2.795385439016638162713 2.326279866185615219365 2.522306857746001718112
2.413688590457249816268 NaN NaN NaN NaN
NaN NaN NaN NaN NaN
NaN 2.36283429435023561993 2.207167300275570287482 2.197340684412834477257 2.419205875264397231916
2.219209021180954088948 2.118646551527799459791 2.292548900673806233641 2.338264231737059883898 2.037286580523670398435
2.383516279321843622796 2.39767072951536475145 2.088773804494777674989 2.676397286159131194694 2.636532715474861454652
2.544228341951780159036 2.2937222865435709096 2.578570492466787378305 2.394895898554300739391 2.135270566856473983819
2.108837488143086691395 2.595425937704286312169 2.351724810055745962245 2.204941027398904740409 2.420091089962305375138
2.163343077772698741512 2.093774721897293744632 2.41268238276308766288 2.392229305473894562795 2.581614716826998279231
2.136262564205097636005 2.463798727331154125864 2.519262831248424649999 2.160720594179259101963 2.21133687940477763334
2.115904182212426487553 2.409168694711700364763 2.310118857402590375472 2.22899189079436288452 2.431371563774927579971
2.254073130697187288263 2.155097644601385198371 2.142298752464584232769 2.121776066048847830814 2.226735452107592827531
2.328846080279355579279 2.377754510402550813808 2.470267183623629403399 2.356916687721389180865 2.387352192340695289374
2.659041496249088698534 2.202022992646964549834 2.37096887044592996574 2.416292906652166561088 2.287033366874498874211
2.163804173917065476473 2.14152031727579306164 2.330850944408644043193 NaN NaN
NaN NaN NaN NaN NaN
NaN NaN NaN 2.094701070937060372046 2.036937335075655663985
2.401920585445505462729 2.12178644437418650881 2.261408855671074746851 2.562970105989328395424 2.105992100110310349947
2.25148515430113072 2.039442356641268716544 2.014827954230865358909 2.499568051946860602897 1.949049144068955019549
2.341006806150481622808 2.321042575914860517372 2.066345135351360884357 2.141087864517444483425 2.26227035328818715243
2.060909536323819679637 2.219527466591476816404 2.047230470190009476994 1.998417097095547712016 2.10883680668142936554
2.004612182426585675898 2.012971166216469764976 2.550628922364477801921 2.20593122589040957493 2.471337984841847301709
2.974242765268471089257 2.772867097750752574115 2.978681139502227903648 3.05105602362636840752 2.517633534674825757094
2.751328588030528710107 2.51767366836197759028 2.287599739626179573548 2.696907917419332889608 2.733848642160856101668
2.425093721745356312169 2.497363147227677604434 2.171889719083137659794 2.116273360457425756209 2.34962564348674751713
2.21793895514191508056 1.963015983005364617497 2.187634693091220938754 2.353090324862325388722 2.138455211670799993584
2.456695315884219965596 2.473289545573651437849 1.952858078434150934655 2.449023178214019047516 2.423499093363747913799
1.97911876228943794942 NaN NaN NaN NaN
NaN NaN NaN NaN NaN
NaN 2.393333246500648492372 2.797706676714076134971 2.110580327822161539331 2.167672105015226335922
2.590316427992414016757 2.307474324809610344289 2.213045987089853117169 2.559049170185207611183 2.454513385979594009001
2.392060707296569166402 2.345150106740971462926 2.752786449112279321128 2.65290471864430887905 2.621316482296662364604
2.798759585331005883546 2.79213832522054694607 2.688555486419707651891 2.611616927050097736185 2.532308236257348799114
2.556674062852974493865 2.616617464701097794944 2.698534101286278019671 2.517673174508826772211 2.682510701200336633576
2.673453742387583709217 2.752252209876187016846 2.331573842425469056394 2.419016149165113649389 2.681047619625925193532
2.3088636294707831631 2.454758308259501919935 2.760897382160447222077 2.553882909355541297458 2.915579708659131075166
2.797810252408129638724 2.771085505808358995239 2.700753006178303383678 2.640435932351404613172 2.977180175502561532141
3.189258538788978025735 3.247731941704479208255 3.179151430158656754799 3.256938966402720403437 3.245506746486417348763
3.244050309462860326448 2.938034503398498031856 3.245307607609269950899 2.940839040222539058078 2.795638215242042257103
3.255108532667237764002 3.195758176787080628856 3.14656445752109847902 3.173704554502668528926 3.150572778982916322121
3.20353618402449979996 3.114067668583899273216 3.128426532392072356714 NaN NaN
NaN NaN NaN NaN NaN
NaN NaN NaN 2.023993046149479724249 2.070180552089412984174
2.276510276553322942306 1.891794608915199127352 1.941703522967603401383 2.074292190968756610658 1.93856234754585599056
2.110327475279056841373 1.797555950061900498227 1.661108879059263632172 2.108380783955509762961 1.604377776822820900193
1.652890543337280471192 2.285999615890298652943 1.959816751877912821556 1.844119724009926741815 2.271525724906369614331
2.315633185879525157702 2.005675312730403447858 2.570762165053524839209 1.886298440271884757635 1.849493710846748850685
2.015266745652973146008 1.851358758088941902642 1.75755994943293503141 2.23090028066438605947 2.064470611338701466764
2.082821673165019316087 2.480041467435817548193 2.029452988633630106108 2.017233555792818489039 1.853179681112203214255
2.119195846782006675824 2.052082834798425459155 1.936720963455129673747 2.204690253434450575298 2.071431759236721958928
1.956335418590818608919 1.881169920661324157507 1.662845606526778485801 2.137288181463949943151 2.258770107790461167951
1.949886371779178562136 2.332327269604266728464 2.417212724751403918333 2.527218998275589711966 2.331417664317898097437
2.272344482369854201664 2.620765555939878588276 1.885720347198177382353 1.750630951090935250036 2.684864177138277963053
2.060911356682310291433 1.75713536880170129173 2.193793331223006681796 2.218102805976513547392 2.183299299828802109147
NaN NaN NaN NaN NaN
NaN NaN NaN NaN NaN
1.99412784317714475435 1.765688408474179293961 1.72831397140901565912 1.778404429204184067359 2.039863160396893082549
1.913558108077376473943 2.107051400573916932757 1.919713260712857305634 1.910700435057523627336 1.700053200017272780897
2.036526892345224659664 1.924398580334779840229 2.117326944903905605599 2.120198757554550006432 2.067922124468559275101
1.934522525732673026155 1.971758698723532932107 2.223238768108652951838 2.394762596225217698986 1.649117741084955790498
2.026842727061786586518 1.886641109422975137733 1.878653567225534004592 2.24999305123322557165 2.139738803629093855108
2.086924984809467531477 2.324346589870272428158 2.359805491545332589709 2.178878365271301298378 2.40560833907144600019
1.907568294994589797042 1.764237309825044786038 2.131771091847005195064 2.008297198570825337072 1.697346339993909936084
1.745290017640148905187 2.168041565163337569544 1.880234430509760468198 1.829071474242779826724 2.053924042825332918483
1.87576053960384880881 2.022961022351358995053 2.139098253717645725658 2.237776259686696356255 2.182971061836123993771
2.26785992095895538867 2.529608711847196378386 2.335957745989478251403 2.556037229085334150369 2.707589949201215873131
2.70976766094850729516 2.477294911233666852013 2.746042781927678255727 2.578220924781322143104 2.748982372937473162011
NaN NaN NaN NaN NaN
NaN NaN NaN NaN NaN
2.178943059741719867617 2.192088305943381776331 2.147056078071056361978 1.994984661849265039635 2.050540561900583647059
2.07366787886067260871 1.72318915963117946788 2.123309350833684217008 2.240003256261182684739 2.00213644220652264849
2.171395732162616720728 2.311420541358081948147 2.279342753479967509378 2.347627668130807254698 2.2601614006007255675
2.368940510671746935145 2.316560579548370579772 2.424905202097726863997 2.288135349880436208991 2.17889322753684444578
2.186810683729704773981 2.307809663034364078271 2.419530986059086341555 2.352985431713487507466 2.110814199355584452888
2.399741446078869966385 2.125882182436172218587 2.328400201627693011375 2.410621967429635414959 2.315369050860573540973
2.457172935362733845466 2.225801480877737326125 2.186274103241768074213 2.157045794613603906242 2.285299095886779152664
2.489279829374013708332 2.150142678895360148772 2.261543641762957967956 2.323605881068518730359 2.135742736293436472295
2.452930098656095125875 NaN NaN NaN NaN
NaN NaN NaN NaN NaN
NaN NaN NaN NaN NaN
NaN
