0.4468028313264389983495 0.2006170951105017141725 0.3632942503675152812193 0.2668151244409321387607 0.04278660167915133288874
0.4825523317665434408497 0.3713461470601294722726 0.2304898665326589324298 0.1872857776863423306946 0.4034675510997842717842
0.3429102274015783935468 0.3710583513549081113858 0.2169463297770665710651 0.2653086533702112004285 0.3277084647818495066751
0.2917758010553481162752 0.4798138396873304345469 0.3894082459444921373581 0.4083834988048033465269 0.3889238434094886565084
0.4199705501578526178896 0.470722965575957663642 0.3286011945150663082771 0.3502573731534661116704 0.4661709978105271767745
0.3965885031357078149838 0.4540657725956863677297 0.4262649296440536028641 0.4201787770440061908772 0.2836853079114516895665
0.09518075746838289274976 0.2951943485116367837939 0.4275086598647395152994 0.372141904169379811318 0.3957612968724339985727
0.2840638349311370158823 0.5022577305118059998179 0.4476918884422522171285 0.4969641365154977563634 0.4313913497457055323814
0.3823722363385329559016 0.3774384448859346430361 0.42085772083138989208 0.4808712609925181458159 0.3587622793728469372532
0.477793398569165084222 0.3578929411903248314353 0.4880870604180516103554 0.4995951223965587328912 0.4446658631138264428095
0.4644611900295234074854 0.4451034947366889205078 0.4732093042783082625924 0.32626733169371729959 0.4116018395700516974145
0.4640169642106133363058 0.4921655407426775985513 0.4370062995984317910647 0.5225315396799121714366 0.4256967125221616798925
0.4515257169926303881802 0.4246863912916107319795 0.4705284604629982325719 0.5282913376026595608792 0.4700855777061832552199
0.4723033110227977671158 0.4386473320861433711215 0.4826933200182914052156 0.3287744481952532549229 0.493103462602910602719
0.4762438957398829053602 0.4885986400323734657469 0.4201379336147034737614 0.4451702040061123466508 0.4493208880615631728439
0.4419423237643019253262 0.4119645235016693440855 0.4990804526950127772977 0.4470210253570994773931 0.4722522140340401630709
0.4908406254292715931165 0.461913588450831025245 0.5003106589842933882295 0.4906059506560691563237 0.4757582306075382461152
0.5097965855673576296425 0.3984824796471534980036 0.436534150944218157786 0.3903482191562673842 0.4798492497702477876942
0.4519867908789195753982 0.4603182853664258833426 0.427828726754578614333 0.449875331766530883737 0.4759870295712017584933
0.4995916106044264171082 0.3963281478620650499778 0.5186728817599084440104 0.4604740964355298338262 0.4647178326436453010828
0.434377038339228971342 0.4684404366162469579571 0.4897583221369873340834 0.4131272849670059033045 0.4910241330508760548845
0.4404192655721681504133 0.4763171234816848675919 0.4588803997370654585986 0.4583555543788550568074 0.4902572692127376008386
0.4795566088301272400507 0.4732922549765127273602 0.4419573040782840966934 0.4656011728927256787536 0.498424216783963536237
0.4689951267279126589926 0.4569407237470333171814 0.5342854397347844841448 0.4681920521396216172683 0.4913701717935794466285
0.5103207519076187193008 0.4708949993050251525695 0.4692724524807626584888 0.4686017317217746613878 0.4941101383471438457384
0.4861937886400055086611 0.5519462641585857198834 0.4693703785996601318686 0.560731119372842812254 0.4821070769528522648173
0.5016786499861042303294 0.4703485275006288324207 0.451402859452036786525 0.4833024833932777486467 0.515092482384949090779
0.4469792148367085493632 0.5124426223144161740564 0.4873123638545430180713 0.4890302304941194777577 0.5133432147845653492624
0.49760080976135978581 0.4486020444328309153548 0.4800220732902145681642 0.5216422842592423059216 0.4967773904233242499018
0.5229431478193794502474 0.4441484246309840289157 0.4624612109294116701896 0.47696379755489426433 0.5328848809076702774945
0.4736036675000714901707 0.5256384441026837883726 0.5083108547695337486871 0.4895589325392642465751 0.4661477283254822912006
0.5197158865220286028119 0.4866726731936903416198 0.5048990035527891606648 0.5045853534725188715981 0.5432188117307441554971
0.4941326238382031110774 0.4938312132063996662268 0.4825676751204711623089 0.5600880242690006172168 0.5059397022885960826244
0.4968061018625464786425 0.540639279766402025551 0.4888340019504666122963 0.4931949517925929837858 0.5145354128285006822807
0.4997848549991104061263 0.5273837979764710581776 0.5027153628621919834174 0.5152453760896834600302 0.4873403088561439888693
0.526817878173460596436 0.4771434356524579811776 0.5063847045194725948747 0.5151256739392606753825 0.4976748574665832425268
0.5071940324493610097178 0.5138476127759264988626 0.5287087127771586958502 0.4850289415462882836039 0.4757549662183142569205
0.5146998335302648275302 0.4655594449234955467531 0.493773286473475570002 0.4886142318948089591224 0.5160860153867600219613
0.4942137715893932248257 0.4849023059869364549179 0.4941722900849179755944 0.5046750514386004748957 0.5194433314990327676952
0.4665933270527148346574 0.5179011854576944795525 0.5368650142126866198211 0.5226950904961668031845 0.4842084037259994921953
0.5022077266808259166098 0.5223627828057973987441 0.5055051668822344579368 0.5134764704353107500623 0.5008106607513436170365
0.5280638266825852245034 0.5407373052798207790914 0.5078496559510299324103 0.5218549511683614472446 0.5393519660316266062239
0.5604608019035892674253 0.4786413270343508052918 0.5214335796126986499743 0.5402602538329657200222 0.5272569424342535837624
0.4932308246372591464812 0.4976335082272612120313 0.4882274529613375158021 0.521974596321545969424 0.5038810312048952466668
0.4791750127005484638509 0.5357090408483432542042 0.5199306389027409380788 0.5316505759798418884188 0.5004999857224269321776
0.4964619401923516806008 0.5101746040574564045045 0.5276851411230411015296 0.5433166428157891747475 0.4804221758297206323896
0.5366176406733171866392 0.4787483891568600213873 0.4676065299751797077477 0.5361617360271799803684 0.512976817251730610181
0.4537206714735880219713 0.5237131676689306125638 0.4878054031269266066495 0.4770482684645598325801 0.532110588008602558574
0.553151989930513843241 0.4799625350651293143045 0.5530055817212858881859 0.5191445375375606241519 0.5103764632267825396283
0.5325840335208423814706 0.5266551170993075681181 0.5098078707633143524802 0.5383083842233562510415 0.5347859911655555853471
0.5202097539323780051035 0.5399180684261637441779 0.5474520130598803380195 0.4798247262671235802145 0.5421329819577401787356
0.5193540318773424147025 0.4840285277132073127326 0.5504238147506685940868 0.536561082561033408922 0.4849346380478167795047
0.4934349738167372323439 0.5057135933961618423638 0.5100339672578605432207 0.5113169927418441673694 0.5067597701130197584973
0.5315676109452869280148 0.5698877157005407534385 0.503931441347893249727 0.5336543206422156293556 0.5060793858718063420454
0.5051972171718062121215 0.4870956065710012605763 0.530733624542822912673 0.5146580804129260444668 0.5194541328177236794161
0.5574543036310587451609 0.5019260026634355664754 0.5012495204705266216294 0.5072401448575540872099 0.5031741770202158292591
0.4703985970354024881424 0.5218639747979341159123 0.5035764866068099809837 0.5183439888226372138647 0.5019315046062786667136
0.5255579198531559192986 0.4822955777018194667427 0.5376011391649866411058 0.5070894838889724587361 0.5119163485890773079845
0.5559712922449868699459 0.5052106910826700270079 0.5271285884429453005851 0.5598028787480026080559 0.5209293462567378130146
0.524674938342554186832 0.5042317474053061854278 0.48524974351532496053 0.4850724286798553941402 0.4943588595096261584239
0.5286867031429186569724 0.5262861951105471947088 0.5182777916785212823925 0.4864815038134834845884 0.4650555288863426062207
0.5548502556973136101703 0.503751383203814295797 0.5068349990030368568128 0.5360174873863752242897 0.5377251109996750155773
0.5286538725739918787028 0.5419808253560089994494 0.5193087966517311304671 0.5514382438709035660906 0.5180685623627816482895
0.5523679335715619975744 0.4784904983893080165913 0.5382008016530270833044 0.5471780181481246119191 0.5464417012185897037924
0.4935820190486153169473 0.4959387761971156827201 0.4975082811052456976952 0.4925491556000048953834 0.5066143448138397120672
0.5077192380603263721639 0.5648526863884486548528 0.4744495677131493893697 0.5349912792005290240738 0.5357106956558912447264
0.5056386331751868690176 0.5374243442532379289034 0.534904656817290602433 0.4815788430810510889479 0.4896627039231293276877
0.5459659323525466456672 0.5101282483250694221866 0.5550601920698196023451 0.5212140767808649544079 0.5360604915858222518921
0.5374639355853667588292 0.4892672078589432316242 0.5412138101843153581427 0.5127463799821200263196 0.5266495286313208623596
0.5575371863475452327563 0.5539474863091824463623 0.5102264639105099641725 0.5241319440562547393725 0.5191745102938032374595
0.4977626752031911738783 0.52089044542641960156 0.5129485994499968226634 0.5220336724949233841997 0.5188032905473657363515
0.5030825124014081106694 0.5411776847595516359846 0.5231888641523136929123 0.5147731583216405004677 0.470502019796839643373
0.5255750798362633924299 0.5456837526508856450747 0.5269859973471047176474 0.5099480649883206817563 0.5284402986227360043969
0.5533512226994027338733 0.5125549958564656893856 0.5210867816975306432425 0.5371730720332621444868 0.5337131178324228120147
0.5298203461286743465308 0.5215127894238544836725 0.5118260675463759401538 0.5351583089512979007907 0.5173920239101642559731
0.5326924122462237676245 0.519718375656828102116 0.4757913035673936308356 0.5121297796536288249314 0.5403568290337806834245
0.5359189154207550931375 0.5498344739320111251857 0.499800324535012496785 0.5453240170535428310572 0.5119161754434207178832
0.5289513119204355406922 0.5034951154787731253393 0.5462422781097951984819 0.5323655897910924972294 0.5088423336019693987708
0.5024005311771611026472 0.4768672158806782634954 0.5068857949540541696365 0.5245771105129417577473 0.4943551506537738338132
0.5086831947623821070792 0.5208333349136766710075 0.5557532932689726035136 0.5086980642526505169698 0.5210250161532518076157
0.52464006640159044359 0.5483945459177439474274 0.4887211478511975237815 0.5298088225036046150507 0.5232623307298857051606
0.5667802327525148786691 0.5253912896064191206946 0.4877016282053476259328 0.5602287534360338439043 0.4907274065244821570353
0.5221866588778625306588 0.5200616976109687650265 0.5518272820270240242024 0.5153829959236300162218 0.5106161352056535207566
0.530101035580088142396 0.4951670616289687298917 0.5414799118852905435162 0.5024850792908112095958 0.5059596083547082123744
0.4866284347121579978435 0.5287911478595652692292 0.5168546010424590608778 0.5034385155851646143077 0.5399206088236631062571
0.5234465369103767917736 0.516623519240171358291 0.5386507030522015293528 0.4975975956855560045078 0.5113341719767287019138
0.4927976188100730015051 0.5168382408244185377555 0.4926230096615395459558 0.4858041058512240772949 0.5293698362275723878767
0.5198749947073926236385 0.5370634849226449958337 0.5111397076819824691896 0.5018894076415512106593 0.5174361209600842892442
0.5102303540258819047892 0.5506532459648438848632 0.4925630080695360124565 0.5283698407019983278587 0.5342852478898511003891
0.5348839568747100203794 0.5335383529584279971303 0.5147295355191858767796 0.5147444485798113866792 0.5270092739477122423253
0.4620706640422587163641 0.5164871561779644792978 0.5490680317897612683353 0.5278558541871917197952 0.5301893411897893315654
0.5282683298849027986321 0.5013059253462089914777 0.5206040393494707485544 0.4998268594425686051075 0.4974032169804797898216
0.5201792651585592786034 0.5158264592988477392765 0.5326962281124590914416 0.5334530802626760159768 0.5086167958203846595211
0.5243533175357485420776 0.4983659021130448230075 0.5405862544236315070378 0.491637116786039995997 0.5271683775288612539001
0.5194564775719456850567 0.5189332701116552426512 0.5324083928666966114562 0.5179697962417209033958 0.5183251983680481345118
0.4959285675813947524837 0.5297239068859094235364 0.5161594772318337520645 0.5370631943836012833771 0.4990308929460354758767
0.4983809017805317931327 0.5156452223724076189271 0.5502491482969563696415 0.5141260894446553209036 0.5149205282353830348541
0.5465196145413901973598 0.520749791634145586805 0.4968149671197625849572 0.5320206052416394104654 0.5367180647159747186592
0.529996260549187359068 0.5004408005116890434394 0.509226914772732741632 0.5166609423364585396143 0.5344570846425268362268
0.5370377810705397880753 0.5061784733804020053327 0.5218641930466951794898 0.5061082908943389524481 0.4977308120254743672994
0.5085315964222327789201 0.5187460998713689930284 0.5199213964492748196733 0.5493063674095146620147 0.5024578495799690847079
0.5644930515116938218867 0.5262761213934747939192 0.4902159361538387383206 0.5420646178666234105137 0.533035553723501864809
0.5031950651293004561637 0.5168110692211549395125 0.529683977107562320441 0.5137957983172607434597 0.5216508461306745836339
0.5385889708796804953295 0.5011707045625101164532 0.5103667223703319821837 0.5293913997463797205256 0.524579872402500924089
0.5324368703017210435746 0.5141944331467306339434 0.533384725711336105114 0.5522242230484930569645 0.5436820319472585039122
0.5159498590095366044039 0.5275319792067796331736 0.5225423965840170215102 0.5059850216558970936731 0.5036921099891130682025
0.488063972374173427049 0.5308816806043533675918 0.5369762316634111298796 0.4983581769932189375893 0.5372248698577328784864
0.5287759380248187035534 0.5290651863436117707806 0.5022090452515654002141 0.5026786616725854583976 0.5065249593857380494555
0.527244704693697774367 0.5015319052009580280682 0.5068841755344368760205 0.5158920305811265372142 0.5290109200283326096326
0.5378446465329229653207 0.5193184393636740558975 0.5152038822557688524384 0.5205682050272429917115 0.5419956422701330822633
0.5283314895838047142718 0.5038866134149045938884 0.5375942878791384327286 0.4966045563667221829363 0.5271758131732023899829
0.5361304314348640520649 0.4964524853310011698326 0.5091544299752981395102 0.5312493342513168181895 0.5125987629610676554748
0.5395291680311106174983 0.5054482074675881175807 0.5219909246122568236004 0.5061713040292974419287 0.5206875992173237710503
0.5384293610435039179052 0.512798049489127993894 0.5076230955325561344793 0.5338890433752574438131 0.5233913041225239926035
0.4898128743887995018014 0.5474099345718036468966 0.4817390800205118006616 0.4790396208179135140171 0.5328826702491921141203
0.545830788771290542627 0.507639905941954849844 0.5027202670718525778781 0.5213586481356491386663 0.4855664830543353627235
0.508404069051949347724 0.4816788893182359920786 0.5339260876964153634816 0.503880069995065404953 0.5461820192664336159893
0.5076358424228529786504 0.5470145282189012858609 0.4966674456302415663345 0.4843962004508037821893 0.5034195451016693079183
0.4882903534317162286271 0.5231653558023140471178 0.5044492155206572459036 0.504629658974528383375 0.5079919503287586568518
0.5073260999383026881304 0.5234359351707250640473 0.5144989588443967809539 0.5341131263086039693277 0.5233445837152159718642
0.5278633217455644954796 0.5189996838425353642421 0.4732941753574805288096 0.5553183614111976140748 0.549006239363416082
0.5148836085028147824261 0.5526111544851609602702 0.5340070969024283131787 0.532891703332978527996 0.493799573071509956268
0.510433282466508320141 0.527891379723016473946 0.5066400913696667007713 0.515796930232761074997 0.5163581741942834257841
0.5034251818196638916802 0.5227828945885352185385 0.5140074139650027129633 0.4945771562764959550229 0.5023677775149826274514
0.5245611912033129042854 0.508787870134902231456 0.5443542171698827480952 0.5011792244689845521322 0.4987862106126504935233
0.5273720663835403943409 0.5108720002246716074268 0.513326309436483163573 0.4807907488277568530677 0.5397906721821315034759
0.529654222246153993936 0.5329402156199968265682 0.5220948959585383075677 0.49722410592185695144 0.4853998715933985352855
0.5005138533063437922266 0.5047933943352639341029 0.5325790105655698880582 0.520286239737784539372 0.506739411768075131981
0.5138051174110881413881 0.5004375166623603599092 0.5125705629135886010062 0.5254944404208535813083 0.520247864555498873429
0.5377746603330809671561 0.5081103658458938632236 0.4682661814765627927848 0.5009957244958815891778 0.5266389691834174602292
0.5177987770507505027595 0.5348743156905831908077 -0.09986561059633039527661 0.2324031764841086034057 0.3249548548875897391319
0.04068136389726074303441 0.5027683719067257417379 0.3041483450817194511551 0.1710774508846262254025 0.3676164179464901371475
0.4051917926291689897589 0.4439018627221658630511 0.2533824561536314190491 0.2162766711920819096004 0.3208688297815504575361
0.1830860666534169789443 0.4449402882540020587321 0.4969841465087075915719 0.4475543188781549996946 0.2610683679473602136767
0.3534828181630760846055 0.409368033079423099263 0.3726241895673224613361 0.5108060688049781417064 0.4582674463440895018529
0.4844708288723674205478 0.4304559806333442262272 0.4195562729775913490826 0.3180312568720806698508 0.4203728502201510841552
0.4086998728805002478737 0.4557334713566261741313 0.490217291367111729361 0.4297539281004502664807 0.4886529726656071437318
0.3888265598570035952442 0.427430699537940161914 0.4997305151065261075161 0.4471336795367735761353 0.3458994760180811312011
0.40804643123481115774 0.400607511495570778326 0.4443979859682142818933 0.5260316222179552969607 0.1141098692900041483567
0.4335499690218488910709 0.4737033694950459894457 0.4124640245955139561396 0.4653951992825427486089 0.3140172193978537640291
0.4651957093309907476097 0.4774903578491233036019 0.3953573204730631562853 0.4604971479463152439493 0.3971871947016395454355
0.4765633138623736053674 0.4370299969333025225104 0.4829400317546430621007 0.4674418251415103364721 0.4111537774373715259379
0.4686540666932696441727 0.5124705704662116945158 0.4806015333773659414796 0.5030298198222360461784 0.5180461153743283198025
0.3279085970157127882807 0.3767487333401863258686 0.4698524208191990902961 0.4887707364135693288709 0.4813008935905186969073
0.4778374800800943011936 0.4913984490503234825454 0.5221105773161233143398 0.4754893948317093221867 0.3519475333334741162794
0.4658078604319701443437 0.4760620722583803754446 0.4588849776653861622933 0.4711246861186577095104 0.462727457098082106679
0.4651034566068271147721 0.4264655588847304223954 0.4678471156288063759199 0.3028705683905721923743 0.502951840030262720127
0.4771556228372407226779 0.4327930140199109376731 0.4773738659963960850874 0.4301674598804491878035 0.4503283187547209021062
0.4750796387253469754697 0.4172290571556027116706 0.4676829806192004945764 0.4827618233104351563867 0.5343980084059369861649
0.4396451180005285230834 0.4849360381227174054963 0.4603236067137290721263 0.4902224928809331139234 0.4760961102364887342908
0.4785249468678053896831 0.4793802113888093185956 0.4135482718131769375169 0.3210829506947966982544 0.5011706783146048227451
0.5101982898977879266056 0.4647667762119584433655 0.4080250839168467758 0.4726635534074307698482 0.4867173195553882725228
0.4538114536723093506154 0.3994828496859383903939 0.4600291969870952679678 0.5030105783031453281495 0.432083722770741585073
0.4842523070385515437941 0.4547619150296582923865 0.5411567561037379237021 0.5041543608404815968171 0.4649524683693222470993
0.4675257338857246591779 0.4492036079076873189564 0.5063016672774380833033 0.4789918395030416387037 0.4779321937778549522768
0.4651334613925164895853 0.4866519321264762831802 0.5063600274822385172158 0.4738744361718812969642 0.4905414919075751778443
0.5421699036928221415721 0.4603603040726557682483 0.5026685014231639936355 0.4980882857865462365332 0.4899907526012379221925
0.4770375155693186708383 0.4286848716136070214233 0.4671106241531894354146 0.4959416778270449022159 0.5144056558072256368774
0.4731965915091971286444 0.5500858996473462214638 0.4919700371057644794348 0.4590357184391971601123 0.4205422459738116236494
0.4880338853221087291878 0.5031873318628942159947 0.5412557343300705703371 0.4632552605089979014252 0.531456496659278188055
0.4965452612919194486096 0.4967271124484053945736 0.5041251133704776066224 0.4675642302703291175447 0.4772917549632635370038
0.4906008839743337124339 0.4941850749887174432118 0.508788367172295030727 0.5121723918628384719653 0.5181658220443741136307
0.5254177744684320749968 0.5159016290382346658916 0.5327581588881074026176 0.4947577118190896738881 0.4882989779437922339689
0.5378036885901607000449 0.5086651351631878981152 0.4849518474174628335227 0.4975676135706313951701 0.4877437302576450584013
0.5592348103007861448432 0.5359554402234271153205 0.5058187189341794010033 0.4979989051389504539635 0.5157159483923265952399
0.4906030658338683680952 0.4460453972126540711507 0.472381400217165015043 0.4936309635392905348361 0.4959913621583036391627
0.4578477660915982183631 0.5246752568853858544884 0.5133719837582918499308 0.5279292885464603735102 0.4910873083134195682398
0.487229891348284094299 0.5370466091580382572701 0.5013465510783238210379 0.5210326981201194307403 0.4853731016728257130488
0.5346818258695072989539 0.4779289257209483610112 0.4948537759149092551958 0.5543159154509862407423 0.4331074352208280076049
0.4976409587541258394694 0.4874429482753892539648 0.4804765558277794834652 0.5124639960083983147854 0.5110974350126086251933
0.5096386668444360390495 0.5126331298596470409379 0.488629385085076139994 0.4908477743773026480412 0.5308202907550200189135
0.5275727545008171981422 0.539268903565321311433 0.5375973475198020379295 0.4937378257597932473821 0.5525952915981593438488
0.5150551785376171753938 0.4781252547525871587908 0.53734740471077624413 0.4576561154637595052463 0.5276559285179843739044
0.5142974948936299695035 0.5248125224991667669983 0.5393484827063405040448 0.5204325154911362272259 0.4947380865540030869809
0.496140474322030511356 0.5111751753390183505843 0.5661211900889273618276 0.5022845377071721850726 0.4878550364919572168709
0.5512376616399735640428 0.4654743877693074960433 0.4796716767298835892852 0.5065940499175617395267 0.5151310654615824935476
0.5019680189187584185007 0.4796310025103324714557 0.4835620554857588682118 0.5198559404375676651355 0.5601031095814654747755
0.4964948834461443971655 0.5382974709701476845325 0.5125760006237380927985 0.4923711162486169024 0.4854163142752984660966
0.5148997993912931558924 0.4752197009960685836205 0.5365797081575210958349 0.5278626519331012234559 0.5458367394858448795603
0.4787895592061743865742 0.4950593880825052695016 0.5441935198897646097649 0.5444663390785888790191 0.5256165510363204340649
0.518065806854868804443 0.5169482902921002098751 0.4872809760796698030916 0.4733746016934367029094 0.4665484870404318362702
0.5106283782830166595446 0.5194250981677512868373 0.5137669846378760674099 0.514675858554080933871 0.5320632215512597351648
0.5579734585203000030162 0.5575787175805514417348 0.5044954229254537958482 0.51631658651027867446 0.4907343434754328215242
0.5166897307604254585556 0.5266121966854675484626 0.5529060957521374497503 0.5138945971458761530215 0.4985899643371262124347
0.5225407278295579605043 0.5163135943442265229919 0.5029668486206115840531 0.5323930946549456644235 0.5297397090778381834042
0.4946184681532809768179 0.5219350673406044638369 0.5178898462206902308935 0.5097471746616900611926 0.5237482019300135904771
0.4954358318191331989055 0.5499619700359611451645 0.5326120976751944624539 0.5007407048756529199807 0.5060310748299334804301
0.5266856367008069250701 0.528423951017512383288 0.5407845332194156640071 0.4886582339383666595545 0.5113754307675711929804
0.5221429967188427889724 0.5217650100055394313259 0.5173169109382713681811 0.5152241424879537845527 0.5216533520622576025616
0.5132017569860253258796 0.5490747306771628366562 0.5441818155755610009194 0.540739506541828118813 0.5331592120436852155763
0.5533564155768171399785 0.5414739186568434670122 0.519661958264062362467 0.5427554364746073334302 0.5310244870269053008016
0.5376523443050714723412 0.5106014394116021870573 0.4966124625854039242867 0.5139837813258031351538 0.5372011322452521220328
0.5191312702304751169891 0.4891553889174447000698 0.540438546698390309686 0.4960529956526558703622 0.4879272901758074931777
0.523929110188691704586 0.4786306618229583809132 0.5548746172880045790521 0.5287012485705450126616 0.5264081197823686775195
0.4963971709457599690296 0.5207624520219612529459 0.4984291876286732758672 0.4919050632732360761601 0.5134457052318323055928
0.5071094671184256386098 0.5344180903400751470045 0.5074611668735476976977 0.5067782086419354570239 0.5163027151182122409523
0.519955009482216401473 0.5069766688402228549393 0.5297454652546058628815 0.4997085994622429971912 0.5291487600617134079428
0.5312468117463869932138 0.5146723458667882278306 0.5333328550952174396116 0.5514003266090121702092 0.5203736548407509321379
0.5460705319498077026097 0.5522283037129089855455 0.4992830181952496171327 0.5307273882945373610909 0.5789917118373981708146
0.533934279755234664222 0.54579295777036873627 0.4955381637901793978607 0.5257831803244278345844 0.5354581917123459877672
0.5174667387232917414863 0.5291737685525024215139 0.5423028759575395651993 0.5214562657652433985689 0.5373633585035572091115
0.555632944910868786792 0.5731476155078872869453 0.5346535689519393841351 0.5263228528028165431607 0.5186233501264889689253
0.5287053528438463434469 0.5441020909532682248155 0.5331346831621250892397 0.5238887239996047329171 0.482508152848617699604
0.5004911948005916766391 0.5096672870935617938315 0.5201858640101699737812 0.5475042681650794662573 0.5179015295696172138662
0.546722635361265196785 0.5527337018860815076593 0.5291238114089028554687 0.5389136956572694314715 0.5013088155218424768478
0.5101166277752808841939 0.5054179073212460293618 0.5067585305817186025479 0.5263368216248740516505 0.4868380735003627890478
0.5047241084883125061822 0.5631894247437748690643 0.5391504741760992924782 0.5380010073281108473608 0.4784436547050117671809
0.5201502383061368250949 0.5160676486927935346927 0.4957166603089536716098 0.4948945863949960610739 0.5149609646597328449502
0.5087488289372111838205 0.4890700579308809858858 0.5213061983280594668955 0.5443259500733629296931 0.4819013883042709278648
0.5180387635147701841376 0.5282197618397617144836 0.5032813979643008250875 0.5268890458553463496116 0.5590324444430533334938
0.5243678895376078230584 0.5105117961713023788661 0.5182737857710369988595 0.5247673056877698583023 0.4948911444884910859621
0.5383955295737646862264 0.514773593143942775896 0.5462027746691014984393 0.5319323716828119330557 0.5215672093733192404841
0.5157297823591177055036 0.5139284401493831033747 0.5200502351624035624056 0.5359672329142513014233 0.5110620365375807550024
0.5044447219716843289206 0.5205036755742880050235 0.5154981797529075704389 0.5023645094584768822088 0.4927496449638447684194
0.524408038659255448799 0.5064948634924474335506 0.5219712401263049139644 0.5377768458806602147604 0.4877832995861839937568
0.5358733755180880020674 0.5558654257250054131489 0.5285925378511202588072 0.502356105346112302712 0.4960479104598599087161
0.48643251802554887675 0.5487522953366092970384 0.4966397613575582181689 0.501304144717902522288 0.5125332502830791669979
0.5443897642050878893372 0.5110399600333407343911 0.5255272865202117449357 0.5255347173970372764984 0.4846362522264589522969
0.5155485320381439917625 0.5127491978758623725199 0.4709894420390232649964 0.5131780664508562850301 0.5370281753111116884725
0.512417417449686052322 0.5537162492581652051271 0.5231122116721573789277 0.517397997521988117775 0.5300762476711402548801
0.536730018629330785096 0.5402223190344039860378 0.506855267101184447931 0.5265479362306306754249 0.5143530884468485719907
0.52452372348866693752 0.5362908491813057620945 0.52288320124801390687 0.5320516373190433689899 0.5008111241077405351163
0.5054180212800453153577 0.5496910597026175571145 0.5190802946362906844513 0.5395263842721637059796 0.5247607775211565739326
0.5131662587852731105542 0.5141148455509461090429 0.5273565341132703254701 0.5468030378980724970361 0.516062070934609318229
0.5396705800578699419034 0.5626357829043600045082 0.5229165283080827730799 0.5143640243299438807867 0.532929151043373017238
0.4845188508364293711317 0.5105041031648251959041 0.4956024458056341730483 0.4720829864350561400066 0.5007879247804813971356
0.4579065846393193250918 0.5139551462609462939568 0.5143256164936257368581 0.5227616853431032994948 0.527011874298844662512
0.4965340451375215291563 0.5477723443505404521403 0.5394349472795605393571 0.5341818187753686331121 0.5223370976642516261279
0.5133219899782103246011 0.5176083532896551542279 0.5452531529775457297404 0.5089818128893554005643 0.5055745595823973870253
0.521858796960722348679 0.547352140887841787098 0.5041097076481738659126 0.4970917335854809215867 0.50370589823936895435
0.5047550038230497193581 0.4898450534454679705654 0.5202714364414132708347 0.4979166199727605435221 0.5187244522450528139146
0.5145760696112413601355 0.5051283577137815061775 0.5044669066035188942365 0.4833954756669118779655 0.4611496503800212032331
0.5291123081561355245839 0.5158967251943777920786 0.5183307613346161968337 0.5650171480125112388748 0.5384714379630417546707
0.532803711970187277025 0.5106242234222715392633 0.4441951962767413664146 0.5067788307964833371955 0.5297703826026181062048
0.5056696104849245365642 0.5483672786761970563418 0.5421420343739712377484 0.5346845492830036850052 0.5395543319605274890094
0.5401008546908475649317 0.4840300601793047774457 0.5293046117525338489784 0.5366890868563106709033 0.5223129407467189677661
0.5244046711073256927804 0.5063597928336748266176 0.5322137640811954728548 0.5215431623167339214575 0.4980076015676097589413
0.5121565413822635193242 0.5400145589319471639556 0.5406670121207011181497 0.520203338408685489469 0.5087370433837191674442
0.5471180685284441347349 0.5234242581958544748844 0.5041589543260077688203 0.4944451477672126005203 0.4978051025435116794249
0.4997251157494717044294 0.4929939388259041987972 0.5051356274470099050333 0.5198422897458137015292 0.5214736136558786316897
0.5051899359442075798654 0.461489657036057376871 0.5325641451185022523518 0.5004117006619187568717 0.5273567379975206970144
0.5080419065755182872479 0.5551566106755980722909 0.517982031321890024067 0.4872384728905491124706 0.5377771002585631787696
0.5507390621454286705472 0.5231075756950486210783 0.5207598424187900310045 0.5216164938621632440885 0.5149813337217991060513
0.5304547918607920298228 0.517032028672261945168 0.5210888054879857511636 0.507698948478184641786 0.5293642799537432441781
0.5339647629915102999831 0.5275730888687292230443 0.5188024677120807170994 0.5315456294059496267224 0.5067784360077405292344
0.540323025978389215318 0.5254098737929120410683 0.5456737523581419724295 0.4812441401653103079106 0.5114369325168317548247
0.4910385616035256584055 0.5412655849369539806659 0.5199477415322565354572 0.539638013220512191559 0.5178152656832399891584
0.5021686199806966177661 0.5134853217987416229562 0.4819989550502581932001 0.5065634396582155973832 0.5265352883647405057843
0.532341156255865532998 0.5178798605482055616989 0.515918975621390218933 0.4664446923704947955969 0.5392667621226845398041
0.5052592435925421510134 0.5124754062593741554821 0.5471285782522314899978 0.5296794235094323122226 0.5136336556577323353423
0.5165622330315391419475 0.525608736402213394534 0.5558983209566135119672 0.5015222600554856136057 0.5073409854187895806632
0.5361135324000257940114 0.5015585112861302707898 0.510190400218736517246 0.5094556426832177464803 0.511344051094628770926
0.5131214332947698908427 0.4990768688258685470416 0.5148063106112473752418 0.5264599563158646189365 0.5084470453110137011521
0.5421043304543685659169 0.5058126356437167014946 0.5090969046709176160093 0.5325104160969569289108 0.5303524235105135931079
0.5146370994574062107674 0.5448782939457069707245 0.5422463548000264754734 0.48246574110747070252 0.5121591345939812134347
0.5328469274709140002244 0.5074402771629787922691 0.53751895722050568871 0.4862676451850116432496 0.4978420790081902191915
0.5265646400274627270122 0.5088291611618520615679 0.5486656183495451921672 0.543948480159548664048 0.5192767382530721897993
0.5200652260661877690495 0.4974177280079246088462 0.5173014040613502784183 0.5082865341860250962824 0.5334138671884677274093
0.5242671431013347094208 0.509511647745350293448 0.504102732801994912748 0.4999681924641624086725 0.512348348906454087448
0.5454361828467464423653 0.5563892875042069086078 0.4957675539093751027053 0.5295010028582882721793 0.4946236949944770033838
0.5267874883816967557237 0.5120447626974489185869 0.5204413487937301630026 0.5126280002788756728904 0.4463366971359091772698
0.3269474792889104364235 0.149228729761345102478 0.252886998169561783012 0.285038217923978598467 0.3019573212445001986204
0.3515394668475111950023 0.3325805364524570539864 0.3655307177662024953335 0.4494223655574088871489 0.3817046117178449216034
0.4814886054463898834577 0.4507864952973951733206 0.1762974272022945765315 0.4552120091481047237103 0.3140877994857566579689
0.4672601734270592221954 0.4057486741540402563899 0.3422064507937772614987 0.4173209593049292953637 0.4342143852605113152343
0.3587519431616981169242 0.4361610583922591044548 0.4257442655683162935354 0.4113856477301057190665 0.3291943224571903248155
0.3607749998345878283956 0.4859568225827943788175 0.4786592063470287983229 0.3181726148897128791937 0.4566306885235441037629
0.3672807997739803709258 0.4726571801809843487163 0.4705254051132150006076 0.4714634625895716135702 0.3046072281391916103388
0.3327460720605072141964 0.44399570060017795603 0.3263948137055596721012 0.3431463367408684184134 0.4820265352883829068631
0.3861497202208569179405 0.4143958321516342246937 0.3841730609049368028174 0.3956399996833474541624 0.4115373121430938585519
0.4545185171293540937754 0.4140219854647827490979 0.3602322568701181171313 0.4577272577021900823446 0.1950977727551433671405
0.3024651667499844154285 0.3955893782092873012246 0.4297621993980342280928 0.4909687058403385262473 0.4396975338144171741028
0.4387226356752206846146 0.3424860145722736226581 0.4528774801313765197008 0.4562793600181357378531 0.5065005891817691008328
0.3997856810788478210128 0.3786017764250960704331 0.5019693161086293820006 0.5017182793843200094841 0.4965317364393626031749
0.5370847732571455424022 0.421291474119117770325 0.4595275211252902725079 0.3914232751034458224204 0.3491712845375588569752
0.4467829689170051965519 0.5007742389222791246084 0.435217114327405008023 0.4777871185241037155222 0.5037055809425472485685
0.4824810697978533235997 0.4356570884124874587506 0.4444125597378480452271 0.4609409232240984644058 0.4427938761416362889456
0.4224498567381883562533 0.5503511272191082825955 0.3595792193407624792734 0.4953351686757431204811 0.5082235777739775306472
0.4557392504205755034974 0.4740656855297631921964 0.4775190775034519607978 0.4937745414214499972694 0.5024515132890091662077
0.462732114619105516784 0.4998498181237554516265 0.4434552026326035734094 0.4573485707723125015534 0.4628254448171421620017
0.4120257671967441637229 0.5430511518693167394289 0.4566746931046103963325 0.4995824050818288841747 0.4643614690011176326934
0.456652663366219346841 0.5128067439746443190174 0.4928346154557853853184 0.4527320998061721279981 0.4347166013173867638031
0.4782925564486377734141 0.4616369107011117356443 0.4602352824183264523583 0.4677587434687764389452 0.479111510346627189616
0.4297146283495491547733 0.4651595934287952038844 0.5245079320679397749672 0.4834400693430158657549 0.4602136637711959910035
0.5380903326533296171519 0.4863795617874061560926 0.5292960702180958820762 0.4393236050774899648097 0.4317565121303232889005
0.4759615592731116229253 0.4384875753768684991662 0.4989157634683480946336 0.4544678213809293376713 0.5134631553043410567838
0.4669286603994953765984 0.4829290564687679365719 0.4231355816290802707158 0.5134268143412421547822 0.4383463561288510335068
0.5264721483312909677821 0.5052528232342574643354 0.5229701694845030335301 0.4566029965230467557724 0.4930274295151839125673
0.5084739569005826131942 0.4887539675387725379707 0.5324736705926973456826 0.4160519600172538079441 0.5261250556631773545035
0.4980630709759439889162 0.4726875266069871517338 0.4953602853460880028891 0.4905781598674829324658 0.4829100009804554449744
0.4757886827831638854036 0.5008230662950401423927 0.4647217789992819092504 0.4921576953863223136132 0.4954425225838761659425
0.5033972659172077923628 0.5060912924834113368888 0.4920017107535534783835 0.4686626142235404968162 0.4523222614147365261417
0.5094596656614006624508 0.4939372250147341381066 0.5191757235914112866837 0.5116042142135921455548 0.4875480236293855962337
0.5327419466609238929422 0.4721806784746059304503 0.5136962828793416591111 0.5310794280569780534407 0.5445930015628327458543
0.4883492177585951887764 0.4310979071449354549372 0.5324812618367156247245 0.5100339764060537461887 0.5354744752352399439488
0.5086040183611691967158 0.4213151346813597819541 0.4981918426994785820128 0.4931761134685970771052 0.4996520611481849449831
0.4676814744672053714147 0.4939311796077804350702 0.5402628543502245861418 0.5327301230161740619451 0.5211131209681646447862
0.4994403449089068747213 0.4458456414308863968721 0.4959246504976099756412 0.4980458335406681147361 0.5297243439862762137693
0.5221958094431893293574 0.4546290457477495383642 0.520824191176031847661 0.5730807875633240344726 0.486540721816510368658
0.4939064171389139779045 0.4958631271851603461442 0.4815042479250711271455 0.4740583093915884949077 0.4820012724808537263321
0.5235774842712689336466 0.5089933677242358678328 0.446427465007803170316 0.5279934900810423492601 0.5274613981963407471909
0.5425907251661624686179 0.5091302618956353720492 0.4644624735684675931324 0.5163310328974163310178 0.5307384034016788820765
0.5158897303431986269828 0.5054079788011643925572 0.5536165142046892695404 0.5169866294474251278146 0.5024387777283771949755
0.4766876469599939936117 0.530131987989105657455 0.5154134443447407898375 0.4979323532237677207846 0.4942563035379346492171
0.5033905496937002288504 0.5007786738622654887365 0.5138117732424615224929 0.536078853454246773147 0.4877652935086317365077
0.5166892927860174955512 0.4943735730052559174119 0.5367826825946190316685 0.5124955002820417160336 0.5159111616801894673046
0.5334578632851930679593 0.4981833125799923212007 0.5105909815493935299813 0.4908611527099855931233 0.4940029072260554432461
0.494995513212071580611 0.5010809781367628890081 0.5161139679113287970225 0.5162501890591767450545 0.5234691875765227209172
0.511894895877069155965 0.5405193766034056546133 0.5038839404398887111824 0.5024153629493964823283 0.5357805119742596877686
0.5383836624641316070949 0.4792743362729492972996 0.4959204711686717170771 0.5038267733465964237638 0.476107969791732421605
0.4664308528756643257296 0.5419058256139128726403 0.5137785107882095747556 0.4896743000863005290668 0.4836852864538097040992
0.5412013803346040763387 0.5184079836280476305532 0.4995021736680128610075 0.5180190988311097477492 0.5198970497062317397408
0.5525227273123550775225 0.5001379473760637628388 0.4746552276311475915271 0.5309787526909306443201 0.5197417721953400127077
0.5279082656062996647961 0.5292419337063930528942 0.4844188086051191555192 0.5372163551174368167906 0.5299758071371039047648
0.4820698601620470036266 0.4959210917422312014935 0.5022957392273703636221 0.5290885808459999672948 0.501242475638533635518
0.5174220152068426115122 0.5487679041300979054796 0.5424492060031774753881 0.5192325265554098567833 0.5371112261127991560627
0.5440447900365336098005 0.5332746263995025159943 0.5434795617379727383778 0.4917252876177863329943 0.4929925683622457532884
0.5361161862107663989008 0.4970397967060757871138 0.5283149220223113395889 0.5064777492196987918049 0.5088283642651985072547
0.4964504294028919129111 0.5491260457945755790732 0.5118114271554178307255 0.4986770023668312679099 0.5070145805562478180661
0.5268152413979649839604 0.5282062678750141238027 0.5259704148755726116349 0.5184534710823033298865 0.530390454384081277972
0.5380822915149844343219 0.5025760039034220527654 0.4968141884426278132025 0.5066517625607359631701 0.4749735575611852556044
0.526345491515985752784 0.5265047101551535435604 0.5197542109876184257544 0.5082088282813205237787 0.5266399048858038112186
0.5134664344270375435642 0.510525217241366680021 0.5332798469143618103061 0.5289260511721441959665 0.5024433584813875475206
0.5493531991625097976595 0.4963120198933971827238 0.5548435764124111102547 0.4906891984407347750974 0.5479889890444750166765
0.5283615933479959281271 0.5258909335228502124338 0.4888765317222453776758 0.5342132042832287153189 0.5097126038873033282428
0.49815927302824075662 0.5399518133723503199306 0.5204635718339155614487 0.4997065144035911510301 0.5201834411739801877772
0.5173791899723327869509 0.495736925852584719987 0.569757120860068688728 0.5111915037427892105626 0.5117238951061381380114
0.5504283605915462063152 0.5399509718809433200803 0.5183977470936202980312 0.532803241678022732053 0.506164545353126049676
0.5131658665335344648994 0.5617006052671792426523 0.5169180715317501784156 0.4862721226859510470497 0.5333796671807524703013
0.4766541313304251126226 0.5366281065873035327485 0.5135884340787097990244 0.4993000945005569568558 0.5636373645618492078668
0.5033493638228444533311 0.5113252447872135286744 0.5140309013328828724454 0.5409547419848003135812 0.4197244609364442768928
0.5128466611691749887925 0.54747944324006014849 0.5151113369604402025814 0.542697306623779129886 0.5226652275526232349634
0.5285558542836995554737 0.5150774661283439304071 0.5661620117692506282125 0.5006106758544769386177 0.5297616336384921575942
0.5253122839136515898062 0.5258300341477424311165 0.5610821288329457257049 0.4881373837870623400015 0.5099575965049739645352
0.5239478504085750554253 0.5184110884354007353636 0.5145803703421876207358 0.4711801294695326380868 0.5213582565090358889037
0.5093614319216328567563 0.5341981040270750158427 0.5235947686339370577002 0.5217755802359628214404 0.4762023379679666823527
0.519430820358107725454 0.5204563990427211184198 0.50507227894370243515 0.5307430198559542899872 0.5449325833244391681376
0.499355938332232573984 0.5379309951118586008434 0.564341275719091872709 0.5244819996551192131662 0.5121085179996822667192
0.5503676583949550504826 0.5215273709805033908182 0.5336957686314270921102 0.5072070389968340586861 0.4899186133396669640128
0.5518885875755765724193 0.5042219248896193661835 0.5218291531765486546135 0.5105734511163093625186 0.5207958066364506422019
0.504481595550800077099 0.4992297027572047962707 0.4759927661152926758881 0.5027689759104919664523 0.5183378194633717628292
0.5484302389730005833357 0.533845748818658427659 0.4841869313067061475486 0.5305072789403381117168 0.5078606951100073096939
0.5173102577983359484648 0.5154774450215715564383 0.5034393396266726439237 0.5080619122895689843133 0.5283489723139569438359
0.5031611806989298996129 0.5243019178181915762593 0.5706444207140229929465 0.5207037465122024144648 0.5546755824138899226838
0.5208189602838494414172 0.5265166497477987705977 0.511039765927563616188 0.5221652307885378263563 0.5114981314567885739564
0.5397028022441029415646 0.5048969788972792471782 0.5281784757347052217114 0.4836853443582508904619 0.4961236015981121405538
0.5174716649642543409016 0.5096997113107670784871 0.5136172342193021655987 0.5182954885441602987939 0.5274272683344368717329
0.5161740245020085549044 0.5034573815268142960022 0.5309139209022810668159 0.5088395938180471089751 0.5323745229011539459307
0.5136112082234228770616 0.5154277107703347793333 0.5220855337371127502522 0.5643125640909832929637 0.530362888075686322864
0.5339163970391934688209 0.5301256507749966262466 0.4973625804597548993868 0.5003574926267564393356 0.5372004913803219983137
0.534709625798305387967 0.5395730048300118042448 0.5066627178955329657839 0.4861981207863145804104 0.5211769672277709597452
0.5156820239825345986162 0.5238456181450258375421 0.5515366367963698834842 0.5312564669701569375349 0.4975584211147814905907
0.5212389745634044002642 0.5284420763258127484718 0.4990064770559262119498 0.4942074209904656623138 0.5242548834423199632937
0.5282927381488945473009 0.5264065272019121666247 0.49099538199591163945 0.5032691206559760654926 0.5164455045326307169873
0.5135363443201975686137 0.522124466186384417199 0.489155421307121252017 0.5525272446112665658546 0.5257536124092535567698
0.5059664989064538431762 0.5082939059270855652883 0.543498470287093415898 0.5136369393247759429499 0.5464824943779552635093
0.5229317133400449568725 0.499846979435329186181 0.5141975750410621159858 0.5424383992845901447666 0.532976400699528674032
0.5063840216133185245795 0.5195907168287797750494 0.5061308259906903694869 0.4871026534185420864276 0.5391832610858124930076
0.5171524882564485503522 0.537611010272939449095 0.5395733128504325293306 0.508707730386293133229 0.5410900112567499364857
0.5270088957624811110136 0.529664270842149398355 0.5559899359492375126024 0.5301500202940749861824 0.5159979058432646592536
0.5089851313276212430026 0.5115353317806430322179 0.5294352283390381108674 0.4806263745829205680238 0.5325652521631466518315
0.5158713763702323928939 0.4806695710007139465958 0.5401481632059089710296 0.4958322292086518867649 0.5678263785789188222708
0.5070073750263006662209 0.5426579413796902562339 0.5066163864491843860094 0.5212144439018784325413 0.5267882213315410178112
0.5262846734566728468252 0.5334320397361143051285 0.5117478274503627355685 0.4783619407062789097296 0.5455616623365739936702
0.5190773642159058898216 0.5323996629768651400738 0.5255974049869188702289 0.527914448809728265033 0.4935292564146519511681
0.5009768211713901964188 0.5054832524203657362349 0.5325272207531240864498 0.5500027612244329233704 0.5391393487249848126552
0.505101567658137851069 0.4925619860238434899458 0.5113525885036023232999 0.5202469870894518289006 0.5229656300862093321058
0.5119811445353330547903 0.4853726240538178138273 0.5171780484074653960747 0.4976891615544446478836 0.490572766070757670942
0.4854835489589681141176 0.5486685377588488288225 0.507737620821830382134 0.5049985967069058334644 0.5090935749906786433883
0.5150599413772318779792 0.55245550739226501058 0.553952544861797457898 0.5021768353624200820207 0.5463164909094477827978
0.5396646131847133709414 0.4948519560259283522896 0.5547502194657940588485 0.5129140254981686686264 0.4882032836895854321924
0.5117905474250462605212 0.5060158851254230594208 0.5146932321680326438695 0.5102023890674276529467 0.5012872042475232658987
0.5259009215880868781667 0.5136897319149685836592 0.514442511470138086338 0.5001404669337720099165 0.5188864743103051013762
0.4778950342519633354144 0.5135748903625804162587 0.5119097499677299767384 0.5314102312927054816427 0.5554039905190343295871
0.5551000566874592090372 0.533739203938184414433 0.5090457781648278778874 0.5149576327113106755107 0.5210758888546003220199
0.4849154149397627011631 0.5028201841147370565466 0.5144629137659436635133 0.5155660880971851822707 0.5381301220884516789411
0.4973012836044028994742 0.507883691670361070436 0.5225120503272341343504 0.5364760568205656499075 0.4963166044870579995951
0.5218817055388421666251 0.5522897473738060947213 0.5475292521529565581417 0.5246117822777395245382 0.5468010131193739020716
0.5167305368685422006791 0.5106043310907780741204 0.5186656503773863224893 0.5004418895273837764037 0.5302212145056230951923
0.5197343885137162278198 0.5096529503777434966239 0.4991023170994273172596 0.5037273389502371356841 0.5065935182238502365593
0.5092193539617257957985 0.5244263190956874876036 0.532236460155351753798 0.5060468308794137115569 0.4784532240397551539068
0.4768823359377998283293 0.5158776728004499378955 0.5396024072705776220005 0.5398941537839258009157 0.502525756789177102668
0.5237792689949916091763 0.5181742158907711726101 0.5107569199448948049636 0.5096605383767609520618 0.5326121888603584375588
0.5296663716833137636186 0.5089891051461404858358 0.5402904932568310947261 0.5564990987893146945353 0.5200744733044068146555
0.51981786799666429566 0.546452165497541386685 0.4938531882286246732505 0.5206063593613360351853 0.5069596574073994554865
0.4839877327701708198404 0.55522189345592609655 0.5143280820198945502142 0.5252772987155095441025 0.4799496280162002248559
0.4795404387066818374663 0.5175524072974663214453 0.5099068025980348917159 0.5417985360922547011242 0.5071433268510741054769
0.5117210440501859247675 0.5273279344145065383742 0.5361254316187962221107 0.5071086750822814126494 0.4978891496109129066738
0.5219268997556126832293 0.5152180974089717313547 0.5329216232289221144569 0.4800247220575960538369 0.5390860321356478745969
0.4822819131282632953983 0.5245118621323094920683 0.5420726338259700405331 0.5281694689894118610596 0.4712625365343570682519
0.5049504541822062986256 0.5242191087796191917292 0.5070240247787793919088 0.513025578900351941769 0.5097619324404959462171
0.4743148923374224112948 0.4294563374323613347272 0.2936735140648345510073 0.2872045349407806313913 0.1025504305735311511016
0.3681900251967606396697 0.3047165928500052411998 0.2608604464650255416736 0.2777347183614547465602 0.4590800893339476718147
0.2462764380293072929984 0.457765046800606145716 0.3899738493285567764168 0.4315356471493808632189 0.3744126566052294324827
0.2212769232525056695149 0.4218471927111699382174 0.3853764579911084786623 0.3603416524909097695684 0.3411504745770427837748
0.4206517953754322913795 0.2413207347185822582158 0.3615859239857989182454 0.3327200402248469135458 0.3930892449736908544899
0.4146187537157623448358 0.4260842758961433385245 0.4852720726460574840466 0.3886178106104863916315 0.4231012569732127692745
0.3662886224000978518944 0.3166518547637972025299 0.366600465448506107613 0.46536043468813176327 0.3577545054528711299113
0.475946780576876671276 0.2906988307071605159848 0.34761268114870685908 0.3994723259074579591044 0.2949824421028031107284
0.4605435281495660615469 0.4821562273600079606695 0.3832277928460761096119 0.421422123234335144204 0.4567031061956333126695
0.4870638760865909633324 0.419011382841362689522 0.4188633929634923980245 0.377105574505091689641 0.4877881787359651943881
0.4166578919928130009254 0.4621664953178509782639 0.4530886280468193194615 0.2721037111485918869036 0.3920794314958233051094
0.4208099253822704111094 0.4307798211552414380243 0.452035210935198716875 0.4451629189649712881049 0.4991065181766761171822
0.4861886307472746970859 0.4905940373730081072168 0.4280484420461208583397 0.4156353043548987602485 0.4553541828805987567996
0.4551504799376491217089 0.4986541006012858989749 0.5293278811904075231709 0.4758070977409019075566 0.5153382761606053463765
0.4815561642743630965668 0.4834844867023519454641 0.4163098945722305543882 0.4414827477162341362593 0.4154584551948774517882
0.4545144014025503387266 0.4843369623750590213795 0.4093619928813118646893 0.4638964083305587848827 0.4684170690507618028953
0.3783186023722661106561 0.4700262481087521537759 0.4309861483969865125765 0.4872391907359688856261 0.4418256553219178095482
0.442675021618827824188 0.4801165276764087219696 0.4553768182427831434644 0.5020330651004769606516 0.4909474787548948060412
0.4947566578281034077591 0.484974998302666882033 0.4518442748450294255136 0.4877094567402502911513 0.4762259621119614982909
0.4620031833372293950113 0.5229519135172046029325 0.4868219473064334668067 0.4938946273418263754884 0.4809918109834326327423
0.4825312623521443300412 0.3988912441557488364197 0.4261165865410728170737 0.4445582364701878841373 0.510560944331112320782
0.4632157760521716793889 0.4950742545811230854724 0.5174788578876272637785 0.4947253779104200943628 0.4741352853490082286392
0.4432166392765183871028 0.4931848987156007835253 0.4722092444552414836068 0.4491466798521807635147 0.4740821820340110348546
0.4826612526624628474181 0.4036905349928449626695 0.4783726112676903174936 0.4151888431186986361254 0.4564817354731707244042
0.4324223973028959444598 0.5455315832946330267816 0.4896518067217682235182 0.4640806855517072837536 0.5137370208724691966751
0.4872145668796226125608 0.506801868943050015659 0.4685518162395272412368 0.3863619416138562301377 0.4919998189661217713464
0.4826299800153172059325 0.5270667853927833990113 0.4903030568869519156827 0.4263454231800258842355 0.5096648914041456146506
0.4678060892758813538173 0.4298039707483399807231 0.5317152918051185617188 0.5262051666959949303148 0.4901322528743405348983
0.4593591386584443547747 0.4555639087263193554023 0.5247578495649042329418 0.4969195546642558580785 0.5282340730272271356327
0.5139801621301580691892 0.4967547002573693415428 0.5358137971326624171553 0.4984022491951224931306 0.501330261627334072827
0.5429400081287082402426 0.5059154071316055434337 0.4919882453752558171267 0.5044033579494805463739 0.5300391587567738760356
0.4300294827191711855008 0.4664277493413108710563 0.4626878817881421301905 0.4915926647094475132604 0.4771620419850557959229
0.5218870426345977309168 0.4555935584707578867025 0.5183008917915032931489 0.4877816409463870406249 0.4752108117446646184945
0.4674423041652989718742 0.5631241801543260816487 0.5368949021029078005895 0.5033327367200708390982 0.5634743400355712861227
0.5210555457010358493264 0.485641997972009964446 0.5161788083868843468593 0.4973124517584563419881 0.5312706731004455118494
0.4993434173265718922785 0.5393397449535541898769 0.5122487052657277439849 0.4731338924447179850041 0.4899486160664847655966
0.4804391035741916726742 0.4901253029101902414233 0.5164393769850543769451 0.5127055018639053995955 0.5059796474005423538856
0.5136886256268619055376 0.5212895313018011123063 0.4360206524867317745553 0.4697472305429084560302 0.5167872667505586381509
0.5015852337650126280266 0.4701154943508858985446 0.5075182174184774686054 0.5279107563276212999881 0.5218218598826099841048
0.4928768413386604985149 0.5150949666402908633245 0.5056245008835318355267 0.5152998328491718016409 0.5218045721690308669238
0.5137699795225821874922 0.5106921355779580062872 0.4805384643025842894559 0.5126460141572426465473 0.4724050103553871227113
0.4698411475857539043588 0.5668960115535830457389 0.508682278837988000042 0.4823206582724857693911 0.4743332739139040077347
0.4852082584399243225803 0.532573982225023501158 0.4756967018819386328055 0.4653475122476606329336 0.521216732288739326151
0.5128304120096641716131 0.537989163644289614119 0.504973229574810611453 0.5366496574894364934849 0.5263425759289430683197
0.5319604850751853408752 0.5031058413264611894888 0.5387416232542026062191 0.4657817722029479745594 0.530311534241226012476
0.5387462087048986436599 0.5150599350568696443986 0.4752949502743673559912 0.5329671029062430509526 0.4789875128392339087569
0.5088457088114559656589 0.4936869639051372216088 0.5388157693347379595394 0.4886654342756981406204 0.4905172105764025736185
0.5189842203054877423085 0.5281526896915542668154 0.5263911203833973040389 0.5098680968670668001153 0.4978524945377781341094
0.4985570908628838560084 0.477443223052467335954 0.5041842974856028947173 0.4896424225578039357565 0.5123075501117497765335
0.5220725357045060688321 0.5585857749910120295667 0.5378548836711718461601 0.53998247461063320074 0.5583770118816200334066
0.530986080827396733639 0.5289543953905069262333 0.541848485747589148076 0.5705117049829026010244 0.5073497877124928390202
0.5232655002141682887284 0.5062636870705473635113 0.5328033503145040983284 0.4891018537513829866903 0.526979366702220786145
0.4928391330262532066264 0.518310656398620062113 0.5090054419481239156298 0.5120505811598360379477 0.5373203861531846703414
0.5290155650085451854991 0.5052216863246956624067 0.5435724778827569769746 0.4738903795683140351969 0.4960330066822225547618
0.5086111746732646654579 0.4902042619614828677932 0.5112550571004195187896 0.5016011180589257101303 0.5085816804808894753265
0.5183177889835738350044 0.5317780052441213323178 0.5093527407216101865473 0.5421062263610371134703 0.4944012645437903530343
0.502477132955915450907 0.5105763770034316140212 0.5112871969252271719952 0.5098929549053439203021 0.5101763442607496479297
0.4957472137299856473902 0.479091236620122651324 0.5236485075907651998151 0.5423599689273481683216 0.5337587189146306698717
0.5311441315427992693188 0.5284115517357099722773 0.5266998070822902500154 0.5425521775760658860221 0.5103849241698478200746
0.5408588778087983772735 0.5286319902453811003795 0.5149988969983522180129 0.5115442378422558888929 0.5254190470723121286767
0.5238411027358106375473 0.5117965759983130746846 0.5461296449474416503378 0.4880784391501161167959 0.5148684435806596404461
0.5312474048334625553736 0.5517652529857745014041 0.5238194547576391357779 0.5167217065064670933339 0.5175849145479154422844
0.5386367420276801931678 0.5191685694362504488453 0.5292871429072142364092 0.5560242384753780742201 0.5034708528706229868632
0.5441515280092067419204 0.5024423659849962531254 0.5434043833180537408367 0.5015966006123405707129 0.4894879901931546428706
0.5373145782192039199288 0.5511525387833924316539 0.5460964595779900232486 0.5307730874250140562509 0.4866670173394339604656
0.4932102751783890570714 0.5074225423355444020146 0.5243114500573432534836 0.5017221765345734052488 0.5280226935625051964962
0.5420178300050465525217 0.5217679650512830891174 0.5329749937470873444312 0.5141839590783962021803 0.5017785330309547653371
0.4948604072469395265266 0.5303799976405210170327 0.5269582409229242037085 0.5376410979708161619328 0.5327693969783655614236
0.5118116335249707216093 0.513284054603931338967 0.5185142750191870097964 0.5018165346621746847333 0.4721023673558887301382
0.5083953909605259946503 0.5302703636989831714743 0.5404653086199342482132 0.5236656934569225985143 0.5259395377866582510507
0.5388740090410243377406 0.4670471639501294625063 0.5000102141945945710688 0.5147240638044693339381 0.4953036164065057200823
0.5035342831014265607692 0.5083040229858992731238 0.5384326112029576005824 0.4764553719439068579788 0.4966830827342436083249
0.5330060784170715937336 0.5182080738971341915544 0.5123855026388667299742 0.5472884332946568175515 0.4977704336896655590294
0.5466159323816209836266 0.5184559187978419192433 0.5316500151327934187151 0.5214799000865925071579 0.5053613251708746201274
0.54160762149279439992 0.5218974226232317992213 0.5212236838860230259129 0.5267347460520150903562 0.5396871269738859888676
0.4791612753643079147814 0.5558369968082063072856 0.5389206531469389327427 0.5280311029381723475495 0.4744200487589389503285
0.5436980705072038677628 0.5302042315460275823114 0.512536970957014670347 0.5216981133809017734393 0.4884674737602629490674
0.5266865115670231745071 0.5482982840177115235747 0.4997305213265640921882 0.5299306346642648213319 0.527551930456058637553
0.5173647362718464259856 0.5305457542098442891287 0.5104828842305261238366 0.5039204735061556528208 0.5397018851253123639111
0.5456310391174610252563 0.5210151555219316721335 0.5295321218093265169813 0.5119624608723983838487 0.5164830097834938182899
0.535534969828840967665 0.521361940875538554252 0.5481801039558239496685 0.5326115622274953942394 0.5083372506436633075921
0.5260442023686264789717 0.5283981479540339476486 0.5268443743851090044217 0.5323159892273520155115 0.5242139705488461087768
0.5430790003632171014658 0.5488553288726910617257 0.559841223835169654599 0.5309218454911101003901 0.5279758691938926107312
0.4976340807737212879047 0.4656396820130443425789 0.5106319896238534772337 0.5370507153537925626452 0.5455148565238017166479
0.5212697886152768411705 0.5153858812951079837461 0.5175003062883252180626 0.5114596393100433457946 0.518411693108156823584
0.5460719049337954267287 0.5425769278930230310465 0.5188784794208167738816 0.4826719370403780851042 0.5159738493929350022782
0.5203682839747957311616 0.5085974692953554310293 0.5313882015670323699652 0.5037875099329586214836 0.4773103023505630981838
0.5025181490101298109607 0.4903059824372174024809 0.528365071686905718451 0.5072575444657280163696 0.4990871129212359202931
0.5303712695607430971378 0.4777050013949643569866 0.552347173438920702182 0.5270426727471730909969 0.5393533083869094246765
0.5658624245138788033671 0.4898905408885351753234 0.5101751487234983395425 0.5196825366505785082083 0.5094237787859550170566
0.505381930514389288156 0.5271929444156455701886 0.5190150225386167548436 0.528635076334514675267 0.4853001442400647902353
0.5076094177674125296207 0.5271747220608116180074 0.4848766883510539638102 0.5440009413117053993503 0.5369160032966053819337
0.5365845781438124406648 0.5495644152090376488573 0.5327514720615118548608 0.5417106423439812523668 0.5176858137284365835029
0.532711044844560555056 0.5225370499451983397066 0.5255191724074653736309 0.5162819491750473277492 0.5236061155385893783887
0.5167328801675856730924 0.5323249724080593159314 0.4967956069594798851341 0.5137544773301301326285 0.5303074459418879449402
0.5254990964283079435404 0.497187886063490569466 0.5197972888802765423222 0.5150372261185389710647 0.5424346667789528009251
0.5303665309544590700241 0.5075074086399253836532 0.5227854826425425427416 0.5265607195342271173999 0.5288338868291718730674
0.471568637677959923149 0.5465014026792740509109 0.5192029192852734009733 0.5080899011970926304471 0.5317225921402656263481
0.4939960296016844276679 0.5115677370348049590731 0.5179765742018351826204 0.5105792039839061047246 0.5210039350127424473413
0.536405236998319878694 0.5275175783961830733304 0.4874016001910702611255 0.4971120864854426946167 0.5352848688196912840809
0.514195693600504433185 0.5008527088938311555566 0.5243566777610785267782 0.502803312846390459967 0.4952338763390715659085
0.5162376072715320063367 0.5232241464166615951825 0.5152549341025548512718 0.5552081587669437379162 0.4886586811665469265442
0.5401361519456270299244 0.5313907643288348081612 0.5132338772575754104466 0.5376709448622528642048 0.5028065815092745971526
0.5000213782389888450552 0.5428562070467931599538 0.4822273003090387089031 0.525705572644873608823 0.5092750375799615092376
0.5288098126020526201785 0.5175757437273480476847 0.5379495268960333698161 0.5231532994280768678053 0.5126418244124967271702
0.516290565354424524358 0.4991791840576829675236 0.5067639117270364979007 0.466520094419017983256 0.5134537490552845140357
0.5178089508750014502425 0.5312621688579329815028 0.5017996075110735532121 0.4926269508425663579132 0.5220063690330882799628
0.5437702202501574211269 0.5002355468628858492508 0.4964989965858325193793 0.5293089108114394925053 0.5308478995404888323151
0.5376305831793629641524 0.4918735086804508771507 0.5276518248892309026488 0.5119030599724117003291 0.5189766204430538154568
0.4870316924472491426634 0.5118572467563821115633 0.4852488197094216304528 0.507160214627477734517 0.5294542030153360778755
0.5053395850499431407599 0.4928579926936413890814 0.5144232918237845453291 0.5044971114483095542269 0.5391255472567727524691
0.5035192298625034146298 0.5235455917686713256387 0.5170586707248420177407 0.5126062755971546591738 0.4939721125269501134092
0.5195187105398072491269 0.5451176098366659061867 0.5047096669452268979938 0.5109684296453973484375 0.5123799095704297812404
0.5236198693656534119967 0.5123110475273012776043 0.5045500018833587452249 0.4934133711194131355349 0.5035333838998269362364
0.5018501179239592824288 0.5219635365767983925522 0.5225882833249883008264 0.5197354102040824264108 0.5505281990342019149409
0.5000019955882112343559 0.4817892681142451061227 0.5199056662329387679122 0.5041644617856237964304 0.504673394436935707219
0.521211168337638142134 0.5713072327445722908834 0.5062608644323465245662 0.5337996045834840774802 0.5210311086834957805536
0.4841128044678512098997 0.5320971361789104125961 0.5032574502993795162453 0.5052707227849845272871 0.5042027542171537701776
0.5080163458235791296147 0.5148111411976987739081 0.530631387528870623882 0.5271318143212847529 0.495872723982650975838
0.5139308942849752925852 0.5454425553148808392123 0.4948319051157144543573 0.5291436360422547835469 0.5353132831167212168921
0.511501437352419929816 0.5337485322555810540734 0.4800376201232086081916 0.538675049970812502842 0.5310645724847974369354
0.5198325716658924733338 0.5137214505783556095508 0.561038670918168169699 0.5380677471080903551126 0.5309574826918664891551
0.5293772859457122059723 0.4822712980437561802738 0.5342723705045568927119 0.5385858085789290150558 0.4884607161114469242591
0.5354648831441132239561 0.5177411859958491735512 0.471799677565012842706 0.519073270310760226387 0.523873935731069551025
0.4843440482366835331263 0.5326668058987115150771 0.5340378935370683199935 0.5081782462719991455558 0.4617484131718062045913
0.5453859191593666277953 0.49038094167493262443 0.5197073971683947579692 0.5062855190330178833946 0.4874002785229742396034
0.5132680140155911896471 0.5178755044093650283799 0.5344282890130763741254 0.5245603211246004926593 0.5021569223099265899535
0.5030277922533050727338 0.5331584101247698326276 0.4983109814922017655192 0.5096082831394439516259 0.5202471970041622206793
0.526283095518032872917 0.5174803593387334865739 0.49585722667606191294 0.5290113385240668986143 0.4847919145956530173613
0.5253898568249936174013 0.4925809795186127382216 0.5211414980502330207557 0.5151959963966489253195 0.4932318908174184723947
0.5095904603764231932672 0.5064142585160553711177 0.5226706211152498671169 0.3897028214671662826873 0.4336055068578968385573
0.4467217474108839958546 0.4716282310752709094892 0.1487231463159466859913 0.1843966843066034144716 -0.2232981971832171119718
0.4783423517583114126239 0.4464971560045177256804 0.34081319172105600801 0.404260732169341885367 0.1356045598682640573873
0.09424560574853721450772 0.334277048084830774588 0.4447704987993224556853 0.4146475529111632862822 0.3244423482961418248038
0.3820807615850714822336 0.3937798498983041128874 0.4817506341258006030692 0.4560743790861682689375 0.3963370019829405843659
0.255510317908324902092 0.3159917432844467910513 0.165907314430216862311 0.4617346917415638962723 0.2990267557975000434212
0.377255163231759782505 0.5004437374078234412877 0.5062112614057495685316 0.2809251274960842259532 0.3309962071841430208963
0.4500710471480213747952 0.4342369806026871725813 0.483814000578320912993 0.4784738770625409087778 0.4779752249649324435943
0.428814537209031287901 0.5042019419411691849575 0.4479283373526011802213 0.4627600751916728372137 0.4053269371706467727456
0.3497081606553215094024 0.4122139811216860016962 0.4545215059202403762306 0.4206120518405230823689 0.3273180989474427371455
0.3811067755671823098496 0.4211788281601175354396 0.2399520509901560683108 0.4364465581626547630023 0.4164313428230438929312
0.4954218858549640502886 0.4778322381132596441411 0.4277847073608750938511 0.4147389189310102808328 0.4385492443197356871032
0.4099625343808287469827 0.4208169862378351444576 0.4316078013927514556158 0.5029516048628892566086 0.4642569040858198770039
0.437468024410937017521 0.4909485152174029032324 0.411936163905982033473 0.4529987949007285852332 0.4718343371970078470312
0.4319003291640147734753 0.4796334826379968219179 0.509124120417994152632 0.5107912075167622134586 0.4173845267504180389651
0.3772392364161684663593 0.4863791966697594282287 0.5157283943792749791868 0.5246483607260999937338 0.4074650301386877893073
0.4654231206025121192482 0.5109778975352401442223 0.460703933532164489062 0.4734528283965234729536 0.439618942481782459808
0.4679199299335766171204 0.464714771164666140546 0.4395065395367895311196 0.4879844108027000526562 0.4556689626797724712581
0.4445085896570323269472 0.4325379300341178900879 0.4485593486592665546375 0.5202014326398105570348 0.4146605657273452760769
0.4269567301084211674578 0.5153544360064846729941 0.4934701227463251238525 0.4479032171447988042168 0.4974137053770506522454
0.4525248049570338992886 0.4317703739308124677443 0.4847499784294813651719 0.5502668401836590117426 0.4498277812868624603304
0.3882705524482552017496 0.4383288172226813550481 0.4339150636411521766433 0.4620550237173363661292 0.4838695478318971177067
0.4767131381507526688424 0.5263898521258008056378 0.5055398408676369248482 0.4637644295228813828835 0.4981230924586450559133
0.4701834668546436279968 0.4402503264562578899621 0.4983464521814881531547 0.4862963290301423047168 0.5032278474603743001481
0.4497328559482753340681 0.4431164213334851109671 0.4556055902692847658919 0.396862667286363268726 0.4813562727175616506869
0.429108609987659539442 0.5230220294426565219581 0.4937951337381839000962 0.4554660322778255610032 0.506815763705369737302
0.4607281381577798540228 0.5002530605588366707792 0.5248344431706782886593 0.4429297749807384332321 0.4913532805995917129849
0.4795644270159272193332 0.5084043203433035174044 0.4974653430435614920313 0.5092947305577958383438 0.5120106685653494915655
0.5179026594012503537101 0.4317090684565175195964 0.4874402891080263922063 0.4329125364788767860169 0.5267605509959069065573
0.5269805592581879860603 0.4967407680397356029012 0.4578186483043852339492 0.4362903698688738729494 0.5034959953221873618645
0.5315533451792584518358 0.5052118804705979515646 0.5234923462646708935964 0.4991125345650353484217 0.4931397298976178955598
0.4449195172357373051497 0.5064319159441278417333 0.4858711190845040883701 0.4787581454955618376346 0.4766343012160388914467
0.5021455126294553927835 0.5109527528212264302354 0.3795301628899788726201 0.4902442200586165088616 0.5149093421756096855546
0.5265196056017621417666 0.5350737924334576511853 0.4926439687052136529033 0.4744494246465753573005 0.5269064860840254604923
0.479796311661114138758 0.5083922581960281794622 0.5242703223905861298348 0.5221467846363405662657 0.510685136202733813704
0.4786370527001256869326 0.5191675526696983844488 0.4171470841953039965233 0.524465291273224276658 0.4904834109135481345909
0.4694893251052734139961 0.5106867138225352764636 0.4851790653301457645341 0.5343882887594380015628 0.4983130179325339081942
0.4603251642015493416693 0.5335551787530030676265 0.524311384332530994179 0.5420048575865888951242 0.5310027493982615309775
0.4605561093707137843012 0.5237086392372301002496 0.4892586637269932814398 0.4736750519728647468298 0.5314242896423453377253
0.4982448197995146266237 0.5208114741240009726297 0.4664554117992336101928 0.543986387826484230068 0.4827689402104395344217
0.4929789929006676563183 0.5330762018874513064048 0.4766503956208774650527 0.4992963487441580139325 0.5458985119648451789232
0.5204554380641740474189 0.4871176599311482502408 0.505683927160283874791 0.4491322163460548244629 0.5299380752018399975967
0.5243825963092754172123 0.4986465415132175227342 0.5372624678633968198227 0.5014017927440364008618 0.4962021905733260407345
0.5010010926500709782516 0.4781907952923820648294 0.5703154332604849496846 0.4943668816754630546129 0.5239649631422806930203
0.5222736377393374374023 0.4732062495188644191124 0.5198354556517792435244 0.5431512033249823456771 0.5247596151391673569009
0.4961279482761726256079 0.518861461230495812913 0.5271306457667040978876 0.5168223081385358019801 0.5003001144976849667856
0.4241354397653487318109 0.5352720099043972723507 0.5161205649916285054246 0.5020493000579484554891 0.5279648406588886011548
0.5086782376528656834935 0.534032235366951990585 0.5223760111422762753008 0.5042897938202890451009 0.4929314909946140854657
0.5008350756827628647017 0.4854483485588729219096 0.5170010993215693462233 0.5231557907139371410565 0.5005224249583909434946
0.5639520101177741828735 0.5505834257921660146451 0.4922248602064417388746 0.5584041219961953794737 0.5548822063166547469137
0.5171524739761480526923 0.500238147146864209347 0.532312610649771533744 0.5095269959954948912895 0.5407550958575629840297
0.5409801723906845216661 0.4985939086610186588011 0.5263085986996568488294 0.4463071974133628883052 0.5227326553505644568531
0.564462033975130839103 0.4700712559908796772667 0.5124932798794461508152 0.4933367320051003090953 0.5002179350560952419968
0.5442250749146919641674 0.5203585332629030446583 0.5076018214464617095416 0.5528954277028892416723 0.5341262123994490185197
0.5372809653256361839269 0.5088707915140446846891 0.5277940414523009104997 0.535746394971088779613 0.4875548176096348718112
0.5039683452591942058874 0.5162692351932723910934 0.5059084603770221955088 0.4982709820813345236168 0.5038787392486638871958
0.5077032364120704910349 0.5360930002401392835409 0.5045147399618916672637 0.490091293742439149117 0.5417533411316260982815
0.5607548149532491921221 0.5343352096084076352511 0.5151533998872120934109 0.5275550324952550385049 0.4825138722321112849656
0.5285219635082819555905 0.4273043556187379188316 0.4730297700633757096433 0.5181955973807844673118 0.5263724662724383884793
0.5182944934715524309965 0.5109289709287689884576 0.5042600360897779854241 0.5052989679019666002802 0.5230551936836488335913
0.5153446250241375814483 0.5537970665393877611749 0.485995558399071381217 0.4484945900807431606871 0.4947446843088499912611
0.5210058598529108131459 0.5395636487080437415642 0.5322174598082148877509 0.5300038573683376608159 0.5165244371885657770349
0.5320048332167796045766 0.5110696122599183155444 0.542783003621654103199 0.5295776054967903379023 0.5284134754490141805405
0.5076714871912383353347 0.505562887277914096984 0.5168168375087425214787 0.5240241348905334550778 0.4934641376954053137993
0.5331705562150095278895 0.5304061427021818930783 0.5178890270807678941622 0.5445299075513592157449 0.5322484597333893008297
0.5041326978941554903813 0.5696135038146820095406 0.4713833946052083945233 0.5267359252997192431422 0.5319478573161761092436
0.5224621588779795322566 0.537962295158466496936 0.4495530141486740460799 0.4682099144904660059652 0.5031623655768289182788
0.4761645259090025450455 0.5148537045414870449989 0.5158419750770756317948 0.549250063890706186065 0.5406557467961390361921
0.5190253842579798382317 0.5224559953617521346203 0.5099962789068003266024 0.5201828125856946538619 0.5505572621673180400137
0.4785630168359569225345 0.4735673585542399255388 0.5317533769610049976251 0.5088328571020844792727 0.504187617898991580212
0.5317540388161517972421 0.477871086240445719362 0.5255677435154385568339 0.517977721945453661867 0.5134643597717729601726
0.5170654900744249271582 0.5248029622225512946798 0.5197734170966811229064 0.5339181879324410573417 0.5151141947936689335918
0.4858273657220230634657 0.520312521473707656483 0.5243030835794124655536 0.5076473083022208232507 0.5344899358562660296457
0.509313594090103460843 0.5435632227174720387808 0.540072821538403857744 0.5278728987045044895865 0.5258572674620884956909
0.4915367858459145367078 0.5307503362871138774537 0.5244521737937239969085 0.5220336965764904579856 0.5281992313918286718888
0.5192213978907397331497 0.5182104448146039876733 0.5408365735908142735155 0.5190582273995408835177 0.5267837381865092538646
0.48966524972137243088 0.5451385906101942069313 0.5086136432385122141397 0.5282260732096080158016 0.4830211215229359145162
0.5166358783141139499051 0.5495952137625185196512 0.5246762685808935566811 0.5583652571151288546147 0.4859372527027326915672
0.4856278973502575202481 0.5033952450061867089914 0.5268599903382890081716 0.5352381243892115891825 0.5203596363104241451225
0.534161805742461415214 0.5299892405172277332071 0.4835813196063623031762 0.5231131352307045734307 0.5347316232509757849556
0.499713175617704341569 0.5153234710794899475772 0.5162528916897969333277 0.5180596420954994840713 0.5073075964828942518992
0.5061060305172364603976 0.5039707532707069503886 0.5317221771255891127339 0.5145895629338362864402 0.5234159585808983994326
0.5199807974625901829668 0.5396059279415942322444 0.4920214901330303702842 0.5277918895426252365866 0.5038876853383447151913
0.5472302878929650171713 0.5391107842783156023359 0.5416208351685133370879 0.5364796975356107555655 0.4915238385472274762478
0.5090815209899838267305 0.4837430636484806867337 0.512655858799893504596 0.4870169796540875783997 0.5215400884813784498917
0.4989631499274467807403 0.5278571755216230343422 0.519421347481803019619 0.5332033479632928285596 0.5391234325397549209669
0.5400487190585506747098 0.5601769824557281118871 0.4755106898124713543652 0.5245792198206302714425 0.5181651113786197582201
0.4996867692227848212205 0.5225845973541446420896 0.5212964104842769952342 0.5213213643139603670207 0.5247315220264010537932
0.5331217915297901122074 0.5219591752202803469629 0.5292341876543136258704 0.5219695006370400625073 0.5319507154730088727135
0.5122878270221650209848 0.5153629822968315288279 0.5528544873448042462627 0.5108165025407641612887 0.4774395372920254843052
0.5201906899806373330009 0.5485090882104408649411 0.5380545614746189420075 0.5384574397474797269325 0.4917658199479377212349
0.544345946845433803496 0.5221090801628854860539 0.530395981019316731242 0.5523741841892518822377 0.5234313374712207256323
0.5467267660186633237984 0.5155754818252425986103 0.534902156670980288844 0.5220461204689007539415 0.4746907208637827779718
0.4893554004768267962078 0.5359151924311973402837 0.4943505996025263082849 0.5110115791894447312416 0.5221706418303569963157
0.4692321506142409504037 0.5149222045188225349577 0.5124692248347380019169 0.5435539558930113646085 0.4964545869778913544934
0.5023038224992821820791 0.5411532932741911494645 0.527863845542441589842 0.5088869312843948833347 0.5516208746365615089857
0.5079647192644670683492 0.5313586030028528695013 0.5029006225564253140803 0.5056749948916070547256 0.5204501444697389178629
0.5140909220580701655123 0.5545432237831552368945 0.5488569946639265673127 0.559609562904101798253 0.5302269353529744932985
0.5405449301484950286323 0.5380106406491105275336 0.4928351964080215918962 0.5024794843422356604989 0.5050773115300533078198
0.5104976482831143913543 0.5224351155410480451735 0.5111148811036526629081 0.5481666562745205473206 0.5442190666668405008011
0.4863996286421050085913 0.5056504718146087595798 0.4835627402559639631541 0.5344122375787062617647 0.5019418509571061948193
0.5210658032618457058405 0.5207762373916513531924 0.5051458128600934127661 0.5024941159365957643601 0.4993677996974925648033
0.512864090078152257135 0.5363430703637643848225 0.5301904431270496598216 0.5463354577172996329182 0.5103660141688642903901
0.5175336009094633205052 0.4956086075323621886746 0.5257375472732006560506 0.5337865846467582109369 0.4727006096015800018506
0.5326532083217069279968 0.4918554003834897936365 0.5365378059758899587095 0.4996328168384005508074 0.5535086343841763012463
0.543511028781892391315 0.5090172284244656175645 0.5168170319828604419854 0.5215882501330335596634 0.5279892267509577186146
0.5152057495900635997188 0.5437353976150697265624 0.5046910589453722506548 0.5102084742057892974287 0.5313588321339819398048
0.5212803849468100603204 0.5349275419278177734483 0.5206738128343266769349 0.4904719148997394029266 0.5603799042885861947383
0.5039735745468100214239 0.4944116046503448935745 0.5189007680510315800859 0.5164319536857657766404 0.4705198748639800587767
0.4987539914447943201203 0.5298540121109963640933 0.5134770373778045904345 0.5249897943859553883783 0.5112806589602493234636
0.5369978336241040262067 0.533362695003917197667 0.5055569014513007219946 0.5023246013204707427491 0.4694457731569758873746
0.5181976213576338086142 0.545220027060982159739 0.5351458567897285911741 0.4858914572143719357022 0.5451533960043254412042
0.5133775525894164193375 0.498606331725223284046 0.512205441975755015882 0.5496384639514535486171 0.5243690504411038233457
0.5175465623414348126374 0.5445320332424937737059 0.496522447877467409949 0.5103107497757588539855 0.5012174559007610552541
0.4991551494539025468633 0.4896319021353496281357 0.5058799975104497637091 0.5077568560428927790795 0.5259308906699707852894
0.4881037215955781327636 0.5449487456352531955517 0.5034864041932767264598 0.5003421904967486621985 0.5210394946936498516976
0.5020475603913204798445 0.509954212139641649415 0.4845496508788024736525 0.4899119332388862102512 0.4788915205939596186901
0.5690308208872405515422 0.5141376494987146550386 0.5210021006833864820607 0.530574421926225725521 0.5080271829029616714735
0.4891277332636754793249 0.5067718045207826316201 0.5581672635554644212874 0.5136941485964084952442 0.5343429338597891486984
0.5106683141073333764837 0.4836172271007498357775 0.4943486470594207760065 0.5308195520953052914948 0.4989177720215880462717
0.5322345175186287136171 0.4970426160869300113987 0.5257520794805713437725 0.5079606227527280193357 0.4998830946650305584456
0.5089666326161528253635 0.50512244339857326203 0.504591518850082354497 0.5110844407011014833842 0.4845065296162738288643
0.5117687966524482323649 0.5246681197575132626909 0.5357614112640184389491 0.528694527521643586887 0.521048481947227970501
0.4962286156651192214895 0.5173033221494788280737 0.5103713692482949593199 0.5345514559984190228192 0.5183643923712732970444
0.5257808545996771609765 0.5056213076265840822288 0.5306494935152235026266 0.5174635087799042132417 0.5123418377001158763306
0.5307600826526586157428 0.5405296748274484031072 0.5200067874265044132187 0.5390183892522363295896 0.5015541024626499755357
0.5518077007033764802557 0.5083049642467021289605 0.4936241543321989166948 0.5467207220229357567121 0.5187785952141800160931
0.5255389463223173462936 0.5494791454595051582999 0.527265714765914994544 0.5028169111965780091467 0.5088396959436738420379
0.5188765414132957554116 0.5205944165824278879739 0.5475674276117818983778 0.5128750154943428896104 0.5180696632991840244742
0.5074769523086402056578 0.5184559174954946891845 0.5324043969059251146803 0.5408698602581986092375 0.5043562147616125201921
0.5482026052567107177182 0.5599689258034128425123 0.499407884245001321144 0.4898962173746632120519 0.5150022287871719450791
