0.2372421267829873392508 0.09087131821277670551407 0.1095812122758560713809 0.1675564407850866910366 0.1805417569272509126233
0.1066807062024460878158 0.2424395940910146762803 0.09459217327967882338324 0.1099921447612123154292 0.08488120231897895717754
0.07636605699988582851567 0.1399426707305573003293 0.1497206657209715907619 0.08850779893969391853847 0.1024564573088508623311
0.08434348241718529759492 0.06499338226303862098288 0.05751644320034547674947 0.0311936757855548058016 0.03476564102495312280627
0.08586810782515578999163 0.06808337240900122488974 0.08378516411452384404779 0.06555944704415703205846 0.120378745576730589173
0.04919146327983164174169 0.0825762864131381474353 0.04242989518808280152706 0.0406598612249338131619 0.09323477291873605299344
0.1576466747759665554263 0.04995617094228405052903 0.02324107140672299065542 0.04669392975246346860763 0.0378305824982731533912
0.1078598965358047029328 0.07698203207665144098826 0.04212981634612169429266 0.09563484942162393809273 0.0468572475613200575828
0.0413058139232133497698 0.06259444060404796561503 0.1320405942774800778228 0.03764526695460337912813 0.05464762080106415342851
0.02795864776557606401486 0.06030175219693940241728 0.0634397197451150168801 0.05691260063505158839359 0.09612323932365136880396
0.1128304507395117423085 0.06536771878769878640902 0.08750022987499361803998 0.06364627544511482215572 0.03123574462417872538156
0.02709641322531143592389 0.02259271971162401040911 0.04037841612825110448881 0.03962823545860563040355 0.03676174031201923098067
0.02205340716161247049953 0.04024061393708211475939 0.05317593695262488873166 0.07881729438098260265289 0.04920165022400728449536
0.01932543353867685262393 0.04087535377720495632925 0.02956645636802611790128 0.07190944861722702030615 0.04683764163651110007391
0.06925746843546777553602 0.03294995799842643374733 0.05794707214696920294372 0.02742051880610395925286 0.02620243730225845640858
0.0332863426903683840008 0.03706283877226014544792 0.02251892651618883980924 0.02668725627825547022653 0.03838882818968986782027
0.01721905591276438884929 0.06251428753121240911028 0.03049845410712512944196 0.05194605384101461803548 0.02701125966089657284841
0.01540085744849000772005 0.02522846793700851686371 0.02663472237207631376776 0.04144948244528654651697 0.03342707568277231838794
0.02707578271374998582499 0.02497287287576150510704 0.04701022369347671731044 0.03161232337484728982524 0.01517415302021785789011
0.03135611812320225622042 0.04829375735801679642156 0.03540821113841036149594 0.01986070902871544738288 0.01247334378705384008712
0.06003833024622341751897 0.05979908623695760760963 0.05119888520696354305972 0.04465081662804745027406 0.02075098358836393111493
0.03257845308005861278966 0.01820783441307029931755 0.01553251606674294765797 0.02993657659426267672598 0.04179042463291614967202
0.01340370377599749834863 0.0290704966658707070204 0.01588267068890737016007 0.0308052592251415527369 0.01781663842712063669516
0.04950037144942349975896 0.03052277779467732141128 0.04427569109526011820188 0.03312167984960995986699 0.02292510483725626255214
0.06149743385911308340974 0.006950664189677646480348 0.02092879756435907928624 0.02614513521051936920103 0.01646850909773105858802
0.0236679520345604819942 0.03642392740588385607881 0.04168076671746848843592 0.05331949535314654819995 0.02608491195466709766659
0.03961100596805486317997 0.02026449191818235906482 0.03156001740529385674039 0.01934795613592307089723 0.03402173626862627087153
0.03250192453037002021654 0.01283669728011098236375 0.01776960574952949831196 0.03626729873932302283812 0.05112833172218114730079
0.03671328483316271817927 0.03635455032760852300822 0.03898884224953858695928 0.01775354341911004538157 0.02121554329378349743052
0.04034590295512011093315 0.03587976188596232046679 0.02861613873190793633228 0.01736435475905249298245 0.02232399759977130027089
0.01299306145793590640258 0.02100849883848060137281 0.02729140696684640571279 0.01724926187429927024186 0.0247278739429725204213
0.02838396570330305873631 0.02124165747861007230712 0.01052343312236988202846 0.01869604911377725775523 0.06536855968737025068815
0.02745037405106235187113 0.0165818822085680300793 0.02063651823221848008449 0.03202095542071226735859 0.02336530767430525235007
0.03887611068522475732401 0.0236933827774954697265 0.02764492255651982213771 0.03079643275375279487527 0.009953179261377911868358
0.01943824203087994584305 0.01076186750253731866378 0.03703996536332536393399 0.0163986413250509950601 0.03555437505554776694838
0.02666040336535743099367 0.01700220568410524060732 0.01581498955370579800883 0.03083604244767134197613 0.0234634796643609991329
0.01643241085132884568565 0.01243677641322495086573 0.03471176504987585204054 0.01970792025747377176903 0.02379758124932636331739
0.0153300942970946412619 0.04200800353515321550191 0.01648769410536676457979 0.01716132908310848831368 0.03719268387992190338931
0.0114879568831639227583 0.02837501394044277674977 0.0346181031054284618631 0.01687354840470613875913 0.02044077831965708177964
0.03144722797513315598605 0.01582542768129445789893 0.01577443108373919114507 0.03471708963540145326254 0.02168453880067364517026
0.01451791488745301887675 0.02970953422335686003319 0.0100952914836996299891 0.02686869412995778264031 0.02523535501915711090626
0.04381949862174725623953 0.01829769792832174057917 0.02603516026437783029146 0.02929601717453373527222 0.02861208319392936905157
0.02508069157590438538752 0.01366928495355814593415 0.02701229206283694422863 0.02250550170854389783748 0.02704670459844733462762
0.02450149494985783688028 0.01146418095638460261931 0.0202613918819487953682 0.02180731942186929506189 0.01357930722408087417796
0.03731208359497734800003 0.01482685367825468426839 0.01939110160002961019687 0.01175705026786474753642 0.02825075034593472686484
0.01638760873947289406494 0.02087768790227915657876 0.04427261420438300537628 0.02595295999548547644098 0.01660930404429104834119
0.02044137972129684427403 0.02464990196813172940171 0.03438776368656389081924 0.02093184080702632093862 0.009862469891053122356128
0.02984572403429291281851 0.01628623576164591607585 0.02225861752349597016964 0.01494277213980254974401 0.02129583021794040353925
0.02875606368375612301169 0.02318639201501938515437 0.03894781210738450932807 0.02692204523111055639029 0.01207641862139227813266
0.034122640463247110032 0.03487341933591316806007 0.01401006859994761814814 0.02277856925413805286307 0.01881122810481023269191
0.01993480560864040532221 0.03022018868986635700691 0.03943147032410042329698 0.01196750513445178805416 0.009677627302257116315154
0.03112838156035780887154 0.02521044585388513420421 0.03215304020117705496862 0.03900657057526340371068 0.02943915757944199490526
0.01285299532269731058454 0.01071060999266506240379 0.0203325232610360485952 0.01919472087200285725928 0.01360182444784913645408
0.01977031936801394371161 0.03294173523651525159472 0.02284282921444065125871 0.01530213548392969635792 0.01061934293237765287998
0.01703739963070744628526 0.01965788209412718326452 0.01993317820848804211575 0.01740180497277208152007 0.006326848131622482378222
0.02207724572974243543166 0.01725089526079998797359 0.017092964264148177711 0.0230365777440714632196 0.02271294057141070785177
0.0234345991233910963536 0.01699691863242533407252 0.02574897404658136809696 0.009418232509396389992573 0.0127045382705938351281
0.02372854034437688053316 0.01717522595797180487431 0.01460589207650661233706 0.04214114034063017044662 0.02262683328319843936716
0.01870117058481543179105 0.009662491244304986445779 0.009301975923753676503414 0.02096745160082770162435 0.01806902659596161184186
0.01400937409288716996303 0.01541892479131299134587 0.01756477709400115425065 0.03162262620127496287603 0.02243421088040342681325
0.03381606344418106729899 0.02034208771870622475819 0.01689052792665160507291 0.02146893163444740793011 0.02723608896189587749714
0.02344029185971798281973 0.007204787781941852237155 0.01333856155198448294186 0.01073413614728365404749 0.02199135032216758753321
0.01423911554450203557909 0.02042476783547174379319 0.0265772532513335497939 0.02445143143008521313675 0.02566271733016979236797
0.02256576922457722775284 0.02724184783619803054688 0.01406680988042774069213 0.02669033300725787496988 0.01188301531359659511666
0.02664531722067121216613 0.02460753297473081482871 0.01784992661398616953239 0.03309513077365741628988 0.02284602665364502543932
0.009025801345119554425223 0.02205064742246687012339 0.01885143546402190742328 0.0189910643193444590715 0.03655967244403700994182
0.02378769664420884999423 0.02225289251341825216834 0.02575309203913093633598 0.01884106311191808061367 0.01744869380669115954685
0.01702421117632995500868 0.01765795662669105564602 0.01949828402651155104253 0.01171345094578222882642 0.02548852369710888701726
0.01545762422465123478443 0.0301636341566906204803 0.03865630468440167666344 0.02724224481785785662025 0.0185910393390567793559
0.02965949719482640495327 0.02223824178402355675188 0.01151547502270450218376 0.0196228479954114673478 0.009130560308623214896273
0.04753606499763524118052 0.008660982503920579972378 0.01555448922068466272028 0.02178026161320671325039 0.02711393774875577034056
0.0144669206292184389373 0.01040687564658873166812 0.02117533544706496143051 0.02567057663585049775978 0.02934107465362897904093
0.01016906560624299821205 0.01247150402962267194684 0.02415705234220809696777 0.02822102422784067421446 0.02382802808415909745499
0.01658061330817172870922 0.01277536476474535123704 0.01270248380221906600585 0.01680018020630531794257 0.03169157373723014564648
0.004237077445382200421853 0.01081791486726668520546 0.01279370528913876745025 0.01212297188584583740312 0.02276888341813227203958
0.02967313669291118255478 0.007905701786478818923753 0.0227496648552918782904 0.02521311763541636205566 0.01991507492257505937405
0.006768611861919947639277 0.02740404975062236611616 0.02267593095451654952588 0.02981678856063356072847 0.006413758849637042451508
0.02562889300536238396111 0.02517934470202651958681 0.02233749896822003616625 0.01408182193695322811933 0.01401442012946497138459
0.01920256893473753362356 0.02981901983579495971077 0.01858670746316552074839 0.008411837015598281480644 0.02506995218262169158874
0.008833327031790719555127 0.01164709380951108735891 0.02990562630179740069569 0.01883018249866102653001 0.01229515813256681043553
0.002863655587908117260837 0.01873641146809779806093 0.02102679751079808076475 0.02156914930083476955591 0.00677982366537947887114
0.02401692190118285413769 0.005320988803714927529998 0.01667613785623733510532 0.02201952313044952883048 0.02125509797810625975401
0.01141972008134644993305 0.02387663957841331188736 0.01671970141902332646078 0.02546750089129016028644 0.01612902659005382641211
0.03372747954781629003973 0.01186549267389337171397 0.02029108591624867799497 0.02322053894806048318644 0.00777623473183665023245
0.01656630113493071446151 0.009740386107551349953448 0.01129205949237139031127 0.01244516869645779025277 0.02862529075983245158143
0.01750132710972894523049 0.01313307089705961078208 0.02552817268158487709617 0.02811794798507189982462 0.02622799471582556649074
0.01575315823877081536364 0.0106675981156137151401 0.007222804443709367194781 0.02919017748258080635626 0.01066321298835835700014
0.01616107684055192658668 0.00841435711526559472484 0.01743355817672447363731 0.01098176951084599284325 0.02018755875858317325178
0.02656387896153944438993 0.01598975890697731244705 0.0177071413642152751533 0.01601465431567228314691 0.02557543472787306496063
0.01945915698196806764564 0.02329888817724203378678 0.009936249088117377406548 0.01842805394537784871578 0.02312104106131398703616
0.02971042893262616779726 0.01309508169860006468466 0.01443050568764243750397 0.02376769380582174212568 0.01120297420046988297326
0.01949457881844213202882 0.01914714245482835100476 0.01871352514533285160692 0.01574649889248296713573 0.02510898477443664761344
0.01275216112987430025494 0.02582204917390721124471 0.01994221544078462332594 0.01811193923642493222581 0.01434372309150994985461
0.006564145482367455403105 0.0177144670366634060521 0.02636250993441507581294 0.02147801519546748555411 0.02219907259848255196011
0.009503969784829003134008 0.01014641852686156212049 0.01404514860948189065859 0.02402098820528358533166 0.007450948654947859607633
0.02176388510021904157399 0.0291382747374611707214 0.007657975281014511165223 0.03447708310184029179002 0.01839839072121308288787
0.01314181573109776332564 0.006915105476611140694621 0.01379315402635910431384 0.02263169274921606258233 0.03492959587366099155625
0.008291525168309480178785 0.007457378920006908079587 0.01878345407252720450364 0.01044870767016203676192 0.01819454525917547221825
0.01854614117367543724146 0.0106252245789641361351 0.009475420772886327877571 0.01603742838712023804915 0.01323525605754122605462
0.0172707971153056270841 0.02154291589390514710667 0.0135382547500521414896 0.0148619953547983168346 0.01344968025600413660814
0.01467606761865859581195 0.01131835131563671548172 0.01731890900963087287501 0.02137678679472043014043 0.007362476692053226100254
0.03179527177035353785461 0.01622036853761200589363 0.03829825728220669772695 0.02234286447498306377168 0.009616772497285194787331
0.01596056747946795681403 0.02243693386579614923448 0.008495179153102709601608 0.01402839404861232729116 0.01902188108490478549162
0.04316484546426621604631 0.0187567901828645175466 0.009270414061693895910188 0.01532982675773154196408 0.009522288764682822551078
0.02075587345132638358858 0.02070547803190388169714 0.01523490664615681153271 0.0183131034312737292491 0.02624550910133778211519
0.01499996098835145591499 0.0140794088135634803266 0.0241876918462249936026 0.01497157810038216886606 0.007836439401310679730983
0.01839741136444750582712 0.0126904030354074316006 0.02154986438940170376255 0.0133925443269848950395 0.01904264242658028696842
0.02316789240919775103023 0.02933611280048791306041 0.01999168107514958520055 0.02178885588210566215395 0.01337786618430912739808
0.01324737964104820073241 0.02166071408967282230229 0.02251448012045932298153 0.02006960465677838992282 0.01675814067590842421085
0.01722237958806675447998 0.01968108786970927670534 0.01575726265297908504359 0.01816429585456690726231 0.02882633604331137980314
0.02041139961219647427915 0.01799919470995201345453 0.01409600297191415489706 0.02072211769248744409055 0.02055358098046366002731
0.01964118341758213509562 0.02315688474037877475631 0.01157702914541665698001 0.0235228837615112651438 0.008796229486456820165219
0.01413650861583276401034 0.01850603690873032017294 0.00419352640206703541903 0.01596823725065391746947 0.01304565725442865913031
0.01914001860545683567083 0.02212028517267738969565 0.01803849994312316934453 0.01950681628414565813023 0.01100260018001487059836
0.01358419083674681365759 0.02305810962183244341994 0.01515118944438114366446 0.02959780757968230244237 0.01400782938510347803984
0.02946978841444725105703 0.01665170180350254713897 0.003944797038055622775965 0.01297534548456576522502 0.02727728348445199874073
0.03237770601876929082996 0.02602717229287287645234 0.0196971450607187938131 0.01834238921594293081352 0.0224477470102061593682
0.02536358540686933435437 0.01786696731032437826525 0.01427021113438121761863 0.01782680712797081110099 0.02362791013783880830768
0.01515393677546281354929 0.02768168129486972897646 0.01451242985181572069109 0.008786241939949347712346 0.007881822131624813612683
0.01976294404038159840953 0.01511535966657568015592 0.008438381274122195435661 0.01639852891386338676338 0.009091836252551360741947
0.02918709056849744937212 0.01727288885022172648664 0.02348098891391767195636 0.01824357636110464017665 0.02103792051648308014666
0.004837818851236257503001 0.03136809831599227799126 0.01257920686698772543 0.01012512370472455972004 0.0184291038003704422954
0.01988809468908799005238 0.004815056125226599773037 0.01585649119957835417871 0.02189086669223205133816 0.02096718370596128283578
0.01188262912411894300924 0.02371219522063603216133 0.01247661203628974008195 0.0129511910181055352187 0.02374920487077997188763
0.01358693110339198421854 0.02155501434425137474715 0.02023091606599105793385 0.03113967397106616810665 0.01787554171372982350641
0.02771085331995297787455 0.01669821044370113985456 0.02065517545993968140383 0.01848590483636010708968 0.02080380223731655500718
0.01801067468774979196677 0.01293697547588173492328 0.003138770738513781306811 0.02214197602603099751528 0.01533936074905983132366
0.01480974851525231235361 0.008630964043400782617632 0.01062400776812914143798 0.005444573367648299251631 0.0250241103743011790439
0.01304302526099204023735 0.01280142601446102729179 0.009116984122356586520142 0.02425676877723702620782 0.014054604405844724202
0.03042765875948830883724 0.01118161065516232698103 0.03027668788324496332298 0.02674366170495072816959 0.009741924087212838409555
0.01204626008994574837274 0.02273004381183939270894
