NaN NaN NaN NaN NaN
NaN NaN NaN 0.2547075433053838655617 0.2568796494079507719555
0.2672264515007942153879 0.2720896789933552328833 0.2761528957997413380454 0.274221274671971271264 0.2744944644016241719342
0.2810109148087400199323 0.2622821144006698412809 0.2761036678377942754636 0.2712973749498158171356 0.2798523241062311206484
0.2830571330223629056277 0.2911640027714995637709 0.2718643519881085990342 0.2702854114527220574793 0.2826769852561146212366
0.2868675121590069654332 0.2721916126526511270356 0.261581230934066932825 0.2663790600076186287914 0.2865040421625708044751
0.2740482990796208606632 0.2847413034366451656254 0.2802587885081359031503 0.2913386252103251083945 0.2874543482140104466716
0.3054416433090542115636 0.2787388628396179068858 0.2980387328073235142512 0.2748541070745308956269 0.303233529956099812086
0.3011574519820457429553 0.2960736944640788292915 0.272386815974321516709 0.2820109045790959445554 0.2889981715301855880185
0.2663906679423909684701 0.2673306369172325225314 0.2722119941175577539916 0.2689337949578916586724 0.2687161492775017590517
0.2697792425114598491298 0.2704505814491757753615 0.2688469510940219020512 0.2905278023137138343479 0.2953358977845579880217
0.2698227256023731368551 0.3050660196013992297992 0.3066020697130578120948 0.267565454037085925787 0.2988278690910610158049
0.2734346230845030589762 0.2788207633703799204206 0.2713824144214246336659 0.2833895669887715462743 0.2850658446566963766244
0.2776689185965089956554 NaN NaN NaN NaN
NaN NaN NaN NaN NaN
0.2641712649043882477073 0.2677250542439602032374 0.2676313560360896737222 0.2762648313523372589628 0.2623227400023956934483
0.2731499934606169133211 0.2747300832167716144738 0.273720346148914051021 0.2595106203527399735265 0.2531347682028798340426
0.2499307242582006483023 0.2399054800273878462757 0.2748497268091118495015 0.2762370790796959130198 0.2700214786623024165735
0.2794378091342867853619 0.2739575927861714332856 0.26690491303681640467 0.2739892964648085738055 0.2694342248129119044009
0.2845351240102416134903 0.2845009407227088726877 0.2811704315501153961243 0.2753518308006296932966 0.2750885586327325160738
0.2855281695878568726243 0.2801070232098366585838 0.2776289781593970773521 0.2687263096677439122573 0.2733329491642881303726
0.2688823588893931582078 0.2863848565295561421351 0.2629912675027976098896 0.27227057924639014308 0.2634804306423571551576
0.2699811631886332441432 0.2669734249090652822289 0.2792581016853886710649 0.273086455927160409729 0.2826095238414093602231
0.2892264817098946227958 0.2961354488732420575658 0.301078707635699382994 0.3055502312164872225075 0.309125296309890162938
0.291904458429857183166 0.2905221981979654866102 0.2899181256129515493747 0.2707129616649029957287 0.2728399467128003741401
0.2875448216649151289559 0.2950340460935103603646 0.2930958446363590708117 0.2923646544030057414787 0.290303608550674940858
0.2782028444550062040719 NaN NaN NaN NaN
NaN NaN NaN NaN NaN
0.2691281430045747713464 0.2648777366420123069446 0.2763268463468063207422 0.2926507609263079845441 0.2675081166007585720124
0.282436336289334233296 0.2598392397097745720735 0.2802528736047701363177 0.2642907361525560494542 0.2892954174850007054154
0.2708716738469006957146 0.2909796693305711778876 0.2931563174802155891108 0.2737987676031878314653 0.280041814811454181644
0.2762700329960338652135 0.2641089570637378258766 0.268142179213561260287 0.2902382830219729648036 0.259752579334166899816
0.2830838999761796093146 0.2618243291856766075121 0.2819340239427553518325 0.2649012801683515161422 0.2751897256534683311457
0.2741724192846486385378 0.2741970087017377433192 0.2636712636184481706181 0.2928596312878018470549 0.2748378559745895954869
0.2808173888377584748177 0.2715647845897271595028 0.2670938886326705286045 0.2648779806944141501646 0.2656088834959448030659
0.2657616620284750652559 0.2856928870511347140493 0.2714195909318708466174 0.2795750040182354845264 0.2754232235829094377344
0.2733019067823184156119 0.2833867901532701738532 0.27883613618221009256 0.2742333272008048994373 0.2703619819406140600826
0.2696677805569051011858 0.2839089600497005649871 0.2719516362385672736401 0.2760346368812510720048 0.2739644808786598217942
0.2688744179160857949995 0.2717920516709184108883 0.2600017174515459328354 0.2723168132033825239446 0.2690157174912092274965
0.2608606559231999577619 0.2675827210999786043288 0.2841761954289402369866 NaN NaN
NaN NaN NaN NaN NaN
NaN NaN 0.2756446268132561883135 0.2798148618990676794738 0.2667186804992600634989
0.2685832006842303054661 0.2457668534160363238428 0.2557236965141394535728 0.2701321473026124242445 0.2528623436792668544015
0.2622360824665136425082 0.2570368416150425328048 0.2767923212475167926705 0.2573570297552446595191 0.2701813624040022010497
0.2476294434796999233139 0.2807559894292707136643 0.2787247722309836306387 0.2800305467837146400356 0.2891123645677640130458
0.2722103273687821456406 0.2716097414644519369986 0.276610412855172183022 0.2740405548515650879793 0.2689400867491174018653
0.2797746849655087242326 0.2782070726326708598464 0.2684318673816207811988 0.2782272318855203985244 0.2681354058454596955841
0.2720312469666620880382 0.2743191238988486047035 0.2817341429571754707339 0.28534847000544405482 0.2871737944362633410122
0.2844543014675178782547 0.2591355016937215705042 0.286831315698522049118 0.2626746628403096583959 0.2741585264870494698108
0.2691308145337473756165 0.2783561433549590069525 0.2618586982765393478267 0.2696505766440097096037 0.2851832564517057799769
0.2743399405737892426949 0.2793647020898584187876 0.279814809897451444165 0.2822041180478049304803 0.2944153108185812439679
0.284825655453444515075 0.2956359505501097717506 0.2922803802872190881423 0.2863436079883591722783 0.2863455956534923796397
0.2695713553703679155049 0.2727176387609484553565 NaN NaN NaN
NaN NaN NaN NaN NaN
NaN 0.2589158841269517674633 0.271227942698301249802 0.2615017006473529526112 0.2767373987448432659519
0.2497345465749433446323 0.2637218804167444363706 0.2653312024699374105374 0.2863527283965914826958 0.2808269734887497981468
0.279926675397086544006 0.2704870413262960848755 0.2634521588842090311644 0.2742977448610293134124 0.2724648006328625471362
0.2802151595979665565928 0.2708037501024068149924 0.2741062285049188917974 0.2703500128135022939624 0.2803016430002353009954
0.2773275072377714423055 0.2890346943612144836599 0.2879475675993686256682 0.2675522757300922704893 0.2784129897086761173952
0.2674312992411399525494 0.2894936335752467670979 0.2907172363897628231122 0.2739989955132237087199 0.2734520571994555893092
0.282192440986281323223 0.2850680937278640136867 0.2861160009820087335441 0.2809356332441171888448 0.298210472784263935786
0.2857911140981301278963 0.277670792482376693755 0.2798471124687136879494 0.2859984687136091219273 0.2839468609669005827456
0.2911570980991992074749 0.2733524942929958512217 0.2886279880862647195805 0.263747993319967122261 0.2769847189773282369885
0.2599251255723659115304 0.2816323569735665333091 0.2782320660369097531373 0.2698381268763989093706 0.2729228997147106761112
0.2630089614569153799728 0.2722956231185152398133 0.2681541859464266486235 0.2784570923404227626996 0.2834169771805028492651
0.2783791084351022737664 0.2802396873475199168269 0.2845747535196571642579 0.2697023273184043778983 NaN
NaN NaN NaN NaN NaN
NaN NaN NaN 0.2646287727387035548787 0.280628432709340458473
0.2737101416073892123926 0.2841897001773872610819 0.2852124904000040706009 0.2764666662589413959061 0.2688884629764201061874
0.2765235375920055971299 0.2543114106442693200805 0.2742295466889392296927 0.2528236733526715851461 0.2724492631319879176743
0.2675615802600304071746 0.2874601588555104614287 0.27230470706791881641 0.2719347958733301373613 0.2817766169986199442654
0.2751992196590934414147 0.267393796758336577124 0.272628883376994590737 0.307029970586813194533 0.2827770986579868917055
0.2993351199482231494997 0.2726559936979429665804 0.2801579856032690996059 0.2636816884341811051407 0.2697451043159415084993
0.2706782607174495480784 0.293352202693353103502 0.2865711932196196021216 0.2858038142338178988489 0.2725290132688980571096
0.2880887158231167921585 0.2828985987995804585182 0.2650589812227779340503 0.2738408093808932797231 0.2696989070944190158841
0.2660434417629531922422 0.2797793555557185896099 0.2698604683464804199211 0.2781440787674092640636 0.2762365776957168006511
0.2652943994372166103268 0.2806326851588205051335 0.2746495927282354143628 0.2826195391846423321525 0.286742180099312682362
0.3044802352155250857457 0.2746148415341147508428 0.2807432584207155135125 0.2725258010049851353784 0.2615375405639293049376
0.2968747715969728973029 0.2795171225331690711968 0.2899194822770217450092 0.2839364805467978203346 0.2943041115855831724168
0.3007436478122886835962 NaN NaN NaN NaN
NaN NaN NaN NaN NaN
0.2743344179708399055428 0.2744259809999116672685 0.2725051501921461616362 0.2911274812825266344873 0.3014434691535104460236
0.2626052674673091114066 0.306072597941999868798 0.2993601189886436197973 0.2853781166606847441436 0.2797353987679438436231
0.2788459889610446773567 0.2800031767482856204232 0.2684186348921866471784 0.2743055127214588106987 0.2629033089323269956061
0.2706417388761905851169 0.2777922983679104729227 0.286525102705605383413 0.285590735300304654487 0.2819015105591701209065
0.289259093943355305445 0.2765575550464177134735 0.2866816601391802277199 0.2725663167870023828598 0.2851482383719474156258
0.2554608887624619795176 0.2696680834695767692288 0.2680787372602908003039 0.2753704195715085401019 0.2689913364151573227367
0.2803654481833430800464 0.2827074651028448903922 0.2731704764602074786417 0.2581479495148349956324 0.2806245704403815266481
0.2763383027780328404788 0.2854918833967717839428 0.2778713590753316142745 0.2676748598052428596006 0.2770693904937769347363
0.295827948367465953794 0.3009820940649893805663 0.2822339522647203668981 0.2887461666347319599879 0.2820792548163970625552
0.283952412544365262459 0.2736822661755047847443 0.2670735204354170999608 0.2793227149047921575864 0.2904408610608086305227
0.2796291697970844647436 0.2953334943366524023567 0.2736360244306142996962 0.2922875839881995396752 0.2681820455370061417888
0.2849509652255516334307 0.2783352958397594112405 0.2883845210579092377401 NaN NaN
NaN NaN NaN NaN NaN
NaN NaN 0.2598524993154618933922 0.280971094457438785863 0.275182930006128645406
0.2722411049979329700221 0.2653283739119763895431 0.2614188813129756372433 0.2633451767871524684672 0.2683295182060462247264
0.2606639481601066843375 0.2668898554365604081084 0.2681578234216878686702 0.2616487775169695773059 0.2681417747814811014528
0.2621789543460802396346 0.3077499768005083624622 0.2620767247726736304259 0.2793306177261485889751 0.2794426169562002626456
0.27886039197567114023 0.2856403553492687374948 0.3069813376014896011412 0.2958378599508518780326 0.2629201138261493819748
0.2617287837435200437142 0.2726144840770787780571 0.2739067748048916728365 0.2628448293648572575698 0.2679462179674883537395
0.2777400069613126798451 0.2754587410397891233949 0.267725344617323779417 0.2742213535688640124732 0.2488877359664045663123
0.2865061066682667578753 0.2750463235046786691917 0.28200466489296277528 0.2849954287054094481668 0.2815274482646116238627
0.2821786693756564434743 0.2894542976672007661421 0.2696289477507239906728 0.2701100739702078645799 0.2731729282814291392967
0.2717231541075562639698 0.2726508376592671201166 0.248877556516593295699 0.2829019345935606666309 0.2662043942426557951997
0.2787560786309032923036 0.251731841772221076603 0.2864415453621116935956 0.2613941553952953134043 0.2896102552387652129262
0.2784326571386540050135 NaN NaN NaN NaN
NaN NaN NaN NaN NaN
0.2958151430113447610815 0.2796080093060628879442 0.2776021033969393592145 0.2917165876662708434708 0.289178182369122516171
0.2753635522478088404341 0.2737376389964646938857 0.2918288186179238130613 0.2827810362533722532419 0.3043707944166081369453
0.2873961923310558996825 0.3115336050683429891528 0.3029439015497214504613 0.2722117115346249782704 0.2798138264683274756273
0.2892668035361876666123 0.2796292081080817282235 0.2819842372661877094586 0.2717396996372586359669 0.2577559679678805282244
0.2634255433785137046065 0.2712608116544214520438 0.2765864009707326154341 0.2729220827050904407685 0.2642246442067692213662
0.2620491492476526018685 0.2747546903523411798709 0.2662562237061826819762 0.2673495572414693044472 0.2714706307771581617061
0.2576487852055192040446 0.2844731370943422987807 0.2702845912397275340844 0.2968767313014638586921 0.2795710808600699870397
0.2882344455794352278133 0.2885248422332371553978 0.2726247137140375698117 0.2757405640492424092614 0.2812488625437118971995
0.2754639457827104398469 0.2878033820501812445336 0.2835295727481332850317 0.2842750022510405760734 0.2722467941508390776306
0.2796588958976113925559 0.2786449702439244280328 0.2927634316579186268825 0.2699894982974661572506 0.3013727571459549059441
0.2891303314709903204971 0.2984776554048682029041 0.292164123432604061481 0.2917615980469071002013 0.2890402526989775955357
0.2675422806920450535806 0.282139186989661949756 0.2631605090114774170296 NaN NaN
NaN NaN NaN NaN NaN
NaN NaN 0.2693665336553710543122 0.269273183439825758434 0.2673287909661115624438
0.2690685144300172249032 0.2649357974949508864881 0.2637677264014358091693 0.2633683483115756840398 0.2610442147811126711865
0.2711296902600618952128 0.2623440165781242838783 0.2622141886923173292878 0.2582698924813864871375 0.2472125330637524875943
0.2506491882216018152185 0.2689391492775979330965 0.2647675615782317248836 0.27181718117189046513 0.2704329801368616781332
0.2695483058971634426904 0.2691000789185981623142 0.2587104683486160516814 0.2769092040506063723271 0.2704921567764430045955
0.2800620108711635580789 0.2629242784645727804005 0.2687306544406363739697 0.2576061179503117970491 0.2711729700419235888909
0.2519223096178850873628 0.2575860318195964948629 0.2630230093507489597116 0.2695946682020069484764 0.261347708173322923475
0.2660801259498070114873 0.273593091733046522851 0.2666733051026848322351 0.259356150583885947114 0.2575890644533467277455
0.2816356771503729095052 0.2796195844338451030886 0.2912140873259821405306 0.2878812771995866159891 0.2581082143108342497051
0.2760589829117719440355 0.2932450837603733373449 0.2728106187126296822143 0.2817334535404675821546 0.2562041127608093993295
0.2542252379792015459792 0.2707761205160554296434 0.267338432670308379091 0.2792546087262151033315 0.2754204809951453225558
0.2663030488292059128064 0.2844371774895010362982 0.2732582864742924555479 0.2862257349693074215402 0.2851049922422022042667
NaN NaN NaN NaN NaN
NaN NaN NaN NaN 0.2509979014631447680195
0.2508436867666355984952 0.2539285539047980710947 0.2590701356977950231553 0.2612514299687489494062 0.2670330207171748293504
0.2572254955545575372255 0.2585592262436889887667 0.2609297793107100971177 0.2620025874959413525467 0.2607701201433191839918
0.2631834108051540055406 0.268187960519864043718 0.273906868398828495792 0.2687788649150535946752 0.2763075795264745004864
0.265204057648307622852 0.2668800447117570806554 0.2588456629779338213915 0.2627970494988565164363 0.2626011462234692506179
0.266875134468256058895 0.2711438445550525266903 0.2771265072762546521901 0.272836196686471021966 0.2797567235052965672892
0.2642303655837422438069 0.2717338481179635278906 0.2655835687555743174215 0.2648344408694693896678 0.2638241510617584939524
0.2635860464831137339736 0.2547240170187196617313 0.2635832324665170478539 0.2801319290516610105435 0.2827240532458562549678
0.276598284684719752935 0.2674321406235016795883 0.2790302360348854704419 0.2676042437054831357734 0.2715757640493553504157
0.2722198426043237473593 0.2736294321962854381169 0.2742646840459909696186 0.27257830653782261221 0.2683100272436531597009
0.2744620615360341409072 0.2783487178792761751467 0.2651603950979771195939 0.2653129543833512848927 0.2660986623741514733865
0.2662971269731322920826 0.2701266954545761267426 0.269535585220762763381 0.2579668242732622296387 0.2944485763611768280867
NaN NaN NaN NaN NaN
NaN NaN NaN NaN 0.269309252462163584152
0.2729508679862734377153 0.2668167551955586969115 0.2725756117198023242842 0.2647694981299995586888 0.2667847586089460154568
0.2568173216934717673077 0.26093407954728453646 0.3002846152195712270405 0.2696380668353487441991 0.2787795756210494357852
0.2856500311877507303215 0.2690154482160673210522 0.2744468583074167189473 0.2603983958742904780692 0.277243298939481963572
0.2638610343781223610549 0.2710427889487996844231 0.2557695602214599683855 0.2755258353020322847904 0.2653660854316424733135
0.2821000561614970814084 0.2793350588705402204326 0.267649315023707645711 0.2696917284255169189322 0.283894174249237907226
0.2965293635000351146758 0.3184687368353530945164 0.2707700373724969966638 0.3096671279309767821353 0.2749229060512818345607
0.2777906176845674757203 0.2681590266929034793719 0.2638603052636584456181 0.2886824457426051537823 0.2855665258553292673582
0.2885054342954795347787 0.2794321215390605517292 0.2660174405502409578084 0.2716412213612660053741 0.2791400838725911492944
0.2782410110515798340458 0.2757875016067705131739 NaN NaN NaN
NaN NaN NaN NaN NaN
NaN NaN NaN NaN NaN
NaN
