NaN NaN NaN 0.1381060700404891927739 0.1180894069951588382095
0.1386634606971698935318 0.1786526071932854065061 0.1200018519084514456718 0.1083654338151378848654 0.1290849887048042266002
0.1480454535224093592927 0.1789054097517841501741 0.1285410923338183297737 0.1463165834731134928859 0.1366353782236765790348
0.2083219177670786181888 0.1482695752412995227054 0.1519510006172681559899 0.09452263651507870900748 0.1891195926613051248033
0.1796036191483426358584 0.06786954613006383751905 0.1535542338785202409746 0.1193585461065285457938 0.08562526593726947632401
0.1330830884466828456514 0.1537254341906605925594 0.09410966595650592514399 0.1152284552091232677773 0.1887740736480346126491
0.1554608059490636962074 0.1746780026322093948288 0.1296793701977470569808 0.1210580645014772971368 0.09623162772317421509438
0.1172395719592756319072 0.1224775971834506926861 0.1079245371446791723624 0.1538713284970099071103 0.1242078376629394409481
0.1384581503196049279136 0.13739558717248540054 0.1582364975006084195641 0.1397372555713031760938 0.1769372516640889403394
0.1213301089743305805069 0.1868997609816925586923 0.157900079793923009408 0.1486600563740547720215 0.177267925996095754293
0.1714200042021505887568 0.100811692114154624611 0.1786828162721084689579 0.1560640537189691146036 0.2106107799762144683342
0.08181472542072509845923 0.0778930995970749939783 0.1652334111179536713099 0.1943535680362242501484 0.1532268629431519646467
0.1260529149078619959301 0.08390629352015124831077 0.1096911614327892581233 0.09277788939867717687981 0.1973889660021381498023
0.1627948398239265903609 NaN NaN NaN NaN
0.1410596753152493498806 0.1455577262235266400303 0.122837210790405562677 0.1583886327864814924649 0.1679590876527984055766
0.1690838301802676246766 0.1808671716812214058656 0.1618328473830511204934 0.1898942202920657629228 0.1401970070754515740319
0.1495155828658287500144 0.179631745646964047225 0.1405504062884707083825 0.07676425888594955171396 0.07655038716397667697411
0.1130764583147967489163 0.1450838488835797801535 0.1215384827257351002538 0.1176836254588456420755 0.100130622004198310826
0.1607198250072408018951 0.09193290517601529487912 0.1380083853211760691604 0.1515292795788467095086 0.1520231981514975905245
0.181267173989648255894 0.1982446689861996069748 0.1594236629746863809221 0.1615973439879456741153 0.143836128857652512103
0.1476587901291946669513 0.1509691721390295227057 0.1734967742857782269095 0.1163548062661964310749 0.1059091403559919986055
0.1632289502249364698816 0.1621778452971932016347 0.1214199747969490761346 0.1202126001399432125849 0.1369068219395344343514
0.1243080278440920477534 0.08437850239937096097353 0.1353725731474270388421 0.05862167342643904988098 0.08648782103971013046628
0.1085529744895970954977 0.2000970747339165245471 0.1770877995933668458406 0.1897838187060836845355 0.2101906380968817100729
0.1849455932510050137907 0.1734480817782427242157 0.1767602047704809331563 0.1689292172211709353036 0.1483927163736951382322
0.1696587014181647201649 0.1396196765660477345783 0.1709125798294253151255 0.181750526734034245635 0.1794734825646583653569
0.1685478746764413615633 NaN NaN NaN NaN
0.1912764104704844370097 0.1073667722788037293125 0.1143309963100531956304 0.1143492560248307449156 0.1145264215779306371523
0.07611473433268023391918 0.1401400464043155158489 0.07457659199513602676923 0.1346622997310596425713 0.06820428723651382474369
0.129276587257888875282 0.1050416356456593119928 0.06218344813000718784846 0.08404628748865342058316 0.113552929350855175139
0.1340195432866017333229 0.1378033066196407419035 0.1391414918441095660562 0.08324359812729280327925 0.1162783317942449184956
0.1796715742984020536266 0.1550127554536889218362 0.1227913506750451105853 0.1832180025507605114488 0.1917674777240015726587
0.176231539449344831727 0.1792430218388023355214 0.1333357904529431925411 0.1550375902466541166991 0.07674952025179879178118
0.09116341267538316528452 0.110664812845610624481 0.1114398919978147189935 0.1098713255543861677666 0.08351945888661437000788
0.05575290930223041757641 0.1406403465434392097144 0.08161247082118586182453 0.1340531204975115853184 0.0955582045387005363235
0.08663023836510948261225 0.1336735912929306324681 0.09564069328737025144083 0.06553438336955032250675 0.04860224494111736737167
0.1725976125359823809546 0.09387984273807040147553 0.1378588166405921022761 0.02459214939748650616269 0.1394562399117351692013
0.06812982073263811055863 0.1165485916989286580003 0.1856567450647357009341 0.1773268598319428790422 0.153403540299952345638
0.1170367683544924763961 0.1210614025472060983901 0.02551452352846575455381 0.06922007826489598447672 0.09684807161699512945141
0.07446661135327491132241 0.1432315467698489497295 0.1231140649149549820551 NaN NaN
NaN NaN 0.05446393186787559792528 0.1396572874954550846915 0.1878948773882716805073
0.1845557189094179928457 0.09793989059654101270169 0.06807016836708815188395 0.1393555034133863446133 0.03923598672948402921179
0.2036164367084708493039 0.1431984614683446399575 0.05529846718736535632344 0.141114476873031774451 0.1356570892550889306793
0.1431503592340143682371 0.08628253289789669655541 0.1447485293223385593997 0.1368747662263833653196 0.17031022511461807456
0.10550879496261333923 0.1293638665245859242781 0.06446619337202322275182 0.1124810374783719729708 0.1232277795713640489161
0.1373124065494885082117 0.1462382524883539536287 0.1514575487586856394895 0.09844206575884402454779 0.1114763653803874932091
0.1550373058748607812962 0.09732321217989391148873 0.1277629158710543721966 0.1485349406548431006048 0.1671105519128318617206
0.08849126276363973586658 0.06806446465675482226931 0.1411305519803868202544 0.07755511970562223300618 0.1466128049583800274647
0.1663708597215472484443 0.1827152271714141407166 0.156665611809219729178 0.1272768973156158389681 0.1244355427287439364026
0.1825983367550906288912 0.1868751727445268628891 0.144818479343441303131 0.108705675683607436155 0.1245917176513280932859
0.1558134766498008860758 0.1481695383500694629397 0.1458594567846537570777 0.1709381500463217073982 0.1542434311013026193571
0.1545934512650656011967 0.1794551439954064631088 0.1989896351641582961101 0.1466040213088866672742 0.1906544608731266798873
0.191678544443370929562 0.1528111588149438093698 NaN NaN NaN
NaN 0.1775227730299485384702 0.09552167023299695802763 0.07231546633688558378683 0.1077549264985014215723
0.1411301007659591377763 0.1283939714432234813213 0.1005123203391381364602 0.03268501377682134917402 0.1445031094962417328453
0.1057047170750727016486 0.1132049077609571241521 0.1774044641999699967183 0.1287182915480941103326 0.07399970038918554648966
0.06912207187163518784523 0.144855655644930331194 0.08818897918192403206916 0.1137825416328394484422 0.1489137942716212692496
0.1338291181600569645926 0.1135907138313566738796 0.1286740672188435852252 0.1212200777464110534876 0.1522058445724679687228
0.1546117987006810357009 0.1286469502043389168122 0.148017515788542691757 0.1522797941318452530357 0.1919715161955137527894
0.1239051136053765655998 0.1269185148548579444849 0.1973383609379974479303 0.02707634491967202128304 0.1244593593114653728993
0.09757134871540278087121 0.1293431959348942950072 0.1120184292261055536422 0.091303035533543241975 0.1568933128611685046128
0.03918795942111989727419 0.1614758663378247915965 0.1660223091827391361797 0.1666037935137806014207 0.1237650494324250977085
0.06510432803028663728551 0.09646188711734854370761 0.1248747313216727883312 0.09236907116445321197507 0.1026387684119452886611
0.1792291476704058195146 0.1743974728012583075287 0.2175436609913717900255 0.204187796900331619554 0.1659407726103194757883
0.1525158553377762293835 0.0901045449946406284969 0.111182088075635177038 0.1296432797579395446164 0.08203291374161655880037
0.1402997056043241985712 0.1162619591944615976553 0.1622118192894518029501 0.1014781900025765459805 NaN
NaN NaN NaN 0.172868267750820370221 0.1722368498049989538057
0.1641098437755824646089 0.1586554276104394922697 0.168432074019568556178 0.1864001719541790169643 0.1727975707613530198525
0.1720184888891199692651 0.2167882923951329754431 0.1829258071688858178216 0.1949133462486555556925 0.2000740397617856991541
0.1766175560153344092917 0.159781638136369641412 0.1837477675499442908436 0.1743325048534612731199 0.1719658554105795711386
0.1651953019976528658219 0.1963579494817160042697 0.1786478117451761604695 0.2232964202071690829055 0.2197878300000243034784
0.1671823424975264205106 0.1963903584925751344414 0.1791517369149626670577 0.17481109939326755498 0.1783254221091246927156
0.1631620141777113952575 0.1795831484535779787315 0.1688823151721396687019 0.1549958807023339157904 0.1853063830691490943003
0.2014124450204976546352 0.1919625285936809866438 0.2112474626302922320331 0.218741323025659323287 0.2085960595027164798942
0.2112309722977900039442 0.192088810794406733562 0.1887597141533991496054 0.2046298074404161726481 0.1598380302548438602894
0.1864448387329443457272 0.1653889951374736821954 0.1712970426206633645094 0.1978876430338735725734 0.1760340185974479110254
0.1778468850914020349396 0.1743067534652056604916 0.1739764184459348383971 0.1734080100148921166348 0.1705704118536309488174
0.1688967757272159253557 0.2014704632868965783477 0.21910656228830135972 0.2011972076821871291408 0.1894679214300042657815
0.1994690116782634192738 0.1964360808188205798075 0.1794372816416530125316 0.1658005006791909707875 0.2292786582520060512103
0.1644249609307414927706 NaN NaN NaN NaN
0.1614071288191209208041 0.1593114859340117317466 0.1113875264105216866817 0.1391923781690965200575 0.1351832183353448013641
0.1687269516567427851683 0.1304994389464040338567 0.1467185204550604527007 0.06756188425488460214119 0.180353688376058862719
0.1877126136300617254005 0.1159600331409029877472 0.1697544530734135248551 0.182050365189016238876 0.1542216515756952011085
0.1165507016351323144043 0.1398449372058086503934 0.1238215951908824691285 0.1032291105377073914262 0.08653610550220650066144
0.1261660834697868327492 0.1245435068594256261543 0.169220085953298154946 0.1595774469659587413428 0.108586927463440965913
0.1080375183145457079759 0.18687378056632189538 0.1838288754137241132192 0.09706025891670277960799 0.1154267234936382363619
0.05417805133221600955018 0.08323967104848500886405 0.2040721075324918865057 0.1605202567052614881504 0.1834727645953305452675
0.1553668507835772594206 0.1437469816549140910755 0.1847661121181255194923 0.1232765370937163734721 0.1128622236881871992997
0.134391109435885114376 0.1573460471047838649117 0.2072986844523698746201 0.2013349571962097794842 0.1976779542556952873333
0.1505685165773520406418 0.1887133399003978195818 0.131273130803981119552 0.1560497659836980743897 0.1566494835749749625631
0.1351059390580118813041 0.06852549994746712225258 0.1864884871164712853986 0.1347979406403755908705 0.1623965558223790517367
0.1883538232605640738715 0.1848815807356749274515 0.230815274879326820523 0.1649931688469378487927 0.1097449092582954560671
0.1628070526764574810219 0.1623836402268602485677 0.1665821131020763234964 NaN NaN
NaN NaN 0.09264214467063952573866 0.06413603330247424905153 0.1120875093548636680651
0.0882958710337454488748 0.1160810060551049766042 0.1191603081048401846509 0.1580294150493423699366 0.1135481841330990282479
0.121718102610830367083 0.006036105653368122568592 0.06077527649367062134722 0.1595059511733039336878 0.1550243795975593807945
0.1175271864547462186135 0.1061303439336537951521 0.101558972350997797629 0.1143366752670812169779 0.1519835282245388663469
0.1031735818561782952463 0.05035828085400310960562 0.07853345066531845775071 0.1394918217550712158381 0.1164346376934336790843
0.1187856589189629497039 0.04946804811605289009524 0.08221916394579614761895 0.1115679203024391163979 0.1527838942619942352863
0.1680564682364357464994 0.06857993597709427513465 0.1179591080041779427301 0.1206957183321981375013 0.0348834294920746107449
0.1076634856870793133243 0.1091328589039044089093 0.08752940053380228735413 0.1016618025545054926351 0.06176991883394197108137
0.161384996639668487628 0.1504528158220345968044 0.0498053266062539676251 0.1036917246410831161541 0.1870738425223626155702
0.0540989600729032821258 0.1337156266054110587138 0.1125189689908949186581 0.1925921472527019895349 0.1498191306958147894779
0.1176318520861594218996 0.1859375125183874433166 0.2156478168664334449378 0.1169534561878603912133 0.1467937975295355856886
0.1355943712889548791178 0.05747676963785572357146 0.1137745183207306554074 0.07071665484717325200759 0.08414074865153910176563
0.0792223571764498618597 NaN NaN NaN NaN
0.138209608845959230905 0.1057919492057363408666 0.1110889479840211635508 0.1372758741908311208579 0.1069027525487760560408
0.1325340246599777116465 0.1344807764031228369817 0.1580087821472281051083 0.1588265794247846196541 0.1212578424379136127209
0.1059063471754622259846 0.1193626454457030056089 0.1545791878477485170595 0.1021718155191293081474 0.1293718865250792215971
0.09263432073178455572471 0.1983029946807328414149 0.1007497383344882618816 0.1281642202599583557632 0.1891584981950825139485
0.1784288277368928365973 0.1627493823845469755884 0.1788369222761360399776 0.07670858342147592046079 0.08160643233431896792496
0.1332999635438641139462 0.1158445902844336961035 0.03138542833366882861545 0.1083248573583253937525 0.1283752798810094131188
0.1268435924048398888431 0.1437553077169069215557 0.1873645953789052076566 0.1930683569273053679094 0.03799686662352659560771
0.07422386796245404594341 0.1069726672203850370568 0.02574838061686795728789 0.07698705785210983865152 0.1368396047478632748806
0.09902626462844343890879 0.1286779020705391962665 0.180516325519522347065 0.1206111488910230622462 0.06932622446892315604128
0.112418765046259708229 0.1070183586219119326044 0.1061336023629020491876 0.1348289679263776907892 0.1077374671709496189997
0.1028581246750962241432 0.1189561251667823060796 0.1487596229289545046726 0.1642922682228652175862 0.09368974519796204047939
0.07987892135766358481241 0.09618428172914814111572 0.003510388871419518712347 0.1186200403352090926301 0.1444163962969255143864
0.1540600857944380563946 0.08181157737182585820701 0.09576600882117307367292 NaN NaN
NaN NaN 0.1601873237719673714885 0.07969777772673591886843 0.1242328599649050874243
0.1665323894048418573721 0.09203629269330787510128 0.1483496356800230175921 0.1083691106018976058056 0.1229329644072684468714
0.1549699063906509466371 0.1398688057371890725022 0.08036702370193424260769 0.1389114866174882001459 0.1506774807389948123149
0.0462533008691287245151 0.1753608834051832709999 0.1352904845148032164648 0.08237691880278173728325 0.1064981811559592289607
0.09656406660142848041861 0.1517062014823035154265 0.1537688457832046828866 0.1813847975427056724573 0.1467640211754827339607
0.031524765205510410504 0.08770914963243994777464 0.08343500725703130449507 0.1105802617271329224558 0.1372581201771615189156
0.1247001707793599922791 0.15385878800384825138 0.1733805393935414496109 0.0894230590802686658991 0.1362121173537402529785
0.1018713606428664347758 0.1736297426879566674351 0.1223048782174939869138 0.1070612408146399824327 0.1536725123322824626548
0.1433368084998668245955 0.1472664770082010576857 0.1739256553857480569469 0.1321927588665784691901 0.146840078827830400332
0.1372416699984460308759 0.1466725969381934280289 0.1232818480914219805289 0.1389132746384262873107 0.1980588851450652831954
0.1663564926105027541592 0.1635336793356632067997 0.146975515070176199206 0.1458457656306383631861 0.1457110285726813947438
0.1185738900800737960495 0.175298328783825146937 0.1111691491651336516355 0.07408430317240034812531 0.1269318344359282590972
0.05650623747869353702411 0.193210325301844149104 0.02186442923454913478398 0.1262780042267694913249 0.1350750836203962190751
NaN NaN NaN NaN 0.09653497814055626846663
0.09458777188279164638285 0.08870813320481635289028 0.1116711534705278896507 0.08348810051151839273231 0.1178756435689002762812
0.04392112435364996236853 0.08707500845769909625371 0.1352550003951333290608 0.06293637935882395728626 0.1054623650715403038181
0.101609295281035516556 0.0945685087327849116523 0.1075672390716908566333 0.1258752454638586149027 0.1346390317297647964967
0.1232147753260917771856 0.1243025597532490256203 0.1145258249962648883225 0.1650053055599122187047 0.1136267184854375528191
0.1680113963810531685361 0.1174561489724530449763 0.163899649479995274115 0.07064120518259309200459 0.04248047257778065494138
0.1222784737207028155082 0.1212383647493184002375 0.1289512321766236868648 0.1523855233217032423276 0.2253273432163810374718
0.1757417226911588692406 0.123973422553654288869 0.1967150395418767183653 0.1924270722963339619316 0.1222456013155821807903
0.1429274006587000489521 0.1335738205364526698382 0.1388492892582577353799 0.07292954820151620332069 0.06981344835533082049395
0.1592545038095483922458 0.1196629509584461459326 0.0927240419293791917621 0.06238790888658420075163 0.1764890425578514165927
0.1298227205647974613623 0.1760038862066124476513 0.1224628735980612531664 0.1856704132185521827214 0.1637168940245294912472
0.1640289979291047750554 0.202754775067064185734 0.09984883967028128359811 0.09940508174474230185247 0.1205612545351713166264
0.101293764928546942139 0.03402203871672565549389 0.1557206092530043772815 0.07922544192831150466905 0.09657422582669687727286
NaN NaN NaN NaN 0.1685461711886849234254
0.1416076135368756483413 0.1563352186973056279218 0.1294893570943658200889 0.1118881045986780675694 0.1524032680947775553193
0.06403696056050547924521 0.09446702952139152120736 0.08012898532767627479689 0.1305702315462885509945 0.1351064175580775073016
0.1372540265006257365066 0.1561549177298177104589 0.114789662820907995 0.07444905004060214936956 0.08927076110862997015971
0.1211493432844012591021 0.07396738914588968372144 0.1688391226884744245051 0.1207144002274779387429 0.1367574109556552730549
0.07111898620990239616724 0.1239523347415746462596 0.1186465374717103199442 0.1266934778802540351172 0.1371059718544400118923
0.1349759424933079932085 0.1241891211727775556906 0.1498925229849421558725 0.104447886825352123652 0.1394419667297866483047
0.119809668746868505651 0.09194581211609831328246 0.1041325915734250262545 0.1604648522008945421558 0.1209703123383237544086
0.1409328150040174698621 0.1611807959083428887226 0.1177945087097918980268 0.1357617439937267300731 0.1369119923264180416211
0.09382281278419886405562 0.1319268649318726394082 0.09221338275732682276953 0.09443459878623432224298 0.1120358284939943910308
0.1101672947714710526501 NaN NaN NaN NaN
NaN NaN NaN NaN NaN
NaN NaN NaN NaN NaN
NaN
