-0.1492934576781048960914 0.3238790158085622650219 0.3179886607983737900618 0.01492513683420568053328 -0.1150727235060819836354
0.3087068157206312446483 0.1879598881551463596118 0.2025738185937363267097 0.2107967515513272105387 0.08816912623991141062518
-0.07415838825352406848967 0.1852069032684015847945 0.2405331374406774469499 0.1254290278426671845224 0.1121063980749264499259
0.2723090244270527371384 0.2415735820042674564245 0.1701986792617608545974 0.1806622137950977258214 0.1558356259998070203476
0.1231165321336491480508 0.2497205213867383644111 0.1619906274748889318804 0.2135106808135849576491 0.2455590571545722688995
0.03008445484000951339332 0.2344552596344694761488 0.1581780220094268774034 0.1658126880087449350754 0.1068365980835410955496
0.030878913742171300999 0.1912511110330675501157 0.1355434750388977149793 0.2218024283679705110917 0.2720916338803241463218
0.2355520525592649239144 0.08925180608063434939403 0.1884769688969029632908 0.2307710693183792627359 0.08261634486242357133801
0.2407091431239637702166 0.2384780322883252867694 0.1239659724913739352603 0.1880445692658107570416 0.2304504080394281229083
0.1532354712562784826435 0.2576825093670551680702 0.177691840932786782048 0.3198656231819896889057 0.2229504964649099696405
0.1607426402074855764646 0.243482964613875030313 0.2144637603351690069431 0.2443586417754118333967 0.2509423858959318187623
0.2203892225711101271468 0.2314305386305015310722 0.2223405252245118646215 0.1028546510947225822719 0.2220766581178161558352
0.1874736886234588395528 0.1667813964853291086587 0.1765683294938695802045 0.212721317226385625565 0.2284602435697738742615
0.162788828340330676836 0.2092432799484657823808 0.2320090308046501570427 0.1111132811766809419529 0.1310156476557346738598
0.2041409131879298732848 0.202614020313357040548 0.2590334800894272815341 0.2530933050998951938659 0.1664911197330543046746
0.1652416548161118881044 0.2194743576734751455692 0.2007927850744115616521 0.2348251628394121548471 0.18432446799551086003
0.1927029501841018288566 0.1696091681263288131198 0.1600358784020562141759 0.1175782105541565980555 0.1375779111978893964885
0.2226486662188213727642 0.02103993322044020106154 0.09858773255935575352549 0.1425685939424639891993 0.2727494976485864142113
0.2070794742456250892015 0.1812083939667268051021 0.2057976152664242330825 0.2321405188186645152104 0.1888811593145385270276
0.2086343076713771949038 0.2611907166670828783772 0.1741048499800314786068 0.2217370037350688272149 0.1399438957768333879894
0.09716780221130631722826 0.185328080057157895677 0.2916117924542124262288 0.2105566881179000982005 0.1941812608458644562326
0.1779217040927027204678 0.1662475770638712768701 0.2168817964439677670185 0.1497478167783436175942 0.1463881088815278674886
0.1925853415024827985924 0.1506282935409596623888 0.170659943624662441275 0.1996268962811858505013 0.2206120996656158739224
0.1998494325380933411829 0.2074242225685303531169 0.09154898557444848816722 0.2084039105358398979995 0.1513695683220421250859
0.1708984462491321965061 0.1077433484903911609099 0.1813682471044517907632 0.2055258011195574829877 0.1807684083614704839693
0.1617458394935682164384 0.1722675022714398873624 0.2512191790674592195565 0.1588335009332427771866 0.2193987178420506167775
0.2227746641953632922295 0.2191542907862539246722 0.1796389668250747417844 0.2158804407659503654671 0.1565243727157722142262
0.1629529022539559501848 0.1876510431987661875475 0.2095224874288371397224 0.2293381322703285096765 0.2429142595481410815683
0.1214833545797983499481 0.1701407289460141469828 0.1776867477272810746936 0.1694444826421134808747 0.1244746084569866434455
0.1996901635815429842946 0.1715199725391527152407 0.1929673238582188810053 0.2074675102144523941572 0.2183069368771426155273
0.1382083454308371539554 0.1849083657705750394218 0.1217838891539004680942 0.06049207924126509539065 0.1596308224008753384737
0.1778266613956617503423 0.1598951360076648897657 0.1938104115928533932589 0.2356509222210144416376 0.230721772078545245277
0.1099746869311202246422 0.1997190893742909201247 0.1877851588663776161159 0.211372308682228865484 0.2137166245054670787873
0.1830091476512261672305 0.1253940592316236390946 0.1935393267706746189827 0.1706152151361555457942 0.2489784177356547112403
0.1582330022517743906008 0.1360436683395495061077 0.2167261643317855979163 0.2357309012397705849651 0.1553592746935910651196
0.1670215604385419105871 0.168823539032421449102 0.2009683795073257672748 0.2101948143034282345809 0.2636199914234437780003
0.1877197946938840844577 0.1691618751916700580384 0.1925205864089154783603 0.2148590770477115663439 0.1751423751587839749977
0.2091648189864617202183 0.2561152819217462073276 0.1654045045829677651472 0.1511869353656970227373 0.2025703138955240178998
0.1882428423801513761582 0.1715864940033557661803 0.167681345396566011674 0.1320489088574256231201 0.1977977413207525902994
0.1716785815531113867927 0.2097943478408650919143 0.1829502937385302507867 0.1073855777030562758112 0.1902057969528228031919
0.1732898524385477756482 0.1979504483524640867653 0.2200685285100097976496 0.1551709842075052192545 0.1995037061878341400067
0.1726574826100366888415 0.1581592774656913058529 0.1866583350470255864284 0.1857699333238017058711 0.1493607361909233266495
0.2100606642064296036843 0.1275959427452473260445 0.137204886382650742549 0.1766418679075192899042 0.1716606755290363550692
0.1967507328668042232422 0.1934681704971487337108 0.1447233378330810560364 0.2012423682394921253813 0.1551210928936748167928
0.2059015432021092661952 0.2818134092275015323281 0.2321671861388635571544 0.1907560545821867237226 0.1657832826508154333567
0.1763763125426600353318 0.1586125972676269979544 0.2316491963302580447959 0.1393623949679476947683 0.2308165835012273292559
0.2046108601281665939631 0.1507225238206474637881 0.2138845545526613933784 0.2141039729029970417606 0.2401843921314373575537
0.2126631089357930437522 0.1659124145273135342293 0.2235626548839134974944 0.1358965563602368697982 0.1135799645355768106025
0.2195502235915672284428 0.2239021621352525748261 0.2084563387703967651809 0.1766494900379209087582 0.136611995303126093626
0.1753049258456985115551 0.2040951754267937012788 0.2015455525315955065402 0.1728183984171588749579 0.1729687872982621499318
0.1254494316819476651403 0.1395412088019206964251 0.2090989376128340737626 0.1931480763920509213794 0.1604513935121238965564
0.2191819585168158501798 0.203606402697504518251 0.1729762714407508950032 0.1875177137800444204796 0.1231853749163745320727
0.1961166496340370213325 0.1080087949549173031993 0.2141192682475629993633 0.1733506176835929168956 0.1426375812504102613687
0.1422366017192415454939 0.2139571030684498942342 0.1626702268593365197091 0.2097259711594176012639 0.2093023269031252242556
0.2461042992528751638392 0.1648267356775114933498 0.1768839974315997709553 0.2051999498693468093613 0.2368130341142936079457
0.1533315461748386010488 0.2071826216060349834525 0.2050974391015629172408 0.1634849222843223204293 0.2100793303261192790377
0.1636873637707968176525 0.1844859426830176840628 0.1751905389326867679145 0.1359558060742812601873 0.1574766576435204235018
0.1858231921924755891684 0.2429126275824391445468 0.1879982844968505206751 0.1508484971245640515747 0.1826911168355905279448
0.1572547734613241321444 0.1829672108471724067957 0.155579263970307246634 0.1881014658298560959793 0.1911175880518713177114
0.1883336377754322443767 0.1614114225965136428798 0.1630299657122492029693 0.192020890059013710216 0.1820856312104183472034
0.1863224276055483186187 0.2074127323553665025457 0.2286860159934155367623 0.1829400791474826704075 0.150446901090072082674
0.1844986594819648662025 0.1583749571839608016877 0.1357943073704516723232 0.2133019531194015605546 0.2215607246800448126844
0.2289442809069843487446 0.1155055666049597806744 0.2214503513441709869891 0.2412924520648749571183 0.1204336154067214698093
0.1409768987763815595304 0.1474818993420569934738 0.1908090584280579538046 0.1540135341515519729061 0.1929464104537464697042
0.18833574234577951656 0.2442216271167237107154 0.206092448503607111876 0.1982444543077774290474 0.1917967597595924000853
0.1746000050945650805545 0.2274422522759766973621 0.1889340543171404429579 0.2071817903623159040638 0.1187225872254638325831
0.1516000917905518663442 0.145303381007810095138 0.1891413772590294362086 0.1513620683779582365425 0.1876866857385133258163
0.11881455970311766146 0.2333468540514443134715 0.1798444275824705451683 0.1591942939311006555148 0.1848138928351299448138
0.1492695250222519087746 0.1715868738630997036854 0.1689301600744110010144 0.1994341879621853996785 0.2002062721564817071584
0.2113122351985343427838 0.136366725988425557814 0.1124987981444474371973 0.1990998256512017672293 0.2130110997527418226216
0.2237266971708843643629 0.2403459982258038807323 0.1388132540177047236085 0.1118831371542608754677 0.1786521155075137257118
0.1689237022097392626474 0.1523892366339508475104 0.151718299173743353947 0.1823937082766701467396 0.1693266345833510377883
0.1593611258389728835283 0.1359975613233995184181 0.2186641909042262854612 0.1998625261633838745556 0.2116179820186914750657
0.1833340846891297615251 0.1822433235667071382835 0.1728105661596794351276 0.2058507658321096223109 0.1597262465930498198663
0.1887932670843090188217 0.1491101912468998647032 0.1749490615258559866874 0.1651157703771928553227 0.1846847023172175084049
0.2008078138992881456204 0.1949740585326574238145 0.1900827381158506079739 0.1317153489022170054223 0.2189988781259021022318
0.173882495378300055977 0.1466414754714470136676 0.1645833948895044362981 0.1810344153721786808475 0.1535687675040304234209
0.132396934788859693688 0.1125395528799566363665 0.1732223464275750024477 0.1238604074131495202948 0.1761965556457827652981
0.213707346422318311685 0.1000427307133380239179 0.15746901223320791674 0.2076328749695795228281 0.1774909199133694603923
0.1681495677336599936513 0.1912752029839211165285 0.1268805931840807366129 0.176998648540394404316 0.1712017686703914964852
0.09422302043799191118012 0.1769919623387236073953 0.1590697167567097503049 0.1896130750328688940876 0.1797790544692386693892
0.1516625118050704268402 0.1613266376337215701753 0.2156472964656054036592 0.140309893685969661048 0.1673582905525450303941
0.184672329959792519416 0.2148963227058113545365 0.2078326926965138043979 0.2003200249078941896919 0.1370846457663900397339
0.1798716323341044698303 0.1803127946367938105876 0.1939697956601863504389 0.2116891651481975777926 0.1348314038739930054156
0.1377351693032426993568 0.1677321159169529452004 0.140261550804867490827 0.1915621084540940488594 0.1919946426381610726786
0.1250042634560183385517 0.1561084872100044207421 0.1990091918101446477607 0.1993636847221231800376 0.1831993682313133031681
0.1716381505348140434908 0.1948954500825059166225 0.1449022195887847419549 0.140383766346032889949 0.1581492684672043680383
0.2049450946917958371607 0.1913402268152556984226 0.1680584004140683040962 0.2277103028269107098946 0.1514507786361186936208
0.1697837420004805197848 0.1116745733186726569075 0.1896723835924952750176 0.1890454471929753632597 0.1622356674400269871406
0.1644363538401933944044 0.1677115936447088617722 0.1700866865998720001141 0.195336016558570635393 0.152865305695339681602
0.1508363360324605773055 0.1822774708250639863483 0.1062109213760898673851 0.1620663834120613100431 0.1398052142862236668641
0.1165011935242344920383 0.1999433989612497686306 0.1845230542976236121078 0.1261864706310409922629 0.1822638816723572974254
0.1818485716372714444677 0.1847974499490038780003 0.1413123488568874819293 0.1508672932599899874084 0.1366240495198555171541
0.1815210152117988084974 0.1704132939882991581992 0.1649257910682675465353 0.1967199653615900045711 0.2015656739599978319877
0.1554897313330754760052 0.1540162366151857920027 0.1784741466775450480231 0.1970746947738358512137 0.1623296726427749525623
0.1878763060642458793126 0.1274042505566710115072 0.1688360229854022342977 0.1442937044538565305452 0.1832643914310730093309
0.09945621855723196791388 0.1593007116326945471485 0.121577828318452221823 0.1347124223304311529947 0.2299960406259225487169
0.1720004149346729405146 0.1493538612235870977063 0.1328698361679979678129 0.14512658951139900676 0.1359689778176649543884
0.173345182338725645188 0.1728865852227691179976 0.1321680527415609596176 0.1131697399409065385445 0.2057916990067585050195
0.1624469599564392630064 0.1468127084522364567132 0.1915407466312154249888 0.1550038210610850952786 0.1872512532403622365074
0.1805683534788701527507 0.1425705130152279398459 0.1445243561983649560609 0.1602088414971784280372 0.172927198771090945284
0.1593707606616405481059 0.1596705647467732691602 0.1721583459524121395567 0.149515351259859013977 0.1444205939707005614814
0.1721969921527887747992 0.1467681454044058586561 0.1531112529090793705766 0.09426652709656946349526 0.1099455306095886014672
0.1226738404091214929004 0.1555712738015634366562 0.1481109028855542020242 0.12006737183111239331 0.2039056367803694647112
0.1447142634981743725131 0.1640585116614474980867 0.1453972783702408566597 0.1269504554499983339788 0.1372910758778013440295
0.1747745087565036881116 0.1451137014534808478139 0.1388313332862218807406 0.1755708018550353188836 0.1900027348092252765799
0.1108970390867726057982 0.1416881193553205520175 0.1690391696539345345318 0.1746509883750435310201 0.1919830699537450335868
0.1709014774874838826779 0.1469709509841415351339 0.1655167059084230452015 0.1183854859760074540453 0.1850556091923303003721
0.1767569461346639725363 0.1642620103652769059099 0.1651260978928881517636 0.150598216264712231327 0.2213899903855940654029
0.1758928323964769613319 0.1026553980192482229405 0.1474347252192116652925 0.2207855768296796417083 0.1556082698998173252658
0.1717148485034548366368 0.1891562424755216242911 0.1488043585483904696076 0.1572856196564507147428 0.149756498752253580653
0.1660297407677797376646 0.1632887989930639216496 0.1559942124883593739249 0.1943628569788384552464 0.173550417824606062478
0.1654718235192873809769 0.2191883187229781704275 0.1019686315034770557331 0.1212155783894821731161 0.1452181970813724576352
0.1251198429513773469068 0.1778575393798810522217 0.1305252393380568198822 0.1419140695656845307937 0.1984849975707978220196
0.1815277862967397959348 0.1937242754612928663516 0.1768753567294267803334 0.2096468464811306331441 0.1708713519154405890976
0.1488139042197326733508 0.1134208299412377135562 0.1914794324789031165768 0.2001487671228129039402 0.1554942742006972522528
0.1441828630602729754973 0.1431015530726312823262 0.1809897085343559752779 0.2054361366991869775056 0.1660851130211506154755
0.1505870745217289807805 0.1700925118101945798799 0.2001094588754108172246 0.1722227855842219101934 0.148970163555913914788
0.1580641961690052998968 0.1269313663116916068851 0.1693367589786387295003 0.1127765495972101739142 0.1417813169102252468523
0.1657615851757310021508 0.2005793547641278318228 0.1645162023583345289879 0.164645637449798404317 0.175060945481173180216
0.1359287696403909118104 0.1930348195607222983039 0.1574115560277042358273 0.1356954659808998486792 0.09950921702086965026091
0.125876180037911872267 0.1574189488339272358086 0.1813610687211607841451 0.1663762532480774769539 0.1740000788063365000369
0.1932538482263753132351 0.1851257238672380789346 0.1753916804702971288243 0.1739194437862794928584 0.1505284948400112399192
0.1380899742337997060382 0.1578669063401532957069 0.1721959596326866348548 0.1467278697823637678699 0.1367889031690568413246
0.1571826664259121653089 0.1483466000784615934638 0.2262857123812762882853 0.1549407464436003134534 0.1739256955539148219447
0.1754999210277105037292 0.1552430245076926174086 0.1147947945021980942215 0.13543097230595141367 0.1788436061483945349604
0.1827138316185761834909 0.1822050168525655711171 0.1595260477425567979815 0.1935171124131976339022 0.122431646936142946025
0.1677595225797758327069 0.1736458095256557254693 0.1668076338307697414898 0.1545573277263041500618 0.1684660618315529378997
0.1709520713686301929268 0.1245173752400901140414 0.1557202377771895740466 0.1464824304724295367386 0.1605271704411965205672
0.1391821450160410089669 0.1443639080622912129748 0.1503185624661303176897 0.1659370978526671092101 0.1443046983534688187945
0.1926491397194657617664 0.186125450289106875168 0.1639356927931416296751 0.1427684540671506630005 0.09641549411076386078001
0.1989691436739964847114 0.1822799931227385705768 0.1820612311451940690255 0.1914972093275957853997 0.1820656145775995937708
0.1477315953944607074266 0.1213472497886828871394 0.1401106591324816352806 0.1270058247064270728899 0.2039067984211688222551
0.1278990777228349584593 0.1434911241579276686142 0.1412082461282634648914 0.1235048634061942790519 0.1553894676743922953488
0.2303015707797071986995 0.1565885804772274292329 0.1412328841237812382392 0.169007521037040836509 0.198198020005229957885
0.1303666094172003242502 0.1740593696366268539055 0.1617016480064658312532 0.1565625443871277999719 0.1289476389840498726791
0.1510489867803431474069 0.1683964764407258618562 0.174803647332915118584 0.2241852011193667670863 0.1854736643001564655453
0.1480597458426169688028 0.1613197631931538311711 0.1707516949254340998809 0.1647153201359936869341 0.1819267459031714273543
0.196304439441533862265 0.1463992658476501729226 0.1595967559187316808789 0.1858897624386795510709 0.1545981979448997900572
0.1909226647027928436273 0.1379305507322410029314 0.1573051155667188616416 0.1535450809959481577316 0.09463516399875537832287
0.1876281569845252017448 0.1380195359561429135908 0.1614769979977460356846 0.2142441835487589041342 0.1810845341225702231913
0.1852219049325161959185 0.147575725231988280628 0.1336883343710714155961 0.1747567423365158911785 0.1543310858887641245918
0.1930960421421538675268 0.1918374963510028619051 0.1315519221939829563883 0.1635162726474606031957 0.1557190180708032944956
0.1627825947138923090574 0.1817744157789616399334 0.1286673948349178753237 0.1583593234312777042749 0.1253673823550501831292
0.1109970941683018630375 0.1607194941742435545518 0.1599411301779688765468 0.1531623827942009130609 0.1431841912709637398837
0.1717155360019672616367 0.03274227524768847513714 0.3489945736384173491373 0.2505813387152074356301 -0.04928952224164209749979
0.3169830272539029825118 0.2349011349808007020901 0.2853933184161744351925 0.1589979146067896642602 0.0608234627511783851328
0.1436366802208977055955 0.2643767253233693104164 0.3653808277213239641412 0.04884266957558931060435 0.2702144031761368192512
0.2189099701180206025697 0.2580830360231019526829 0.2297007665030581513577 0.3404396888435288204278 0.2681401804546207912061
0.2793403522943683769952 0.2031340719174856146445 0.2199463223696636604565 0.1331649310323853863114 0.3149266999877382011697
0.2073787199597713626353 0.1983182683000939416917 0.1041008348153507623302 0.1629206974919571726534 0.2291447291481090720033
0.1915656376265905680434 0.3013619567518481257018 0.1530431670638985885979 0.1874013098446261349483 0.1948707046820047084079
0.2406334734404101116656 0.1388645740983947274305 0.1380721396990508831326 0.09152587427066703751333 0.1355998261292233331154
0.1697297009886450658289 0.2495800748566983362497 0.2306734559922358762662 0.1785504353064742422141 0.1836878943557365695405
0.3235382615260561367521 0.1769089435509637597832 0.2186020893187640978805 0.2726802096508983974665 0.2104147655875414912874
0.3025920975941801538411 0.2498986218143607052067 0.2701055997975373990094 0.2250285870669492260809 0.1344626004982008848909
0.2009198536463072670699 0.179627704389648645833 0.2062429299441230767798 0.211235289359064215553 0.1685515610106231298992
0.1898275651284296317023 0.1834603279629681560348 0.1837827865299884455563 0.278165873551938502839 0.2325810032113021508238
0.1176020017730616262774 0.1934537609823107073836 0.2876399152820645621631 0.241297186617835612843 0.2612516712365419713215
0.0683604211147643275881 0.2010857111788273143826 0.1955217434711189194996 0.2644590701685800571141 0.2526145973206731509819
0.1889502027681168039308 0.2341653289910260171691 0.1824556938683946083479 0.2498917991504977786921 0.131692328393925306429
0.1180435082209713715251 0.1430671613552389753732 0.1780963144015626775651 0.2109384177251261982544 0.1485462534088259067833
0.1450190966275151094322 0.1527818468904409698883 0.1599904132093046271734 0.2186194340446236950015 0.1808405104794751638853
0.1577274098945212754685 0.2099719634699580839143 0.2166887049647260310437 0.1555628959214393758348 0.2119066222030409063493
0.1951835388535465565241 0.2374216739173050927381 0.2074767886960801333007 0.2447149901679774586238 0.1555177893572956271395
0.143087188006905147164 0.1166082436779245778968 0.1021802181550605370663 0.2331734731292794404744 0.1978128721515630961125
0.153513286266232978905 0.1760016356238873203033 0.1845096883403453125183 0.1628128423728660845171 0.120602608735106905935
0.1715148368948285206859 0.2642540357402261008701 0.1854902348870688666427 0.2244449258495537780078 0.1921573377253072700821
0.1840056851734763465611 0.2006161488684370108881 0.1868154999255300374728 0.2281259521134749446158 0.172036498303672652499
0.1538248951409244558164 0.196752335724481280943 0.2214892959047622400526 0.20848099343038348219 0.1434457447855488343436
0.215308880469716135142 0.2626125962495557408793 0.1703826220497958454647 0.2022557963558255234027 0.1805773222414793210966
0.09811878543096269611468 0.1504055313303068741604 0.1981839462426237818971 0.1939587030132943479277 0.2135402292435738536014
0.1124600563787174073438 0.2140476572214745076828 0.1247352030537689920875 0.1132292087614992226463 0.2184087668786043046065
0.1588375719115056039499 0.133688022096834502328 0.1720656556521388269587 0.128669759908186992492 0.1682517055895091373507
0.2150576330009361103457 0.1833824980436058182942 0.1803036559026182927834 0.1809513705908849523496 0.1890897602980266822836
0.1717242440378125012401 0.1592085417933602753404 0.1560661080696816860325 0.1905889622402758831754 0.1631849865185864834061
0.1789174743375876452944 0.162709688383073203255 0.2234959670078613680477 0.2350462480390677344477 0.1885471967162186124334
0.1700576157549475719843 0.1732566965857136598306 0.1410800463243608859898 0.1695753279195163776283 0.2400226635282193543564
0.1637584716146315289009 0.1709887163624481121182 0.2133918973113807793229 0.1629273666459548075558 0.2516460400772541627923
0.266577018613980365469 0.2154978168086384149316 0.1978306060125164800301 0.2154459293373044148634 0.1398206635964303057307
0.1650621401939140753257 0.1736163105977684972814 0.1626113888943012120158 0.2287223000702742203849 0.1219076620435532443132
0.1691668341461811664317 0.175599387624818359388 0.1683918876590874968979 0.2437529879912051500312 0.1128639526566491829707
0.2060242182085497975041 0.1567989919253550412659 0.1687450735966042614233 0.1309479771700348960106 0.201187472001558093071
0.1307669487285374465557 0.1292220735013117349776 0.1768649794088763271827 0.1656194370656292880195 0.2334432546314025025413
0.0658093642664229344641 0.157803399194366006375 0.1948590434960881523363 0.1992977704901992275222 0.1889068120309791432021
0.1792281239904997824919 0.1807441081474233657289 0.2185226896506718974322 0.1753050244992637174413 0.1768359944527590488228
0.2266789145891066337146 0.1630590626913904495066 0.195119475312810902734 0.2335770112270384446518 0.1574141285619112817784
0.224038087379891309725 0.1788780592010411063519 0.2426903761939205039777 0.1436536837093260743359 0.1604240017130089956954
0.08720530161199147034523 0.1562963439718493829922 0.1109834069196726363815 0.2217586316443612703964 0.1907886573332213675513
0.1542450332112169364418 0.1463039378175740035104 0.1544077379981637909712 0.1765238360972254116898 0.1793176294088669187055
0.1466948913155793066121 0.1913835309812673135532 0.2180956306332290928207 0.1563180241245779866777 0.1732952930230854948768
0.1677573713120075749039 0.204136453939655571066 0.1296606987099137298092 0.1643981404707940963128 0.1606257746362414196017
0.1963884362410761863504 0.1223666158812116572241 0.1675295582154656681695 0.1823400926968836155417 0.1637518174039588325641
0.1726869809269714894917 0.1728260024561424634815 0.2050600409433072091048 0.1415417249071833638574 0.1793506491267801705725
0.1331201906378746135928 0.2341965486024647213892 0.1474297835823892011131 0.1805232615210995428257 0.1988464155337980598937
0.1504372642245108138148 0.1786112008528734917956 0.1643402789997039925574 0.1698790871595222684576 0.1852313833259017494814
0.1630853786851989839501 0.18759842990156111453 0.1382733986669896497634 0.1832227785643796846848 0.2092411218164054176327
0.1778204363963062639709 0.1796836201544896038929 0.1835475706833783471339 0.167444204085050368791 0.1331733985138127129844
0.09757624328258961143856 0.2172068118150836946167 0.1474190164033635785934 0.153599572142282952969 0.1648731282594085301163
0.1905839512089800014127 0.2105716280948102259174 0.1827205780206244967179 0.1971530665975715357341 0.09292582363828781610859
0.1618621448943276253107 0.2432874855852804885092 0.2222074456062487490815 0.1737708514505330315014 0.2329025081569685573513
0.1446131604851749186125 0.1536437230552354371582 0.1703287844638187442659 0.1497053753197865599844 0.1104376215523973081556
0.1970090892150390404769 0.1544083621262847261235 0.22822216194587724436 0.1547966870860430776968 0.1948893857148881747499
0.1760920715702523620116 0.1846394655547542174023 0.179399816384770538491 0.1691571970440919614465 0.1639362860287923717717
0.1240032942377924385369 0.2002891656301391265504 0.152016984996502985128 0.1999446425407067073898 0.1750407288018411278152
0.1364077909092706597516 0.1488891858809734958236 0.1766660002246625837952 0.1707535569579719525457 0.1784737670034810264053
0.2011799329573227546053 0.1668650217258156598366 0.1762575802212740239128 0.1899154203592315626192 0.1646082167907237381321
0.1899702151813526251889 0.2382952909741370139951 0.1798548936145730192671 0.1800027366013230711861 0.1505983943851326167795
0.1186601250008782748591 0.196887798741815001069 0.152500345567058576135 0.2431072779908726444464 0.1250375521401253797737
0.1315417490576257508739 0.1052459083328500105692 0.1539411411054054379388 0.1832318609463559622164 0.2012870268003872087359
0.1323385229102262694578 0.1540595273544120569209 0.09523908308937638345082 0.1985853671982288903841 0.2220581342324922657916
0.126379792405633017971 0.1695588953959294986618 0.1958733147811223263002 0.1581179194866392800911 0.1334281629501926635939
0.2157416268170156692374 0.1865743818664579722899 0.1202302734293196895266 0.113442335711745015403 0.1825747035377077720497
0.1548808470676000248467 0.136678843464646232464 0.2051666630797523149798 0.1451913762111436134727 0.1730237161621353270125
0.1965972927201462272517 0.1386271270998724880474 0.1015668302676323297984 0.1437465254481293808198 0.2118034832036420067602
0.1704492967252798640843 0.1973340843226546459377 0.1242881750980478483548 0.1936320772705727444318 0.2032520559647988389607
0.1409186266779011709183 0.1908842982630717666215 0.1619437791278599270139 0.1730809576979090713689 0.1734497494278603169082
0.1713464886627449890177 0.1493943934123028172145 0.1459750731893479647194 0.2084112295922099789003 0.1784027046673286598377
0.1633551102757132278409 0.2017121874288321792257 0.1663271795358875204673 0.2027383246343423262026 0.2334422567338750864607
0.1483035974670706136358 0.1554375183678524396935 0.1818780540279021917804 0.160632400324706020589 0.1309285492029186592777
0.1853308329503065288169 0.1746444983148918717042 0.210881949377013461211 0.1884917045753150832699 0.1135640360777055990482
0.1662361172950513332758 0.1592596401769526825998 0.1791341846936378989774 0.1861247547111368472184 0.1486146393008009047865
0.2065293717077318624842 0.1722135748219446871321 0.1412452537576128763774 0.2021766005799283671962 0.2118316959336027094363
0.1477112251274100285237 0.1544093983044237394786 0.1926732114513328153471 0.2007141596660977633793 0.1913193716725177517812
0.1619302635695670788962 0.1455343462022351541663 0.1849586694802309860819 0.172874021833472057974 0.1867307886762747115572
0.1466649190041613981528 0.1762569221923708240318 0.173290563943868047847 0.1755184906607923367439 0.1393058848175702801875
0.154156798162501829097 0.1767992196141575378388 0.1632433929806879346902 0.1431902832173817530226 0.1619043563546123942753
0.1468278762974968565391 0.1796132946908794159047 0.1870681082443878540111 0.1708209307542925270429 0.1993633527579917186223
0.1899643525211460737268 0.08252880571472090420748 0.1476057270911244057032 0.1328121480435408841014 0.1885026953437352603693
0.1256848774264358870045 0.2141504556168403461403 0.1804063763091325323096 0.167288664577073892259 0.1866192578530926626801
0.1116335095268132099333 0.147386692597164470353 0.211621192370002597638 0.1798512793950176602564 0.1532849726041019822187
0.1891336434530807852905 0.1841870490855699316057 0.1704587688492449071287 0.1559423142240896065225 0.1397939487786531986835
0.1956442648825849339733 0.1999430264025368608749 0.2300392750903897387538 0.2125399323210446222987 0.1640869118187853470392
0.1928665796001792498426 0.1967496976244883233331 0.1996333128038294824069 0.1530967550728335180299 0.1654942405399891514062
0.1385561326881631083463 0.1743735326755467829329 0.1787750762973841500703 0.156252503919448559877 0.1861516225236518051744
0.2173196376448616462529 0.1528422662959724454002 0.1920547915668790739385 0.1448046758548934831445 0.1841789956462271393711
0.1569179399185776646597 0.1541050798807101773757 0.1608920528645217673525 0.1731355031327794502527 0.188180412282684006442
0.1651221232268483829486 0.1624802294358595744495 0.1674098860021412948917 0.1894528905977773958202 0.1912857877918130999895
0.1830330248167677809068 0.1425101198285037562563 0.1569637333176724380834 0.1860769271724157236658 0.2089129368417675380876
0.1688434278537326027614 0.1334222727765671245859 0.182516401596761995707 0.1663748394218624304663 0.1718462566255982704178
0.1638266422226181406874 0.2644638995658590840954 0.1637809852711753499932 0.1632987738534951438485 0.1687092630193941511507
0.1959263657801988689489 0.1920591486791791147049 0.1498161945050877630337 0.1803096301679926183326 0.1603543536238926925375
0.2072353203747589467376 0.1524723624511861164166 0.2407143147410345795922 0.1425236650754851397416 0.1520610760701065766742
0.1493998044265349156579 0.0973861021515213393096 0.1784638216259067100555 0.1377656445084836922543 0.1656984745764343291974
0.153409420619557812504 0.1403005036509707148529 0.1525276777070253275692 0.1561574398936901864055 0.1334741596311020128685
0.1917093722263561450525 0.1557628516663780715579 0.1930660218953343665316 0.1875577387271097906662 0.1822562005801039164421
0.1669597798156164103478 0.1188311636517330599494 0.1679127901819677526341 0.169581820630129220806 0.07836329123704366406145
0.1358066775260868552788 0.1555644809568634823194 0.211419938879880475735 0.17274070101524749421 0.1806596019758518467668
0.167482062941736675743 0.1766261164030492325505 0.2191617105312278490636 0.1683473392741602348011 0.1273545867167565348588
0.1954349724607056526526 0.153711672684915368059 0.1225865979852952120099 0.1888522052619721891542 0.1243234806150540633363
0.1769349555548763164303 0.212372581793724701793 0.14901730827228740206 0.1783221229296459986458 0.1299896744865416398085
0.1997597628759613941352 0.1402261830968666300734 0.16550130673769414269 0.2156877242831614915897 0.152800008109672674772
0.09415992378314967659048 0.1496700201878315150683 0.1834017534320418196803 0.1796444502403036491689 0.1561500431897104856915
0.2031602789927613728072 0.1524741081904660289226 0.1568697234673461504695 0.1655277837770330606748 0.1110060209850306095491
0.1568414463426430205395 0.1795521236860299352234 0.1762787258005264756644 0.2013895880149639550094 0.1407216865866146304764
0.1794833397628945725888 0.178753210032524478823 0.2050575288060815515312 0.1356608492420549594293 0.1579844004550156333355
0.1182624673980340046509 0.2309868179166000567992 0.1709742111965739941315 0.1954692420478258696459 0.1856576600676148602886
0.1578208863300914199801 0.1298386434019331292511 0.1606978563859690622984 0.1775517998679715381272 0.1309440760823828431292
0.1605797837752846457526 0.203528258821490920516 0.1259037339645804609578 0.1910726235316712595669 0.09866259569271598750539
0.123554010820101686785 0.1760639466692421328808 0.1739468255061865087363 0.1863866267579674107502 0.1163895181281295321263
0.1724457886935208406065 0.1995749271236571809052 0.184218734093910818661 0.1719533295713109588565 0.116322635839784610523
0.1907511831509312028032 0.1964496464431822742025 0.1387920327192933012128 0.1844771604516774188287 0.199596371741180972359
0.1720396343552112183861 0.1551910763496856249244 0.1481546864588541845276 0.1882735462503894452446 0.1980241267176949537809
0.152845880230582570336 0.1193131083621323945687 0.1413560924840766563904 0.1515321187824346105266 0.1583771535724036449988
0.1889052222482685006177 0.1106183268284391951752 0.1151897680295331516387 0.1616169752749389842972 0.1211422477648644857595
0.1415123781374587053072 0.1213241615951054230838 0.182163590802747771269 0.2335296947246629506445 0.1552977456246099063897
0.158886180928533876644 0.1356502614092577052585 0.1397053969714476540087 0.1667784067044409956893 0.1382203773350514641738
0.177362956213242273229 0.1687162617751380988551 0.1689989132930421744661 0.1251730896188554820192 0.1248385980124614852427
0.1804752779401925522063 0.1608141659222570296617 0.1152199774979952850984 0.187604809883273243587 0.2114185282242968533239
0.1733119675088969080523 0.1559231058965604155286 0.1420305380650594140324 0.1580782579499869777706 0.1624140635496728879428
0.176812147248410489464 0.1983389433864651274497 0.1177920723665455970952 0.1782998874889910323471 0.1845051363962847412736
0.1509659107770894292955 0.12212494531638011519 0.1698771020179795643301 0.1360550300075738239247 0.144693064761073131308
0.1076552298819809377894 0.1551097925975579716606 0.1291967213388250379502 0.1893400432384559073373 0.155700406165712512685
0.1506705079359375587522 0.1702902164002344509441 0.1207280310399323208781 0.2059564255933300225276 0.1630842391138307145848
0.1919197736974027901358 0.1747713436156692334844 0.09708612432427628224918 0.148007357971413899822 0.1505224740475459566103
0.1354082728764544885092 0.1798425792202884010429 0.1813280451361228839957 0.1653082286277849644041 0.1892779749271317757398
0.1828424188922518345279 0.155717394017296340003 0.1919732813105885504967 0.1954032740382784238964 0.1985668000104740815726
0.1563809153411105379305 0.1281200202614850847116 0.2226315150960692657023 0.1575248675950554899661 0.1801302651048021508107
0.1595422517825027808325 0.1422664230343127778067 0.1344639925156098925196 0.1131969344707729890898 0.1252127164980535167782
0.1533926204636826551297 0.1814244097183260184813 0.1845109152424990184294 0.1534590656681259768224 0.1666510075230181742167
0.1532389039212865566864 0.1358355278603513016655 0.155591149304181775026 0.1495426876416587891327 0.1798002986054131890903
0.1111314842757877979773 0.1210147273724126310013 0.1402755937904508753977 0.1638766040479258945251 0.1607910564252432172871
0.1718568727959166597685 0.1737700873921763367047 0.2087722789058172323529 0.1717440828982387535095 0.1538803048312792909336
0.2191558316933397143611 0.1527794705028698019067 0.1745922253085007702644 0.1497235450283070645749 0.1298749965309282938808
0.1853828505335502474516 0.1612513887913634702542 0.1253918551554841498419 0.2060533514608369753951 0.1493329594079207123247
0.1102518898201406694071 0.1300579236241676817087 0.1106326905350650119386 0.1431042274585389295627 0.189639741951737716974
0.1587162998592822893418 0.2168328370819241346368 0.1359920844270675055476 0.1969370417758579683287 0.185745913423456976421
0.1351826820972221454564 0.1880722266151896582276 0.1797889545258435639585 0.1602670556113583444358 0.1721758232198834781546
0.1810795151550848858246 0.1729637770663028650819 0.1512396892773579804015 0.1668691548631193177776 0.1206132188629056162243
0.1323578070383387150777 0.1063588739250040798856 0.1782460722420191601145 0.1945210599561006947766 0.1351243873108767534763
0.1233767624504863991142 0.194413945008153232763 -0.3163062873158464238799 -0.1321758880779371758685 0.2189182151463750225506
0.1670432329105714652773 0.3318664881164813951209 0.3195664574614147102061 -0.1173061886647358553759 0.2613627609668097151463
0.1764763806817999935994 -0.2026526157765917157683 0.1964859878675142279558 0.303768921855739837401 0.2262031454683062769995
0.284801811753353950607 0.02976860698576079544697 0.1131774924532367165853 0.2872644925821263850452 0.2414144187002865427072
0.2659889277517424321928 0.05517763574731422704378 0.2354932401717328149804 0.2540771715526769503057 0.1716446992524576775629
0.1728588399407244013961 0.07566488494411195697698 0.2352168390598539382541 0.1760703850964251970801 0.2132237252656690174035
0.2193470999474307625565 0.1654491227192465552243 0.1400733376724020151638 0.1339135037012408047108 0.186550693547961859986
0.2662139308338703491685 0.2125862838822454858878 0.2413088712507397981533 0.2911257767350339253909 0.1383618052864185876683
0.237373538776899817293 0.1459929345631269803629 0.2539332238602483027279 0.2520362536957740928756 0.1249813160299615422133
0.1939326969891420338055 0.1334059594037463603033 0.2971505749647226912735 0.1919234727683447605528 0.1541180372182139324266
0.2264395943120014464967 0.2685871724224540013637 0.1468936320335719192265 0.127373517398673696821 0.1718377578599664945447
0.1733235142770828129954 0.1770939514250682578211 0.2541743095499069959864 0.1684916954473704708839 0.2190882578138051983707
0.2455455970314139035882 0.2444853657853486017526 0.1543863213775856502163 0.2123130438505561601303 0.1729813636945800037203
0.19946697395652432383 0.2530788467619140003073 0.215835986863294970739 0.1841814002874241074093 0.2126587065666167564171
0.1700463605288252133541 0.2191280137976150954593 0.1746337730210594518798 0.2257212834373057142034 0.2187760797490116426722
0.1776376261978260262531 0.2499490098584022934602 0.2012521158675470434041 0.1870674065203721536665 0.1771300767413168109066
0.2392430651303672772823 0.1760189447317857813768 0.1722465890476062300163 0.1952174777780691650175 0.1991853083825030068521
0.1752874028893440239152 0.2334832941329688382748 0.1658095190361659199141 0.1244361093019896863376 0.1384831200845402510158
0.1803266937869533181882 0.1619212007151373811098 0.1107902791285260146736 0.2821711196539197219479 0.2379750044104540218637
0.1419760716077694273629 0.2218744508283596039711 0.2001002776010899486536 0.2155747355613172322464 0.1976435577626630413217
0.1346192298902018635864 0.2604978640761853037056 0.2312689052732356809194 0.2008137597336908108936 0.1888510533559831228168
0.1620959432989116377755 0.09199113222408403234276 0.1588628991387467104257 0.1917736726574461036954 0.1987844178685853335775
0.2658703956949445279534 0.1291230675902266533672 0.2437085474555631126048 0.1270637690688397603012 0.2096648236398102049804
0.2354516205786135463196 0.2265768319778501960204 0.1799886387534813669831 0.2369420278613019459346 0.1929725312046295104818
0.1614342553856958906167 0.2056708500938432826466 0.1112944303750197511116 0.1593773091417007015114 0.2210220140864416482618
0.1940280496843287960651 0.2304352154342062530823 0.1607734517957572772939 0.2392579667487740591181 0.1712784314031909060905
0.1988982236508814727127 0.1634929826176192979581 0.1995160665264434640687 0.1611237408894095612943 0.1861098321684376277751
0.1122054570654787974959 0.1397272308306790056243 0.1838320526418937561619 0.1994603606129968231819 0.2196545125609747906026
0.2398003515806394481125 0.1881991171257219874757 0.2217867278662987995386 0.2238288570071291228025 0.2120248436456692309182
0.1749580924955918548314 0.1104626304117661411697 0.222977391566846566695 0.1719450803009540951205 0.2124880426993516757683
0.2277852321334774832184 0.1804238100771118347154 0.2009615609703971628175 0.1782439669039065088807 0.1012436041293035965394
0.2067928998080624525269 0.1800913605627972313705 0.175299798354968783265 0.1707390668919797072078 0.1206554386895239278088
0.1886114778586930884607 0.2243615823489738536622 0.1851254075670928367359 0.1750749174477407577033 0.1387547331805610295596
0.1940722185954633915994 0.2006853737284492456006 0.1765617837323804617533 0.1917192980062568385957 0.2358475243066842641504
0.1806967035363978568707 0.2266576405282309525369 0.1894319996186303034502 0.217089767829872493099 0.2398159818411607357991
0.2088851565231781559628 0.1878510152796071530634 0.2384361055539385154667 0.1290397589104976261432 0.2226508974579347599487
0.156468230346463621494 0.1427224398403670047042 0.2343989029397147427769 0.1389046051844255447172 0.2342450524254409693903
0.1364814960115388609019 0.1753283809038169993588 0.2136250976190415262757 0.1594341277788397792659 0.1014955598103033374002
0.2166294434432545490399 0.1752133471735831116156 0.1325965998900744680089 0.1761154339844794858294 0.1594843563111109085995
0.1623130195427658906127 0.1655132612903220945544 0.1904734381783296792712 0.1959381115006597617878 0.2232077489197945574517
0.1758713653749942595894 0.1577543581695930730024 0.1716572711772755277515 0.190620337677394890985 0.2416518419725331989767
0.1358112085888223130592 0.1547960879954450308382 0.1505749688528697782797 0.1229572926778679381465 0.2638404461658477861974
0.2393038488490763504579 0.170851082314770835735 0.09194618214098551622904 0.1333539360877660506777 0.2015413124931503818793
0.15850806583511725667 0.1051507964374692599696 0.1709894100671962846594 0.2343719105915245681793 0.191204453135299490274
0.1854474213572396279481 0.2351440540549503965817 0.1917721648669581668845 0.1482636196902239467121 0.2063880731206257090893
0.1944312757939739289004 0.1762381229449000996645 0.1694138658279485398772 0.1446469337578708547198 0.1665391818090863618185
0.1915958027055509604875 0.1615201762172868427125 0.1484475986107840483896 0.170678583020834134798 0.123805066509584088541
0.1514448855546759731272 0.2349718694545538943963 0.2332394133193196605891 0.1647679855567946993755 0.1782685681896604701357
0.2008291572115995515802 0.09456792858959053860168 0.1797961383750983355156 0.2102496961895909122209 0.2713765198504007880587
0.2337426146107894342485 0.1468558284793453627692 0.1402710500555301442738 0.2314195502180932673131 0.176551613177533928134
0.1987274559060748235773 0.116060183344876638456 0.1615779119111445116808 0.1036143800542103782236 0.1836620911915317899687
0.124934124451110767362 0.157687492789550659511 0.1821302869603814156285 0.168466840466347606009 0.1960165434023964370347
0.1895990986971786973481 0.1346958638939507735266 0.2122756546858360626739 0.1716134358010492633184 0.2200396850006961779744
0.1806039995092273697797 0.1378229882917031967615 0.2246222759670336577287 0.1910952169384942667119 0.1990748328722198867702
0.2163745156341996267457 0.09635165404256519627868 0.1917936322178011299133 0.1746135420104110991257 0.1481212576108966727517
0.1635006630418789630443 0.202307035301642734737 0.1717083149353365312262 0.1981469073286963311631 0.152911348233342764269
0.2159643471601347675115 0.1349111604309857770367 0.2515126093497587200787 0.1854883632425729234061 0.1975844485054108756739
0.1872223697316512669442 0.2098405809728178805784 0.204133048111670573066 0.1718373286130314148146 0.2134258616854000645269
0.1819225851335794508223 0.2309603476300836066848 0.1789403080581404292815 0.2434914104753052588315 0.2030475652994059299061
0.2054021806414285111764 0.2448812801474635203469 0.1721118859142545809426 0.1192131347088491721831 0.1915926269325167463631
0.1754543078171856007597 0.1346942186333231761264 0.1795712665782492889477 0.1900097242625957694173 0.1432126877343018189759
0.1732380256340659563374 0.1545868892187215182243 0.1769034056960818446225 0.2079248052143624070354 0.1944086259877509381688
0.12517149194832111192 0.2018816193492048993718 0.1703161381178225630695 0.2047254550701521069733 0.1643766845620900085567
0.1803075300837986283398 0.209776915275033420949 0.1402087780399228766903 0.1466315917241414745753 0.1522726682773951623062
0.08343394289782019024315 0.188250833412638318709 0.1707798342346242281842 0.1485783016053369154363 0.2114828218783895708022
0.1922535345926621730417 0.1900188033350236616048 0.1605273377798694944829 0.213805531313612573463 0.1587913749305822908031
0.1440428706266300984407 0.1894084434029317809411 0.155038145220753958986 0.1462554200883510735487 0.1582558177708718594179
0.1244716658049757340709 0.2175513094574921257873 0.1316571200337921798695 0.187311331959835764005 0.1594285759468596075372
0.2417757022739616401541 0.15186650278827956706 0.135003664336365597487 0.2107085153209740935321 0.1807599659378004985921
0.1657200203637765878462 0.1718021828390641769779 0.1894758278855937227991 0.1264684674039724676664 0.2018935806233297380885
0.1738950587684599258242 0.1505044612432106243549 0.1488451209175636058557 0.139528438180849950756 0.2070853015319804313332
0.1942208502726953944784 0.2297236792158827700661 0.1290480582705028911317 0.1359717316607802206629 0.1488988698987428749287
0.1399877912178219552253 0.1817692128920266325665 0.2049958218527808406773 0.1546833176026242984147 0.1890874475909142815588
0.1790317201143777625649 0.182759979044312570462 0.1565056580686104981126 0.1014658837971769006492 0.1993814394485462770934
0.1326852994334050683811 0.1442141834908145792138 0.1916205910613854312974 0.1598553652215655707103 0.2150975813680116865978
0.1060157918588008757466 0.202913352898191262641 0.2080930229368347650354 0.1306598173414981467477 0.09225023594510808888636
0.1472206084897452749161 0.129283152216044167071 0.1871058585891791359312 0.2050507856753318869369 0.2055479561376434283204
0.155512650496785254095 0.2220283416321176539476 0.1958952907925302633352 0.1389292879948742787111 0.1950561179483923657241
0.1784427098183380688834 0.1447023860332032341169 0.1886257716416863128295 0.1449682203323986451338 0.1429832017323913184725
0.2023043967036822210481 0.2402306734138498212072 0.1660711964479386626437 0.1873160323340095356759 0.19672505145837984597
0.1470428128841274051375 0.1371812364007526929832 0.1531428385019371063436 0.1529689619323920668492 0.1791677128662581552909
0.1592050421514792923894 0.1361987405290418229331 0.1522298769663678053021 0.1669370740540467579205 0.1574173720686089239518
0.2136736636005515943548 0.1777905376563772010812 0.164195963263630673179 0.2331655198455157007587 0.0972554695100003308017
0.1389749537892429331887 0.1318030248667668435925 0.1583016550191759241883 0.1403514001817767753444 0.2342488681185421750541
0.1154795986247222627785 0.1637348305595348330055 0.1709650474876215076048 0.1755930273992145906892 0.219325810909346247124
0.1401612939917741551543 0.1515619287868050502066 0.152244522804309140307 0.1551941869967749521031 0.1424629081242651806871
0.1707386673383739783549 0.1201783111639256190761 0.1442264719590309329789 0.1760423001856225577733 0.1728599686900962328906
0.1258541766764893765629 0.2228645593242171984993 0.1641594284019782523654 0.1184880503820766317613 0.1379731481819559402169
0.112338933772047622206 0.1845203371793186775118 0.2030747758225560639644 0.1295925945379683419389 0.1500706619470169034258
0.1654253184981953062049 0.1801643146701440434398 0.1566644821619387062395 0.1878267430045197916577 0.1865868015797701451319
0.1640021298963626472656 0.1767835009775187704584 0.1358206770277231023591 0.1509991071683910446311 0.214388525400951213129
0.1433488887710145376353 0.2266311325379313235118 0.1754727222136410746955 0.1783884325213418997613 0.1541934856278870114021
0.1550189681463285118479 0.1627627118549603291164 0.1214513761655443002674 0.164263468259443323749 0.169781227165477083263
0.1963557703905280116263 0.2060423032982162949711 0.1833186427929625328392 0.1777432486427747426738 0.1575279296316852428728
0.1945491982968430011436 0.1259589980591302449398 0.07117614828643124835761 0.1030378003562762156964 0.1699773483657525674495
0.1715983990582136131664 0.1875418818820916988521 0.1675828397474039832549 0.1829274854342501366311 0.1567787332071652606214
0.1512813453497314220009 0.1258823768587567504262 0.1801201717513721267672 0.1199617335507099369352 0.1639050040643706129817
0.1362563491650276847889 0.1157753494551060913231 0.1749840421035009363493 0.1110400608033642877448 0.2076997722283041303282
0.1370830837497412357795 0.1640970752549894551287 0.1633432215171053691893 0.1495083446062484000549 0.1924740648903510986667
0.1496751822952160360103 0.1533584624333457491208 0.1288198379490151368465 0.1986697807243937019539 0.1526662141459803612165
0.09356032797726626659696 0.190641760916281571836 0.1667825912650109931867 0.1419087780649842533975 0.1936141275795220939582
0.1606991019799480224783 0.151784589095993571739 0.158222930382599852317 0.1376099100048348289338 0.1925497600494243399805
0.1888430374346644624595 0.2200616375964261073328 0.1428927074882533898581 0.1794352108957176783477 0.135210054412128716228
0.1002994404896939695249 0.1666275661584832312734 0.1381130986434210561331 0.1780053803294470715635 0.167272112746162465724
0.1965257156396376103658 0.1519841970748800064062 0.1728258025807874742608 0.111593093426689493608 0.1477171453492076014236
0.129469424110789460558 0.1545564291307315596402 0.1827299532880809485036 0.1268670034539309821042 0.1621487367861554340642
0.158015960078413730816 0.1764509716072936162945 0.2068991164801310123078 0.1469211791544499379203 0.1503709702976466222601
0.1711969897793812478426 0.1808425134188737515295 0.1331965580692576200939 0.1504682108367398074567 0.1649450098167678513406
0.09761029102095344911483 0.1890282901979947471904 0.1335924058797314517566 0.1533294122568666095763 0.1654246247516361345564
0.1172371693828024863393 0.1585501851900104341997 0.1800293515547989608994 0.1322615978415261905887 0.1372697545716156930506
0.1569254324279948376031 0.1788534974322951165426 0.113509360697168215637 0.1728019197655635552646 0.1883790134421637341156
0.1322606328223687177648 0.1022962785634608934293 0.1316767482896847862861 0.1277619519300211003987 0.1625122110299778710463
0.1017295173669287983165 0.1996860645529874578319 0.1690677563476332689874 0.1374917853917176080447 0.172968560947365845859
0.1519924136387118540625 0.1512582167835139212997 0.1618866357762815122445 0.1678993139587975635951 0.1661919481068289128345
0.1984055733746978023024 0.1935497618083350246376 0.1514783342089382756068 0.1556037596957822732868 0.2374340111516701767869
0.1736590399338530099627 0.1741389033314657552864 0.2245212028813142191019 0.1475108182135898005072 0.1721570816882748433674
0.1982574373067040318652 0.1580121422597488833883 0.2025331471438640007499 0.1458026889824384497718 0.1587955299182811919056
0.1696411486268153412382 0.1495405106300794206842 0.1476056856529591454485 0.176478387773859879406 0.1672242985098418843748
0.115914517216508736186 0.1519820856347660620322 0.1336449211683967130959 0.1632451940812541246739 0.1506127880615809877529
0.1516889107274757286792 0.1714153602507870743921 0.1697726454797522099849 0.2038118814649672594363 0.179468932948599252386
0.1425658518698940391278 0.1883183921857732867622 0.1064037640881325408326 0.1521182638448894119954 0.09288767782138562800753
0.1858098740185434305516 0.1730373224175301982708 0.1916827651372850216394 0.1370752988845368169901 0.1583321620104249649597
0.1587141737972462829376 0.1625350773595043152309 0.1552988961843523307849 0.1881713863076489579029 0.2081688933200655233779
0.1777929979229606882729 0.1886701031351396828928 0.1736243598182906633376 0.1764298474500873847859 0.1532415361358442362771
0.1096439736759525634957 0.1860709372395712990489 0.2023291269071202658214 0.1843604907920512736563 0.2371507740334077851685
0.1758271114015453884249 0.1899678224721617902926 0.1781720069118286065013 0.1793631525153464023603 0.194441226501564728979
0.1805815926430455742313 0.1392833444937236486716 0.1353033650846043878246 0.143100344889655645142 0.1431450965096589533765
0.1361896892055508012653 0.1787925452408669624305 0.156380716746582826282 0.1639293277106010637834 0.2094760016503224853146
0.1379486508470077754662 0.1989101536958191862592 0.1705412254904045410431 0.1494580668792134525713 0.1340327189095731341695
0.1308258139493962690647 0.1715498306396900096704 0.1327562044686724229692 0.2055514856416686964025 0.1381857825021978458668
0.1573269871714261247675 0.1567113790735642497864 0.1602733917846823619158 0.1694173717226397923863 0.1737429451041359040886
0.1779836360077066970131 0.1472921337301430211308 0.233058563129364904043 0.1406767160386745429967 0.1371221810666889973085
0.160090367050601672938 0.1397352212231459389624 0.09826514974157221637974 0.1565989625878084212651 0.1338343078329365387624
0.1468686465926722639619 0.1218975399772379980545 0.1489976849043437023834 0.144813086915226985063 0.1617897702417465388702
0.1809466069752731498532 0.1463405607143788700331 0.1265769666366526602364 0.1373985312083787768689 0.197479734502050446876
0.1579296009502930975277 0.1641644790654734065161 0.1527292602670863308489 0.1233999503108463430268 0.1960691259762921689891
0.1776996823969143879385 0.1481325721055017918815 0.1976765379384662901785 0.1151396633675640102101 0.1512380253621456449586
0.2031186147800233543492 0.1196855285185985107166 0.1542409140067536876817 0.1440550206201818006502 0.1549891900738034067331
0.1717119883556378068246 0.1361134321597849972107 0.1464271940920304215794 0.184689077946190965962 0.1586926033551981085612
0.1519055618116725014932 0.1457868985397335892529 0.1631068487170310166157 0.151831820100178177535 0.1714511823425369785312
0.1461873279693859106754 0.09968228002662778142184 0.1677581125609969303625 0.08133780389111135156188 0.179513081297688420479
0.1118955734414964348078 0.1791478903801061450807 0.1056129843819704622332 0.1748870716616900689022 0.1706737519429186444864
0.132832587095604304217 0.1779315195282158423851 0.1709287662356542558673 0.1184840490819326630501 0.1659838557512498535829
0.1536973166556757919299 0.182295589430366139494 0.1807589116592308031706 0.2043313203952140111319 0.2065189549622915843319
0.1445642121167817761851 0.2044701151999476496091 0.09399330270133164633162 0.189382777707388427757 0.1985849081296241769312
0.1582142205053765349199 0.1756703053973521500009 0.1758012140128105138537 0.1022700315459973419152 0.3489298468061988178768
0.2124518598588057693988 0.3091386127095088198757 0.2851856970607910546356 0.139893475462594757408 0.2850110198420763851779
0.1669240672147051518515 0.283992732710216799763 0.01113543830931595403355 0.2643664411460418528499 0.3185822650700540492608
0.1447371392485683472273 0.3004583525749955352779 0.2998972415343617581307 0.2157866958522895173278 0.2915155532021385109687
0.21223378340639753592 0.2566440073493115869852 -0.04960499444510276662035 0.2188850796491511319086 0.2092043205973952713084
0.04191653065889489049312 0.3006484511931333258872 0.145008505180808849877 0.1296155578265943131289 0.2210282979276042836236
0.2687136715180004076231 0.1887691558809759528881 0.274774431021285625576 0.2338317962381291359453 0.2797031667156166800936
0.1876894416621373296028 0.1622763270221500297996 0.2140025130961951682629 0.176183658664947784267 0.2034374693408841916487
0.2309690591493098188458 0.2212663969584846845873 0.2667692630591089741898 0.1934177302756489302826 0.2215819754209980840809
0.1531388552347558162925 0.2564735314660346876536 0.2355136646980644510307 0.1444151166112077888659 0.2799477735518839938145
0.19193382814044279705 0.04476727935726248358561 0.2072275106825174351144 0.2293684385334350539498 0.2264518857291296372036
0.1950795624202240341472 0.09626463255792934436972 0.2171168240473081989528 0.1837840596781168400753 0.09594742943839605631151
0.1772003655931644328092 0.2680042879112736753378 0.2775422437900682548495 0.1732506148125529665815 0.2513409029033020214428
0.2382283713859165708016 0.3375184746644988020847 0.2323880376118605817215 0.2055833475503087981462 0.2188628907387183131217
0.24495987017549469833 0.2401662730319247263111 0.1498057234792378733523 0.1377065573035924639367 0.1736123720887162991122
0.3033247917547984839892 0.090311160632315340413 0.1987503942983603610895 0.100676039701633190937 0.2363844303229807874978
0.09486754534241000069716 0.1846953034892567513392 0.1768448118222569198643 0.1984700798926961329283 0.2265130685562762868912
0.2192841705685810993476 0.158028891671259830165 0.2353817508378104605971 0.1877407118801367180705 0.1887162146911914029079
0.1521582519534027955199 0.1918800018785594141413 0.1839333269839897033737 0.1028846024625012789411 0.2498069954010040949477
0.135643736265255110407 0.1776419143950717371983 0.1765815833062826523125 0.2165801791230597683757 0.1799230657454939930062
0.2012856248887450461016 0.2372214992088156615413 0.1885938625513307598247 0.2352450125381497225696 0.2207899967436053045855
0.1637437857397089080447 0.1818737650339295464086 0.2046785569458720865921 0.1880127808624466878573 0.1733162200568109656551
0.1945924907186077079668 0.1674230471019829413759 0.1275512904155211568735 0.1606190112318791607393 0.208511837464177340884
0.1532070345077153616931 0.1399584221164226760514 0.1811718728196936023522 0.2060993683131487619331 0.1971666293152968263414
0.2025966602904980540245 0.2030838270981176196806 0.2082641239444351921595 0.1762131279399583860812 0.1997702474814937734227
0.2735319567456138689643 0.2160441068975707534783 0.2015083207473087889561 0.1393121214230685911417 0.1137309894086028089211
0.1956437122788061977463 0.2135842684707764671526 0.2417934241191297128903 0.1862791908601793555711 0.1613834376366339307118
0.2330754853319142450019 0.2445138535587690342687 0.2074395623831964963202 0.1838353022563261052191 0.1916467542119971445569
0.2313785322038305336534 0.200062525145152214634 0.1968756010059053984662 0.1897028498259891449162 0.171302886734682802139
0.1842349588041449770515 0.1896962136699627543557 0.1860863144158138304807 0.1595089444955688495753 0.2067859034105797577663
0.1789068201984845840613 0.1734266118440651038846 0.1912864025683372604103 0.2130413049580729134558 0.236963261943255565356
0.2298712164625936471563 0.1849012358333831373969 0.2032130658905632603073 0.2059157973843143973891 0.1888310652140511303188
0.208064141577619460266 0.1984565227416389687765 0.1547632361128589983945 0.2315849855941614354737 0.2193394045774477996158
0.1804348737248384904053 0.2372921065923000172315 0.1039495640224867428758 0.1871276791063245237279 0.1590897039874461516007
0.1466326490413368266452 0.1770099354152600557022 0.208612729689081899398 0.07840536801362221752676 0.1947783347983781110369
0.1856109340121319117856 0.1226879602648234535156 0.1943367625275332077894 0.2607604978372452531055 0.2252778293366134720888
0.1830009328999115947312 0.1426233445065180627243 0.1305335341000554705282 0.2168139428148802283491 0.2291891406794116792245
0.1807985532015548568729 0.170909256661742808836 0.1249297273014721848527 0.0742589232533501786282 0.1444437520423733356534
0.1628240761490110655174 0.1964227676670423639038 0.1433477392837795572067 0.1780760251517915226938 0.2008206947413517240442
0.1837716037087407938699 0.2192245773866761116011 0.1751524261570123197629 0.1742807552542886551095 0.1886170379537086827515
0.2250686666755175036059 0.1857456201689375030472 0.185329155274533835529 0.1595529029356809458395 0.08869634825792109544818
0.1865651707979557871742 0.1479178483941467336926 0.1586039225781663286607 0.2015218171137405644977 0.2124263450683182563594
0.1535558102494020138451 0.196026040918419630632 0.128143875866679884945 0.1410255223831738402573 0.2233261607985286834044
0.133690441184640629313 0.19682586363010076691 0.1962992114953602262872 0.160795626330450913688 0.2653979014465018826385
0.1881218152303907320544 0.2108703225789679280844 0.1258058981288357192074 0.2161884068380572343493 0.2166821379846861905794
0.1981192177102894802498 0.1875992471395007132884 0.07389243931359988637464 0.1539749159744558670848 0.1751693944491594656654
0.2175680160938023854911 0.1895183403845207836813 0.1616812606936915974742 0.1304872516698355466858 0.1446566665017920694236
0.2377691245340520787011 0.1968188348122246467131 0.1445135205628699237579 0.1677303230944931777824 0.203552257479553827535
0.1842299754618058615918 0.1559265172148665556939 0.2320469414756622661411 0.1244579991272518754153 0.2395180284379566926223
0.1678145843484702970372 0.1777104761653232611884 0.1506298058222352020952 0.08415558885264252941827 0.125464160482100128835
0.1649495115541448897467 0.1838944858609586063825 0.2107150654891054575302 0.2030745647003705245393 0.2042087595921336651283
0.191507145243211218677 0.1855002337021025848873 0.1787396468717988295971 0.134463955353895603384 0.2091679296177735292162
0.140222618289601058672 0.2294584713522810626163 0.2135459954583365793646 0.1398699473234968626567 0.233010999749833191963
0.1145418831059502456915 0.09749939322247277995181 0.1334091672407755058138 0.2017437579307006234597 0.152033886461279743596
0.169909797178249166727 0.2078673492633242303462 0.1869593214715914442081 0.1585757682774093513256 0.1967488840471691147194
0.1386920286275928893005 0.1296737668244560548469 0.2353860808540047533377 0.170183801572914766842 0.1790811280013502870823
0.1362637759989966668162 0.1939530739501173495221 0.209486705799135031203 0.2336543266217737668811 0.1760994487743034464522
0.118495857236110571642 0.1252140147056624297495 0.1620437302332200513177 0.1812423162452724834104 0.2440156684456366298352
0.1777228191274121127385 0.1707850469029496554008 0.1937135187520695467356 0.1431904887684322391639 0.224269550385756660793
0.2216206636626738279983 0.2611987580470078174066 0.1914689577821775123834 0.1541489715463257859085 0.1696768593486155662919
0.1228031384286420030216 0.1318732576410929224764 0.1635490859314622513754 0.1830513508129326394336 0.1857978773371725955688
0.1831740304033760147195 0.1649264433401620433273 0.1879848261268247389122 0.2029610563168421644153 0.1807543318541484644868
0.253593518483034185973 0.09575304296406624005034 0.1663739954473465731954 0.1795137672927990812877 0.1476080595735427269943
0.1551878491891530986724 0.168099212291453525836 0.2014775162157705357124 0.1774463796160849482497 0.1494914995653809364207
0.1946398433256411597547 0.1986247606225357009713 0.1621497357194056077034 0.2083739209661081837055 0.2588438312444132360923
0.16888551147676433839 0.2442602124589357270867 0.1517621576088224732981 0.1535978811165533974847 0.1459740399450525638603
0.1532209875418417410753 0.1811882124534059945731 0.1066044457757872598869 0.1575242718678308839753 0.1109932490528120624385
0.1771946739476857046736 0.1112968142877024113613 0.1916269953154335625722 0.1888472578262497536539 0.1944909697683267213453
0.1374561285206635230516 0.1441384105005044657943 0.1372137672313503142796 0.1310477934708858815949 0.1160538870131374022954
0.1265092757256059963211 0.2011488272736466631496 0.1559931734648314360925 0.1281451007465237434957 0.1537004286140238040748
0.1816787986081654926451 0.1779653838252896469463 0.1498990841166715770605 0.1589051911747087486582 0.1928994714805890298148
0.1782240675859176337603 0.1565436128923262670831 0.1528526218423663374235 0.1450670191369445582996 0.1830870363583426974063
0.1426684096680239099975 0.1691061152148395640982 0.1402926386784836554344 0.2197329474772314050757 0.1678340644611266974096
0.2667473747972464170886 0.1831953656405486408065 0.1786034517072063732002 0.1276338525656527389529 0.215906436827536019063
0.1652606972436501953094 0.1439715974312471280516 0.221090554679406053884 0.1503135069576262694557 0.1646310264611626772435
0.164703692102602217151 0.115014750476793117806 0.2056500072810003854062 0.1902012678167727122158 0.1201602861042424114091
0.1594688189123620036813 0.1530209356695054478958 0.1973600827514920552641 0.1877189470671399851298 0.2186784156190651473572
0.20463432417223723081 0.173345221753548772714 0.198151941591017122235 0.1716495343478739443732 0.2219713525999998104954
0.1428911112645380454556 0.2057821322572228883718 0.1241209629743729725426 0.176126383097618827156 0.1814989303873376647047
0.2251935300068938494711 0.2065216023803544131976 0.1885002156190629940546 0.1529532193285828844953 0.1490989820370574314712
0.1756882965525306816712 0.1755488631931093335137 0.1736934266448631747348 0.18780187960433095129 0.2010323848049768158397
0.1879415314495576916354 0.1602895601251107804419 0.1629783752514182559867 0.1527374201898361594232 0.09096007665712187162388
0.2097443277531438887706 0.1064094031072225221557 0.1614712560979847388865 0.1563003536219691180786 0.1512371261146182865875
0.1972345858249326955303 0.1772701755950677748874 0.1588994704248443690098 0.1721748967832963661539 0.2009168742980605715243
0.1182127133430561638505 0.161298605212015333521 0.1695239987289632876966 0.08293720999983500430375 0.1683726277218196842878
0.158959528368715408142 0.09281107583370469538142 0.1741727380435552918758 0.1452416042722094180473 0.1492199804685675756932
0.1709727089628873542004 0.1636749378529819554107 0.1962140907437875392283 0.1673432559860087154302 0.1604949998360144791665
0.1858947505682111145386 0.1780925368326640445549 0.2419465707643234098079 0.08926647077933942686645 0.1624305603399102126971
0.1943445422852290993543 0.1377232627452163182813 0.1285982791315506412744 0.1998806340590611185792 0.1655437672793970693697
0.1364190044551581437737 0.1492160398742384541659 0.1223790598036034321661 0.1254897774358002260353 0.1933226388685018448665
0.2002531756410309282668 0.1634455414801617711973 0.1514026647808165149112 0.1750420805061800588742 0.1621773144360120488816
0.237521057851612843459 0.1974520995105699949779 0.1221849973566267871794 0.1546031009760248375873 0.1496190090008777950903
0.1449465545234417118703 0.1325004833195549680536 0.1802346001846759082632 0.1789404404349619892578 0.1678107734220838365147
0.1514838538362923980873 0.2031386715244977436701 0.1697678105751196098172 0.1670869622519430275354 0.1508205493924494045022
0.1561754330721823180728 0.1497236198913783622455 0.2427529560901663108208 0.2388061468407055021324 0.1572397938658339766604
0.08670867605177806636263 0.134900238081563511594 0.1611203063049947981078 0.1260951271074764457047 0.21996156835650246264
0.1443540316200565554183 0.09288186115358906813633 0.2078431349310275177977 0.2036586146803104624414 0.1489568702198145189186
0.2110263163480907144809 0.1206760607580903560399 0.1561286463197234797295 0.1284322222559080850512 0.2061936102584968621976
0.165447708221946543361 0.1894657813280070934869 0.2427444512609281401794 0.2081469599854015584128 0.1663819004138305523988
0.1778823307328998015731 0.1563950457452855657969 0.1250935903913381053165 0.1954487503581039120615 0.1814248519139484983054
0.1313728733979951934785 0.1233397426688787462679 0.1791073101494211339269 0.1587046707079231566695 0.166489450320957049767
0.1463205920605120391453 0.165702969584422044047 0.147712703949797130587 0.2069593414216678861628 0.1220276917203566430237
0.1260727870243669446193 0.1336316989760588935798 0.1804633949397853598384 0.1616753642752689068551 0.181663899081901170085
0.1814833083630087717797 0.219993674995908772285 0.1842275877546510065574 0.1701866455877405759356 0.1397826978628317062814
0.1701075117949681636542 0.1799162052865355965192 0.2154237626050648501952 0.1592840262814814444869 0.1992115235425632457922
0.1047790035173508521593 0.143065037360664143451 0.1805901681478509213097 0.1511265624526533235539 0.1986798627394825156323
0.1686437095207629355276 0.2102123077360454062035 0.2228007792154190758183 0.1864868533817229390159 0.1441815598798014130821
0.16681041187150541516 0.1288802087671078733244 0.1421628920067848911302 0.1315956365806589256628 0.1939330922286771896612
0.07115321612066179135514 0.1667738228004068679056 0.1523158913932477209752 0.1635376923921580127885 0.1430240795154040511772
0.1817472088288520915 0.1637187343235657621676 0.1621411406167883595408 0.1628949890190635740872 0.1632535421503539252441
0.1899695007022367543303 0.1504704332407755251744 0.1540260581431297237653 0.1788501125680235503967 0.165051919031779181779
0.182582844043801956202 0.1631615069950614893557 0.1670752417659411848128 0.1901107514800637332542 0.1775779755259336289974
0.1672051798792540677763 0.1654384090052418432304 0.1455061129360301352964 0.1723654478038409987306 0.1851120824894119387682
0.1582434279346709993241 0.1988346167379148043963 0.2132020579377009728006 0.1022081781231527902731 0.1144427144861346890004
0.138354421237632002617 0.1340868393440361738822 0.1589189922669807519817 0.1523102199589180527628 0.1161432940445330103119
0.1258892694664114353387 0.1890934543762855246651 0.1815642254509600983514 0.1230518930651499087681 0.1664601504245159513395
0.1593283579978840847069 0.1171140460823545809133 0.1620019512716134035824 0.1513129090820469480061 0.1890866157548142245659
0.1801391973115744060685 0.1676414900339243396754 0.1622236184592483199118 0.159638316537148244878 0.1437156351459624448186
0.1053057929724471042388 0.2171937098792663667357 0.158551497857784357004 0.1832191511345472867411 0.237839609971622539808
0.1668439219785168015076 0.163337988907434006336 0.1722836119375835139955 0.1393793006634969355861 0.1730861271432217185495
0.1459180534925670069679 0.1437047499275587725265 0.1134939354607982647805 0.1655394153890239750115 0.1473737821237324219226
0.1704228360631568905958 0.2096460191724228427912 0.1483821718259183686239 0.126121559753478967858 0.183370315862815935759
0.1308368356588293091036 0.1454118653042274222909 0.1803394914021836104023 0.169820747280146677749 0.1443357870364422312903
0.1673390092999184064482 0.1645897716145110489805 0.1206640692713323859131 0.1082632764197977576215 0.1731608631232156025881
0.1807981416333385715767 0.2104850116369965939978 0.2040261932451905568797 0.1484674370520257802308 0.1930777881791926886557
0.1768196686566619602043 0.1509038069280638494352 0.1478069451343164142365 0.1507074236901734809457 0.1700078437601848235783
0.1876111192890077272732 0.1422054848136515559087 0.151604859327826829718 0.1683207293557607009404 0.168477034344147513778
0.1043519433877208718586 0.1450345850047258522419 0.1483599587806482822394 0.1791247007581481531791 0.1809755073347615317303
0.1747674223969639117904 0.1544649019356381935975 0.1453751331048006023572 0.1394860253848425879486 0.1595659475383240100133
0.1328605425472872136883 0.1748737594264669070743 0.1997737459651170721653 0.172869008006898972063 0.1741804063164689719834
0.1633682341515833857937 0.1566798891787384850893 0.164340356256466868512 0.149107288391791242832 0.1392809460644352237413
0.1805608832078100245422 0.1436904180856348189899 0.1680023936209748824933 0.1454553370029134928831 0.1220237493482644458576
0.1439018230808304654733 0.133891258948848207444 0.1669296257351079448839 0.1289003839794235772853 0.1549121468584386540623
0.205012151145481047454 0.2066134476575834377776 0.1430978881801890367775 0.1632488386204497265997 0.1656794741245481983327
0.138602156808589616066 0.1146641731849671608234 0.107643354408782268572 0.08957653102727866634147 0.1696629085283248572491
0.1618160450466310518181 0.146197355267872253215 0.1434923300940798562841 0.1321215575971413924705 0.1668141444858641242455
0.135158376631845239535 0.1975071604778264044988 0.1562967348796115152343 0.1832495613406558976344 0.1892965892796470150916
0.1424828285954762019383 0.1671201225570235482376 0.1658555909727281729715 0.1459088141029923346714 0.1725118373877191080279
0.1420221193725891839499 0.1965348943299128903206 0.1569164668817475127849 0.1450463772874200918395 0.1592574515634341270065
0.1159898943026775042231 0.1355168608687772613397 0.1725968030783977813503 0.1387103061372788326278 0.1402872974719354126627
0.1639587225820637872431 0.1800991910870573253778 0.2149547936425514060854 0.1772629065304776319056 0.1887637424024053434124
0.1997457610582973330793 0.1468797679147255952348 0.162011729299426782136 0.1612625015154798002737 0.1326273564945231187018
0.1778575004130920067524 0.1646987219858115358839 0.1332884543009511257861 0.122374865588359402202 0.1960138502809915528324
0.1478434700674525759112 0.122682119789104981944 0.1609891698073406818281 0.191537272229801519563 0.1599822009438987002738
0.1040356270383205883334 0.1868350925063680390004 0.1675687906968776341721 0.1815514354891606674247 0.1775367766428455618133
0.1557040678961346957809 0.1716417735501281072175 0.1332129941385993554537 0.09040802267188520480179 0.01511436220844963006227
0.2148711813426728844956 -0.1385945566421621644171 -0.07573423807122350859267 0.2671868256254549822692 0.02112770175906143743649
0.322011096201512247994 0.2639660726846818628033 0.01640605106373284674537 0.1887636682413502409172 -0.05859708567624084124548
0.24186020734703572721 0.3192952594344926064984 0.06901330821051591957183 0.3049503943898599356288 0.1910062721632021509599
0.1834764245143944150218 0.2110966542798179690354 0.2898428717537279708516 0.1888352401476805497715 0.1990638329243254733836
0.2761438618378593279346 0.1560681164941566112514 0.2750660273044087111849 0.1820146200686493243026 0.2683292387227957376261
0.2038028294580714883111 0.2774856026574014644659 0.1869046850087483224723 0.04718556953949935156567 0.007341739020812566851593
0.1493454162875386403986 0.1630822429770419357276 0.2115610538272726937059 0.1534626296490070040957 0.2101233128058481447464
0.125473849261420800083 0.2130397100422480594073 0.2358622366770836975558 0.2316342995449560682175 0.2814412652735311382024
0.2698164701649248264914 0.1744952852987502467386 0.3124865355923485688017 0.2272188916025356109074 0.2120758666215933896382
0.2159047078403137920333 0.1422649341106765885634 0.1400508743670100531009 0.1702239414445870790971 0.1799267871336937829607
0.2462294143412931402004 0.1370848734550765835039 0.07437531871396671490082 0.2218748236644205173995 0.2348438753997632022497
0.1902048610753916124683 0.2182572059694604937885 0.1848881449557959744112 0.1368058104672929542467 0.2299897368851614720686
0.1872568746534610806265 0.19660318013102009993 0.1458703174409022029767 0.1644524796184587689396 0.2727499933255239650265
0.183743593538162941492 0.09527280404954854842181 0.2504312954595989126894 0.1339340096715973260633 0.197776048239324542255
0.203569527120751631033 0.2130402170214755197541 0.1765953065180439207627 0.1828819718557048168428 0.163707958572268080788
0.1923023796449769839967 0.2362145043840454261552 0.1363301367835521860084 -0.07145958385002922075291 0.1315914818531351559994
0.1761138949040711720873 0.116168760948611698991 0.1975637752496878507547 0.1937042042009667064395 0.2466940920539804904532
0.250054371059264757271 0.2095891848710410565459 0.1528647992379794651185 0.1839153903244808152539 0.1831600751387185976871
0.1760306517204348053518 0.1164429143370753760856 0.1881107925973473926629 0.1428454922088504830402 0.2315952644555850925556
0.1983527510066614429896 0.2284655367628052047291 0.1777115014084890420865 0.1806242985582394433575 0.1832737320080653486976
0.170219494218622036108 0.1814989015474220146462 0.2406706403013260386903 0.1875701776066368287044 0.06202376105681512569179
0.1794871733500807420292 0.2493871911917061867658 0.1902920401523089943829 0.1344015960387493768824 0.2142426405811077849695
0.1603011555053693859563 0.1334358220759551127976 0.2167148199848450695892 0.1534435100712833455194 0.2061354628734223815023
0.2716758200967457903552 0.1537311185629070264813 0.1878477315565535155084 0.2032155823485496115577 0.1552503042698118729259
0.08172481789475988245286 0.2095872258206532279257 0.218501809901005566994 0.2035234161286767207155 0.2125896774078024353827
0.1703480250841239718174 0.1835365914680446852714 0.208841775877772750647 0.2278077864618506254146 0.1441419691204367525827
0.1539230995314266603469 0.1784393626209744287969 0.2281335417266750764664 0.2013885809091005008042 0.1932477704579391719619
0.2519257105344037128702 0.1909301967078613770923 0.2059884444526044466883 0.1542528787203746865053 0.1323861806846305388952
0.2091783802543427939202 0.1439923653050758645122 0.1833404712468284236682 0.1680270175162989210182 0.2229545794454068363688
0.1739120381716354191148 0.1660166187115277858233 0.2582567267292434909365 0.1720310871272940356214 0.2348449394477176710438
0.1844506148817219026714 0.1915245754776450648471 0.1775321276482408061614 0.1458542079907642896597 0.1565340567852077091615
0.1271024456920643586066 0.178695420540802757392 0.2122661302791441773063 0.1488495990565174842413 0.1762829692480758214668
0.1678760654327394186147 0.1773574298290965245428 0.1671548356852027295005 0.1806750339227057022828 0.1999735117421500840695
0.2620079516700355437564 0.1530073042261208549064 0.1996518613597373648094 0.2092878283173897624447 0.2028692183058091458303
0.2221819650578838178934 0.2088814981771854872861 0.09744435928550614078869 0.2160704664815877862338 0.1371381441709722814881
0.2309596931491937898961 0.2112753950326284324568 0.1600255575545199426823 0.1072173829383630261347 0.1865955697028809923133
0.1808408020866338061783 0.08310633154726933258249 0.1949325752962847435601 0.2443286876361387693901 0.1915756329967137350234
0.1419943161190189429011 0.1950089077231377532318 0.2487847668216453533852 0.2082160872047699451404 0.1449068740578920710949
0.1778725593845930930126 0.1675611087990924175095 0.2050879198872637976248 0.1711414925556365429493 0.1671466684209821917939
0.1840467562268522094815 0.1675774263366840155509 0.2417214916060377860596 0.1103816302135190441369 0.2415616404942013684121
0.2216675128364461733188 0.1988736327360622613281 0.1347928678844690641991 0.1634053034850743713058 0.2075683921871724346708
0.2189842950702950430397 0.1763116462310692911242 0.1956266505971689106946 0.199696798073904446813 0.1694266013443305740616
0.1190291033431086220595 0.08385964967752118637279 0.2018218508630514884672 0.2534648000061533457128 0.1970355941395235954694
0.1549325676911509908074 0.2150148668466003998301 0.1524274362093469559198 0.2326003634208412551576 0.2247005953457419658026
0.2220027599100429238632 0.2015302683186422916251 0.1981023512864128754973 0.166578787913119780173 0.1807992887509100032872
0.1919682284380277437208 0.1874460487291360333284 0.1504127350479532720939 0.20496937088917904779 0.1769853422278919730104
0.24673324687732811622 0.1366329550960168337514 0.184145703432516572029 0.2087778573162698547705 0.206710798936378448154
0.172762490818406694304 0.1862440699045632974684 0.1907765867014019345316 0.1510871572759785175233 0.1356071740994289342996
0.1537601244994852844883 0.2449961460081250819165 0.1960724009034121029238 0.2052679053417546251037 0.1444148567315292897018
0.1668086342433831581467 0.1872546283100864628057 0.1289690463025444377987 0.1704902045205260174843 0.1763100674958022195948
0.1808746247187743572127 0.2219419092072554278161 0.1953040131699796122522 0.1673002200559474128561 0.2094714897149614341032
0.1608405899629739843615 0.1729073195527257578163 0.1858668044010881870154 0.1623821877470486008121 0.1872827930624823555839
0.2095389828957061328918 0.1556591845353330894053 0.1440161342403297184411 0.09027419960211879867984 0.2105660313697322316706
0.1881892152274123042321 0.1909145259839821751058 0.2039342901207110148043 0.1966812642133206612272 0.1741138736677853293688
0.1601397621913820401574 0.1553077072954358317514 0.2049112828658221918676 0.2121114043300921236934 0.195474451104761387521
0.1689980380186071884374 0.1918482979539240240729 0.1595995245914138271903 0.1932028097260382326628 0.139606021016833697912
0.1591336843965249214783 0.139285286972722993637 0.202962055709585781349 0.1685956836520041690619 0.1961550297637668915929
0.1918147907280355612958 0.1821643771416109336414 0.2007112873135739050667 0.1324021743610733492513 0.2065236629683922520151
0.1806722950138561212263 0.1394453444854118207008 0.1955273301082673664819 0.2059774304995913019045 0.1574553171851482968879
0.2011394289809298741023 0.1578705387147578409479 0.1772657561873482168213 0.168811802618854922553 0.194968050751665011866
0.1716794613863480145621 0.181357493695280508339 0.09324382032066179382124 0.173305671811370992641 0.1973290637973102723546
0.2082345363449937258871 0.1632802820545052879808 0.1848783886431893397351 0.2023121100756274659549 0.229324558176324355685
0.1891900759600257664328 0.1242934839829615972784 0.1383761029230732853001 0.161331711413544576228 0.1676345121291599737923
0.2091023694920764730565 0.2042260243945730469051 0.192068896706760278148 0.1865172358000380115062 0.1509043660481110271654
0.1906513976723378245293 0.2421479044815031400617 0.1591001823793941616358 0.1411105871474162831714 0.2139639552556229507019
0.185857597351747089176 0.173352118322476073109 0.1604801810577023979398 0.2067892580936978308426 0.1184239940442350647043
0.1889118549112963896253 0.1832544375576053707899 0.1542577314282566891546 0.145009633921509201171 0.1893708185422393053265
0.1756878190224177571643 0.2021886836895594175001 0.1367362145036020715239 0.1733842849996434232196 0.1753523761790522772497
0.2418282362553725584053 0.1823587123810834764726 0.1362473247134910192546 0.1761283465347067700435 0.1667884464399909671961
0.1663512782153659941287 0.1728363909389093178159 0.1723478761540399306629 0.1773925458020572665241 0.2239730212645297258156
0.1469715388549694690123 0.1659537851373310279879 0.2192389425998978735866 0.139615327290165652796 0.1802907803421417709533
0.1743218677039746478119 0.1511754951068076113785 0.186735077816214956048 0.1474196296222590463199 0.1861624584272940363672
0.1827477773206144240348 0.1543274489717527675481 0.178298999337837604795 0.1678324354809468121896 0.2129580686487944907181
0.1957681484248551262439 0.1896752585003574353983 0.1441297297191927728743 0.2025595125016431130582 0.0905156025997412017059
0.1630225933738691512787 0.1437644252570704495042 0.1766834131591658030302 0.1971040853802721037891 0.1551954151023278716259
0.1440818594773786986973 0.2118855105336694133467 0.165383707943954627595 0.1459626389009073821335 0.1546443319471488553329
0.1569506409363836951787 0.1590808693927723282968 0.1651762762195795597453 0.1827930470203231183568 0.1312838913662685569328
0.1679820649410720401207 0.1730130042089672581795 0.215666786642302432675 0.1517375242382604794145 0.1371409417914224437851
0.1551085675124926066548 0.1343011984611575948545 0.1438259511815669078327 0.164513581272803049993 0.1364750884608652847785
0.1950326329779233647255 0.1609235543136989243784 0.1995120100445739452777 0.1721680606327278539869 0.1912009226949358264847
0.1631125308811559038169 0.1795573604369922193769 0.1930020712010655503654 0.1452205420567277416311 0.131631001564402522197
0.1610490018328525063662 0.1840123996571777775788 0.1950884519163972874445 0.2359338605820207879216 0.1954695365222108571768
0.2015749753518238374106 0.1474134757990163968611 0.1767724652965713127983 0.2093248077746879820538 0.1746184480223459123405
0.1647209474556003139245 0.1641389538633573896842 0.1871039212479141122802 0.1902906688404286950078 0.1998744450302717134971
0.07901103264435165030033 0.1275975094413911159474 0.2174110410279726512961 0.1675220681356047736088 0.1492074612062985472516
0.1997126867654477888614 0.1764792230621559099291 0.1437354290094479680739 0.2181361867769270879158 0.1853581748407219509378
0.1362873081396009933286 0.1084257387930718102842 0.1597109498760409529439 0.1508583606954791711541 0.1472085236700048094249
0.1921946399493090484878 0.1678006491469972438768 0.1539555771463853028891 0.1757194726067334289432 0.1580670407181942460628
0.2256083351454129803937 0.1754524867219495465331 0.1879897401980725191173 0.1935670455185319882574 0.1746487200404437112322
0.1773228579576628660686 0.1532112545280789883684 0.1304252503123926321127 0.2049035923755107568844 0.1742712403457309378041
0.1464295167468351033246 0.1536858461680053467013 0.1410164488729196419214 0.1571671534526537794552 0.1190623913446058473875
0.1642015349359901843496 0.1867918690135280945785 0.2137966571342514443543 0.1836601413728985998652 0.1106515708705748946006
0.210475175818866405697 0.1596947926373234738495 0.1746449378191190504594 0.1707684560113471305964 0.1377354245376480323948
0.1550434486532233924194 0.2267000694684009332036 0.1479354896035942612542 0.1672028036614059409715 0.1384312984409263314056
0.1299254455239294281377 0.1962509055487741960189 0.15819281178536084842 0.1930389567796057248561 0.2113990621705925943008
0.1772350975913498938308 0.1912540526823169051429 0.1765283165949954047313 0.1620185150598322243454 0.1999085819404257113874
0.1603769017529259599542 0.126871851366077759149 0.1450520777830182073131 0.181297983255531397484 0.1387485130624244167308
0.1442114310580823177688 0.1964723848017244367536 0.2074336063127019957886 0.1460471832827580918046 0.1469711057611484128493
0.1285929057175628220655 0.1515188226938204707483 0.1979162243595161962961 0.1631463217949714328281 0.1918022136597532234514
0.2029423691932330797716 0.2253876825105657066839 0.1670372293413305009313 0.1516526215108438546686 0.1815919754938447316928
0.2203051983419576365097 0.1972583799003189419796 0.1623603544441213353267 0.1839683869377516656218 0.2290707868544207270745
0.2015570104817301366751 0.1575420278036217813789 0.1863238033253283576496 0.1577930875010474520703 0.2141625776771775291341
0.1668050767101560416528 0.1695674077809602997569 0.1694362672479616527266 0.1698439427789490974163 0.1981315698423323778954
0.2509335265558939043196 0.1881524036734683602567 0.1620217432060412909856 0.1897935880195810720572 0.1702524208596221388934
0.1319385212865963052931 0.1576766884639034249638 0.190425821263055239374 0.1710155665037454697508 0.1576091555882808414868
0.1598400203120658447098 0.1706457666832752739783 0.1264570325903380532129 0.1511401181646444269457 0.201633311608503063006
0.1463684505070559638273 0.1590131693446646399259 0.174943606882215801912 0.1382757830693113199061 0.197433472745474208887
0.1581011742536284070404 0.1437113546516599615899 0.1385618968861291877559 0.1916271585147081846223 0.1522430237877924752432
0.1839110104038236548352 0.1043386119132640593721 0.190901247464085571659 0.1727825413247913721726 0.1768480064636352711016
0.2012793827330291440703 0.1696298534824264014897 0.1910136301833506300429 0.1707527286275437039542 0.1977361513544230453565
0.1230892526327185404478 0.1505132571507380168097 0.1761878056611113907426 0.1625695502307278328402 0.1566290895068748745267
0.1491445011657631380952 0.1950946200024744892065 0.1364501668706314119195 0.1763179725744666304088 0.2000485336100288613626
0.1819932501462406815307 0.1437655644595126069873 0.1917488781988342938511 0.1846331097332874759953 0.1524957851344637127511
0.1343090097321049947166 0.1602775401477323780064 0.1897632244855405880823 0.1108616053278576873975 0.1366605932811183476971
0.2182985624391025059055 0.1940716325602734326772 0.1287043830651587728031 0.1098010721709086756626 0.2159591713257579814744
0.219158778026601691602 0.200490889120676057944 0.1743940751737662331333 0.143193274489864963428 0.1275693590199765969917
0.2122167503352509754233 0.1756226108891197901229 0.1912559973370390187242 0.1258438905201479662832 0.1845659735898702580315
0.1526505879622521433259 0.1643333058596872231494 0.1537340204410269639546 0.1902557181755899773368 0.1750219803692905362613
0.2048374976698149885213 0.1415359951728608622901 0.1600754525244498238656 0.1932720153308201405107 0.1989476788429958564741
0.2020449112366399513352 0.1161909894402493731436 0.1849838850663484968173 0.1751476706272977468259 0.162790412477968382543
0.1755584545519524308776 0.1656230272315078744239 0.162560932240944228111 0.2404504363326478988405 0.1733180209293791462777
0.1954039843610916593608 0.1854932203886988928421 0.1618134258830851712752 0.1677723515778565821499 0.1660766413023215537503
0.1786128089653745698584 0.1429881011636315868429 0.2135404092248882890193 0.1991963667767354395632 0.1751492195100889381898
0.190760284856978434842 0.1488574801191922536425 0.191442132585183943938 0.1564366238990901047945 0.1567523362773945161397
0.1680967250061627948909 0.1325163525346098325475 0.1919716854999125865699 0.1746208072714181547269 0.1467957710632266932205
0.1895590946093854423093 0.2044416146007819179431 0.133033292884497000852 0.1916551104944251016082 0.1732169112474685190861
0.1581521115194939042237 0.1241629657217066529107 0.1471350801325553292465 0.1690287912284618720982 0.1136322871896217751031
0.1916349454543419539299 0.141720070662948394169 0.17641793847146464147 0.1739586474572311081133 0.1279046609802353684504
0.1544114090974406383605 0.1775862515974881150616 0.1651519831906052560022 0.1745358799108825409441 0.1647433296504218214196
0.158419368858889270113 0.2202963235596820945617 0.225741285883769987608 0.1949371780583457614 0.1656951154793775693452
0.1676419585615896157282 0.2393829040538761332435 0.1388850170628632696435 0.1383942475474660427359 0.1535655238570202418824
0.1991047127775624758783 0.2167595195437363175817 0.1422291026957364368233 0.135318721099866701163 0.1746779641841536279134
0.1484739935966488677543 0.1842342900059248667066 0.1798516347540615734069 0.1715603382953214128825 0.1871176469732276359537
0.1676422081917014472729 0.1844781982470710124389 0.1922131351255378650666 0.1708833366760557914699 0.1842876300851184756535
0.1494501715810967745757 0.1483902551947034742508 0.1572529031177787306461 0.1522575272872042639882 0.1558842857132846926316
0.1507564401293395028869 0.1782900930986831555813 0.1974222836052914042959 0.2054625993138751716138 0.1425375920494640347158
0.1963524297847030475328 0.1409487756026731875014 0.2059199793793764499128 0.1787480386162907386449 0.1812024704766639071618
0.1586431326023373111767 0.1864020706600810761699 0.1546289059492656214889 0.1727452061205804745292 0.1504838887826590587693
0.137192800181788393532 0.1686786935832420841752 0.1944040607620123040089 0.1559589607891773699322 0.1912590918370135339988
0.2132470879796246610027 0.1804458497502081093522 0.1422558794360389011757 0.1174918911325232018239 0.1714606174097194901673
0.1212181565479030082022 0.2158977581958441693821 0.1557333170569479841028 0.1411543414251198169662 0.1817882840954891943142
0.1449462787200010149835 0.1654097785435706957635 0.1922815829311280699798 0.1796751283837588475389 0.1248282884066104492238
0.1299486922247223563698 0.1767275817017906758277 0.1462450061706344062173 0.1641495194293042525491 0.1239639306439879046229
0.1696604666869662714213 0.2172530147394590716026 0.1466638551105851062673 0.1248217422028164019787 0.1253105026833708224299
0.1699955470811374269591 0.1637909887570870859363 0.1758750049578773622105 0.1804996324118861850128 0.1459601140064938629148
