NaN NaN NaN 0.03443491207775035978234 0.1202611809470939818745
0.1015333448880182676266 0.04106850874464560569033 0.02303549865505009550115 0.10333983754350024864 0.06949206320128367697642
0.1129335008106011478679 0.118184655502334937105 0.05712123557239834337196 0.1687256020107815168707 0.0703137723020415827957
0.1293792236428933095649 0.1750427120949871184763 0.1324654344987029608305 0.1535453647650046049566 0.1114187304104966302898
0.1335055578282579591409 0.1008629739172571676553 0.1833796366111997422355 0.1589096532441062747942 0.115840789685784331664
0.1558530242133083221212 0.107867152640076471859 0.1318457299606127786085 0.1293043944574304715545 0.1722876814895556163432
0.1959089614453785876957 0.1581811173915752821717 0.1735703567178049078201 0.1717017712068057422314 0.1500877995919849827722
0.1539580406607740925562 0.1499986802674983799033 0.175862367752794762632 0.1972624940804356685753 0.193692066224118580875
0.1399749218452389643019 0.2071290322617960477647 0.1738100777591899126495 0.1645872865818735486521 0.1777953843959557134191
0.1575412145081151182868 0.2130361443400712040397 0.114726570262709798298 0.1541589750429752936345 0.1661146535114553235424
0.1460095101617898127877 0.1450931015622286823774 0.1732458176294388862981 0.173618590320592819376 0.1546086479599077245783
0.1426940081750888711376 0.1919845467449947939986 0.1707594236866970538458 0.129488376461511761617 0.1425083075458487280596
0.1682604201188885872931 0.1921140837859072192373 0.09674470119777844878683 0.09571846420509411146327 0.1277165904352297043367
0.1485764897485904456609 NaN NaN NaN NaN
0.07782024980513094214452 0.1017783146607103977876 0.1194355567530970274603 0.1251572867797461907635 0.1436436957645294831831
0.165438861964207761801 0.1718307749112847060413 0.1334494060714027652281 0.1519389334481596465221 0.1827622280734023663129
0.1929233833386319596492 0.1565823415216141545336 0.1723788733562684472034 0.1501125121658126171376 0.1392943111643139275646
0.1337324567595059576774 0.1586521472062728810304 0.1962188610133310251449 0.1646286318942276893917 0.160128702815072077037
0.1812854233329569408895 0.196093738758482766249 0.127769897445539903913 0.1961257042610765888302 0.192728780232778895698
0.1573228360047232710084 0.1703373996830563619209 0.1624069312472546933179 0.1316692760192009759024 0.1520087639576203630831
0.1682834880447412750915 0.1819111009868152328828 0.1261214848407733735147 0.1678878004990579098088 0.1736215762962417807902
0.1624101142982191658959 0.1126205771901874902463 0.08335432945821383277085 0.1528568820229369851216 0.133812845281175818446
0.1601534530012310997282 0.1497652976236110711206 0.2034297575979241434752 0.1712365236367062171219 0.2075854370595610898231
0.09812211545199550633001 0.147116174214579426005 0.1798455723830751917802 0.1542123547952356510393 0.1881881320294580550723
0.1587589002488584977169 0.1943602279970236823559 0.1712861656686945899253 0.2068513314285269355519 0.2140079312280390166912
0.1901851682320399306025 0.1931580914028743212185 0.1912207920662801763356 0.1886314113987390683747 0.1884637148717066557069
0.1656352599868305963682 NaN NaN NaN NaN
0.07585511105621069172233 0.08272949538921947620906 0.1157229398963203481632 0.07843662592006547806811 0.05093352958114893275221
0.1449357754938320197446 0.1109043880103327411879 0.0769686868929164158537 0.1134789325040110319343 0.1012220811325874880726
0.07451682208817789199173 0.1155536487940697631949 0.01213198439640420650543 0.1555079021880448053583 0.1543992865476198073083
0.105923751251829387221 0.1539755597547374232903 0.109063314513329512323 0.1439466716076119867651 0.1584127529670243117454
0.1835503364071096876753 0.1535147196982026840395 0.1893395020186497135217 0.1973290523862183398762 0.1801726340066524267858
0.1849994656031560269493 0.1921149575740035420068 0.1286924225684693834371 0.1808996623981799223291 0.1236957346069785385057
0.1933807598024053775454 0.1885578372599418517375 0.1572168123395070449266 0.1994192727955943766904 0.1919303199430555662008
0.1742660029133264731893 0.1946909815560468881568 0.1940603113884482588958 0.1974904977362834379573 0.1814464333580076693675
0.2017064332148019722979 0.1982963830753488865266 0.1881957539962510472797 0.1031398270171535458406 0.1318093914965685065077
0.1878536784650467472702 0.1639168868683830992961 0.1846701092825119849827 0.1274852757112736323375 0.1811987645256526724413
0.1849308216872574683887 0.1480057405554527638625 0.1822819410977526977113 0.213273535095666127992 0.1947330352152910060148
0.2009048549814603235042 0.1990619164482028413676 0.1911067147384009345945 0.1829166022191439089362 0.212490484935500850705
0.2216779773308552858868 0.2004378061405001076878 0.1315004741188967318788 NaN NaN
NaN NaN 0.1620721430442474686462 0.1041442509206711442005 0.2059337958053189809871
0.1656470835607103120335 0.1800336407495291002334 0.176753692684043395289 0.1591350329976184696523 0.1812969772737571261256
0.1846773084351591986962 0.1550881613714229501078 0.1367575517674541885071 0.1135915902814676886612 0.1353199760165650356036
0.1820489368129814544695 0.1274742696655379314841 0.1399253646341065693282 0.1426830309361447057803 0.1432759923016302949783
0.1917084626075573339232 0.1897239367598163028994 0.151441117295010668764 0.1381156798658736140073 0.1787546734344316323728
0.1428110923070738669249 0.136162310346887305279 0.1697109040255327105928 0.1840148450815236591538 0.1379650458587133587951
0.2059686028331243479172 0.2113204387499240943793 0.2053486547427043062974 0.1747941751982245439656 0.1651006086234539371738
0.1891981961916119059364 0.2050884970673566010113 0.2347154471285228527488 0.2184548819028815647147 0.2047795741880459041706
0.2023425109168179303332 0.1874245453905131197914 0.1763394990494348557597 0.1522969604105310625908 0.1729085405142827547298
0.1673244267047740430066 0.1741303651785283401754 0.1913602024861686123902 0.1734678973538581192582 0.1874588970311560631732
0.1933658454018370720373 0.1982625935095143621112 0.2041117524994126575244 0.1775711276119983916821 0.1835311269874306538963
0.1619330273105999695726 0.2330146363022862210368 0.1632251264120042621997 0.1835691171278191480276 0.2165050104253181395553
0.1400295034656731940625 0.1694338205909700634244 NaN NaN NaN
NaN 0.03248041051822175839803 0.03884501841946231409652 0.08621785838620553421574 0.07097980364006536979637
0.03017750629953716567933 0.0729797965242879181913 0.08115503950593841442362 0.09618898311841149462165 0.09735923954203087871129
0.08231990181702134035113 0.1478117036321147104161 0.1073184431985894221606 0.1319760063823157136831 0.144394268650623103234
0.1144361915249136468775 0.09970167799548701470513 0.1356858706429622529743 0.07342558563541684568676 0.1276126945248523270049
0.1590006862420653699353 0.07032274051548143001256 0.1606488099602858266035 0.142898410236242695559 0.1595385430421009664848
0.1286978940636666068897 0.1440828725653368891368 0.1650132834514335122833 0.1723803013556603758172 0.1666324167114376642029
0.1514497467814717168721 0.1722391866217842792963 0.1972693171870918693589 0.156713860233682972245 0.1734337658887930289087
0.1366955917310320733904 0.1424234699443121254792 0.1971276732659388020164 0.1852149592242521292107 0.1065748277932455356787
0.1833360264003593698146 0.193727870739536955913 0.1341070427864237135651 0.1897186829127284757313 0.2026998087326238873196
0.1725969293496779632946 0.1863527995654672975157 0.1984579661989789578502 0.2237342277402826762334 0.1828276129519183779149
0.190240197540553906963 0.1804248789055382107271 0.1902778818615704359285 0.1937192596716633130605 0.1994318230440988715113
0.1889208316690700051321 0.09318558393252716898214 0.1574757700261333048797 0.1677584769158110555853 0.1944498023895200877753
0.1888102607868555604664 0.1500650267183551989092 0.138445592749164597679 0.1008770970105090508673 NaN
NaN NaN NaN 0.1484588458599017390949 0.1361582085119720508803
0.1031635483629177590936 0.1096350413393842870846 0.09638161453667520861543 0.1175420709367649696464 0.1015047852123660415691
0.09781866388464353911925 0.116811131082023761385 0.09859053493314896832178 0.05195615152831896399466 0.1732663951417339198713
0.1198684775439492755655 0.02381513833742875119182 0.1157671559364214231014 0.06627398647775896434187 0.1561441920066228561392
0.1569901108369738673698 0.109803563451299171505 0.1883796315293556067338 0.1506919552177974908069 0.1573760343948829298899
0.172731277149007961258 0.1453843510867925958863 0.1624850337396599453399 0.186417954073877151222 0.1484371747060171109478
0.1493585167342808828206 0.1647909344689054422783 0.1600396737130224678047 0.03254782458062848576885 0.02124341619367410560759
0.1654962640835938580963 0.1700571227935598617176 0.163425769510179785815 0.1662042972671596841039 0.1690910495229984988885
0.1400849949734229993314 0.1294722191410436484826 0.1551103171471192587738 0.1590332802513346466267 0.0624555228822465183236
0.1388546276368397280887 0.1565089370902299492627 0.1529177008320835584598 0.1408203044879682563906 0.1455680886853741862197
0.1697502122412112013361 0.1904754936284196453755 0.1857120586487243374396 0.1477233282404201986093 0.1506741956982902419515
0.1319538568101868147853 0.1558168892530800153651 0.08992239663558580786695 0.1382426548615922345942 0.1177566451761653948394
0.1433001962828407416239 0.1447102198995104671564 0.1230488047086836372879 0.1692772670729215944707 0.1462739322093962734961
0.08194453603165360866534 NaN NaN NaN NaN
0.06710438858896797253983 0.0377157378574191279319 0.02958189373418913456493 0.02579180160981565939071 0.03259229295791947478289
0.03047098157237605742242 0.0262977387800059948797 0.02196617491216737091952 0.03222774019372096759861 0.03022523416793960679416
0.04997008804366975115441 0.05466540005516750538872 0.009316634244226924127519 0.08923549334223346285455 0.0379855940126310881455
0.05015358160800227615983 0.09206260258729094536623 0.04571748672741136887421 0.04972551472587959792149 0.09959824673071580869443
0.1007374414449398181137 0.09724227133575183423808 0.1244144191167571023016 0.1385296339689078004564 0.1080406002556042743823
0.07184927252831524446819 0.1008381370266137472269 0.1161502028382028900433 0.1167153525711400879894 0.1369809112188570543456
0.1718289771129412890627 0.1055541089017306838338 0.1342854254922838108666 0.1771268504400179411018 0.1333779118540271979576
0.170167658111132380494 0.1873025276089438084792 0.1474472671898813813662 0.1645290482746200322328 0.1769045509195257548374
0.1674134542782576284825 0.1627182811594430345004 0.2020838805952472339023 0.1764100761707735887107 0.1710624847997586073234
0.1988380725148849448303 0.1543806473270750156956 0.1599093555046202375092 0.1906958269611913336927 0.1575422292369608734397
0.1989747663163304036704 0.1747000520903453091304 0.1923431617286828210212 0.1689770606525236029682 0.1672321810640983730245
0.1805969177733795227869 0.1342036903956930204984 0.1463615442251897935666 0.1452320240722348443363 0.1918420453422654270437
0.1866453570218769286715 0.1323082676613682173716 0.1757996768345418403534 NaN NaN
NaN NaN 0.130658706499394733358 0.01361567171060070781385 0.1081167611855804178145
0.105133905901834467933 0.08408954183904282508877 0.103352031339909833374 0.09510688853036608492175 0.1037171124366646213222
0.07750332475610237359387 0.08801295347005019809039 0.09803553723764502070281 0.09478463758240107672748 0.09988831190710395491195
0.02941569593631994383731 0.1056981719012652365386 0.02115151183300105833252 0.07325373294617279484875 0.04337999193065140979275
0.07863107756733347941669 0.07113039238361078264727 0.08994808823859434809833 0.1045723197404142962297 0.1116275449917467216254
0.1041270262391083695208 0.1155506233821208122992 0.07699542557072704129784 0.09680912868564356399403 0.07619951188448603751624
0.1421724420482397832632 0.1630028250118288057902 0.007461845226166731979978 0.08938833951747779393848 0.08712228550228923174004
0.1475415015281308639405 0.09745173090153412542858 0.08973192346555464160573 0.07374913980254679812809 0.0944629887215485963825
0.1420021748899919777909 0.1034927828857730297551 0.1082302168471731967925 0.1223708350964416713413 0.01067992110291091263641
0.1173314352308922059454 0.157484325209932052303 0.1360452485174178383076 0.1555521001336701569784 0.121947935385638861483
0.1411569522879043414587 0.05247161884138420995249 0.1198322283981117231111 0.05850890116882109109886 0.07396460036888113931397
0.04743304851497935625826 0.1059654108421322626921 0.08604062651826929752907 0.09406364703830792650674 0.1026277420507878540556
0.113070956818380988218 NaN NaN NaN NaN
0.06289367959263629515032 0.1321512208445065617024 0.1318069541596945115636 0.1240895118003909058935 0.07766715367598261976489
0.09882511935789757562265 0.07028317124317461084271 0.06532169646628842307745 0.09837483112275809127301 0.07716798275368456916379
0.0987206035840146184368 0.08170597924986602866859 0.1162825499244125454501 0.09846866427160112789085 0.05252039882212432286845
0.1353416216126803461872 0.1609705925411372695599 0.1503219670921470962899 0.1321470416899924171794 0.1489768778908937274519
0.1094185704930486502384 0.1686100499588298329279 0.1735552426206956322385 0.137189710222988592303 0.188508005524720967383
0.1923489867148698850841 0.1681903545728828386352 0.1959894161023973124802 0.1613641488625566222659 0.1631254605526520629066
0.1042748944388432463803 0.1436410646133298441018 0.1857721291017237763565 0.1782676475167045138104 0.159526668415590516803
0.1336155593164034260933 0.141174195745071728858 0.08300652846852824007229 0.1523776724210129107639 0.1677516299108125219508
0.1927624530898811583413 0.1790585641757763968318 0.1329333573457352757341 0.1685678113112894227488 0.1539487202309991753513
0.1651470975137985797154 0.1485160852546632825888 0.1768193667293226634118 0.1436879158443321868877 0.1059693668401735788809
0.1012889860573257666543 0.1340935900808788161509 0.1330867045731311260059 0.1558262814453288402916 0.1500467013091578150075
0.1500074470452537334086 0.1782622501586000329787 0.181416674511872072495 0.1138574015066473321678 0.0593744088461285179914
0.09635541121433292832688 0.09210727212349158199434 0.100668399000358704809 NaN NaN
NaN NaN 0.07326516240657100775824 0.05117291525613989339183 0.03131689016945757297883
0.01935857409502631659715 0.01937427300150926234856 0.06975183993004495375256 0.03538573264771698034803 0.03667426317099421739787
0.0475120713849356418601 0.0621733523267645957211 0.07017973189458635852045 0.05498468097642578156226 0.07951620067940279312779
0.0362465164276458279291 0.06431514707572236200228 0.0830211558683465883357 0.04428341750354458650207 0.03719010481517975863497
0.06152395670174461150825 0.03742850912881660885301 0.1220961339357402863914 0.09789054546617771690453 0.08319027418638676174556
0.09253179718511721218999 0.09766548017996859454293 0.09254269577081071507241 0.09215136910731584751755 0.09032115364084444819603
0.1857434253848840588486 0.08710041520612107901478 0.1095148190043902930446 0.06735192201268178080475 0.09770184415380381293126
0.121286542761018273362 0.1136347142862302733723 0.1384918822198399068757 0.128012240984798825183 0.1245057733445331799027
0.1041982198147241994723 0.1307034086847242149165 0.09791061324714549207737 0.1132777004186505259709 0.1757842436622109316691
0.1262749772967843853166 0.08994327940945491539626 0.1836021905684210031584 0.1484785774493841414845 0.1645098412201602966487
0.1162514066090253733732 0.1777460686027428349298 0.1956028601595000415703 0.180611999806773615429 0.1423256743888023090339
0.1177992247910183559734 0.1146299491014869526007 0.145189439580026613541 0.09062128683222574199174 0.1457098704380256626312
0.07531099498341382869615 0.09672050892463053550774 0.1322512179764786799385 0.1724070245619572783191 0.1668803086683264269574
NaN NaN NaN NaN 0.0920285227101935304761
0.03764979131493130515285 0.05504329937852606158266 0.06454772574780462401911 0.0753958989400697193739 0.09052119305323831632837
0.09906901182625441060203 0.08147139971068083352801 0.08756911000651187992894 0.1438890327346498132499 0.06884021706162243847693
0.05291361315348518806756 0.04209319710275206960493 0.06317080259696977728723 0.05793848938261291631191 0.1127250476489481539888
0.11908660128918954757 0.1097252031271084837805 0.1104854616470428152475 0.09156226595074956620124 0.1834442957736942547697
0.1379737577294811168294 0.08810571854586490836425 0.02778407107916950474769 0.1036960715980287661697 0.1359161250353686234416
0.09240258373412080228348 0.02606683066000995904754 0.1287127665594866576804 0.08683922191442379479032 0.1334968598034686482201
0.1327107144051772880111 0.1679570771222788916344 0.1090791632982039266464 0.1162737226417181329863 0.0918295052118348470449
0.04739603884626649582534 0.1294844757003338064916 0.03098352947186834224769 0.1195488575084100446588 0.03222399933507556768486
0.08992097443799804135089 0.1940948789946264907424 0.1707262669043931868629 0.1179502495108322029926 0.1729178508577050299433
0.1426992781885862704438 0.1984518007457558297357 0.1713783491728775865148 0.1899482363617554514512 0.1570607346239517587705
0.2130343795436286102873 0.176107031517721807079 0.1656904040057841642763 0.205137087501199133488 0.1969297481501088020739
0.1575896619430467160416 0.1988038278079281018229 0.1865644829304646257206 0.1916737518230388070961 0.197226509319961051947
NaN NaN NaN NaN 0.06070813800595784709424
0.132405728524720212036 0.07379136994869785193263 0.07675667978043376749042 0.07350944128632835861126 0.1137166225612086523089
0.09382241112588149412055 0.09279425406906399720341 0.09540910867379844007008 0.05372534704211566480847 0.1112813576386268987761
0.07318788456960044486177 0.1255476558801922881692 0.1683959495814495443966 0.1296059485707208858152 0.0513759849546401026199
0.135215649863995340807 0.1219088218296543596475 0.1623198420052511803391 0.1729126725777015427532 0.1440025898988891994712
0.1874242993012234792527 0.1583517023509518895086 0.1488532961763784079334 0.1498103935061831371023 0.1707685532930649785488
0.1521331831190200212234 0.1394548858440048388907 0.1811368025206488152623 0.1841310574060308069555 0.184385986662751466536
0.1301263527287057353288 0.09883762432325882141271 0.1172556056912019556426 0.174612476183379744521 0.1699601532994289565526
0.1547575814465133037245 0.1130388404695938514566 0.1969624658585452381399 0.1946353474186943710578 0.1764125356247151221734
0.1886401744757476017789 0.140452988719055427147 0.2151300381012984097584 0.2084887123046078871713 0.1377945852192837550287
0.2085012169571802964629 NaN NaN NaN NaN
NaN NaN NaN NaN NaN
NaN NaN NaN NaN NaN
NaN
