0.3255930321320495424153 0.1083413694676497174285 0.4573641016104884604587 0.09311500793467145098425 0.163869451459371873181
0.07374974056526287236046 0.06513873852722938673221 0.09574853441190930847249 0.096963709241354001378 0.1137364419469561321874
0.08349717893041377902996 0.07472963898477039124124 0.1526011516352581975919 0.1978207313857044125083 0.06305565096798071422768
0.07101846529727419421452 0.1108598941436362977919 0.217636982737231365892 0.06086512233722887743603 0.03349727443057828879525
0.08078085938923171283044 0.05924661217857726119851 0.1177657203239189237509 0.05646771613279000928687 0.04173283003658408152337
0.05076460937930818428931 0.07538975584872430191208 0.03935637459944841404225 0.06699230549804888190657 0.03504321489045586490718
0.04221354312340334924425 0.07750438139047369223711 0.02545524282161307910721 0.08341099220776411471423 0.05365664905627420128154
0.05333907127339507919794 0.08551227007499100085663 0.02073572004658770159824 0.03697773462204076433402 0.05686947960448892475105
0.05883030674947287846921 0.07098990778744661278576 0.07824643793844017480854 0.02548972954992286335529 0.0222263205343280340065
0.03650282903464272671323 0.04578306918435894046215 0.0320156284730280099593 0.03730079979370450743437 0.03360196907493088330776
0.06658517207811472105039 0.05362503231974365819346 0.03318593683031022256724 0.07108618292220683643201 0.002802772471958235762923
0.0307752491409690499824 0.03759102936754867008151 0.06427182592163553642717 0.05435631047292047851593 0.01140045097305263967213
0.05530089750043978846783 0.03359921230458743496294 0.01762918946938381997702 0.04242139599161151575224 0.0451894764933530035389
0.02919699451639580153883 0.03847199234503233256088 0.02556795250232170649274 0.01173957712312116534459 0.03569118653655293377236
0.029649937547072516969 0.0562307469140989404921 0.0630906860664620511292 0.02874641698565367706197 0.01482622845702632682907
0.03384870699859183346137 0.05866113935662619488509 0.02686950717516148334774 0.0609442030137165996484 0.0275378425825455290521
0.02631004118081553891373 0.03668807314424022553156 0.0547495735788783854936 0.0290030939447501572015 0.05564788500302695478661
0.0277388503926705790037 0.03771732278506120805694 0.02669716460490795251204 0.06545305211976409909269 0.03597318686219078132105
0.04844464213611563568884 0.06680236217170570922619 0.02166108384162446914845 0.06748602623796044752691 0.02818515479491139064105
0.02711255732054172404299 0.04324385267919873820919 0.04271219347547082489935 0.03883832195928364761084 0.05960376328186402228315
0.02477091799543076552914 0.02665129711025379308231 0.02363181588840746610858 0.01805265580702358763077 0.03161040416293705440642
0.05915633692958819495056 0.04263623555718033808493 0.02016206483023444059888 0.04063193480056601081252 0.04904683664100788209605
0.07324822854874485367205 0.02274669934804774903969 0.03094213694441708129013 0.05278346969083463208205 0.02178200152317462390261
0.04524703482023584300009 0.01723908566464193645174 0.02593003064429978340999 0.036878526020917054562 0.03168705689308735223841
0.02398055756477039321406 0.005513371306337164386158 0.03179248360779474841253 0.03118098305548152454625 0.04894357698927818967061
0.02017701574038924597354 0.04432617485266295009882 0.05003963222443746222678 0.01443979553803706114556 0.02994040488098609689716
0.01949006229207671248016 0.04983262856736191126483 0.01815574842309722672362 0.03598011652206407895438 0.03632758172337336582958
0.0334793842895932114434 0.02654868368501187708697 0.02756037959496823036565 0.03254712094453392906557 0.03517906746374306614644
0.01416584967168178256502 0.01814935440718769624202 0.01422418504148949790211 0.03922560772730860484403 0.02043973672211723061065
0.02136922708587244215672 0.02669521019100219022535 0.02929261779170822324603 0.03317997096380233962298 0.02888775401161707695463
0.02783268146284036126392 0.01092655570951976511107 0.02945056599636732691527 0.0379179247442878661345 0.02884136029690796687586
0.02791663732615536422377 0.0284213263034974426835 0.02657889872863311922502 0.02793994215328060928827 0.02490804187361190732974
0.04575674103327964648003 0.05059652347004300193545 0.01935419926540881893628 0.03436419512191733055539 0.03291572490406086820558
0.05026103872896026808492 0.03815985752377817202818 0.02656853038793997520695 0.03613657392429109327381 0.02845556954079354189391
0.02227185225100981533219 0.0286520187073431506497 0.03687308588844922380146 0.04222327076086047903392 0.04260883724673378281089
0.02235050236858386260574 0.02672221116934219917183 0.03664346361689165693099 0.01797294755341894562095 0.01342249726062893014356
0.02148474420278461208267 0.01483607736345597671868 0.02639117218681015855641 0.04183765603496312351917 0.01491429707953689613731
0.04770701944209729261637 0.02817460102963393123177 0.02419047114227594608149 0.02065394153864565096601 0.01751414250354338050797
0.03518416804612689574583 0.0323893884116380550986 0.01514782979258142217582 0.009444173943310131547069 0.03330662091562815868562
0.006745637476632861291581 0.01224629148442173826039 0.04210581505918446071357 0.02238438324770613066517 0.0516552963528313299757
0.04511021010214526227866 0.04285487982843323717663 0.02457099711232960462248 0.02059345447187473088224 0.01536406456383336040228
0.03244954535831910680255 0.01536802037381889210477 0.01066218076311810369905 0.02008060857323354028714 0.03649043508583894868114
0.01692235813104480887659 0.02397083436493599797878 0.01862392788651385036602 0.01615579583861464704753 0.02895243059011537098413
0.02540444078064297422914 0.01930541714736414005138 0.02884641106912552016572 0.02475000829946472427623 0.02799784585842618467311
0.01439246595083061922016 0.02060077428276710712063 0.0304615840538616962363 0.03059373621520381295036 0.03292815414122439443556
0.02694200034178552416453 0.03684707999134446271272 0.02591607884581435122806 0.02723588170169387659425 0.01513913491745190811888
0.03179053655957413820898 0.01227877914173514280194 0.01439866577677203704488 0.03025725372267493509804 0.02702193530815757971375
0.01974620792131046367879 0.02861079195231056720994 0.02371091263871340573677 0.02250359133064580921535 0.01552038383934097737216
0.02641511918964871419302 0.02338687316705333890665 0.02559189161160110512205 0.03511035275176691700105 0.02160661571360896274219
0.02035105786169616112757 0.02498179010803379049288 0.02187202159603689535783 0.02500051897030795486354 0.0325891885991756724561
0.0266250732577697976633 0.02050360088078464343431 0.0252191581718046037297 0.01923636011995771138983 0.02366572698462576437861
0.02947437124141490810691 0.03950461885959391516998 0.04548721104887928912142 0.02767995267771768477805 0.01830313773488108017307
0.03042529942828403610733 0.01822118688385239090866 0.02500000618945911676216 0.0252680369358525246104 0.01760900476789798579924
0.02536304216584101337006 0.005738572688489504067255 0.02702591138494759778754 0.02980600431629666299815 0.01338803593224874646794
0.0227999064321386113452 0.04378034236787402971869 0.01810896556200661949854 0.04388783864817785707046 0.01212767423828537381725
0.02357629743584043618965 0.02750311917759894891899 0.02734272023490729938699 0.02283673832382085086556 0.02041283053311029188626
0.01713276426580850192449 0.01892988855643078921487 0.02037338134456642690928 0.01814655197504882327975 0.02063146826400021061065
0.03257471961713814118111 0.009729507874572117936962 0.01328171834336646338348 0.011221194431653145826 0.01726941392642863948303
0.01601153984457814871689 0.01174297181597978682877 0.02477353252669732552871 0.02054526023594429109953 0.02367406282340505166428
0.0108844903793911818024 0.02207439677432902064291 0.01827514975485712220293 0.02599193518303834216088 0.01565251797599586172649
0.01773228926909498071041 0.01353458230505261671028 0.03246901688328805712924 0.01144236319731796458488 0.01862926288243190592331
0.04079058738514272641762 0.04037157887287045471281 0.02261985873674745434192 0.02699780049916367455354 0.01072722742266425839663
0.02094444915329719131281 0.02049609583524288417 0.03365641323086654423946 0.0185786701254420892615 0.01435028700487931026253
0.024824660489062573554 0.01372075949248556872573 0.00967464426937439912757 0.03106246146976944511042 0.01699205726381569289685
0.02032733132120910155005 0.02965084749926254550911 0.01382320828741535716222 0.0145990197965683941167 0.0132561244557264420324
0.009455783911444354608578 0.02310655391081818665899 0.03156738738133591654078 0.01947759453130341184002 0.02069527791645065992188
0.02327637221088708213701 0.009819245675186161204095 0.01846872653556670337838 0.02351898680044367875852 0.03189055880683903942963
0.0182720201617605805533 0.01438903073133807747341 0.02442551975287756901856 0.008800970344059905539624 0.01066765998034299028907
0.0279573555812390184272 0.01753124363533221236056 0.008930466880847821517508 0.01664218272491768679799 0.0102415062573248550476
0.02441462282173931935825 0.02833634047887395590593 0.01904705101636478339899 0.03663410631455334826034 0.01498557942016987692968
0.01491529784562773894296 0.01845769834393364700054 0.0200498072707781804791 0.008231085064305553034014 0.01938900117101137465792
0.01800067390419518228994 0.02190259373538366166612 0.01636866995034698055167 0.009026089573609943558785 0.007327295791371354893862
0.02188292657881800093445 0.034147282014667650063 0.02169428255485176051942 0.01299123649140379588296 0.02133432474926103689095
0.02578172540916200475292 0.01941331256712394356945 0.01163644595749370284909 0.01835886959140705168569 0.0259566251865136488064
0.02300819497325161042123 0.03064490198404671433829 0.04450251915230965527037 0.01724940461290918464199 0.01955126623882920064434
0.03023168279049710457929 0.02381530498142610252632 0.02489897816087609586089 0.00431783726497243433573 0.02331976124115508683388
0.01031182280914859361598 0.01863504242739223715208 0.01434361583035272981468 0.02738071587879752077921 0.01771522158699606261378
0.01989142105324627832208 0.01561405062421333291012 0.03152994133112563962529 0.02922474363618953255295 0.009451826570010424255486
0.00828019301389282778858 0.0194049641235279554663 0.03282999855917834858277 0.02231317985503992670782 0.0179374422651734713452
0.0217463523828290011819 0.01156257711177673293268 0.02574279945310612577325 0.02793168152897958916858 0.01282850775854876314297
0.01598100389442995081235 0.02483225523862386471818 0.02451243522519588879938 0.01372020262879587726434 0.02699162030135714152035
0.0274452907818138712448 0.02109134410216819896511 0.01811524058106255691269 0.02795781465688938413616 0.02463542553356981926194
0.02430508914564202815889 0.02375154039659205587598 0.0127397366161543599411 0.01826245072385682122196 0.0226938973568731119923
0.0137571903232750203383 0.0243758099304552701414 0.01593175223663544776143 0.02456845628128152131397 0.02108014682408236237232
0.02783820300940439973481 0.01493257755937846785466 0.02360086627648351823017 0.04482342105149660083097 0.02082079411577655164711
0.01604491915402529375601 0.02034111926094553379762 0.02498957362183173297465 0.01453957186986052155242 0.02277259422250976078628
0.006609413290086497971831 0.03628491003227605343762 0.01787869166135892806668 0.03271368291191732030621 0.02216817027743783752314
0.02579122176309233543945 0.01213844225808563721813 0.02368493329699978416913 0.02519921335987768476472 0.01740044817488281547746
0.0170687440504489647275 0.03009610126394489035273 0.01493584901120901219096 0.0332576187750530799514 0.02445074044521315659306
0.02140759586492995900087 0.02433953669842209635577 0.01638355422138467951121 0.02390695430649397018597 0.02069799172953015395371
0.01535970473928897385429 0.02259227962266230696486 0.02600270528630398148007 0.00907356588211488679363 0.01756821182105850268074
0.01698089152358404560483 0.02743449363011634875575 0.02443176647264809486781 0.02102881476531389542961 0.02784895954651394126
0.02043263207841598816383 0.02120412604641177048426 0.01587605780874671787539 0.02261894350176966647648 0.01137491933527780621493
0.03204867971145987370907 0.03193013725623950610499 0.01869930155332307636362 0.02182300136110255570077 0.02685296471431598483437
0.01667229973246754648475 0.02557055167408770965376 0.01319884109241276429203 0.01833838556440239506151 0.01683186987636874770713
0.009482288435896607178832 0.01411899071220898416179 0.006413431270953380211597 0.008834041170660583697227 0.03151205038203399450003
0.01949965327707766510335 0.00782373789041293163371 0.02535021674268960953369 0.02427158335718252943347 0.02101688802107014308884
0.02437614779884435950441 0.007974813565390141689715 0.02453284729017407919671 0.02337367521158442706941 0.0105419487463801770516
0.01499436999417829222137 0.01971097425898780952647 0.01232351600045299144792 0.01359470091179668452264 0.01097185055446344738306
0.02505798162538027534785 0.01885902659116798010808 0.02054934112146197117132 0.02381941493303375845247 0.01862301561471106994827
0.01806823302236968548096 0.01927875670841387376053 0.01984733008737568638047 0.0172239889874031548711 0.01681206627227677108394
0.009940029582843573283113 0.02210144746800107515283 0.02479626392880845964228 0.01734258043356138798141 0.02237845302390987708985
0.0306885294325962981743 0.0360073710011248049323 0.01842422377585734016847 0.03053697115251112481626 0.02893759611969886486049
0.006716986569194606689071 0.0261944778619192103486 0.02570807596253900026428 0.01216798258926266897151 0.02341674309932317843419
0.02976658992627686725618 0.02411102067720723510225 0.01814025993288536156567 0.005125428032410494876003 0.01666030731899986391809
0.02533338424936349211891 0.02169891504638415610784 0.0246622712860956813663 0.01762869852070591755733 0.01976193361952556862282
0.01513218541527658160539 0.01979382378026399783022 0.0182219310369856925258 0.01852173405533764222186 0.02225962525459071819633
0.007936463784030291582217 0.009363402437984362156054 0.005814372686060495683258 0.01119414498663758202046 0.01357360108358789466121
0.0196361679891859722269 0.007790968265496741457232 0.0249276610930854042314 0.01123157250516045035926 0.0186649712415196990245
0.01242663944864844279004 0.02592688731198182494619 0.0265701520469767971111 0.02073239744308705279074 0.0149169960849037264855
0.01401220988434396901023 0.03734009672163803028599 0.005538173634540724185604 0.02210531152801686882725 0.02654800405938998603128
0.01833499679098436405122 0.02069587720364798877348 0.0135490541823317205139 0.01050361122367735738914 0.02172316984833660286069
0.01227932174417093943997 0.01127943761074880896222 0.02019681883387904747229 0.01314830373765461628277 0.01637474250990537602557
0.0298354735408756822912 0.01616210648362880267226 0.0205830965945061512834 0.01516876682254520575244 0.02558075550497859035337
0.0279929011278148599795 0.02230397462415911052913 0.02362488543600471321837 0.01455718170117256335394 0.0204544706946087687105
0.01051407465398078271146 0.01454461945884896398318 0.008332038335300138293116 0.02860733832928049821809 0.03021246180193785241253
0.02256048592505066965885 0.01000286426813592685625 0.01788315542752379541658 0.01082857499334167160343 0.01700139368355686048107
0.01331973225013844720765 0.01751419373795378223169 0.01914971804809671371284 0.01903856733050317620592 0.02290518359503162376667
0.01909659175806352471305 0.01443210263996241686513 0.01731166986644978519894 0.0245107172723496753719 0.01250331403587178792647
0.01464936568214317801073 0.008462591237577964456418 0.02381719352069911962988 0.01884454220356688095017 0.008681340689459218079582
0.006526722367268917961158 0.03417113124386951528155 0.0269421163336987477821 0.01182513395492969764111 0.01710023970614646393607
0.01330020259373804886183 0.01581646070994926697728 0.01091200349404129743558 0.0156091180437722062968 0.02076076937543781808504
0.02072253339840849847842 0.03091223671358387173336 0.009176799503722998449518 0.007735581156988129147845 0.004904271349058187713654
0.02442919493168800235128 0.008755316062453924810804 0.01344266329032106285779 0.0145554113604902200102 0.01318928500466050660056
0.01726662819224877160051 0.0295312317789941970736 0.02064980823133576864903 0.01666477979533634301568 0.03084805255838566490079
0.01467122147631839436388 0.02434805835269118062802 0.01001018008256580882342 0.01128297707111344284903 0.01460614361473305464201
0.01430778258583207535048 0.03172206776040178283216 0.01936422712767996157091 0.0145312939997253726121 0.01424854078080315528121
0.0208209243986866888998 0.02914485700673559442908 0.02545309699598624283978 0.01901719963002352145609 0.01561532905014687000467
0.006408870083037739549814 0.030134370345386293083 0.02424895513647932696055 0.01814689440037988224508 0.008586304270025171825331
0.01155580848962861270635 0.01830717082991314623164 0.01891709782995474806166 0.01764823785292076938069 0.01322999255563188196472
0.01887564508871816121305 0.01714928391276180144609 0.01536466531700690467399 0.01165468752163294381685 0.01146054797935199161263
0.01254749999785988688605 0.007613999377079786433364 0.02182130074133319108665 0.02183886224661288344429 0.01396951621408914004374
0.009742421871644419209546 0.01800574090132357404914 0.008436304026381470297369 0.01895310201212924844372 0.01316199231025851935917
0.014491543282625425626 0.01780637163162353958645 0.0244146976722531897086 0.01787050047321725801397 0.01996965925770058034039
0.0163991890257392455843 0.01089664662412022540228 0.02473342214725176430035 0.02882182923460362491963 0.03313255949100931546658
0.006816467544232048848818 0.009161953991384592932423 0.01944886251167202845247 0.01205910477944550397711 0.01965154341853883601665
0.02084710236045356213097 0.006264763846799064478388 0.01934257156612686004427 0.02419152191280753497193 0.01123618508249863041926
0.02964074363086117297472 0.02197327758962299218415 0.0195107862364385653553 0.00956577829261425621743 0.02472451881842012769153
0.01524509410330926462152 0.0273010254893483704508 0.01760916674724926495044 0.0171569473605630261337 0.007580846393100728643211
0.01436039797376795559836 0.01625334504938864138568 0.02054954150213637864564 0.02228281295990363827797 0.02509640266962508484139
0.01966171666089353703422 0.01951610793822974518341 0.007275685371086163151511 0.02437345886217582441313 0.02121355274144307023754
0.02076356524536898673361 0.01737576728167004869174 0.01732803364580498203806 0.004311906468781491821862 0.01070846405243220701708
0.02130878892252312598043 0.01810602477119016215368 0.01443591007375065980722 0.02380240629871717764066 0.03612234303037891586241
0.02941819945815767056718 0.01378471969262766785858 0.02063230377484709041069 0.0205457058698405893582 0.01451580366208611583279
0.02046952153503224861031 0.02272111217773854774382 0.01320762738810949722679 0.01618406236164002601208 0.01780558946503411898998
0.02376001760031113199667
