0.08390227022307773785403 0.09950009453691771588169 0.1030762617723177954066 0.1118634990523860589517 0.1210111157196075981624
0.1237234466036813557155 0.1297056176385509573823 0.1360056870703594544825 0.1408424455015952481141 0.1465692772570024726697
0.1538558621182441743525 0.1598099623877317632115 0.1597782714350647614854 0.1693816252246682363403 0.1751363956477833550007
0.1789153024898940680387 0.1792193198195673464745 0.1850868113460108210777 0.1932311825479715861054 0.1935221685680321990208
0.1991853978459446616878 0.2024277003745446890104 0.2017407477893702616445 0.2092709350709851534589 0.2090824595116307083043
0.2143496029638957967034 0.2179192181134208539106 0.2210277913222439272189 0.227014114894870916439 0.2259627850631834300454
0.2294867305286831249411 0.2283259176105602861195 0.2336368562510891255801 0.2334568413542877085565 0.2388633464718783183667
0.2428888957240701584883 0.2414427002202257921404 0.2392472278335575353037 0.2482926260175463417657 0.2481267274733709449208
0.2526135399767052147624 0.2514625575383376276939 0.2539813176585991039147 0.2563959844078183558658 0.2562910350431012451722
0.2581112800573674981308 0.2622290872053054111568 0.2585465429605706688676 0.2651867776795568953929 0.2631976664583516312135
0.2647635459019761494659 0.2652819897787542235967 0.2808174702909011499763 0.2813561283616115016315 0.2838875159608640896813
0.2863274599283818222517 0.2840539005280773854345 0.2875482967750898621873 0.2883874348250735630828 0.2876587145787106170047
0.289213803408254588323 0.2894674791213604492235 0.2898387652279776904862 0.2908861671387590885907 0.2907129959892474357908
0.288925552519711803523 0.2926675388998819515862 0.2927165017098486976543 0.2944125035562217829188 0.2933747616420309678453
0.293855847741455122879 0.2991997327037400622451 0.295935758651403479913 0.2978529780091440648526 0.2976210511092934329902
0.2992327118428012577844 0.2977291026949001051527 0.2991479928912756935944 0.2994583898869970783885 0.3001374442998243075031
0.303159618896894078599 0.3007430055260494894398 0.3009514988086059439354 0.3035086206417663690083 0.3028603765667770009173
0.303220282395156859323 0.3041906473304983871131 0.3052395161325517358719 0.302531086650343561395 0.3055014957753544035945
0.3053099813900081449525 0.3060899124722271658072 0.3059876823406093571123 0.3052613290872113194219 0.3100800893668532176584
0.3066527437620730767165 0.3075974383278903268035 0.310983603016495524507 0.308805396857582792336 0.3077925391028160095885
0.310190685201722715636 0.3091826911609192873875 0.3100741887257997819738 0.3103267478350102415163 0.3150357932456350762429
0.3114328769142211128518 0.3115963878237800188664 0.3142222919508205203343 0.3177706405948101942016 0.3150951547334874813799
0.3170593263301851316704 0.3172481056907148766477 0.3179657538691461615699 0.3181555021665138371922 0.3181019805608633621574
0.318907021429809867108 0.3192108678764835061337 0.3181745668137057614366 0.3177109221920065840195 0.31963240529303221793
0.3195463306606555753397 0.3196121389411043511863 0.3195374407076286282781 0.3219499709325524539061 0.3169581080325249988761
0.3201123441821982495981 0.3194870796849019201069 0.3220223546988527640877 0.3231810708839200074749 0.3214583638201762294528
0.3237249065040714857133 0.3224789348396160937327 0.3201491520125434586674 0.3226039561308950975871 0.3219337623221227295822
0.3205602766053805008362 0.3230393741331376578074 0.3240921630340412584736 0.3232129400523580664562 0.3235025740437502683733
0.3244760858928256164191 0.3259197849188320006419 0.3242601222878644384728 0.3241315007811902404455 0.3243721732602040663807
0.3270387592180786784368 0.3243002431137110841419 0.3257799681205707509335 0.3247677602316877965016 0.3263519968839166396357
0.3275613139026494757822 0.327228097403463091819 0.325687661896727931321 0.3281475361525310607824 0.3282545588163426342199
0.3277277960774169773828 0.3268830080279464533888 0.3271597228708418292342 0.328984611419996186843 0.3272947125358731668143
0.3275077220786137277564 0.3295836921863935509158 0.3304123651065625777434 0.3292616790123932823953 0.3315158796257043904987
0.3309298551345478123231 0.3335816233194870417123 0.3321110215874445992235 0.3326284262687061454855 0.329679317004842264982
0.3325303068201451717201 0.3332398901902280941023 0.3324168533179244211517 0.3320228010454636669024 0.3321922680866425392487
0.3329979444293107437858 0.3315990842595057941367 0.3335915573688659208074 0.3346958931339971132779 0.3338793084411992295735
0.334385433128367048905 0.3352795183359495445607 0.3336056109206654296528 0.3351507572854825478537 0.3331203822548244875001
0.3361785298901871499311 0.3344690704652812374142 0.335959401510058375262 0.3347889958498662110742 0.3352359602791781245656
0.3356233631869844358242 0.3356255646866805886219 0.3365394631105898537449 0.3358988583190202215079 0.3362490888645702780124
0.3351124003619477820237 0.3359894307761941423252 0.337734896134068429685 0.3367085031262500027793 0.3373815488264701456522
0.3378158137195287902266 0.3369054159253744851199 0.3378481085711277920325 0.3365687312626736704679 0.337489910316321584105
0.3385513358108203085806 0.3377223525823335181784 0.3397861692765507535263 0.3384028867972787568696 0.3387417613244459446697
0.3376367914101170986108 0.3385967479477861585835 0.3372816099312779813957 0.3386735447495886064395 0.340159925269377994006
0.3386409099187366322781 0.3397108671615838848545 0.3380075032102213272722 0.3397247792332431237661 0.3403697492442290806203
0.3403916127701050453602 0.3407458152157821218431 0.3425211883036417548354 0.3391109141707262519816 0.3404929319991266134515
0.3412355911195539825975 0.3413373050738630065659 0.3404622637896513315248 0.3415712753273098534201 0.3415573030847476876382
0.3415256527337920955389 0.342023742258285023965 0.342016754965337121952 0.3429428045944020175817 0.3403367858101798426596
0.3433368864522031715936 0.342773773218831401266 0.3427066754986518026804 0.344474288675783335556 0.3417673275986896630485
0.3432838636193275005937 0.3440036700644267808613 0.3422529266153157556651 0.3432979245532982170985 0.3431512696404169782127
0.3444650060959620341272 0.343807027076710569613 0.3433684932255769428622 0.3431027600043569103505 0.3425800601046294358021
0.3428781634984638948538 0.3431053455818981468006 0.3443555692430283476924 0.3450826272776537639864 0.3440055620490637400266
0.3437022833137335364739 0.344000990760119584877 0.3448982131595372258026 0.34452225933182373252 0.3440904670498336481721
0.3460516987569263736013 0.3460807310399697245273 0.3471156896216622822493 0.3470974894610431848996 0.3456840308002999129222
0.3463549275109141234452 0.3463841953115903149474 0.3441090744097166087556 0.3457317466419709828251 0.3448130028876051911269
0.3473342171122075217049 0.3456386368077432047485 0.3460522358564547262816 0.3442103682160174149551 0.3458121524291515869187
0.3452337126323313243326 0.3464096054577882610737 0.3460606921679334480046 0.3454591868515662911321 0.3483544870000600535143
0.3461982873313973474438 0.3466796238119866924166 0.3467514329393506233856 0.348048691809934862551 0.3474846305859801143257
0.3471430700056912788121 0.3470584726983493295549 0.3487098118610195696121 0.3478212755599492944647 0.3472823163070484220327
0.3480459206741047806233 0.3481002342244871594623 0.3474110202048787954254 0.3468863608978305923536 0.3482954988533389362182
0.3487176126296408495975 0.3464578835076866925036 0.3460996557379905635976 0.3492025104347914465919 0.3471996763436980826256
0.3492295040637949377071 0.3485781168919542816198 0.3483037837838952599512 0.3502425683842633197251 0.3486235375899831567814
0.3491491065436614360529 0.3477605278431633584191 0.3491299025784984078058 0.3493883389975915854109 0.3486378293792944949026
0.3479900249310741155995 0.3499750755252811762475 0.3488161294963017522441 0.3500139198869158252414 0.3497856365085010854621
0.3485165383521387494348 0.3487958686593545798438 0.349826310479890600913 0.3495782567868256918153 0.3509751765389092503789
0.3481749792706091972683 0.3508180198939113703105 0.3492223793401620368648 0.3487794887611307959041 0.3509751776397448952416
0.348903417674246485447 0.3479354121918841191707 0.3497374772106450757647 0.3498117889463179253084 0.3506692986856566607301
0.3487661172259083341984 0.3496855345792082014889 0.3505449407761638269676 0.351182042326106280683 0.3492997564734166560108
0.3489332167438646270519 0.3488478398232388588696 0.3498915488449814148453 0.3511696136748019836382 0.3508115617389942486604
0.3494303783130553453518 0.3504723549900984891359 0.3507096652540834802458 0.3502796788762322921507 0.3488674160392525314123
0.3500186416528373034573 0.3506795412953604973438 0.3504330537117338328912 0.3499899842922625237129 0.3505791897090969611028
0.3516669134146295783161 0.3512690507270485595903 0.350419361382142913186 0.3513017454257401084305 0.3506057352334588927967
0.3494623066489165319481 0.350093815731902069377 0.3502244243493908282261 0.3504008918255335780501 0.3511926110566268022239
0.3510006578449645919804 0.3516241623865616339195 0.3514114225523030654585 0.3527513967092077429299 0.3507720839070573304319
0.3508742514232042752909 0.3510113563077648657362 0.3518685029931437613371 0.3518870229702139029726 0.3514699443644594412106
0.3508167056937229189018 0.3507032810882055873236 0.3514668190782880285994 0.3508516724588933710649 0.3518316041843010388845
0.3518275933058185866997 0.3510098380752476598943 0.3510897416058809672457 0.352497936717302673415 0.3506360881794337580608
0.3508285503468723809384 0.3501079826260077854094 0.3520849284639681053832 0.3504844761039425105054 0.3510611617179890675544
0.3510691531461191949859 0.3508981325770729742253 0.3517464358322906492482 0.3513940550913324800675 0.3511156647694761434586
0.3511095392155531014211 0.352517979925992486212 0.3514978068415706702332 0.3516750117046337775761 0.3517987164570339220226
0.3522485863114666049256 0.3520998349336803001641 0.3506345414962076523224 0.3525858328646884753965 0.3495922390372819266169
0.3519422227472848163643 0.3523703825478322615439 0.3528545446315209943577 0.3533182412835819130592 0.3512487210882666577305
0.3504051548636296087302 0.3512475220455428259747 0.3524960201389447100873 0.3531689650142671443867 0.3515953669880966248051
0.3514893165490802773299 0.3518665488068779545472 0.3527774303463564464778 0.3519854337658595566651 0.3518247404740721395733
0.3520919673756029433243 0.3497693745418096189503 0.3517300701207612956267 0.3527499420861441858932 0.3517408313723715540533
0.3515887070542137449181 0.3520765476339730026822 0.3527381440658398648047 0.3519039735316626393846 0.3512309317877864711654
0.3514485771067433761417 0.3524613679294555379506 0.3510099229992277858337 0.3518389603715239566384 0.3521470371457424142214
0.3505127168297125228591 0.350706667320195508708 0.351999883398979196425 0.3539872080023364064871 0.3529615368742337611074
0.3524531678748992202799 0.3519841710122395550542 0.3517829294507767157185 0.3513877368972855852469 0.3508226298465349501932
0.3518779377307846290002 0.352248051469560397031 0.3513742283345897554625 0.3513123538012539182063 0.3499708797837250973117
0.3507376892136778723241 0.3508861587284423100286 0.350209638654091215404 0.35266393394634937275 0.3525263632356354648323
0.3517160367027645784255 0.3528755156324090425102 0.3513429031263616830749 0.3514087473462243482736 0.3520827597677543829846
0.3517272129983882167359 0.3512977267865802777358 0.3513786766049533105694 0.3526759606945359393215 0.3525205156541498796585
0.352008636991176071529 0.3518845691332906922 0.3520211956382013340772 0.3514242430842913766931 0.351493230050315963453
0.3499682872272374400957 0.3524839429190876338716 0.3515086438433023818817 0.3516078139992671047764 0.3512992867640126748441
0.3510509478906124747333 0.3508586466567691353191 0.3502972512477498523431 0.3504171506388256696063 0.3500666839538911778718
0.3513414901794870148777 0.3511758930039152182268 0.3512049272711725844687 0.3513057654271212748576 0.3514167171668024503006
0.3510871597969801305439 0.3516443884340492154195 0.351528764625760881124 0.3502085886486224208802 0.3505509097112304850441
0.351467917756150438624 0.3531425566739618826517 0.3522902797359730997506 0.3514591977781951204207 0.3509832309682971440701
0.3515420693246998351533 0.3505581294259725866347 0.3508792308428348993843 0.350791545090679723895 0.3517702955672033504619
0.3504600082726347376472 0.3508276507899008578306 0.351614349092432110222 0.3495888544498167993524 0.3509117051688760979822
0.3503523314954519740638 0.3495294224426638285408 0.3505672849023724890749 0.3501534536334959812898 0.3497931349208173168464
0.3510378238856592392203 0.3503954444048918426269 0.350805654527533372633 0.3485310831213123128336 0.3506210339005566001269
0.3499244393518741169657 0.3512740350146840717649 0.3500833213248080166835 0.3481157124757443543928 0.3500374305264241092672
0.3503937092884422122019 0.3496579798374451764076 0.3493115757006021726561 0.350794071703545262686 0.3494688806872023323358
0.3501663064347987353031 0.3483993854616568297544 0.3499220541507003789938 0.3501429210517525425495 0.3479675461400067448814
0.3488635846938031304099 0.3500272252609496481668 0.3506520034535654528618 0.3507454714207627888278 0.3489216249368288225163
0.3508668437316053156927 0.3492183007759520063651 0.349263698065785777036 0.3494516240669590101398 0.3484754205739077348447
0.3494209691797108274791 0.349789876418485745635 0.3498338406147399881618 0.3500862687777501203179 0.3506270171742071894982
0.3486488605411761643182 0.3491079404584456202798 0.3513145354798650199513 0.3486909546925911485005 0.3472072128186384776249
0.3493520958288523492463 0.3494890356914155393753 0.3487590507987446408755 0.3504550379737342846731 0.3500811149107799780111
0.3493461817124342561058 0.3483769213875848591577 0.3482286569293877587228 0.349240520265397536015 0.3492627650825126384149
0.3485092636258473874911 0.3483709130217911287275 0.3493485042074172541859 0.3483112157157758348447 0.3493625683546057736351
0.3492738304954752237563 0.3486414361622843238742 0.3483579760489033949611 0.3483197686929929148825 0.3491499472031940887184
0.3481998914707866155105 0.3478490271422509105825 0.3477985905982770575839 0.3485818739333432780825 0.3486313457667477022639
0.3486980845859005140319 0.3477928376582530289873 0.3496049299589544800959 0.3482749985368417400267 0.3484633649070870697884
0.3490153659645938710732 0.3483103383793770269072 0.3490483136346174131148 0.3484995329804804198304 0.3480938141681123032534
0.3474250962351294602648 0.3481864457345664187748 0.3479755795316544220164 0.347222975291853752644 0.3472262485329263848044
0.3470451281005206833896 0.3484373426870367995711 0.3485093675160730319895 0.3476925405056115470082 0.3474964602420357318024
0.3471549943788220238261 0.3476898928254036347241 0.3475891855657379792 0.3485917666339007348064 0.3474981028002794292142
0.3481919508568724341835 0.3476107385347407263687 0.3478647768682061602874 0.3463554398631754072113 0.3474264819188108699421
0.3472976341696771829248 0.3466424797449919603665 0.3476385700062687433842 0.3460259970529951933926 0.3464255980852665173231
0.3473390211815030603759 0.346268165457717436162 0.3471959102028380761418 0.3465865894249273715388 0.3463211871243362383055
0.346890482404430489094 0.3463677685962323615776 0.3470287933878185016034 0.3462855300362331911757 0.3456689009911988463841
0.3456560202864251696298 0.3456302502223422834504 0.3467790090693425586466 0.3465721842228512428186 0.3459863627417120723884
0.3458194443472959456187 0.3472209271578095002297 0.3468443029511439901214 0.3460375747644550692428 0.3450768346615105119923
0.3462510812817495842175 0.3467896077527334863788 0.346172583218745222311 0.3455704802017687815585 0.3470070713309708065886
0.345761637620093820189 0.3456358311785950321315 0.3452464450290300135293 0.3451754112588708012233 0.3461490888245530861411
0.3453793602636533455197 0.3459954912548043326481 0.3443384200554525098603 0.3464440548062978630917 0.3447886676608315492665
0.3453367738118527929814 0.3452116476904938946468 0.3454596690650884038831 0.3456534076059894489141 0.3445419708477618359055
0.3447134236960032183106 0.3455393828102152342652 0.3436265411889811716151 0.3452000103005385400756 0.3443230466930637390099
0.3453532579511687239382 0.3432559659070083535326
