NaN NaN NaN NaN NaN
NaN NaN NaN NaN 2.536457874528353251264
2.366029136568382540418 1.986172424198876518275 2.049141480245510571478 2.078322805416650265187 1.942630781586547339401
2.055744471160069863913 1.976152366297633022896 2.119066114822523605454 2.141041479983332163073 2.103513292644656029751
2.10740158346833750258 2.070843303417962300017 2.565181434359174339477 1.980327613223425986533 2.116856539037615725363
2.529726370342198826791 2.502366375197489833937 2.255379325918648980576 2.215084423481989972515 2.453952534747297686835
2.066975233375548892667 2.545066724677594649506 2.121523726445109669925 1.882698966051951972034 2.163729989788128360573
2.238347142324845329142 2.129841536913347876947 2.061514499274201828172 2.1325680088986156413 2.231747095931704283345
2.203400064799095225965 2.075209744678499834691 2.201800428543956300587 2.26281193162396387919 2.261933766425930691923
2.173559199416306597641 1.895954953420953881249 1.953929318504343592977 1.865273325295541795299 1.858837356186660683122
2.368087076589358463963 2.235436552910800678262 1.915818788174527664836 2.762379629924152535381 2.383385613049927354012
2.000152815037733233794 2.673229342212604109363 2.386836313742573878471 2.29625984392842319437 2.353497913082339465518
2.149408494050092155447 2.445784670075113798049 2.235138700150747226303 2.183105957829569288009 2.366219676696629914403
2.079802761956468959426 NaN NaN NaN NaN
NaN NaN NaN NaN NaN
NaN 2.654949579337647413979 2.568853405054320582224 2.233774053447673324513 2.258101405656496307728
2.4851923962285713543 2.417595367400661388047 2.333636829418835656469 2.249325314481992688087 2.484617846978931510193
2.503620660637063899401 2.410084252253669845345 2.495485022931512197886 2.430315460220058287888 2.362521119330480257048
2.413578367579331196424 2.453529868845911732222 2.512860874015179213359 2.480546681728615254769 2.457039449024752908457
2.538695033195302652729 2.598712315031733055548 2.728871045402947892455 2.761262632815272066722 2.853784744008889706635
2.896163987125541350309 2.948206448919468147807 2.950793128574558554789 2.89460195714679757728 2.946004739870410116254
2.918225705492149213427 3.099917855663210541906 2.848680908292034352769 2.811998696594550040118 2.705952288305696118442
2.762479973692679280362 2.617511390311340502279 2.788660852394369005225 2.878269912746416192562 2.90542035276388732612
2.990392733260575752752 2.970326843760916712966 2.926614865872084525478 2.894411942954607575018 3.297100929771424215886
3.289490525298027101542 3.275858124567400331273 3.158440474470050496336 3.214990273908743922959 3.192963710404039368029
3.188363198243541862809 3.116963275906005303995 3.123375112189951785524 3.106041893371039641636 3.051055963785966440582
2.986017352717199369039 NaN NaN NaN NaN
NaN NaN NaN NaN NaN
NaN 2.224439082142842138978 1.956725634274720793115 2.080180569434340487334 2.132351346588255758263
1.87063979232404897779 2.136939277136238324317 1.905572704454954191533 1.924649895282882550163 2.23417008630335089947
2.399519745555815042337 2.052187122509693040229 1.977877552690496365528 2.247176417983010487944 1.998879932444837415062
1.952357231593486064369 2.330252734666433234167 2.100230637892377849596 2.547266893483351779537 2.144879077628897512398
2.190211031726215118454 2.190126056947808486086 1.781146228399151043575 2.032926704156048813843 2.324184901616816123493
2.171302417967289954959 2.111527519034555933075 2.264475397704664327847 2.262569665618386682837 2.280614300739631783443
2.477461963261653465906 2.321748614504114627266 2.330699707868343129036 2.219122013980180607717 2.479107026209823150253
2.276543265936808335681 2.11765812513393525407 2.11741446302503621979 2.305522965453649320011 2.18787024644787564398
1.994752328564801446831 2.260968269415626341612 2.27946995134821239759 2.396786232126571380974 2.324829541429794144136
2.597527368726468388616 2.199726051736395682212 2.169557691061891446793 2.458847071771807168972 2.176855544245165141604
2.113207067480864065345 2.297806159466395214963 2.309731594292249390321 2.343880785026921653724 2.299948569910386098059
2.049548657885896574271 2.338600493372598343456 2.417418205527611441141 NaN NaN
NaN NaN NaN NaN NaN
NaN NaN NaN 1.932056338179951815448 1.79724572257663806063
2.58208470800601519457 2.093811098389481095694 1.943612369463401545744 2.372227364996271514741 2.004089949792092095748
2.008966928100133664259 2.355885227745849963554 2.451100617074869258971 2.606619371717299848967 2.296630430769502684285
2.43936264670716607128 2.345672973745991374273 2.447499587840304524633 2.744658324394857906725 2.910361197751037742876
2.196120817143242920366 2.611819987901815132147 2.688822114906960436542 2.22908475855323784387 2.607426882025092318429
2.576387656726692121367 2.045610159217657209041 2.457452836972798149162 2.21538419452425561218 2.370065943756295645528
2.262272413239426960274 2.383300054282392554938 2.470082435717442237433 2.490242713929880835622 2.519986806850504468258
2.570021859655909679532 2.386079992158194773566 2.228800094828652156309 2.660899555629961277248 2.179525298792229115463
2.412544016046666683906 2.087666548994484561064 2.403452482664460987394 2.049180943449415259749 2.418959049911836967084
2.482280334202295879464 1.855578369455065601556 2.278875571634190411174 2.326330902434053271577 2.097086271131579859883
2.312696762539473205322 2.619602207481052769111 2.541236383445450552898 2.302721405001181498307 2.464092367057157506594
2.441311187807185145715 2.315434856844532429676 NaN NaN NaN
NaN NaN NaN NaN NaN
NaN NaN 1.844393503888066110363 1.553148874409623347859 1.54037567133455000068
1.892489346583974940685 1.552167196955924532986 1.572982059855345227106 1.571392337594810673096 1.551368681477786948264
1.629249323613485067597 1.735089948224030731438 1.713040320455646137177 1.866807005216231774014 2.227753616655483881459
2.334032664281571189946 2.375967734417933296953 2.21731834902824553879 2.090012639515739678586 1.879269091446601924744
2.24904901981154914381 2.124263625207294392538 2.400577380987801046075 2.246267734503367030641 2.135406623355988742219
1.990408176801626627395 1.787703214454704037095 2.226742953568781935303 2.350926047847702538007 1.709486316042830411632
2.134278788272380822377 2.135171457128186567331 2.509166099492328605436 1.970011369132203427057 2.087492625733695650325
2.220272747661284462595 2.255558159434624787565 2.365635765678129942557 2.303751573533956431561 2.512116631268434652213
2.193887092365164548369 2.319976537069113220468 2.249995217144507009266 2.389716013611645539783 2.391147650167309013369
2.190327025093788737564 2.286657214336843324531 2.063943589119799693066 1.958741780286744393891 1.818452231817810016423
1.997569611181576165748 1.975718218881798771136 2.041025895314709348582 2.335698773296288166534 2.375598623158578170944
2.059550928833818961294 2.507356690695023093696 2.407157597686269578929 2.249046980815620599969 NaN
NaN NaN NaN NaN NaN
NaN NaN NaN NaN 2.257346820534813502945
1.918202325632510696352 1.872586514169463534074 2.178924776482700220726 1.954375386901014532981 1.918753391690019016735
2.464552278968283882676 2.330509645924527806216 2.213488041856734866997 1.961273531247720525172 2.569834728872404383537
2.266214000907834424936 2.302307231770678974669 2.455657850020366517185 2.379226712502568119589 2.263534492847520951386
2.419648958055456322569 2.307116746106460780652 2.253613116262683124802 2.124595594031203127372 2.442899224026077398264
2.238520582115238521936 1.765685179700457796415 2.327096845571213101778 2.343493785687346786517 1.980142818436662066617
2.230839570503457824913 2.11430947165602001192 2.273303741099442998319 2.247527037248265635583 2.458265522124077229194
2.099449625744751912748 2.57545253095151638334 2.577257525866444076712 2.40654118080435353022 2.357874336460267006288
2.285905043242253409375 2.105130551436576347157 1.816302226681444365042 2.174856144934152357706 2.333471772087335693868
1.819126859689811359644 2.191219896327373461986 2.409191676959083761034 2.373849054690222448727 2.403706986772092157878
2.369812190028021792187 2.355295378772737091566 2.451034917983987426737 2.344636946872522109686 2.151694333818859217189
2.205054815809230905899 2.442667177875924799935 2.473983750253893276749 2.255833148455498982088 2.063273931924406223715
2.04217414341620795426 NaN NaN NaN NaN
NaN NaN NaN NaN NaN
NaN 2.286496405335928017166 2.021524449346648655279 2.026391813485104442805 1.992340339444445218575
2.185358427659528146592 2.258082836166475981798 2.091134035933350343583 2.43663627859046227897 2.195006797230097284057
2.031608456806074602952 2.182738264952434281696 1.993734571842365577155 2.078499897499763271469 2.19442359671329434434
2.511250338416828320476 1.982063104649315343764 2.027497469462060220025 2.450946560869752488543 2.594006469258416380796
2.214367050034307116135 2.293471214840640648447 2.264225259128039180467 2.156583410964147962119 1.987940021611909857668
2.242728194969570321149 2.043774636383791420968 2.485262894038058334445 2.122988176467166532291 1.84134604210949026637
2.341906253462785247876 1.789776987641401806428 2.254814762805827488279 1.907863527353881316628 1.956763439095588141825
2.060577246960393793529 2.271273814893731035625 2.192968475955452856141 2.303682346088866683687 2.307454837008849235502
2.308396463397651476868 2.463005724415739283728 2.350320468746963431528 2.353365810409674629966 2.188026144751884949358
2.370981111637885163645 2.236881182735409812068 2.417254125113438956163 2.276007018306002827046 2.453472774933112443563
2.295800721408361333431 2.137238823630321693514 2.050602110836668323657 2.233347481102570863953 2.311327217166649017344
2.347151950139884757363 2.111176013561804953866 2.361689080617686453678 NaN NaN
NaN NaN NaN NaN NaN
NaN NaN NaN 2.400855855828637253069 2.06672909655563197262
2.230576547985816837638 2.025664132364094260907 1.922185760240761265294 2.06692694141465604929 2.145891603022165305958
2.250964776304550607477 2.562681524915634057038 2.391720273985432410058 2.333132620063214091033 2.048925076606276096669
1.986293270691159129626 1.806074651352087112599 1.940035978526154725188 2.044444500891100080509 1.933046703780430863873
2.359248431964021452956 1.935670609151166177142 2.431581280423647406508 2.378709579155293685204 2.450123138981529891112
2.54163766063789386962 2.559086086035191165422 2.064841473322648113253 2.65957159055260072833 2.454526947305888384676
2.165059759746362555433 2.056601745899542699192 1.958099362393554532247 2.346511299189012689226 2.189213123434179841809
1.983201204626002356335 2.058977473854902484618 2.380685627691317751697 2.478211190273856168176 2.227313577014922607589
2.439754257053082131534 2.406371842075304190445 2.297387750405442741197 2.396195568186172408787 2.212336910343349671848
2.287073754685883475446 2.357030770186302692792 2.44985017216324374445 2.684001577003345850869 2.595704577296662485253
2.763156503599516256031 2.274257967898522636574 2.457347495156288363916 2.533412674943710918285 2.382082361100454903635
1.89484326617514953206 NaN NaN NaN NaN
NaN NaN NaN NaN NaN
NaN 2.56110072937694654982 2.228092469900738059607 1.994741873968394196837 2.010582517618420883565
2.20351220563313754397 1.80207389551088059676 1.691260243894214809757 2.254312836512553097634 2.370100582225443730522
2.479109708320638816303 2.4926850454316098471 2.113541522244960724208 2.357351359143930125128 2.169327821228055785951
2.040514994144313920543 2.233662757438422463707 1.902655565523965641717 2.355336362887958667756 2.329492205971045226676
2.261851170229870700012 2.06564229332272697448 2.153572651268385929058 2.208836275132547211086 2.405909806368491832274
2.255620899028729642311 2.399643419718899384208 2.571962594389631373559 2.515411903397686277373 2.313603645997181601501
2.113133784450005325795 2.357820465081703176224 2.09042786643464584273 2.280175572499190561615 2.438501874841912719916
2.163766334136745683736 2.023515648528863675182 2.351331771446064422548 2.1215077469921537201 2.222553924139663017456
2.143750583549096422331 2.046429721090379239001 2.336030010069583440213 2.451680605231927767562 2.36161332334413964773
2.129312612385344305466 2.365849284129554419565 1.95789419987616164498 1.851769024848198386124 2.3938236683892459844
2.211206261115997495637 2.065201724542055305989 2.465454932925532638421 2.342202899432977325489 2.708542867666603459753
2.757950558915021499473 2.319322591492648744094 2.635279475225802414684 NaN NaN
NaN NaN NaN NaN NaN
NaN NaN NaN 1.860317715885979605872 1.914203410781333714041
1.914801488953175923058 1.882032859884247733007 1.753444117627927845149 2.091997315917628164073 1.860338048881159167536
1.773027599353550698424 1.685171369633211790884 1.831908714811079752494 1.758397647587617074194 2.484401678151019421392
2.328514365718899803426 2.425761983422477729988 2.593509521899396208511 2.237814153392875926585 2.106795348062521888721
2.192920874040915624192 1.920019969770497603179 2.695492897513008578869 2.383389328877695056974 1.918277693336859268669
2.014233918671000989065 2.236921692847325449094 1.893647421958875254333 2.139832766547927977996 2.499108354503248641265
2.41264268736294917872 2.527885689117097101075 2.698123947851473580783 2.673341243476652806521 2.082023601455611050426
2.084683879839505760145 2.060064424849961994823 2.409233920723784727613 2.0645514943558596066 2.082407660015095807182
2.372503502841204703344 2.457818965824419166211 2.318368471118648965756 2.070305979159204223805 2.259297651831156272806
2.347509121821158117882 2.38206577059832902421 2.450025252248324125759 2.708946421001909410364 2.321668441362744417233
2.199269096156230229866 1.946020913547473973892 2.140816458697322843818 2.001312815753393703488 2.064138735293441939689
2.47995607679538965229 2.016839314873290156527 2.391664490181838687022 2.484754292944652220854 2.397087702065674452712
NaN NaN NaN NaN NaN
NaN NaN NaN NaN NaN
1.988264167249525593562 1.960198658612503974652 2.148829962052467124067 2.391229370003989718185 2.091668367437473197157
2.215974042311971370367 2.380702463675781643815 2.056401920142342465425 2.086210907194340435922 2.183984189344839510483
2.011148442772944466839 2.035937053511152061702 2.461107223431097335009 2.006449155295888076012 1.864071949942994743665
1.963702218979044289426 2.219947896580918289544 2.455603783829845898623 2.161038513804294680654 2.347325188179195443183
2.312648299597082957035 2.192810879198432427728 2.190862909434478034143 2.152405213363595137821 2.600084392199777383325
2.42603084346621811207 2.259410465666134903984 2.393541795485366829865 2.725511505256781319417 2.655975680756476275945
2.50532647045113732176 2.308806790047818413569 2.71819417812260422096 2.290529617260027350767 2.243634310728661596102
2.128141411477809885611 2.274731652463926945273 2.804715474234328986824 2.300780866877576436025 2.521577133551494043218
2.491877622846868423068 2.244799836940687853826 2.64941892638596998566 2.487957581672578744048 2.42566620824963941061
2.507012998004847226241 2.18887645130510932745 2.136949293332431665249 2.253240030615546896087 2.380514431794151342103
2.366865273026923066624 2.443025110532405008712 2.188667747049657386071 2.512247269780728320399 2.349860148691888639405
NaN NaN NaN NaN NaN
NaN NaN NaN NaN NaN
2.222943583062958250451 2.251666937121201694794 2.207152124099696077764 2.197415864709211241745 2.370122600390661027348
2.334028286274663965827 2.476008693930355164525 2.460669361566476531777 2.449089748512304876016 2.478139002934599322003
2.500893849520896772276 2.575611648882678128558 2.714944381865220801586 2.690827519270189149836 2.750533628550486220377
2.877285438923694815827 2.72264513235861471685 2.73458876178590815087 2.766609104224767357039 2.739676065231252621857
2.758160853946280077764 2.823469012421616408659 2.938516288100609052947 2.857231389760327200378 2.877163579237813628708
2.84163544455465988392 3.243662476463253341308 3.287592030920855279419 2.632836980455179443084 2.814807696090269040212
2.95247388942452149152 3.310987228493089684633 3.348764099457911314062 3.354337670474134558418 3.094850780046416893754
3.194501487145837703707 3.200899673268322143116 3.330632458067768197907 3.309124868574369937591 3.395118434270601337488
2.970206763779926983915 NaN NaN NaN NaN
NaN NaN NaN NaN NaN
NaN NaN NaN NaN NaN
NaN
