NaN NaN NaN NaN NaN
NaN NaN NaN 0.2633398440823104813546 0.2808961673612064835481
0.2892981641481609522693 0.2728946759740421557083 0.2913344386140120367834 0.271902829665960854566 0.2889783698913916398787
0.2678147536036364906309 0.2977557572311919087404 0.278670979035905486132 0.2926673161605525819162 0.2824659038563359647611
0.2929220015822336375955 0.2829845067418220172506 0.2967569709582088544053 0.2826101388366278333031 0.2772644180761870691398
0.2760380100217693644105 0.2824416826082498110928 0.2742371234610426755651 0.2761530665673544437944 0.261571091155826385144
0.2614078913060561837334 0.265094793739911571695 0.2533074059206573691583 0.2583764795890425292058 0.2680105439382524101788
0.2674799897197772668989 0.2582477353878650516705 0.272516943745848283509 0.2657446118474998675296 0.2786298516129483426873
0.2627437413184965930846 0.2795647223513703649722 0.2844953656570595734721 0.283865842496963116659 0.2903374606252107081872
0.2809161511775180586348 0.2847866690973548386978 0.2962874244139220847316 0.3020317011950979790846 0.3021100197808799237009
0.2869649274436650299158 0.2846005803983061577256 0.2806467382751844930056 0.2703910440269889914333 0.2629527388428926082398
0.2710049120115420873134 0.2604228945333251776795 0.292399629345371392386 0.2778687677038728653933 0.3025221665009419358405
0.2882996255657611084366 0.2856335614005242051761 0.2872932671719878872096 0.2765170759310335291126 0.2542304653752285314994
0.266268821986664072643 NaN NaN NaN NaN
NaN NaN NaN NaN NaN
0.2502854930362720109471 0.2790173564150339458045 0.2578453014348505156761 0.2712833300880648224052 0.2660549816903601816342
0.2656814522082381335721 0.27767031491648902497 0.2610324796758229926041 0.2733406370997928935829 0.2736128330374745787346
0.2680900073123987370494 0.270492839610165347608 0.262421166297270858081 0.2815498932641603002658 0.2749775273443783030203
0.2667908768330883861886 0.2724832676387469732049 0.2769795213088979135563 0.2707268089722558168653 0.2590406830504023427686
0.2659700290506521458411 0.2653721128979134036285 0.2764567463366273680769 0.2670319522181608951072 0.2654555008807337745935
0.2483377427607418586053 0.281248543789529570347 0.2672465812241749394396 0.2763758489918449745559 0.2773117420435688429414
0.2687658581838909266359 0.2588535083778372158925 0.2692850923830892306832 0.2717450834943591075898 0.2587484170022734675243
0.2679596600341940804135 0.2687024683063078955847 0.2681539925213393127379 0.2729666104182236763265 0.2766322055457516859711
0.2896009937055856742205 0.2786340742689903393625 0.2811558006412951393749 0.2847122779392501357165 0.2781954145327535377064
0.2791335854501207913714 0.301138196538412783454 0.3020809582802303494553 0.2988866186393848711766 0.2786650800676788719556
0.2965444724186105940333 0.2708622803876392648448 0.2650769456801295165249 0.2713526363624497728111 0.2849113821556299996907
0.2765831070352640641552 NaN NaN NaN NaN
NaN NaN NaN NaN NaN
0.2551406442198964619195 0.2564336894839693847814 0.2465564944634137389823 0.2649891058113824082731 0.264288665217369656002
0.2573862927275553103001 0.260618887515612129846 0.2564722360702121339848 0.2561887873026490458628 0.2666345465554174065659
0.2574009624603340040672 0.2948907976261300745158 0.2613001390058952710937 0.2663681340653930029738 0.2670309865730993159616
0.2697405575637222274743 0.2777665824460227583792 0.280136975767980467289 0.2935776556513509660817 0.29422923526003058603
0.2939838131596314574345 0.2705936088968017294576 0.2767107136530543298747 0.2789810671022553978382 0.2886835394632679130389
0.2858031140749553444813 0.2695094077555957867709 0.2811130104205354363067 0.2733553311497158300192 0.279568909014930810919
0.26895718755160463731 0.2695156951607183826169 0.2704609366102230794127 0.2624255771239439316567 0.2646402378485126494212
0.2719721488299025602409 0.2711520782968897536058 0.273484068744162700515 0.242910317419562815644 0.2785704904038200924177
0.2842942385349966905039 0.2885693627787421777775 0.2989306379686236803117 0.2965522464078863551507 0.2900148483942080468445
0.2821488349399286499342 0.2918990396776794948863 0.2858172132076112204047 0.2761044527266409143174 0.2788478634603171468775
0.2608904805117608360909 0.2628775412857661808452 0.2590704421101496790492 0.2579851609334862239109 0.2588331907589694336203
0.2626521426142062187736 0.2598011701069962153809 0.2685018237967687904089 NaN NaN
NaN NaN NaN NaN NaN
NaN NaN 0.2678414668302031009794 0.2693204106288030752481 0.2634420403621128281557
0.2614114299609235358979 0.2587248415790826538974 0.2572485378052198345955 0.2604878642572484026552 0.257434537282955566706
0.2717170990045499889831 0.2670239316918455174665 0.2594541715520394253858 0.2637037683425690337558 0.2625425479963294228547
0.2637711570525240745155 0.2664036584864576395759 0.2627515281630016796832 0.249965750468524594563 0.2648404357669995601299
0.2675889590815244689637 0.2642851797751940012837 0.2673501414451025515184 0.256347807711286013177 0.2697647817172022510768
0.284919660660821028042 0.2589511413060893163518 0.2775665891725718203986 0.2734098654670378825138 0.2926647686417139238024
0.2635439977090694441131 0.2878326631420589643007 0.2782624648547420975753 0.28875010036001530489 0.2944652832905832462451
0.2939441367785856629169 0.2817840826357660422019 0.2928503224956199302298 0.2743283033069850440633 0.2919829722677650396534
0.2786814740308328763874 0.2865069654989920722166 0.2719049139349021815271 0.2589757240332390963999 0.2992914732188651227851
0.2886935001775078335484 0.3107126821068747490884 0.2980510201780902090896 0.2857190049021500755089 0.2611216652539568028324
0.2875732268133058822102 0.2817375209872899910479 0.2832933490875416682186 0.2751549897364851671178 0.2942637440512713142837
0.2974934747223544895256 0.2915434664637777117946 NaN NaN NaN
NaN NaN NaN NaN NaN
NaN 0.2619604775499130289163 0.2741322380355828980392 0.2654226549604499219015 0.2738132175547974833663
0.2734763370448835551052 0.2774714198859003499997 0.2727554908077194917304 0.2802039746169498468653 0.2826419767360319190708
0.2689752440851921333476 0.2655310137453774643745 0.2629854180569692334579 0.2632646347106691320228 0.2608540943118350385888
0.2643085925096541610735 0.2650458234631756226918 0.2672893529830687175952 0.2622763047091312693659 0.2631351753134140714074
0.2532742242804197352335 0.2357415663975808706176 0.2516836298989514886237 0.2509601993043844569975 0.259702296607988269983
0.2710659486900733328163 0.2757673204806351252572 0.2770374552272036883238 0.2690694538319739481658 0.2790835876138025306581
0.2825419516456923463288 0.2791620127519607308386 0.2774207568592386707884 0.2755707589169799631712 0.2783820844190425525255
0.278439672071260524433 0.2783448364529044760651 0.2762329567492062820655 0.287540936611228259423 0.2944532215106052119857
0.2832625999530737348486 0.2979715045205267864858 0.2933659548665488725483 0.2980574459789908647878 0.293316958379962355874
0.283492345349261654075 0.2556984787526727642692 0.2854301992599451720523 0.2751861290139474558458 0.2936325455620500401999
0.2938744531804737825098 0.2877859220300814091509 0.2909367880921357452095 0.2981172591001259308818 0.2973943834093665250506
0.2984547147700183922225 0.2876101191626673214685 0.289449560410928286025 0.2721792500377127610456 NaN
NaN NaN NaN NaN NaN
NaN NaN NaN 0.233060934523891927217 0.2744983069693418542556
0.2712838302845680948927 0.2897332776900501394302 0.2940993025636576274628 0.2856881780112023316853 0.2687826071124769788945
0.2828493835926588761964 0.2836739626892659793533 0.2785195278870634671975 0.2846078434895749631472 0.2686554770766638178259
0.2815109879184861663148 0.2883609017524528250753 0.2736031560253232575164 0.2812787610454131614901 0.2938911361150457479674
0.2881251486888116719598 0.2796929817793110117918 0.2722786592831027974171 0.2984352463547843004044 0.2697633872082484396415
0.2769432896628331031152 0.2568319380360529757823 0.2762245744832250160528 0.2816934597593293010398 0.2840666442421192483536
0.2676193824278869648481 0.2549962459904912548403 0.2690202635207518122584 0.2902097050962996194201 0.2791780612688943286059
0.2936654250589087467027 0.2989493455304382263371 0.2984410804391169902416 0.2812925100453397830869 0.2780860588922425269409
0.3055737858844563281657 0.2825290104631008603064 0.2858476571859629999928 0.2959976395234123480726 0.2984741508353179750834
0.3039347653255442538445 0.2785598486593749423257 0.2869026576327231570218 0.2808736139098658712854 0.295546757780416058381
0.2843219211742590846193 0.3283738029974204719608 0.3091296396155628345426 0.2850088443724224651632 0.2882799788016351394404
0.2822286794917143737393 0.3038524644113496653297 0.2844435355151068711699 0.2883942985552285787065 0.2597789574271390788951
0.3006814506369345219028 NaN NaN NaN NaN
NaN NaN NaN NaN NaN
0.2672556043716697304902 0.2759687562292246765239 0.2733545839689065504174 0.2578095114210474658734 0.2637368048436763978692
0.2736395730161109707268 0.272917957795775933949 0.2689176532625731641524 0.263095463499036674726 0.2551278431337080654373
0.28027234741469703172 0.2624847556049751395868 0.2654371267597081529566 0.2599554285779800966161 0.2524969451794140118395
0.252085899624681142317 0.2368603652723280106329 0.2370273042514783046197 0.2367568794664057785226 0.2526509048640943611019
0.2532991484087658284885 0.2551742992485740435527 0.2631910156406352396807 0.2517108573783419234182 0.2646310738151740338253
0.2689902411433957030162 0.2676195506757390041308 0.2845573619850551017052 0.2768031609792772629319 0.2809437407405087627765
0.2675292059771233188492 0.2775509313067091032856 0.293319510756713197619 0.2928133356947728582753 0.2796467557693534944363
0.2976751757604828574344 0.2873895508541462473495 0.2953545999379422193343 0.2801908520610978947651 0.2989706304280260185102
0.3045664697639912099625 0.2973224194260700725678 0.2992742865926219519856 0.2892957730849902708847 0.2878701959943478216886
0.2832338087691438910376 0.3000441190247769007726 0.2818639114103129172939 0.2974847190926050988224 0.2763222370289389329123
0.2867971715232349727565 0.2931319550630223647048 0.2904391663800051648359 0.2959329329215781290152 0.2907579889348234636337
0.2924945866908444380705 0.3087698870880911106163 0.3131200263014142781692 NaN NaN
NaN NaN NaN NaN NaN
NaN NaN 0.2608220465578084956704 0.2546394461182370227981 0.2609625948478829227106
0.2695130406368156927854 0.2518048902566858426866 0.2614136391663589575884 0.2689506610628304983379 0.2750289168986244092707
0.2726384832560927451439 0.2791747608693450621864 0.2743501280395717056848 0.275281401612698650716 0.2566532496907208416026
0.2628974157294702296284 0.2489658248895606218465 0.274386183131314687067 0.2392180101378127976552 0.2562624963123987797964
0.2538970020395321935958 0.278728902993130023269 0.2705594867086531518652 0.271693401852592775203 0.2475530136706549366732
0.2526798870546037023566 0.2602498573707100470997 0.2669731142292215420042 0.2615990018159999319636 0.2556361133901513538191
0.2616399259734695781354 0.255344994819431014843 0.2556599176673838846874 0.2638440872853010099597 0.2598545768807615785612
0.256067602618026357586 0.2560100057534869244513 0.2661788049154523161377 0.2555698136374583984143 0.2782139265274207740042
0.2694453699430673920823 0.2694167637709611318186 0.2698993542161755576636 0.2802141726343025385226 0.253317813154011695076
0.272827648839962300098 0.2674113342844388063746 0.25911795309949570143 0.2510547869443462420946 0.2649717035749448723614
0.2669682793109254825836 0.2552419485894713568896 0.248405172534894830294 0.2587016147971161750263 0.263753016755940483673
0.2632293422035940633208 NaN NaN NaN NaN
NaN NaN NaN NaN NaN
0.2598666626155195502612 0.2618035684161176268603 0.2646424578603497335116 0.262944488773573570306 0.2554771011912754241635
0.2523834914672798412916 0.2553061957032337625506 0.2637147842780557249753 0.2449622141138551312256 0.2580192958471920205987
0.2639522655809487527989 0.2717571137470710662676 0.2665493492166923772402 0.2781870987292905383903 0.2693570214353820935216
0.2799028683880767642833 0.2630436110692953022294 0.2751119383417186536889 0.2582617898188013794147 0.2642825247060409665778
0.2587816526955780127572 0.2739955758960567755445 0.2648488636501576398707 0.284972727005934789446 0.2726369717724559937899
0.2778967938515341518091 0.2784822430566217810188 0.3086352919043196529891 0.3024673139356354178986 0.3089042039704218423068
0.298861512535013695846 0.2909246754705308024569 0.2700742338653662200088 0.2877193961466923965986 0.2824425130163060737587
0.2637604478213794179098 0.2781824451191481362144 0.2835110976118961900738 0.2818543925151094642345 0.2791671012238005067374
0.2887321034637742589446 0.2834504848696134393649 0.2648887242331784963589 0.2596163550470418357463 0.2661494562829148091687
0.2586859693508253843497 0.2790575732972354616734 0.2640250094921136048143 0.2783981150932360315586 0.305014940177313509384
0.2771755694200502273539 0.2909071573319210179953 0.2714201329082835956186 0.2912032443173122042701 0.2950202346469723568845
0.2793474186226211908313 0.2806225900231162362353 0.3071449575665908260369 NaN NaN
NaN NaN NaN NaN NaN
NaN NaN 0.266826446026116437249 0.2601692889067456215813 0.2649527224676978542917
0.2670342758768870505826 0.2625995603024556257488 0.2625291160465232365162 0.2548857112962292226221 0.26132813677636596017
0.252167825193510219961 0.2550528279795742925273 0.2632370170633206996058 0.2804829662173545234971 0.2763937769609446371
0.2719225120410240781332 0.2714745569833070248933 0.2814598820944984591819 0.2640041556047256210427 0.2636179310913494000523
0.2631971630436454323565 0.2570665407874979102587 0.2623721550953295178488 0.2440563193824230037166 0.2535836323647419621174
0.2486609050893014150052 0.2483095995281329182447 0.2540578719981820832174 0.253217900601550527373 0.2549072502869100809164
0.2613683963537810628353 0.266195762606075914114 0.2635786203254000814589 0.2740125788729722566828 0.2554379250882468643802
0.2771124155418834833497 0.2842497178823558678928 0.284223418025124408004 0.2805162699969019346469 0.2827938063922487144097
0.2648862807093090299126 0.2832268515323217994428 0.2642392128343709623017 0.2587339123841400079229 0.2827413743621993713617
0.2799251304357934788669 0.2702682456256940146666 0.2757782768443953758108 0.2742912802143488981699 0.2761520941716988919445
0.2692977051751171413407 0.2694723800792686585481 0.2530858323769153428451 0.2637996182030808989261 0.2550968282100749551233
0.2624923374826172994823 0.2741956712426330544652 0.2762372181106907964576 0.2834406619360870238644 0.2775780222504466432376
NaN NaN NaN NaN NaN
NaN NaN NaN NaN 0.2596063813210346404858
0.2643887994365317073431 0.250751049884013921254 0.2322229817618849390115 0.2505111069747021357301 0.2562926683446045128534
0.2525238013217457888615 0.2565827717849041289533 0.25738373524045099483 0.2680318639621125376138 0.2503350768323057140563
0.2828283652132849157468 0.273653699910073378021 0.2663539259419896443326 0.259421924658156111132 0.2707671712437627054015
0.2614044757062077839471 0.2638189899570492769065 0.2618195521171488016066 0.258913913287277808184 0.2530729235502895968501
0.2688956210557435499986 0.2628027887489150504763 0.2698029250625277875031 0.2664734442101039380013 0.2855166758679975047563
0.2714494727996707990059 0.2818259188629307909757 0.2718995975233461370735 0.2876339393450108583572 0.2620430477412116210267
0.2725406859352678123898 0.2509834607301683617742 0.2558071819383516132262 0.2594399657797106795165 0.2670948916528060879116
0.2638114925269841037903 0.2688168821579015044243 0.26023072402654146007 0.251259705636093622072 0.2694001859216582084322
0.277751859227322206447 0.2684741795710603451397 0.2730455837803410501508 0.2739194700373088209311 0.275674438655915787777
0.2649400433761742168493 0.2519755247751819804414 0.2464790360634276644713 0.2365963748620826534452 0.2565337054375499969971
0.2638893975753910936533 0.2763082046061261509706 0.2661952032353707142676 0.2608851449559554391833 0.268134450575011451523
NaN NaN NaN NaN NaN
NaN NaN NaN NaN 0.2765165387733980462137
0.2684516477636975095855 0.264254417647779571432 0.2561985418970615935308 0.2530156741174566792374 0.2559942246960481559981
0.2587799758806487715468 0.2685688481044674613685 0.2733234097453571265213 0.2961632923222114466277 0.2700736385251801263685
0.2694440184831279339051 0.2730642774573707187713 0.2893043498950364500466 0.2820213147209208459643 0.2823274237461647628855
0.2911474510326434450569 0.280634975381633011704 0.2804601181283372102193 0.2779968870672819836187 0.2758360639031535721521
0.2573424564832722527541 0.2825287886537808379472 0.2705421152696003139759 0.2685371489665042132877 0.253008879053554902594
0.2790118932513405147766 0.275484669143133187319 0.2899827508329120284714 0.2887830151382169141527 0.2893024617242258567096
0.2969672069514998624662 0.3032135870758916884604 0.3015266775008681454651 0.2775188109181664919412 0.2757607645002466689732
0.2739342315719639486815 0.2814006392934459976907 0.2684778741433287985174 0.2602703051068760431441 0.2782527500746849735691
0.2807352771025289905893 0.2772654006821630434665 NaN NaN NaN
NaN NaN NaN NaN NaN
NaN NaN NaN NaN NaN
NaN
