0.024985239035969501048 0.3670726419389883088407 0.1562458919058419271053 -0.06116455779258302138945 0.1218857467328243876503
0.3375251054289616359227 0.3305542970041665529202 0.06220577431952377389646 0.396562557585859953857 0.3752366510172288061042
0.403889501940713657735 0.3297641274910468323078 0.4017295266945793419389 0.2413842191450561447397 0.4163418436230181818303
0.3896029401096245403657 0.3865592589864364492236 0.3990379597843812797819 0.2965084472447895302949 0.2621497236175642231437
0.2949347807727307202441 0.2461837789182119706766 0.3668822783217318139748 0.4256436627704603958833 0.2678050446814642659987
0.3468239294005314721225 0.3406400268772929451622 0.3729741392780112629879 0.3645395671194191500319 0.2788934324901423678078
0.3629988979212573352306 0.3586387421603981495721 0.3027914879998676034312 0.3739621304282151892373 0.2751563604952653729896
0.287737754194723749368 0.2703751079599511220053 0.2718330585942060340088 0.3577313336439410518253 0.4102521316266241613313
0.3123520668904393171594 0.3173575458121498660269 0.2825376536893760004432 0.3213542331486040071198 0.3863212435018690271704
0.394405081682397351539 0.2517648596685438389109 0.3576613167161539208472 0.3111144421329703479984 0.3355617108612299337445
0.3480759465132841068424 0.3548186679772540319533 0.3466839550395389157877 0.3262538223682455718055 0.3797295505847105845376
0.3221948281526211266268 0.3261479441809121970763 0.3335144726637936374303 0.3116271657887107471296 0.3438058265563251336694
0.2586249331306446630485 0.3467571892353865647962 0.3895446817769496750117 0.3720115865651160702576 0.3721493206736550263258
0.3365966836954240037905 0.2568796634625212793601 0.3222785869226809096766 0.3603677692017812628222 0.3532696673753554228448
0.3871087448321857138467 0.3742257666716771735693 0.3453365866127666161667 0.3789669536255189652429 0.2690024036031881671249
0.3362017165427873544026 0.3621852085285210409715 0.366911479057868250564 0.3435163844569111279981 0.2800320323500160024643
0.3542365204882603202385 0.3848723404795239000364 0.2864579531676785251193 0.3310016059972602509021 0.3856583908380379344116
0.3177705653434148014291 0.3238276792001488213479 0.3950780226795405636331 0.1822424454898764201172 0.3408697085187691322439
0.3844177037129412610739 0.3679091319706798701716 0.2366329057964347837295 0.3520337758287757079501 0.3902721806357749567695
0.3130133930920476759141 0.2519713697672079644185 0.3163543989137817535884 0.3401396304116425794994 0.3161791198034440975029
0.3368616337876812472096 0.3303898931381084036474 0.2934510361830615643441 0.356439595547675514009 0.3638653638561639702687
0.300003562606407980784 0.3513332390248571357461 0.3661740702726716256699 0.3684838988986105512424 0.3684434733240619097572
0.3314477793460789412094 0.2846616090010393174126 0.3105731081567152940259 0.318749741758075355591 0.2989810185993019286954
0.3162025329635069770262 0.3334082733449434954309 0.2969745440586599727339 0.3343603852303484447184 0.3542634920044207547107
0.3024018462753307878721 0.3589585356919171577061 0.3253244611530193841631 0.3308547535982679921318 0.3392001400595860416409
0.2883091811248594815709 0.3301865576852159311905 0.3660013228255825645796 0.3967089539175998602616 0.369031944338293838026
0.2932925773306169214827 0.2628576712202366216786 0.3189458015106858002063 0.3098816677468539393381 0.3398687476843272881055
0.3406999055079908411692 0.3157524579265447717269 0.3621255574966379953139 0.3347572758790546831875 0.3924207365833745075889
0.2740725215533092451459 0.3648871749656879548418 0.3673785400247945309715 0.3800360031166957197613 0.2887534243973948200335
0.3174600511746694109227 0.3717997586367917106642 0.2964352905564692775009 0.3648702534521632845355 0.2921440121433656056382
0.2218605666318698710349 0.3665279271374192737731 0.337397872836173118305 0.3189060027591762436217 0.3880330236947265309944
0.3403613894129721151316 0.353850434930358281882 0.3325280095659093326788 0.2834429925799218930038 0.2991143078549605704985
0.3994352909901781600865 0.3561544574412606745106 0.3109392687454654580215 0.2929344785278739649037 0.3950590282343552916977
0.2992762794384719593488 0.3246090276143259734098 0.3752045218703593532084 0.3265955928300302568701 0.2919488108742973597742
0.3202186137258815068485 0.3311512271824618158789 0.3235452534737233709627 0.30379692737776309297 0.3631035534963979460876
0.3528316129837462122865 0.3343960262345687106667 0.3002419477917305234982 0.3335091958758718000411 0.3225913774667324984691
0.3766325399759239411779 0.3466056418079504486407 0.3064964039196257927777 0.3486915961044532719093 0.3669866209357528497037
0.266148156350447695484 0.3222310910715864284981 0.3361633843405767985146 0.2907886827523525896666 0.3015073850782835074291
0.3136984046211510057667 0.2948223704779978082691 0.3652278414057297251105 0.3210042668504823337727 0.3616528874071086030462
0.336985763860188247687 0.3216493108381503485127 0.3484079810347796568593 0.3456026518062608188231 0.321631881935941277284
0.3766159836277940264893 0.3343718565886603655279 0.3853545893532584476482 0.3747223532516175681373 0.2981881987245370013717
0.3795448029612961682311 0.2864873341927436922738 0.243187778519112995923 0.3487463222404542650956 0.3319774465503721461168
0.3182135112330213289056 0.3724578620418855234853 0.3347555214624141073365 0.3951940735594186016044 0.3475710603835767686931
0.331342301368979408327 0.3497669913659592899613 0.2861263909024756579846 0.2957726721347362919268 0.3620975702059475165306
0.3538450857061941068338 0.3173648829608655130841 0.3420670581231753382134 0.3251925430363131197531 0.3027973574778383691886
0.3730250676027119793865 0.3403771034931909467147 0.3554765249062061260865 0.2825355973014070376514 0.3482624299740982309892
0.3014836495895700241299 0.3653976147110425398701 0.3381623606303137408169 0.3393989642140158302652 0.36638092791374526902
0.3057593167113100696142 0.3595644155418903364918 0.3299440717518739019098 0.3005078131526831008991 0.3053496777197653999636
0.3299574796989646063849 0.378668718835666717748 0.3209106048125227039769 0.310912978646375404157 0.319913271641343643914
0.3303850036034711723509 0.376288128244817943191 0.2742049671874435268215 0.344878089718033631339 0.3151161723015308835372
0.3375974202003761415192 0.3431918650140147741823 0.3419987839291852016466 0.3119251796867124615353 0.3353491997007123637253
0.3095897245973212585923 0.3569398444663408609401 0.3337245127923133547476 0.340772699788360389217 0.3197441982578041463903
0.3218024859100117041066 0.3293093083836644563434 0.3151116075784554104722 0.3699410663251565534182 0.3387469872196758324812
0.3320771808252996337707 0.3331757280830358602941 0.3323358926119087120021 0.3342138315685790339593 0.3312709195640453629927
0.3203394174632014923532 0.303242485379880688523 0.2995116933406974379928 0.2824932281101596442952 0.3309931249565173927429
0.3325387156901795648878 0.3056114471266627163892 0.3413917800318341799759 0.3413256096919318194338 0.3532362824500950293505
0.3163336856058128199187 0.3429245734327321937229 0.3733434129140632551369 0.328510092912159934464 0.3301611245383322956748
0.3233795963525815664319 0.3618421077654013218172 0.3263339336251185329729 0.3291519410248048282952 0.3733882728312187260222
0.3715769558195152755253 0.3303119493043560339629 0.3365768214365787436293 0.3324900477100161677591 0.3456744078403741760042
0.3168058293442154726982 0.2940747079517182505093 0.3884003322119528034406 0.3365742001260358384762 0.3085658382806469313131
0.3545446511258897870356 0.3423073077278491194164 0.3509981330181645153843 0.3160966931093744936021 0.3106278230376777194088
0.3274419816028666385677 0.3096441389286982426299 0.3023871705053745029268 0.3133714669717439504915 0.3218560121186798128612
0.2884379865862295999612 0.3697814511796421732548 0.3570735650684683237799 0.3684623788687083623117 0.3451076892316078947864
0.3405761320348467680041 0.2786743963913563271184 0.3524111813522997072035 0.3591543827774600350367 0.3789706416563823898613
0.357158283456035341441 0.3286343590641874756741 0.3450174272913268391783 0.3248231473898822163626 0.3318190689321024455793
0.3341575054192992277891 0.306870248621376184861 0.3441632549237015337162 0.3365226826852573127624 0.3437693508052528934549
0.3147704232230703058626 0.3036838279632257941998 0.3023730198950739800345 0.3165987449853939206257 0.2935897860263479985932
0.2770802517848168222692 0.2929366875231590450213 0.3219406250251668488715 0.3621932116248590682872 0.309126503768928029281
0.3835812033927758490925 0.3503632469984492292525 0.3279759238234590812411 0.3651098014600823726816 0.3422105852681423532324
0.3373407656760177286692 0.3307990682975234242313 0.364601431391732233589 0.3787607742640731744999 0.3051970412475293881194
0.3321238285970516401768 0.33432191143670075828 0.3248959245710731358336 0.3529736845358713015486 0.2959751477412647102661
0.3138614209179747538414 0.3673283255288392612492 0.3308653251176289500357 0.329333593620272979674 0.354213056982331686573
0.3258371870894226085547 0.3424415308853487882601 0.3118941038174154467555 0.2932716558201762802049 0.3630306628517995237715
0.3427763576314865057171 0.3323951844950120415589 0.3560147535385893013959 0.3314836858337841807298 0.300446996436253055407
0.2729041206953297105109 0.3662870444837617589506 0.3372564752641348251316 0.2967230367032504534386 0.3727365238339060971029
0.3384576549606882478471 0.302175239731960920686 0.3701622667229511054465 0.3620178279059725334754 0.3263450847600289361772
0.3180955717439719054873 0.3253283691196013904801 0.3077629057942279922067 0.3341487865935420797925 0.3516335390056363197075
0.3033066133146750109617 0.314223219077115589748 0.3428420794088124501364 0.3323362849143798869456 0.345505500658304542938
0.3474800411875797467864 0.3166296241075499118267 0.3199710697823505700654 0.3597955928313563145338 0.3243377414459440721828
0.3678980453787356053041 0.3345677084131174483517 0.3140240392451266737694 0.3092269249722386925683 0.3704651115272723505001
0.3418254182168325439051 0.3483906569908908901212 0.3690932859100480301073 0.3400051258739857917845 0.3310615201582109423661
0.3055545830949521479702 0.2876569297038567563085 0.3520453382484319271306 0.3577394384146758143928 0.3548456176416703855558
0.3373145678239984901481 0.3098380783487808542986 0.310001471984350407407 0.3517235516784982807259 0.2931424260177407092876
0.3203230186606123019999 0.3131150779760650260108 0.3373494827266006468314 0.3424916344567037751467 0.2837431744048193316132
0.3039889488707867570838 0.3649355608262980221745 0.3633437206551819453892 0.2709609725955409165188 0.3367896794880729793853
0.3300078099936037956397 0.3153753565995598973082 0.2654428871255780642002 0.3193492914684445960205 0.30577864059622955617
0.3055113609350784131813 0.3365832761524204519432 0.3361368878355268097202 0.3470220665279834526551 0.3075681548780845875335
0.3451428667165531982697 0.3026786104583170100568 0.3302780644586489899872 0.2791667234489115245744 0.3098269661213422510038
0.3278319257055785085342 0.3313052390473813502147 0.2818482945302401287968 0.3076719352210697255856 0.3415621602724750460744
0.2820738296911022291447 0.2959714178122712091579 0.3499511048746332675385 0.3045994803419374563624 0.3367372436316711792337
0.2967514021383784728059 0.3325844373623513816618 0.3303152396871054663485 0.3377928380888841619623 0.3473182330045273547015
0.3139124248985783460775 0.3303073465999817326377 0.3186352634430291153045 0.3465087722832586036859 0.3437091929648259935881
0.3419286632906485823291 0.3395822482995878299761 0.320089588394936341853 0.307195538846796012411 0.3516997765974868017658
0.3009225780729342658582 0.3439889857391421612576 0.3326993903457632906218 0.3044141435727923949983 0.3114431935445695631692
0.2867640946319203187898 0.3158212985362148228496 0.3198566329087098591977 0.3324190562910830926135 0.3513524089236828573668
0.341381103624065485036 0.2836775973747856505192 0.2827740928013706134259 0.3408075527012920380443 0.2887583150184568347996
0.3056780298679489527025 0.3426200763215401234874 0.2818198751367400611834 0.3366330149694176099295 0.3071784975212693558078
0.2828314509136948817769 0.3180816388086410428926 0.3117601953564423378218 0.3009008001614896232745 0.2987446183670519062048
0.3347425068368434786237 0.337999222863500037306 0.3346475628188432249743 0.3543823808532265418059 0.3285226841822114773883
0.3317618106749741779815 0.3031239440185326539101 0.3244564473573579022059 0.2989086605773524363272 0.3309884841811220335117
0.3160776031424196719222 0.335267362221167986025 0.3434608954257090118745 0.2939378024076892970129 0.3307513006388650422807
0.3164283338923737365356 0.2599918500720030944962 0.3779338624151977188426 0.3196653050344829827267 0.339019501741872952838
0.310573640593372446439 0.3411831282119745512027 0.2649633738163000296062 0.3074264242780268552302 0.2912264216917609394031
0.3323349683412799016047 0.3563050292782817263237 0.3273415900910024989301 0.3147477875273306802129 0.3386287311018457146794
0.2687859246176104721648 0.3558479134793085529864 0.3281382423369964551618 0.3441808937373177501584 0.3337325236622102897499
0.3510497697319202581312 0.3175537542845947025505 0.3509858287266892640233 0.3049318082033360965966 0.3199690068545318344384
0.3046184739741679692315 0.3005542284869628377741 0.2742403893638789003084 0.2777642069276777814224 0.3474979361532948285429
0.3397615579114834361008 0.3146299640034659339527 0.2869951037665125492815 0.3482475366595390031677 0.3172105073828750398945
0.2960049743743820016562 0.3331918522856198161541 0.3330839015950926018661 0.3478791456536617920925 0.3067567341080894571803
0.3076679331954500495883 0.3356039912066480779274 0.355747994154097857411 0.2978391507784451386343 0.2820122779525084943941
0.3274240847702832302168 0.3299555796374826210915 0.3059206294929303071584 0.2751911527771914167673 0.2693071514700297597322
0.3536207760120917975577 0.3220428235798349358987 0.2763077584084683291366 0.3080827462359518320589 0.3294768315736904540358
0.2977902463023097134887 0.317220905516597206919 0.3739241019954501199507 0.3362199729126198466389 0.3167664910905573227851
0.3231128929042957342865 0.3514640772527192758012 0.3257495929833845726975 0.2890376893764557419964 0.326557195141180867104
0.3356201029622009057718 0.3005709164345237716098 0.3341076362672768529372 0.3539352527997783881553 0.3466248717193526895919
0.3473298208547116461276 0.3403042698372426011488 0.3431078955348270675962 0.32342892385305460623 0.3218490275183005788762
0.329990325986465105057 0.3434051676322850688017 0.2869889222680007123678 0.3145066997922500440232 0.3773925180228302478369
0.3235735843898389640927 0.3269007832168692173624 0.2798800149681809901203 0.3349484179930630189936 0.3153577216386436732343
0.3113289001671231681634 0.3284199083863545975959 0.325636729101786426277 0.311315430523427305598 0.297142389772914461421
0.3169295917590054245672 0.3089927459774765572398 0.3265098601730915262031 0.3451732050063981427357 0.2962229034983357434108
0.3391273090764249098505 0.3260605838367252595766 0.3130174436077841071402 0.3078571090160061585195 0.2832262595976844932188
0.3276641242201369097486 0.3095568502166528568331 0.2962252955431598500091 0.2989830149080756616087 0.2658588476413002443799
0.3069633432826577856822 0.3033842459766055155157 0.2995729693836748364077 0.3041632132785679343279 0.3247427652325476366002
0.334626146558627768357 0.3309786407327878210438 0.3094927477824138128959 0.3274742203128515050103 0.3433265620047842858753
0.2915322047733522325963 0.3221125058363661919358 0.3383042568097629487767 0.2970893387469291657688 0.349912178602866386079
0.3031684378285593450819 0.3077825170085922157348 0.3174492820269088078078 0.338461261068661145579 0.293050094302002461788
0.3265380648571619137677 0.325535766488397049212 0.2918408495708187389006 0.3374399438497570624662 0.3150436922271462880651
0.2987038722522163403106 0.3150619574883206652771 0.3204366839268847355626 0.3056461640182035477409 0.2754190945652421063095
0.3166954096167529653094 0.3021370206739368846627 0.3226554402938600074613 0.3077060436633505258186 0.3059033868471071060391
0.3100924895138134629313 0.2911956244944453597867 0.2707752486061017482832 0.2420972606806028326609 0.2903131109005954169078
0.3178350628209816175485 0.3220853792513942437381 0.2572393076086785801415 0.3305687673958146999276 0.2991740993206227772205
0.3049728829382029049455 0.2932293089994775781015 0.3166647393817476618949 0.3146988150826659502712 0.31706121716668544952
0.3090855633996643647698 0.3094385600848967854404 0.2767517877165824868868 0.2939891127043530172358 0.3347154910452810328003
0.2055368826558647277203 0.3701889447595409499137 0.4031728305478422536012 0.360516500200023626288 0.259401202616565074166
0.4000373926956368730856 0.1452189231392808643761 0.3797257129470547609706 0.4160233677364784110608 -0.08747253943026904454694
0.3637555083286419521649 0.4249669050551382332159 0.3939813477345340264613 0.3729798641792799185346 0.379207138288999823228
0.3777469113573766468228 0.2391724534842451510563 0.3508929953702511483904 0.3539601792707733340926 0.3923785615702885531952
0.410429322031847898522 0.2872994765680650375295 0.3528543495385595418767 0.3803555397964399897859 0.3393403291191006143634
0.3914235621709130086288 0.3703621644330091777775 0.3177463172111397726738 0.3600507381658209493658 0.4024210636410152086562
0.338207410843539502121 0.328500080845403441554 0.3866644476983276401683 0.3577010230092459996953 0.1143109865760227050746
0.2190095687498620213862 0.3914578897409096702731 0.371610052649254674062 0.3405699137021818700966 0.1732468072152056060009
0.3474466532173202670819 0.3577636376028114906234 0.2962058878260595551346 0.3778959785115522662657 0.154582102634352847037
0.3480844320640819056223 0.344343740905777739858 0.373500344749211565798 0.3285838327739428188501 0.3884492927896586178527
0.2971695369688993060286 0.3958527852524731382999 0.3562707989198544145104 0.2804741982197943572785 0.3496669321000164809554
0.3769331370012237170108 0.3371636997614106401322 0.3516168658539914337879 0.3591296113328317218816 0.3009407259713053339745
0.2983363632541016774447 0.3298571531118442146102 0.3880520832321932012121 0.3528801620537370675734 0.3307310506894120538668
0.3041394809703351076458 0.2950436606006116568857 0.3685363686738076238747 0.2845982764588514957182 0.3576682590539641548588
0.3502016506659245131949 0.4109260232473487262084 0.1460040357982248793167 0.3595717107706641324505 0.272036473012039314856
0.3250490488080517992309 0.3542306660495236347863 0.3048579798549254649132 0.3234516867285715524538 0.3026844015894388228993
0.3568762124377811151277 0.3542168755867766138934 0.2840454165986874834893 0.3882045501905170836743 0.3420995019937329573168
0.3084888892161663509484 0.3523309863552337439785 0.3411171529015014636244 0.3498831008557248822832 0.4019864928376221113737
0.3938170320544182589906 0.2671976098587268144691 0.3003213190820301914385 0.3653593606147826355901 0.2762724217007898053211
0.3792345051311785120163 0.3838828751315516152331 0.391984638269967211599 0.3117614496776388577359 0.2987271542256589862419
0.3710447429107119332592 0.3741861058603571099646 0.3676424039834985113551 0.3688216879045977947271 0.3008469851794624005947
0.3211429986991982121758 0.3805546920113250797257 0.3125629779950354070195 0.348624723018545690234 0.3625402017926422915117
0.3209347908968123719298 0.355432911063940482066 0.2546236073887011008843 0.3078524163216758147144 0.3075436642383385099642
0.3342273615245409668084 0.2842686021294282272542 0.3924750758882181167486 0.2457639837728650966664 0.3881690873437675937119
0.3642477555552279810946 0.3045651611860113461283 0.3328296782325403935232 0.3719360103549946838797 0.3582413786190850046864
0.3372143270652248614461 0.3771578854500496347235 0.3134440248915195681434 0.3158405013666547023199 0.3059565023469414946078
0.2959419886174424196845 0.3552225211532641369061 0.2695687500863450103417 0.3245454944864430979479 0.3734001684534636322788
0.3410883072286565176334 0.3466880556800965296205 0.2803098599083802544563 0.2736934057893623539748 0.3663797874164508305839
0.3251057091089425976627 0.3656057712599902753681 0.3379617548330989262872 0.3338627607487762438687 0.3485682299676226558738
0.3222804673457633217737 0.291747720686419464986 0.2579679999554051472721 0.3365745143540586625797 0.3794519939725917723194
0.2843253672309731805434 0.3263064412502278965889 0.3397121780020938563993 0.3387198508359267612455 0.3219997206472965389779
0.3352625700827534527271 0.3504461215468347989876 0.3660524423327677911999 0.3755112988313667465867 0.3051847439546001017341
0.3684107576299513464591 0.3341805732178295129664 0.3378845777897020452585 0.3200891674607513892603 0.3831588632833262675348
0.2490274589347356293256 0.3241851433459843612184 0.3449179386145249659457 0.4075342144541751476794 0.3530114753437411656556
0.2801700042097561849097 0.3122805953627649233617 0.2555437205918675291905 0.3504508831920767342183 0.351991716081747896272
0.3170039935360189908842 0.2957121077460874714049 0.3083137265936095050556 0.330087317057149165489 0.311175084941279100903
0.2529632287102135390633 0.3631453147758442745463 0.2834774106289729145303 0.3395973551110702537414 0.3416499878149668600891
0.3336391942119303899439 0.3659528974772863207932 0.3469782143062132284683 0.3382096385198943289119 0.378710225243487408342
0.3911226862052781805268 0.3005641916699655080691 0.3064373411643034894603 0.3806901442026063286939 0.2826208800263789733265
0.3264376618163762344693 0.3268014399663774494087 0.3584830982057094495019 0.3476342593126437452433 0.2983862942878014457015
0.3180348492228006196392 0.3182812537844142974919 0.3379957101949178088773 0.3293976772269963659845 0.3586993563935222950612
0.3176316971638935560129 0.3633764120914916295746 0.3178772917906126926901 0.3238918264231672172748 0.3120559757388556287871
0.3245771390260089317437 0.3104288108279372737641 0.338860337058953131617 0.3049906738795429839151 0.3400192035633938791861
0.3540896041506503277851 0.3663751862725165842072 0.3165364817111472883759 0.348753063958341491535 0.3416493815849636073168
0.3921175478644061684896 0.3674201978878407492957 0.3306878990105395210719 0.3802522027643397972696 0.2906156716387336413909
0.299094929436793111055 0.3612889902612139714222 0.2979783399855600034556 0.3522124420831751479 0.3375651026473905913505
0.3242346963117524460962 0.3528956691813504020772 0.3586708493505037509408 0.3174891790132648439204 0.3202318178343122045959
0.3016623076743928932864 0.3304957836495504563956 0.3754141241580566390468 0.3474574783892047102896 0.3509946152288013765386
0.3041716951560994308679 0.3329624364125654545354 0.3276700334777025713784 0.3681525735210561811606 0.3346714938601776379024
0.3463393196459015888067 0.3176899771062600130733 0.3087524274671323842867 0.3702187124978145171816 0.3189568562393201855976
0.319915355062591222346 0.3252954744985391832834 0.3076307950092904697215 0.3625433137066944033755 0.3095638784792678621649
0.3330305481683261126236 0.3044633091617557907327 0.3163667332205857274374 0.3371870502265976732303 0.3255952654705788207323
0.3359556840314565362426 0.3134066006216350008806 0.3472927551217040997855 0.3168693045647613670823 0.3317731764379627801276
0.3396924498454754748344 0.3707144222352630191786 0.3143684848413688115443 0.3435286384834903006258 0.317918095965079305909
0.3212714608501485158421 0.3304025366610742198148 0.3178498063768224191072 0.2976243152203479347406 0.2909062033292656446193
0.3607042632377545632316 0.3330775952631624403644 0.362322225670064557157 0.3470414889790718326879 0.2896380104471325545035
0.2647739874561207962245 0.3793847373852066717781 0.3194133476217792533269 0.3111450371290764849164 0.3664581439529256412513
0.3366820868576559377949 0.3603243972373766923489 0.3263502321719377596843 0.3254856738686546235861 0.3431482241170702995881
0.3519474501014607237259 0.3249814457737513206936 0.3562271493861943194581 0.3241113841598863287707 0.3076570814637494266641
0.3473787642487508597888 0.3554804219535489528958 0.3429396990030630920643 0.3590672371422261033302 0.3667434664074686323509
0.2887899468328775087755 0.2897601580179290370332 0.3336978047657155332928 0.3256915900012227749194 0.3235751205992691836855
0.3115825962470923915504 0.3101451711207060535358 0.3151861174127624787289 0.3112593456929655388876 0.2987297876811406127651
0.347104536252189843637 0.315719063488991036337 0.3526564936210873080213 0.35196663446875814385 0.2747764804841569263871
0.315583531381504689417 0.3079762704910398163349 0.3535113126879099176847 0.3513094948175283782632 0.3601977631971374216313
0.3027822490470464256163 0.3526878299354717638536 0.3703346033420302774175 0.3550989663821989550385 0.3464494577770583227938
0.2930153390693102655185 0.3304006570327751024507 0.30061696189018444203 0.3007747051647324254553 0.3848357196873545271743
0.2920709915967728553809 0.3144142407665616589796 0.3471716801156163323405 0.3606973442532928619819 0.3017361300946175828308
0.3556846648348968575881 0.3132426567226395675014 0.3752864867840512985708 0.2846093438856109880675 0.331045769398100597769
0.3393034585998643826166 0.3225279275351588537113 0.3396480290969793869316 0.3716599694084810057149 0.3460684174471801988204
0.3515493717545217777776 0.3212988286724947073481 0.3189868414977158339596 0.3522192203226451878706 0.2623580557758783404765
0.3138871549159944485119 0.3284917347924683483917 0.3037331050436637980283 0.3405554832417574950831 0.3273284932267649938176
0.3213465003922533758107 0.34500921696318681553 0.3235608155274632968812 0.33614600412116135697 0.3455725299981861065035
0.2883799709622227314121 0.3649554097394286378275 0.3388445873442976763457 0.3094690923448923380867 0.2962394858633040639617
0.3033088012889076923173 0.3430121900465741280328 0.3461798222163838256726 0.3227366579779844535381 0.3510931786501689244595
0.3697377164899470214365 0.3265282887167592074107 0.3272081761115273046414 0.3238110088283481236004 0.3418859094931525621774
0.2795798758445617315793 0.336803166914957319289 0.2702484590800128261279 0.2961985016929117864315 0.3027401242417199767054
0.3700333759127987787174 0.3890205593800425409867 0.3385369188266333928539 0.3294353346810906524311 0.2921876653680018920411
0.337199652295868013141 0.3695984450946364630042 0.3201649078678442394974 0.3057858255719799189798 0.3534056829365793128694
0.3627705662331759950412 0.2928922812668173225603 0.3380498146067566489492 0.3149157040129909601589 0.3165444957191203001479
0.3102875591118857134809 0.3409055331262928478786 0.3590910325433326888422 0.3081644136148680157561 0.3183689507194731316275
0.3074661191658166203844 0.3167250236224110060412 0.3101996802606500347466 0.279804473327344482847 0.3505011966025869951658
0.3111269850724946439691 0.3089103115403442068043 0.3290721192172029185841 0.381752595099190461525 0.350540135300830002496
0.3215877756630264316939 0.3223058264585128562807 0.3473141005157532879011 0.3534662689842466010148 0.3377767966079828765302
0.3070932709316679387612 0.3386436259735566278728 0.2806418489495598467265 0.3179749619350377698446 0.3379666374151239494061
0.3760491550588170861502 0.3215939577174534713677 0.3252152938621429290045 0.2959546264841610430096 0.3634653890714167334686
0.3487523105390809008419 0.3160927711515772453588 0.3497202040449119420096 0.3094838755380598938061 0.3167031059683510507696
0.3336299667191944262612 0.366961370657436058984 0.3231248561813982456137 0.3561276986376788467048 0.3443307637121398867563
0.3174611434239644203181 0.3325074720280177253962 0.3697425369768662095638 0.2718068391202601019607 0.2743366173372223659754
0.3435415651742054210516 0.3245274981167355909939 0.3435476105881455355373 0.298760588264759319177 0.3197353444237343578216
0.3071131917526089827319 0.3531803393104257504653 0.334042453377950465665 0.3352396748617045285634 0.2928735105157384555064
0.3076738504365741921909 0.3386715466160191145839 0.3474584778530170336985 0.3577594887615725971486 0.3129037022164763426346
0.2918792337136532077935 0.3068759103392585396719 0.3177470591301107538662 0.3660318661777620108388 0.3172814508484159690127
0.3486635617483243021475 0.3131627152744202446932 0.3212981407454039151084 0.3244912798289675825991 0.3271314737246838189044
0.3750998068388670669826 0.3059802767784629562442 0.3110279146227951652115 0.3120552667525510193158 0.3220294650723302121165
0.3031170555308957959006 0.3445396766955586276282 0.3234174116863149373025 0.2974547761640741749822 0.328640320732165758244
0.3191618972896484995871 0.3336623013120923464392 0.3025527042591699133922 0.3713972201765867731105 0.3051049463382720094984
0.3208341498731965835134 0.3181803091181332754367 0.3312534016951003135176 0.3489508135197927352067 0.2900007115279069624947
0.3466590721898826221725 0.2984699271251212704392 0.3163916285353646218326 0.3119368060845836287953 0.3386986101188875775136
0.2929449297686185227363 0.3086839348083060263761 0.2901754023798356896258 0.3260022663177663537759 0.3363383753781489238222
0.3533500695387430390326 0.3461838127273876852819 0.3423201076512693008524 0.3222947904794503104497 0.31499399650651849214
0.3232003303667571603164 0.297272096100312854805 0.3187716067466709324307 0.2572612767274016221108 0.3221042115816692419372
0.329122015453086391723 0.2965448883906856569759 0.2825123263363078507382 0.3011189973304648215269 0.3183678315122452917585
0.337435612976187793155 0.3234422210666006436419 0.3241346648582232869984 0.3246184649799054855457 0.3355220722880857819881
0.3327872071544911714014 0.2971659278259965453195 0.3175433792116118536519 0.337406214966236017716 0.3119143942859887719266
0.3540891168385175147293 0.2943201321404764203571 0.2970829297786009570714 0.3022694950998746632465 0.3288964953278621927701
0.3047977011884729914293 0.2965731032629678187718 0.3097357509089576077521 0.3434800975922570054344 0.3342930183236057506413
0.3301898239935232015618 0.2547220635346000849886 0.283087548084426099404 0.3128026207479261411315 0.3474511344963720493872
0.333708263683914985176 0.3419900208564791710408 0.3452654538463929001502 0.330753366158359152216 0.3341544592102723698623
0.3570620870520150313965 0.3130996627164674972477 0.3081170438602858219213 0.2897124528311909585909 0.3615496291351249502632
0.3254876335632358452798 0.3299894618012584324163 0.3685725906889634195807 0.3210007484327380700151 0.3079454914435512113968
0.3493681284409689835613 0.3385807603853420166828 0.3099739448146980325127 0.3118134034456839787097 0.3193134887126142240632
0.3244242452977855184493 0.3196547865789154396765 0.3361466208637685637584 0.3236242283091452232036 0.3404107767878383761229
0.3225692417519052113128 0.3499312102981018690606 0.3386947863337688713337 0.3382947207974927872343 0.3241760954096641333955
0.2976278721073524202723 0.3158130755749681273237 0.2914498418873324170342 0.3022438279679267036926 0.3396196388314945968645
0.3362373173874311782505 0.3034288335927899371569 0.3241624513779838290262 0.2794020213766899018992 0.3511803111326103898904
0.2954291831469543772037 0.3085318366754493113469 0.3063895221373091892758 0.3274251237366259670303 0.3182304462408986900357
0.3255110611432497913498 0.3001878909519487548252 0.3226550181660269855932 0.305262260824326892017 0.3183318728917502449249
0.3298164038162887945482 0.3252461756687784477649 0.3063541370863179791328 0.3308387385464972574312 0.3050584729319776866596
0.31644530060510572822 0.3049849788254692106726 0.3333265403344517485706 0.3273591031247993776709 0.3277297429768229464209
0.3242188592795203772035 0.3098058258166787592991 0.3004088474511148465496 0.271315089557764677064 0.3445918637535327899712
0.3376246471597913467733 0.3129559118616905832866 0.3278642802896696850645 0.3068772781804048888077 0.3140306116604318353858
0.3256181215815170393313 0.2989062381930699952015 0.3171413479622674502778 0.324821989598410132416 0.2778029386332310779473
0.3181769282616264127306 0.298947070323131558478 0.3376071817872843827679 0.3500932865391516712883 0.3206007198997478657709
0.2994206903319457935275 0.3378064221883147477676 0.322050007944309379937 0.3027182166115485739688 0.322557782010414628715
0.3402883497799158996067 0.3542091431176489502164 0.2866778768733908022703 0.296388101488444410947 0.3200205424556198940955
0.2482255608466363006048 0.3457134525840132588392 0.3227323870460754307032 0.3166618227902708859745 0.3323698122869582771699
0.3358845996317940674203 0.2829003832015994923665 0.2942898662576107771116 0.312468257565953699828 0.3352778238818799882992
0.3143287890952179419735 0.2937871592057251235452 0.3158121997519798829224 0.3550516112624076958681 0.2801931940226486950074
0.3188889127829356295862 0.2850443827863513579501 0.2845617083199954433503 0.3433843081305505418044 0.3231895060937566288572
0.3036400291441746501775 0.3303820678955169398705 0.3359410869370569319159 0.3043077847059792451212 0.326243881651226641516
0.3059181507147349932119 0.2589213622010313464727 0.318789248792078927508 0.2891255904419018363249 0.3079868783544202903713
0.2696781108661289172446 0.2726430852493343937049 0.3183357354979251541138 0.3168160184515063093613 0.312482222710670165533
0.3235669783740729443799 0.3031975315477206667225 0.30519980914726790866 0.2813946655159383358757 0.3540686625883138205495
0.3739697202699781564128 0.2442368419480183128201 0.1992812043512593722649 0.0757800082921886858367 0.3327602443155761036131
0.2728745086139259812263 0.3052136648857567413629 0.3696545829938712168783 0.2953140340485744252952 0.3709678690669390710433
0.1715599675507959165355 0.3628815287974128667159 0.2730479421695426456296 0.261311451929726823451 0.4193996672060333330556
0.3051723358289687437761 0.3607992607298626808188 0.4035816882120594195626 0.4007893943499631350669 0.4077441693296333102836
0.3720245887848901422679 0.2606149224985213064265 0.2693649388911962261339 0.3638469278059612288523 0.3596665580743291790178
0.3267366851730568733103 0.3574138512616130136657 0.3514305200195275147301 0.3483598251377637566861 0.3657841462949826816242
0.3813304649129252155149 0.3992345381445762120265 0.2851889631578293227143 0.2508871838129287934471 0.3456533091544016778052
0.2096118362656681222145 0.3381485767011289111927 0.3965807199115224390695 0.2988367168407671248254 0.2941710366099848927846
0.3013665907451039127629 0.2849580870284030842399 0.2458706170234565835386 0.3897335620448297288654 0.3051105330888996824967
0.3767566793736880637056 0.3307104023180170160323 0.3542039318184210250351 0.3746007887478985387553 0.3432605878575467062142
0.3773964269773599777835 0.4354562072699978969581 0.3170735119517369970943 0.3836817304536196959752 0.3610411062878732257886
0.3533464338268842430679 0.3635733430694471080002 0.3346409072363201731015 0.2812145041637691966763 0.3994354941807474745907
0.294279569675816088381 0.3321301327399310832078 0.3053422083174938128636 0.3150196069569847212577 0.3567712202015951294953
0.373388257179381233275 0.3665391573454065410331 0.3641782608421404443533 0.1780028769380379849441 0.2065295060439622520931
0.3690428414904531329022 0.2750512051792264323069 0.3916253488289606621287 0.4182848075827976241925 0.2963450257096498230425
0.3508932685989115674019 0.368051993144002109748 0.320132799324181260836 0.2997541276570350743391 0.3610631143662309527897
0.2870694059545956244861 0.3655291875253527944523 0.3734891865250597464687 0.329005195217694113019 0.2807856433439872567703
0.3192094563759362846334 0.3311325425321408610912 0.3887151301743659304044 0.3688819681856213006377 0.4016560592324807110742
0.3761312125275989015627 0.3469640363198606136663 0.3657343304446981635536 0.2563579765246329911221 0.4020885482127520837992
0.3438643267918671808658 0.3554236969599729456526 0.3719295790715140825888 0.3237101765756191795731 0.4026080158907917594391
0.3547792299875726640401 0.2667902032639529741331 0.3455499745014877777116 0.3444822972745271161266 0.3903207777674115308564
0.3236486235667503374991 0.3206927385396099450254 0.373739064827655398382 0.3605047757235471661552 0.3525452027929660836492
0.3210033714654375036623 0.3560843614740031304322 0.3251102979480429144843 0.3457539322581300589299 0.338590273501720717686
0.3034727766965907291841 0.3515990559367653811584 0.3450320529063595764718 0.3734855387651742630872 0.333452604372573346847
0.3167200893406395545426 0.3401637216496907201169 0.3865244375221652539665 0.3843276387565029428295 0.3856510496857978309571
0.3832720404056489393874 0.3329228249779732640157 0.3686440538201393168904 0.3632893293169581760971 0.2759880114833046516054
0.339968372401138529959 0.3314143361942316068358 0.3429260872412661087516 0.3315309974927299618841 0.3747560728496991955261
0.3227863435098748401408 0.3504460378581176760449 0.3363212812234440129977 0.3538461463376728066699 0.3164606445988021321547
0.3324770945132101140906 0.3005442974936218258897 0.3245139623680352025659 0.3029165911180603520947 0.3387876979185850401244
0.3469356198757143072697 0.3837435054558913649636 0.2951068233145204278145 0.3029537715694633481789 0.3415374649602022638639
0.3562588983203335835093 0.3327855751210654910999 0.3118709178587871222454 0.342612222659560705651 0.2920508165386286880683
0.3175929113192120234466 0.3491032920585453447337 0.2802488418049953744493 0.2888541524553503991868 0.3337473276687560885811
0.313716793158298812294 0.3546679989608282346225 0.3076040350711907733761 0.3469790235971587644137 0.3085286252599756529058
0.3855346990741620460952 0.2868428423686863459885 0.3436961934376573934991 0.3584186989336423101449 0.3587923611669173729055
0.3206019606322345061322 0.2254334878074685521998 0.2936341489567095286439 0.3751488794390233083575 0.3587778138486805712404
0.3441672443912400236599 0.3457031849910873755327 0.3067683878752957005176 0.3384157525125755516804 0.3829608101982434065214
0.3655841937446115408328 0.3575394476363851770095 0.3298958287259649013734 0.3636893816698212322791 0.3257756958980587702612
0.3269072340989399028111 0.3342939824597079834234 0.3296112799423843164881 0.3453991661169014681931 0.3130348399592500774347
0.3375451500786291192391 0.2948249623384700535134 0.3212784205119713076826 0.3445737185210290820514 0.3516581953927017112349
0.3515647904694323977459 0.3546634487014173608976 0.3496663881788148464658 0.3452892414793700681663 0.3276028414703210378534
0.3414359897721538361637 0.3213895288911005621024 0.3397975132600722925069 0.3612751858103426250146 0.3501049597215445952081
0.3693761154916216926658 0.3209227184557453260716 0.2486400676729587366776 0.3471664159144770556154 0.3198980024284067691376
0.3242963945240421308469 0.3343097906857001588854 0.278430111103354138713 0.3381865707141789023638 0.2912764110394954197858
0.2805158431055931878007 0.361861176848721155519 0.3634614721805605186411 0.3371831536062485645822 0.3069101894391086937652
0.4089525883898882940848 0.2732885904979975855156 0.3188056472254396367383 0.309545661587475817722 0.3390811208154233535872
0.3097247393150076022472 0.3770604191204936506132 0.3165023269359168445192 0.2858164029699807873186 0.3389251303808819559826
0.3366985760483939271737 0.3186251720242592178067 0.3219985186440915136963 0.3748750528639406831566 0.3302411325100273464805
0.3298662566571373133684 0.3726941247044940341837 0.3362945621173003551974 0.2982040388051483970067 0.2702423038408340860705
0.3518435133597987429788 0.3328773471894447832931 0.3555537475076346876079 0.2736785543013093291442 0.2854938800803029641528
0.3108233689576031522073 0.3421214757799481698264 0.3986824811554683933856 0.3332108834854409229465 0.3175405883189448275061
0.3291975317071655915413 0.323967639369930782145 0.3497478177279956246259 0.3469687564909657018219 0.4009393334840693490229
0.3391704123490413835817 0.3459487249810553333162 0.2889338307394135885176 0.3434687187101121974564 0.3682710979329167910734
0.3361324647215906402664 0.3296326677390742920792 0.351079804707324971691 0.3212119941911349974006 0.3091448252190273082718
0.2826461436902784063463 0.3126953601124335402339 0.3226318011127698448526 0.3172162023926030638421 0.3293024085859701521883
0.3245445215504180191957 0.3953411236164310893493 0.3235537284571374239128 0.3546823564091720615288 0.3279265172403091344044
0.3524604307184366902561 0.3722644982547880787571 0.3387906108225920420729 0.3426539338677619950246 0.3315104914532749358358
0.3254521748809414694037 0.3329026331997241294758 0.2752352074848011254105 0.2897393225384090609253 0.3062799498250978191827
0.3706349895315065867685 0.3200607075863255435166 0.3147824337935913874276 0.351109212755254251892 0.3223531960204276125559
0.3060698005846955727094 0.3320096150219695174677 0.375324579399417379566 0.3294612104477364633581 0.3145652477819528280989
0.294495626778016994507 0.3124917948238446485654 0.3640250841961197303398 0.3101119241036028317815 0.3371081374602171165655
0.3260487915498775923773 0.342519663385810135825 0.251157705846299317276 0.3345031250212232576402 0.318523255600247134911
0.3106725074553108312259 0.3269084490329929870711 0.3342816355833803654285 0.3144061986860789414955 0.3373153842025102822078
0.3172749398923607189182 0.3079783391995549735043 0.3389359770497545887302 0.3489574421748515287156 0.3327773259125690885618
0.3172498118690862956015 0.3368933939462239179896 0.363291380864683211005 0.3301893748148956864163 0.3500697993796658691323
0.3491266190614227271638 0.3415454993341144884766 0.3620568194618004054242 0.3567376385365302882136 0.3003966881056204796252
0.3370443071138264912179 0.3313247685877602211058 0.2967221318321346945623 0.3127147312532499445759 0.2973993655283552195456
0.327206051780014661734 0.3398742973705728420697 0.306829927580829553424 0.368484626964297512508 0.319157150081225526872
0.3085427146896494998707 0.3551581557208789430291 0.2837325436467530992424 0.3160789229069076444745 0.3137223106559181573516
0.3592949060580268305642 0.3672835638150011572378 0.3475113968582068113555 0.3090534871306788167189 0.3638125225545844054764
0.3546912013183062817312 0.324856428842000555246 0.3362144699127339597666 0.3380266693117888188169 0.3567959153028768537474
0.3098526850365668772191 0.3381075356603004955502 0.2950670700226239451247 0.3272445240955229039947 0.3428143444212009560701
0.31711580361899571745 0.3547764858719180680602 0.3562126814448837719418 0.3509047007133401785417 0.3084455975103272962201
0.3568798685616238475227 0.3178380816556696242259 0.3812260598611678097392 0.3676005507740980338127 0.3320399828746542492119
0.3192438847186788164478 0.3472842159327392264068 0.3484784183560748482833 0.3419023128417293944104 0.3052775597612867874986
0.3191193771394900680072 0.3438793781202069133052 0.2879588747552278560349 0.3545248289922106610383 0.2910015249141998938676
0.3485026119833630198208 0.3414544326718456646041 0.3145349076758958695166 0.3488341141258748945297 0.3078700113331810372941
0.3368463722932278914257 0.3066849496988672818532 0.2580482478154788594793 0.3052537803310271802282 0.2693159417245230002891
0.3440307215511958505161 0.3137776400284256750339 0.3301362665148945829685 0.3182097066983960442776 0.3703112114129362142378
0.2902881121847500911493 0.3447927605321146615758 0.3069346281179269331219 0.3172881809767886251983 0.3436807464812658419184
0.3582345592556001045992 0.3501942321207716646292 0.3051667769689881959394 0.2966864206286984328997 0.3212192128291653236971
0.3117554573421298380609 0.3432675079729219924651 0.3528426745827987764947 0.3030750477159909750391 0.3450861954962931577029
0.3484699609625435123839 0.3310982471316155639762 0.3110393859835232088784 0.35926998682284239095 0.3401096069290124312978
0.3121867431179812246711 0.2815916142649847464519 0.3228737680480628924329 0.2953601494890203404964 0.3237017075014852474091
0.3258155867172042863267 0.362443736630796597975 0.3534868764093382353941 0.3294121686104338753154 0.3391985154220603093655
0.3484144133753984684532 0.3163765659711496036621 0.3054900058166178933305 0.3116314119838572982424 0.3610911789877885857969
0.3179481866173962112398 0.3465017476848575306292 0.3163925742916715022623 0.3097874170887701117394 0.3209073214475479107755
0.3201972506597995371536 0.3179090275711606849995 0.3352448600137323819759 0.3584942902312557300171 0.3211967309254926683515
0.3047699897772052080036 0.3587912190366683296006 0.3729542277522322479832 0.3819387803550347570969 0.3295932904940893082291
0.3254938966941006150968 0.3216166302190529568961 0.339911726189374152618 0.2944422373698609152193 0.2829455281425299340015
0.2895645741719456434105 0.2973006689586621398291 0.3085458190023270819147 0.3120927232673831319687 0.2771244150039811615649
0.3123397069404668102699 0.3121431779071281997773 0.2770070575461026085584 0.2734053907101930969148 0.2814469621655049103026
0.3443304810363035373122 0.3079086213326241994181 0.3224120294572817013723 0.3228326817001032078558 0.3103266863596891300681
0.2818947951560323295084 0.3297384671608147854727 0.3195560839107473571907 0.3485627632401835929166 0.3378750998028641761017
0.3073321864061909769461 0.3548631124689665683469 0.3015724862881584700247 0.3139522944117458802538 0.3746577301731443543353
0.3234411378049426577519 0.3251285342268611100458 0.3050711638513680101781 0.3067677785245064847608 0.3081290255060804561538
0.2992013110995364044697 0.2913428074119291388833 0.3519416206733074203861 0.3363173202428119124008 0.3456559413051837892361
0.3224490792891156476507 0.3012029064679520029557 0.3344828838216593602795 0.3210904578757444727266 0.3104220879670043786724
0.3142357563531203989982 0.3417404480597161509081 0.3077741389952703965349 0.2920553574533408247582 0.3027478071665540282353
0.2979338525025878037233 0.3401900808441855050823 0.3662823056593975667994 0.2970686719030797284802 0.3339267803018368674373
0.2997888367455814884188 0.3488208349648208583815 0.2714895233114335004743 0.3416384349190327296419 0.3190449348052929456898
0.3192450515100824226522 0.2867535997934909652862 0.3661440677696431444943 0.317256968089216551121 0.2998679205976799710953
0.3455674967062906666193 0.3192880815375065961526 0.303366884793500934947 0.3445681887532223708348 0.2953744956388846265583
0.2989845868275762263977 0.3428963528409718630741 0.3034123263686374638581 0.2957792488760256355285 0.3152511673905021294395
0.3254701641997522210126 0.3227071330727597775478 0.2964555763702443336172 0.309674153918146455311 0.3446182951822428508493
0.307115008302982495092 0.3080878921332025344171 0.315153732738777891953 0.3103374874925682314064 0.3125207831231287536333
0.3119070725446416170179 0.3447147199781991355749 0.319345217246023993507 0.3207802412354721632859 0.322072304051598146124
0.2249458422700122695037 0.326903598909734860456 0.3110972834908710127344 0.3130223644994366005712 0.3175005787129854262218
0.3250553093291372874774 0.3444142161454950556987 0.3454072077713735700044 0.3438742916709294772382 0.3117412331918540946418
0.345384886612073060963 0.3395278124777330597261 0.3119003949574495337949 0.2880591791093014553127 0.3273733953144375430355
0.3360601611027751456362 0.2988652363351020913029 0.3510668901475875736118 0.350650784440780960427 0.3352145156605570441855
0.2938708993970080562974 0.3101300299620345923834 0.3518026309685678421069 0.2742068075008770033918 0.3038167228259972540982
0.2710249811793563057272 0.2731399226721061279655 0.3085871396237909736193 0.295338890776410178951 0.2989326600502623110245
0.3200023571250587006709 0.3232747494713526514865 0.2735711472829854828959 0.2969001088521793230157 0.3084122755416421335362
0.334952918246731512486 0.3077658210349751288781 0.3531800639286450937959 0.2950217423297247787417 0.3036919707381435795668
0.28924874946977602308 0.3111111821882832084718 0.338129482096952538317 0.3718628760851541148469 0.3182929465098316423877
0.3282924233595672092179 0.3223490042890705398193 0.3108153917111665109907 0.340831454645210529808 0.3336586883786141766173
0.2871834779919575919571 0.3319453564796159827921 0.336409680153177681472 0.2507901937182199780807 0.3391584122314705296297
0.3017124623185715170948 0.3291150342094903424872 0.304138460294627543945 0.3347886743376350393575 0.3131672964594042207764
0.2943394689921152163059 0.3195491444039381123687 0.3243954818419815810948 0.3342154562194709077616 0.3563964210530969900503
0.2877165396563927668439 0.3013765965540924351984 0.3459085369889590699799 0.3231944213498256224248 0.3124488751840251987701
0.312318775087881028707 0.3120621284249230353858 0.3236199839808715505995 0.3451463285021054705481 0.3420603556367523001569
0.3254375667616956624428 0.3189416063527406586253 0.2847202823951641703637 0.3179514569158081171985 0.3175498348433562489923
0.3211076973721487815006 0.3271762783927651963012 0.3130130829480440857182 0.3007752300923152710688 0.2924368303287569470506
0.3313446070351840910817 0.319973777482939480965 0.3069990845635758858201 0.3041342952636979513059 0.3188235752158201652406
0.2786617412845328045634 0.3238374774330444183512 0.3141558522979444600942 0.2692725409000406022741 0.3002378502220052203242
0.322446536775547021314 0.3202082820832533038846 0.3074635764725365261185 0.336469129547556866644 0.2956650390178620635417
0.3154033739027691796153 0.3224371219558540002659 0.3653663929890399453271 0.2916354203737745454106 0.2894314465845212458461
0.2954895963275336878695 0.3223732210247735041619 0.3373067170366332301334 0.2841581192190513749374 0.3050820765190939143352
0.3100800748800688344531 0.3790521269983787022717 0.3545970316584016179817 0.3369195519218211587464 0.2393540227395661856846
0.3263469084586149149274 0.2884897176812849517447 0.3010254720911054726606 0.2835807949563496355161 0.3286455535721918286285
0.3214808896835784635115 0.3154389236322159839609 0.3257982672782678279511 0.298697508888874696531 0.3349893572458312873685
0.2726030437263768368972 0.3352116385283813726481 0.3397639731470977753069 0.2776704558622102858578 0.3274530290723997039137
0.3449275973262631023175 0.3273291704612365515814 0.1776289076114141163298 0.01935334049454622007413 0.3991393057497422125479
0.3143615688947592468061 0.2589221594737716736212 0.3045907560394107149726 0.2766344244308476252314 0.3801455820621705838924
-0.01752005641595764939833 0.2866198725786729406551 0.4099821012629444316744 0.01796641808563670741905 0.3503353367191074374531
0.3458154953202869363871 0.3774507123987236312246 0.3466895494893779128276 0.332790983051019839678 0.3096471969550267377969
0.3664594955493055139506 0.3352401872792913350985 0.3031209704787390379899 0.3440215818431890948403 0.2720774347952808480677
0.2156932957415722273975 0.3881098315670107878894 0.3614119240151744683054 0.3786164150752005519429 0.3815128043797570978057
0.1610177642080719839779 0.3372733660756878637521 0.3435254122791198128084 0.2579714497821395946531 0.1602522819750564486707
0.3676603188167575364531 0.3569377413244689267735 0.3386380582159635999062 0.3438169856135521729179 0.3035837200076552666594
0.2950569770970734584381 0.3954384381468562525974 0.321734063177432361158 0.355321677020103865452 0.3605739405745154724237
0.2816373841237951314298 0.3117890379967934721961 0.326001474262470891663 0.3395747921771790078793 0.2763297730845549748935
0.366708804392173681741 0.2875354898040968776307 0.3232385468857320587333 0.3504953270984215163431 0.325758282472400795271
0.3656112216718754304168 0.3348848807094924051597 0.3220227083975156223694 0.3681186037328558757764 0.2070393771344173627913
0.3845237992643774083135 0.3233634590896157789963 0.3095712146503662998143 0.2265337917112073551351 0.3084869956830192938568
0.3701085490060499472165 0.337883980610029333036 0.2867296416268336756161 0.2187864089428707692342 0.3673947412491514463717
0.3498232862911853091603 0.3692420863273700448737 0.3404243699600647543591 0.3161684989000465018094 0.3256385222816519098288
0.3832226702914648397424 0.3486209123155545319683 0.3166326013688745000252 0.3706754179619113354072 0.3342914310658295362622
0.2960702886580418025098 0.318804710139047375872 0.3608632274264507167061 0.3300740745496523742553 0.3636791667861866139688
0.2984296761337117409596 0.3134104339451505016889 0.3436395712939378510598 0.3146757442871079835101 0.2925714784674192103786
0.3180961871240707283803 0.3905615978527690046462 0.3109233386130918486145 0.3397872019250235964272 0.2702899037372430424142
0.2836966490423470932392 0.3472570662452927892083 0.29013924230518994829 0.3577066440761710319762 0.334149627987513464511
0.3503072866972613552683 0.3058652952925857149147 0.3363290439010914734119 0.3515518361697959615064 0.3438515850279663665923
0.3038161028425902521199 0.3659661324285430894498 0.305521555931211941104 0.328779262785903136912 0.322472191319122358788
0.3152024494121980491279 0.3694637423794746022843 0.3648264487280745149711 0.3457795478997904292662 0.3707200762322776510516
0.3276835218317676878819 0.2941662484102183783286 0.2905699949014206584508 0.3896237051436850507002 0.3087357285595979661252
0.3979997470044753793417 0.3387927031553433776523 0.3035235513393113593317 0.3405307035708756147052 0.3189024052202683590096
0.3360998786441921626356 0.3683725501810287683568 0.3915889755399751259723 0.3621500331602178768264 0.4041085655437928192413
0.3944030114295448696815 0.3582465053304160207404 0.3687879096162033354389 0.3394714264924378888111 0.3423147373969193663079
0.3787861397412031205789 0.3808829700613414748211 0.3261909156016360999963 0.3650461043550283224413 0.3739944491851132646332
0.3713520107041636264533 0.391097048193732921284 0.3685143692630223344331 0.3610755777809227518027 0.3597611245653469236316
0.2751098011076232863203 0.3477245235519863530982 0.3296067437087885076963 0.3526832781915067438483 0.3282616975774697576362
0.3500164927679907944658 0.3065813246455595941775 0.3524391838900603479701 0.3348940706275688738991 0.2748480720239442898212
0.3330612322691624549442 0.3466471516954618414807 0.3611923260344475639094 0.3309397680624676096883 0.3792386984541888383937
0.3474216337510718788373 0.3377025752213298481763 0.3437710321253439893496 0.3875748942532329377464 0.3300145004928795033905
0.3422014410954386520736 0.3509595194211182489497 0.3537966527913893322044 0.3074187714077487032505 0.3130504050716933495124
0.3243643363789592282131 0.369798841676855949423 0.2981183056665530628493 0.2962288663335501115448 0.3083600943659449700185
0.3020158534901751234969 0.4024453222587639489305 0.3479511817608759716158 0.2942397192740621170159 0.3596642299350423788162
0.3296749521999376986159 0.3485594202733193203159 0.341185052366601404561 0.3261773989087995428982 0.3656710631451757786969
0.2822453211823813257197 0.3376703068601233925783 0.3449461943801938046406 0.3990950445886025099718 0.2855687399080815702668
0.3305419179854698907839 0.3209099884466462548893 0.2843106916851486087872 0.3525994448705631056917 0.3959356805782828225837
0.3196686436693143007481 0.3258764180047232228432 0.2720550862767072697324 0.3271757795108178878962 0.3425490165539946674222
0.3484186001016443823275 0.3324556475939733912739 0.3112363800005770730905 0.3110460986685140705177 0.3470714640491812108536
0.3906275058550143230995 0.3585855860745257861488 0.3320978614785696780842 0.3483905773643347081325 0.3071705943413154948907
0.3346000772429025271748 0.3276744968936016189076 0.3264219125860223225111 0.3641042167404781593198 0.3393335980296223741703
0.3214997908882243349282 0.3853671752496627411766 0.3811190280530927232405 0.3484384323314117515302 0.3263522724343860814677
0.2850201540134281730232 0.3372042381145463063596 0.3476309573257866381013 0.3474520680473602851634 0.3738498260479005130819
0.3426457970443627654156 0.3265778455101104871261 0.3288638015526963997992 0.3533472445502967573816 0.3403125551638959689349
0.3068744303005823681474 0.3759560512139561438971 0.3509945523804250400168 0.3389538410107204580157 0.377325056493448662831
0.3585107989361057678757 0.3576685922500014713776 0.3361562323458740508819 0.311681072456481411681 0.3703923633939815163174
0.3623471736336551507485 0.3510856365611533247417 0.3202740220940801796345 0.3390677365750206506689 0.3278760275403681534456
0.3801204110566471228161 0.274781656901393500636 0.321645514162501588995 0.3127337537159715075141 0.3373120437101771451616
0.3704708715116113437738 0.3479471745502984991738 0.2593549774609995028918 0.3560874256517934655086 0.3244704933285921799602
0.3226869637138293223089 0.3671658008679168361255 0.3383447921861106322261 0.3472048493907923805146 0.3133678909387194733149
0.3240964230026168735321 0.3224313084540101348452 0.3307476204461036739524 0.3438206962403305144704 0.3054917047640017258026
0.3204446633373834174563 0.3569986336627760104001 0.3418116657645657863185 0.3521121818120780400108 0.3658959648056301916519
0.3566479607992130151928 0.3521578956633306667356 0.3200396550784134763745 0.3006237882055999288688 0.3441394927729674035888
0.2920716708401400185657 0.3172966581382337114547 0.3271057203325170026353 0.3486931231707207645698 0.3071210169051798999362
0.3258644227809943672014 0.3539900893437222806348 0.3106626529334950981287 0.3185257515320832344408 0.3438882149567491497422
0.2947286486480999445625 0.317314432207090602045 0.33842429776400656527 0.3394381570486724730706 0.3558655896912062965853
0.3403689021621201238332 0.3018248106030324562354 0.3218998568140518101721 0.3125982282355622143832 0.3450878113089189680451
0.3120481887276019827837 0.2906099918538960213965 0.3666353019221338938038 0.3074032771840952138476 0.3479935874508517379411
0.3297747931381270758422 0.2999479599235081450637 0.3323388795641907811351 0.3465896329147511445434 0.3504790315273566547738
0.3760907090062078350634 0.3454625312589674202002 0.3219980339413781589286 0.3336399397036702296759 0.3347057171893773053206
0.302234222813115183115 0.357863993722316087176 0.3535973388146327889281 0.3331356190991255905587 0.3145307859598828192915
0.3465608556928333472413 0.3651367314403107244836 0.3407911171928902360762 0.3615755822962013477095 0.3521127136823960501744
0.3451196091024340550923 0.3065488680479228622566 0.3112814630508703994671 0.2996929119287279341677 0.3287641505095690863669
0.295233763740107069129 0.35281982607974582411 0.3020927906985085287239 0.3424378280470977142791 0.3266786467718033049046
0.3169620554218319230522 0.3531642766200915883879 0.2975952912590487664524 0.3500355818330411761252 0.2960841309907027985027
0.3494894847023123363172 0.3376539006782591778588 0.3382939436415603462471 0.3666978897489384103814 0.3140223712232262376354
0.3054798230584285234634 0.3287064674470940306428 0.3149481452421488136828 0.3954831633724333883606 0.3380123166455318295398
0.3503820357472510194086 0.3387072942837470734823 0.2689892392175949886735 0.3394033314502121756462 0.3354385741880152593808
0.3045078767187469059863 0.2764227822392573696852 0.2978353161968857465425 0.3386238175594311616834 0.2795921757079402047985
0.3467780730362854946236 0.3389954314982282501667 0.3488108443591811935747 0.3392339185020897818212 0.3403216816624158314042
0.3517273789577664566686 0.3481345219219990072546 0.3032795907021059167441 0.2792519437330207021652 0.3687821426533613444754
0.3499464262221113064477 0.3397682070685617561345 0.3389521489784788621513 0.365959668176210506374 0.3356269109602550981819
0.3402282526501083093073 0.3231930641543658278003 0.3920467027418041983111 0.2914017630159322913563 0.3084644924915956321065
0.2412523352524676145681 0.3146355684644157046925 0.3557460836450428987021 0.3026550120459211568047 0.303756288394580908907
0.3208497827054715423323 0.3178523482956917001196 0.3608364000176760844063 0.3478284706842243445557 0.2884218545109166198515
0.3123845022308784913356 0.3559491260128094802795 0.3383887896497461689194 0.2988023775214777022491 0.3062636202495371828824
0.3205368942398960641071 0.3337977139718537045177 0.3738329226902958324352 0.3014974222452276308992 0.3373259530972204656152
0.3295520528389986880669 0.3206644588384112148916 0.3267540168071807471506 0.3250254199183627012992 0.3059518247663751688847
0.3550390682335901604283 0.2881057412392784011779 0.2815434734888843659739 0.2964783195695849249418 0.3204260990288881894017
0.3163593941084626437465 0.3785081747785788985894 0.3258291205314759464429 0.3344458762771939652758 0.3407578363756296191411
0.3596092288489761146231 0.3036368279895239052912 0.3084644234508510107773 0.295576342823808901894 0.3270804280678502040658
0.3049682268338387847173 0.3019126164085787489277 0.2638555734098450011871 0.3338565288397757901961 0.3149631497619845843516
0.3347197716955571111797 0.3216659997086541711298 0.3154624323843449595905 0.3424376240655972458704 0.3209274547726174708906
0.3155944640616415997059 0.3584561315223870892055 0.3352495923090944573985 0.3344164606590634969407 0.2969372164307701456032
0.369126035410125397096 0.2980646443318155647262 0.3380441313188536356371 0.3257929271866714104888 0.3511525026619323752719
0.3113144250726477268998 0.3178860910542187778738 0.3543697340991353028627 0.3398679218416945091441 0.3107553790997982234856
0.2925181681152538848423 0.3139378281420608929331 0.3426069081189611065241 0.3209566318716866595295 0.3431650297952027472981
0.3059991707481098388577 0.3239074442312185331261 0.26372837436287777102 0.3861082997470874911272 0.3156168359710594395473
0.3020629335595971243222 0.3263487854850877223356 0.3225482014870724167821 0.3575700419555793985182 0.3231692718884853765537
0.3281187993646818568116 0.322204193740499189591 0.286945583689391825466 0.3603321063399972379315 0.3174669892828775319416
0.3398265041786205364893 0.3426590864246146783678 0.2926324181055534046081 0.346239397105055246584 0.332072130273591559213
0.3414152718726813362515 0.3579309632941017338403 0.3159155249271122234411 0.3175996096902446996779 0.2989969160575292606019
0.3383249013290458573344 0.3282940017400118870583 0.319266424446873420262 0.3139600708989433441864 0.3575990933417036998776
0.3094184378000706669987 0.3371802028813928320261 0.2972483725815073807297 0.2869469170222518350499 0.3375555761731997561625
0.3557213668278090823449 0.3424157659450885460295 0.3248917381556330474801 0.325900784361311368631 0.328553457434746232213
0.3069397660353511136933 0.3085019362536253750839 0.3102720382899702422641 0.3149075398568843553448 0.3613201124364698868519
0.3399250294399610017315 0.3219397557145203814244 0.2976996681605827976824 0.3123193025857174953686 0.3258850605328941774097
0.3074519193485262258392 0.2927721791647658333702 0.2876889833258025608309 0.3184862786775016774143 0.3406932085769787676988
0.3239909241739314382791 0.3439436431878940547691 0.2932048858884443442996 0.3238991391173419165384 0.2778988965841952540892
0.335776105576309769063 0.311223434404499899042 0.3398650226595429924004 0.3184320856599775484419 0.3395883460103946704933
0.2674081097201537748909 0.3276986537564916535104 0.2986260136386669206132 0.2751641592978588679586 0.3650773342984585667637
0.3358753613291612927227 0.2760926457653083976318 0.3363484329344718637422 0.3081921582865354558578 0.3105757887658572857781
0.3352806568474863690987 0.3082002803899041576408 0.3471710061773713440481 0.3233730987041332216592 0.3189690220507328533017
0.3215310419902753236165 0.3337274486948000884468 0.3461790360742465488819 0.3357267277525025628293 0.3010535639826040221756
0.3375994839907778821697 0.3177966583749707862872 0.3167077073563844824555 0.3129255533280385082051 0.3367231126106572935974
0.3191838510424876984573 0.3090680319841777601297 0.3318490017279048243104 0.3470839667515805970766 0.3240490594950481417769
0.3585988174578369491741 0.2888125731740267543302 0.3300516648661007135246 0.3352986482932863721018 0.3236782187320954573551
0.3215869051238989806407 0.3404257229570568643595 0.3207878195652580921582 0.3191725176712887912522 0.3328140556722558596192
0.3166520607940838671901 0.3250905044164472679213 0.3224008357001084679183 0.3309881978824096293579 0.3601147241888970618184
0.3035342896831460524076 0.3102095901307355685361 0.3253879691146914221456 0.2753166027999315312869 0.3091601485831876883204
0.3279400991811438625945 0.3251795278553529233712 0.3398910631127343706659 0.2816115657742609967862 0.3275850321556257882527
0.3060919471102965805365 0.2946558673168383490903 0.3479841927122284683804 0.3098801285471015631856 0.2818551445429768320672
0.3249206543738284436174 0.3134949747276978282429 0.3105377878444552375292 0.3079856390206905381035 0.3433942120496999983459
0.3394631645494488036974 0.3362162023455018688978 0.315220759745838630117 0.3371666357963776783357 0.3274141044183055959671
0.3056609425715618444386 0.3047963926034648052266 0.3304375172678226113554 0.3251729341670397954722 0.351531015437462901474
0.3194390494974513328152 0.321387276769267926646 0.2652458923188820705263 0.2939742775917461026225 0.3260551688657502000801
0.3123553498493508717715 0.3351134728121976102955 0.2837934355206178649311 0.306249242438514257536 0.3500343145234065533877
0.2984823473609453103883 0.3205453196070617294389 0.3186074704824570780204 0.2928987410845575456442 0.2955294117376848217482
0.3361792284724473556246 0.3203288812872878699167 0.2537430542763158825004 0.3069459011339040754862 0.3403455083900359667837
0.3236953385438983143985 0.3467979942721144959172 0.2985549014825288893782 0.3237217637962823135744 0.3610570566552108173752
0.2950490588202313024802 0.3175645593361940410837 0.3146536691829084908534 0.3103813577163931358704 0.3533727692353088589705
0.3296814475219532192263 0.2942990943699485550944 0.3370045748869833768246 0.3410521855057896956076 0.3038040969434540050642
0.3406143894637063684883 0.3341518087578047579989 0.3177623090593403865078 0.3230678488009237070422 0.2989750138112688970793
0.2899300158531858961908 0.3020139455748231394061 0.2857787212301278190196 0.2910794657868714940818 0.3118948133616905038501
0.30071337155439231692 0.3409295152547549556665 0.2906714318592897861038 0.2598429149459910436626 0.3238121402818985306027
0.2959827103200615705525 0.3358811822026497861948 0.2850443096991870373103 0.3027445889821506752604 0.2947918779529768440462
0.3249693027071983153498 0.3661072388770897911847 0.3307439570284596563887 0.3020779776051065734777 0.3351653149862232061729
0.3058685195518902610878 0.3058168429082545047848 0.3496307501391867078588 0.3209003190585467679696 0.2968243345458310145091
0.335714253947384133614 0.3716813177574904702993 0.308909991013910423252 0.2767928955945439528641 0.3470647930162470973237
0.3159269302145393809589 0.3375248994669853286332 0.3099873863780625571351 0.3128615051766448496018 0.2926050484845300614367
0.3140667240149689343198 0.3348012465378318869291 0.308761027784037467292 0.3223742003025852898013 0.3408459862386855054872
0.3077858479033622196575 0.3911682051569195794904 0.2933284829110445190992 0.3744899007384500655427 -0.003378454469020443929478
0.01817865649234252575783 0.1090324731775661609712 0.3445425736338595390507 0.3352612286778018924061 0.2338061822581607440696
0.1621382269313151047729 0.0629926229533761400381 0.3898472396761735181414 0.3516655009687149058273 0.2837155665332936060885
0.309752778863335853643 0.2013822900348844757712 0.3667393551861784506407 0.1795684730983142241012 0.3695614352482118336596
0.2927631858101406026051 0.3614971728174949938683 0.3185283777340609523421 0.2647681505632268894601 0.04136375779133613650451
0.3498803826513958159516 0.3920532515942198314995 0.1771392340890542982379 0.3611439201009136734655 0.2830519302519300950394
0.1992678517345765898394 0.3349780392762792269323 0.4056452990301066541257 0.3202422181950285162699 0.3532727265909340053085
0.2495186875575269858096 0.3502117474259971441342 0.1653296040367766839285 0.3407229174529634030399 0.3556517661592288881423
0.276700714813049419849 0.3113742525180549503006 0.3529213752932716663402 0.2943518795598109583089 0.3159720072445274530182
0.3686943829765033653345 0.351284409475039860471 0.368826288736587570849 0.3064008065260513946626 0.3417816528496995798214
0.3483948114572857912563 0.3703404923991698294294 0.398943200935896025161 0.1021539918784896555648 0.3443283157313870024296
0.3467764028670415887845 0.2951952125285813854916 0.2743421183284884268261 0.3414551579736611053306 0.3688296708791113376336
0.2139935840318216708766 0.3552056165382755925641 0.1772307757544957229623 0.3376664837602448288045 0.2941332956984235025288
0.3334840944959471809028 0.2986062162608684733556 0.3648915707803861430136 0.3665455457680623641004 0.3188269603247998462692
0.321823183426652448258 0.322635802281105610323 0.323101899563977335017 0.2841676763405042716037 0.3485941695425304187594
0.2164569871147462298833 0.351918772373085109173 0.3293107330285618417065 0.1805468429396882290572 0.3370902540315587891939
0.3355388157587554376349 0.3403149289592139470351 0.3004461886644260171231 0.2927282963520081993103 0.3513080507562106880037
0.3287893871929078448701 0.3036542516052223583678 0.2712451150060720128643 0.4136814525965085698189 0.3255961025720358614777
0.261859070356720624595 0.2812341003808163097943 0.3181400565241864764054 0.3354008498206348942716 0.3893836711847703524469
0.2993277941584709944678 0.2859368155178681480955 0.3722143855888068730842 0.2996590451761372841943 0.3374255554097266851521
0.3415999920035510117877 0.3802487332296597966064 0.322613824328238041339 0.344959356416715767768 0.3028918298431922950797
0.2967142781223120473477 0.3043037435947650859447 0.4038634009822679726831 0.2899408512421339789711 0.38812206110626767952
0.2463527595604827480358 0.3886489131705789246141 0.3422043406728308978515 0.3231729700489056611445 0.3143900006160171289871
0.3633244985520320824435 0.3353000095204104469282 0.3672646863796382166178 0.3274241611279644637023 0.2834325577015593955466
0.3401898203207568971429 0.3588572430713992678086 0.2968547268647763748284 0.3963819173729387634886 0.3970890739410972147816
0.3564247853379873265389 0.2249577180324690561797 0.3599062743637223005244 0.3607557653920354101551 0.3273253842360345777784
0.3008932401065321782241 0.3491379350071465159644 0.3236377161546808989279 0.2950656979546716351948 0.3734378434432535920351
0.3550629514256604668532 0.3720932002118657599965 0.38057189639113470081 0.2540044061013685960937 0.3330523143433139487968
0.2930872749923314479759 0.2914452531466321105746 0.3130363698562889096522 0.3854485931211032445631 0.3280681868156251068669
0.3716060238810632299078 0.2966120485711605803125 0.3640599253524480216626 0.3791584197641340026053 0.2982060055857193581197
0.3177860719745874695796 0.3409238874568519261921 0.3524611649840472815676 0.2913871196767823801288 0.3188807500822351537195
0.2955737383030989651189 0.3352371230994740103348 0.3414866181940447997789 0.311924729905315167855 0.350200723858841322933
0.335925888446886034 0.3915627233298140663642 0.3083227506830235054025 0.3485855025657438321929 0.2554108796896049637937
0.3263519709148648417774 0.2379343968270990761216 0.3041632223985516469966 0.3385656238434983644758 0.3491672872622697543221
0.3661441010326392242469 0.3134356628059780658369 0.3561424031680219814966 0.3919666439811543834359 0.3348244468696102704719
0.2749519709066002848274 0.3385795350913902157508 0.3048566348745720966384 0.3628104618260337144164 0.3135286317421014379292
0.3373603324980133932876 0.3540556988219135670093 0.3185007462222083085557 0.3655412044641412339097 0.3442875603615083712761
0.2986219278839865598485 0.3635276187878074827253 0.355418136913089266482 0.3522363564459182749822 0.3493109685640189976397
0.340086047641428690369 0.3318571386380568255525 0.3783698339825097844979 0.3863981362652869067098 0.3314895892804781696306
0.3509205261843810208511 0.332762175636074186702 0.277589185310541275431 0.3167332224022691988807 0.2823962816219171556575
0.352428527779120204233 0.4017404592669610030597 0.364292007022722852394 0.2812000633868531607185 0.3205063341884409333638
0.2946434787921970999136 0.3586374428308526929321 0.3263491273409888648871 0.3348596785948481091566 0.3191601137373673569009
0.385591149769842989059 0.3175648626195320400889 0.2977104131676446829857 0.2968047750626748304548 0.3382782389341196238597
0.3726604571426754830554 0.3689703795139490649646 0.3648060796833774710457 0.3229088137176600592504 0.3262734806937652165537
0.3304137424893731633802 0.3398495988580530480228 0.3129871150478780172932 0.3074824961706543735573 0.3634387678546709965488
0.3306475489964868508252 0.3535383683710107693976 0.3067457754869726826996 0.3160752771164396790482 0.3243400169038811453603
0.2997040127728640146465 0.2831192439813048356001 0.3577742776534267865607 0.3630697469288113876651 0.3247144641177835411305
0.3245590833264814789594 0.3376740854021052506972 0.3561081989520245572045 0.3238765008440174231197 0.3086981326987816021123
0.3264917174544190170415 0.3171250202438280485495 0.3291580717011833301378 0.2683387599622358288265 0.3298841865035345155555
0.3416500415117362798867 0.3196053637779112110984 0.2662469120663896737788 0.3612915160951821746949 0.3424195767956656477615
0.2917817337780860276197 0.3112784309664853310551 0.3534844893509104801765 0.352613268916256272778 0.3388769796748709595136
0.3257097428301420904972 0.292916542624008624518 0.3295636442058353932083 0.3446232920020425583019 0.3413718880945078026912
0.3355379851700642790391 0.3292451590720365528497 0.3427601140750067831853 0.3446359901992062102494 0.3357467318453847826554
0.3165315635490646428707 0.3388135873250786578303 0.3152618544054401894527 0.3427336565103380472408 0.3509312878542894531542
0.3016701604883300635862 0.2883355532913509655657 0.3744344261690600306203 0.3707242953645853988931 0.325475028053487547286
0.3195107047270817068885 0.3312434652235013987642 0.2737017825952355321029 0.338931231039268643368 0.3433144550464067856765
0.3279461511593763090033 0.3627959145603444901518 0.3065036611068006622283 0.3487622110643015527209 0.3309995236015699782151
0.3304785735537555946273 0.3248010574333317079798 0.3506351594587112097123 0.3508878721865952843295 0.3270987133684044034787
0.3412254475719439517079 0.3301714748417072797793 0.3648608342808026261395 0.3218445902645559186794 0.3114601259391209242544
0.3488683685916096899327 0.3369581645071039743833 0.3660343124976487283462 0.3355760384810160257274 0.308736085864883547103
0.3468146488284281070413 0.3603349120490140777839 0.304083801120714813937 0.337235315663489132465 0.3341361422763427513338
0.3346588721127638499375 0.3398141528719315629381 0.3684096879753872566532 0.3807636590005836763062 0.3162720687951894316114
0.3304323583656253449092 0.3645316864615730789723 0.3484720086992729171094 0.370394199389720402138 0.2899687546199192222929
0.3623793233602690122552 0.3543248049042879710413 0.3530615981913013401439 0.3407055756515172673105 0.3502457119227087578572
0.3060955366004322608653 0.3175788715560102781765 0.3020070185923485195367 0.2770836244582764451572 0.3257513447808617068624
0.3608314253682448069505 0.332751650320608549638 0.343454763570753052182 0.3585342964377158381239 0.3253762154548882068461
0.3415297139488473465718 0.3408289719901829162296 0.2986185974852371138866 0.3275718276106002746495 0.3516192178814631086325
0.2843028419576624776788 0.2973063195036287353901 0.3486116071419772532991 0.3125439489556881000887 0.3486562570808514616161
0.3273100653245970548255 0.3176568571983914290868 0.3509755132695542290122 0.3453814911923444586073 0.3487551576032061895205
0.3427166395497875939213 0.2937615614457415036398 0.3382604429191894968021 0.3583982434296315577882 0.3366322997521222215589
0.3670678701735359816816 0.3027769204221046339676 0.3167224418868199720123 0.3425345165647850076418 0.3086741902103314894035
0.3354673606567470933726 0.3261315786608471323227 0.3331359393850240047108 0.3461735515285253583784 0.2968822365796375817304
0.3041659602242930415805 0.3420113130640460297194 0.3124796715804497027058 0.2725614832238419382726 0.3394912811223946835781
0.3240616075136382168154 0.3011665779325958802737 0.3176046823038147226548 0.2973993548513699791691 0.3226660587613157105125
0.2970874646618413827959 0.3364642762728891067781 0.3686425057720567055597 0.3538066759836016039742 0.3481861125514780774814
0.3233909911913526724625 0.325455761790378272913 0.2883287296026595392107 0.3652456719214755009872 0.2984068854557945793537
0.3376000480738629017097 0.3687116120145844666567 0.3459441846613661719623 0.3593101953987072882946 0.3058961425310706694347
0.3491876419922489982461 0.2897101991419379629633 0.3263057696815975794458 0.3374628148941910543712 0.3200922100929815550252
0.3256817805257685161102 0.3049524195915901403353 0.319730117613364284157 0.335050780972401762714 0.3403671300777232899826
0.3320530947381938879914 0.3549810856948524273591 0.3552741091853705013293 0.3486001171292386069389 0.3452402129273369202345
0.3769146696806201513041 0.3428988163737695105127 0.342822551601418945566 0.3148292809605449660282 0.3326171691680933073521
0.3452453333993332207363 0.335230311152664106622 0.3483542313952864288851 0.3336181766550249672143 0.3327909497946024974802
0.319027578215879015211 0.3303314546632156734063 0.3656237946482294165484 0.3013787252314671372133 0.3145050484810453794715
0.3125724783978146015251 0.3075773910504137620414 0.3570085956949177741215 0.3530552588617904552493 0.3532200546971278054542
0.3345350896795785677895 0.3265160498642671327296 0.3174790951579604669774 0.3423049176673242932623 0.3662619863496658356716
0.339943881997487151736 0.3462954826568998001335 0.3738867389317668821214 0.3233744970716988520465 0.3078311792183212602936
0.3315561831223662325741 0.3682620992999585118888 0.3199573574924884922233 0.3103570694597743151455 0.3603372860728988325008
0.2847963166264028678221 0.3020432202752394990064 0.3041619360107549741024 0.3381625313461670834236 0.3400580199466382014251
0.3331336815844053167446 0.2862921015988796891172 0.3385031150457225579409 0.3283535778074347932787 0.3406918750461063738477
0.331728351068339089025 0.3236369283813102515346 0.3557332706992611948138 0.3753840128296355160842 0.3070098091546459295742
0.3552197616493609766408 0.3681677929794615056203 0.3367373177196646971687 0.3364957192761794391167 0.3546842220350636676329
0.3193913223541165469221 0.3055296893389197188107 0.2857938055400941479434 0.3255312952825874517337 0.3046402141969793975207
0.333526479811047882329 0.355662251490614922389 0.3389273915583008167651 0.2986885022861668348426 0.3330998594195913597993
0.3363302360251215206155 0.2946686162136427644676 0.3017547162898416845955 0.3253107372423906795689 0.3038128962915527808697
0.3308930488981603468268 0.3177035510914834604002 0.3285476333929672199119 0.3396779401644643425762 0.3377655426044550157627
0.3417998869584189525206 0.2664680581361464906109 0.3261680572110455811341 0.2997851041574960961889 0.3222131520506805735238
0.3659116059242435436971 0.3375709598162962565837 0.25898516026602474982 0.2850327707299690760401 0.3531953659044473337048
0.3112324679334311228196 0.3226864389706516900169 0.3188543360286530958803 0.3724160299766025028489 0.3076225885180618457859
0.367366729784758372368 0.3290679790966326567769 0.3280958064657479855697 0.291146620643875531087 0.3105612439776624378318
0.3025323164396069297588 0.2907019691713452758108 0.3233880117032385537179 0.3461244606583842586822 0.3058213892124770350023
0.314025617820996694185 0.3415056458030814034998 0.3651078195871092502145 0.3291937451608951681337 0.3093784815830153966942
0.343314872049344299576 0.2945910168171619880617 0.3393549970727615661126 0.313921547286560909118 0.3045411276084437068867
0.3364277739234908803923 0.35193256036727477154 0.3312826062077717237386 0.2865212820325935272336 0.3075602262919840956812
0.3156911506443523252052 0.31636534193131315984 0.2842433902123462918787 0.3210450664757834582375 0.3353492692533816543765
0.3264395787761007472483 0.3045052416782051962763 0.3330299134554405848796 0.2964951267630551168253 0.3315843558193453111116
0.314800229254733776596 0.336395156672740724968 0.3067066868074876939687 0.3362014858749751144984 0.2874975965631996199789
0.3222820926831004295643 0.3225288979479060125222 0.3199795941875313576297 0.2721726855757207186315 0.2914657750398319535634
0.3414087648088369730814 0.3554158261605224189417 0.307064052174594148692 0.3143869393864213712675 0.3526430499389738293381
0.3478165456820237477764 0.3287613263798097040791 0.3441517008996220483574 0.350187332611799684301 0.2632301508913032495052
0.2986702708432749098222 0.3049285801484735158873 0.3481117149069929417315 0.3370982518077725309524 0.2945873784799486472252
0.3254346194224689292618 0.3391999983928662421029 0.3155327525320861248304 0.328753162667991594148 0.3430374180174325382531
0.2799191581166358133714 0.3370516463537462370503 0.326645017869704568092 0.3281573575549848187372 0.3532758690020002534382
0.3064817472191562197636 0.3184621683982357676079 0.3618425918333076363176 0.3447385638656065287577 0.2798792537270870517396
0.3190837697507929449081 0.3480953835654995720539 0.3201834017580950653148 0.3583309024918749918776 0.3707981093190107491075
0.2735498746910681733269 0.3071004816370184187235 0.3211750436737805802778 0.3187511903129153223446 0.28296982766509976015
0.3490305478472726652406 0.3326970097900021627879 0.3340140316319800684042 0.2753249293249153129004 0.3395718806209622742109
0.308126633113062875502 0.325149726145855411108 0.3189281573256046442566 0.2988257593378264576067 0.3420932366776341937431
0.3492297197580592760247 0.3358113986193243527545 0.2873436671718418433663 0.313868551258272787674 0.3149396482088321347348
0.3372203220674607759832 0.3341435792340314292481 0.3015483887945090701876 0.3379327061979963131577 0.3189334688185689881124
0.299034821841552000965 0.3409197049552326608257 0.3378126166881125214125 0.3382209935146077706136 0.3331697795662991734567
0.327191321670529611243 0.3451217536965569543383 0.2999781466148168651564 0.3168131684928100488818 0.3233898004925381819419
0.3172897616729118408507 0.294613139690458825104 0.2750820324228459567983 0.3460663721611889620533 0.3197914501409171994517
0.3232670284906264401847 0.3010602790611616175198 0.310240655662266939796 0.3051555477984714825901 0.3297136806782569595775
0.2974122496784597502462 0.3349391494582347750253 0.2430337205985139137354 0.341087900605783367336 0.3229222527263779229934
0.2958391643508614388125 0.3390424963213949371976 0.3274456660735941548879 0.3042964390196195023641 0.2887645995595657377741
0.3021072214844066072814 0.2823135627579138606791 0.3537040995262319964532 0.3141893868930424882357 0.3321596503310608183845
0.3476780593212819847615 0.2880741902983067204147 0.3411914543946393263418 0.306185139106620485272 0.3137733996042235684598
0.309836526301519255 0.3357133775116354357237 0.3475007782102927378354 0.3074186259644783869582 0.2836972285123334769352
0.3214640588968059597974 0.3116524803245432906351 0.3321365251135520724191 0.3112216630227951918997 0.3015301744611746936897
0.3185507360292585965489 0.2978053064852374531846 0.3057623318303360204773 0.3235261329388498530157 0.3150637572293972787918
0.3258662815140617174947 0.3060738264969922739489 0.3080499571011845461044 0.3143388101355792940694 0.3153798182249032411306
0.3594277087789896629744 0.294923306819811603674 0.3322686239122706886029 0.3432307485069910901743 0.3462368487791278037768
0.3091244967078701777474 0.3215731174464154240589 0.3063967161779159731338 0.3672511305586232954745 0.2982519009843880297694
