0.144601432462909879062 0.1427986834015954331623 0.1004776693742389925834 0.202343754728208868876 0.1304405751423796944177
0.117894044520259533293 0.04397182121273304766795 0.1326525261116719700549 0.1678767205674191187459 0.1009368768742112260073
0.2206380788782366653145 0.1560842154529062386636 0.09955506493374580156974 0.06188937919289295291891 0.05749842944829221258463
0.08136612857404292020735 0.03141959931534653999163 0.08249770816828283503952 0.0301067041102023209842 0.05478364786072612707679
0.04933566453848952509942 0.06834370691152269472468 0.05255456105317855147741 0.1464770357645090448351 0.05883536555044786842128
0.02026213919863790666187 0.08731390804916748515918 0.02129466505974871373685 0.08265477976038847207629 0.06724591627497530921254
0.02659715481338439241332 0.0545794034276047279608 0.08271092310874464392789 0.017632925311671113211 0.04958874212879969128887
0.09493498983858553175175 0.07861562073603479972039 0.06881117013377779922934 0.02964640745195719004346 0.05558603816013969745047
0.06217362849609719271937 0.02671710528117009209037 0.03700835655441104404817 0.01795094097335046129382 0.05925274105567124999228
0.09839392277040710788061 0.04582014329273532970976 0.04052184266934931444748 0.02571984978836448776374 0.026252185098425126486
0.0255862806512082638366 0.03622752550199795362751 0.1190651605177070471164 0.04173586224820844542416 0.03668193552123731604464
0.03354411703499976526999 0.04210585046902585310002 0.06053636265375895997298 0.02749417005421279230903 0.05795516824300665781333
0.03605124195985179302859 0.08945847647056155704792 0.03648211210646731816887 0.03797684168964153561543 0.02473342436845616873486
0.02104248844597226067443 0.0630587073541337278515 0.03458143357668704703789 0.02035126146921350728802 0.03537664928150628662618
0.081347504346283197596 0.06437224980803377127891 0.04737985169592256323723 0.09957113093102427925363 0.07210032360427141850945
0.05349116549805493087133 0.03009440937754596923082 0.07736890107054529563957 0.02942885867510079342391 0.02094696755256328715711
0.02870089560026133426729 0.03233733423705811155235 0.03867062580169933205809 0.03445417346717804391032 0.03449154058135082273617
0.01687323458319815033812 0.02264421030448682953251 0.05058226353582417900157 0.06616016609017526250991 0.0522749925521882943813
0.05123019098196816140112 0.03539550313237121298426 0.05696948016181805490854 0.042497539736823394807 0.03397086258858179191877
0.0206544419018990822734 0.05851373159798473749804 0.03187390191024697810862 0.02190742146840168186328 0.02737414315442810580636
0.02956224625791143215126 0.03235857640017978514857 0.02986695881350836731527 0.04178026482130720031805 0.03018316553694546169884
0.0188408981566332150992 0.03673861025264650581601 0.0365754052974849239166 0.03486551026446486206689 0.05396963133726393607725
0.02033035524659550577486 0.02757250252980983015738 0.02558767887616144112717 0.03710165583310594261679 0.02800689810637265950155
0.02195890731929430253477 0.0249396963162916880663 0.01588968295411260014949 0.0468161720296994196544 0.04460035634492773293225
0.04000470145327053583806 0.0266690379668824660564 0.03656012058879772042008 0.02799598058504235847943 0.01775287577990512094539
0.0712617514001831903192 0.02206080283643991821196 0.01696435187054102025628 0.03953361973912237342654 0.03192669143662506953119
0.03434695198932521259527 0.03197047893037869431554 0.02360792878200494021579 0.04552843691346473986581 0.02104157074514566294621
0.02248744483660191154084 0.02682383345379121472596 0.04757886584308621685802 0.03372590332926645589895 0.05462127996055712170209
0.04468279694836618104459 0.02495490842872524414608 0.01915914421878157219981 0.03965899710421314644515 0.03056683902184786222334
0.02091079703845693735231 0.01983789885265829430749 0.03634927677202970386361 0.05171994265028392878669 0.01815561106212090769496
0.06112578761265070187436 0.03124526225686695760086 0.03345318220431362649103 0.009344993671580722680026 0.03551248908732055481474
0.01416307246010146958515 0.02327512652357485722909 0.02730040725048425362398 0.03208026706774334130268 0.03708909173915414525524
0.0496676685476102261485 0.03076647263470875387492 0.01549019849194528848646 0.04141800018867995702987 0.0345825654700492104987
0.05686373020659957200351 0.02890109203776259835794 0.03171819235673323245095 0.02464858927860663975751 0.04243486314646643942083
0.02604997677716459208996 0.03530528294533460259563 0.03443468417262352671004 0.04341338681076765959599 0.05214386977668609285397
0.01345925766821839952847 0.0254737704885428170587 0.03235225332813861098824 0.01521793020164170784359 0.01572367996142426394002
0.02388594674880478371803 0.04758730756065984723868 0.02617870208193585207512 0.03717816063468500076272 0.02449405063133574048106
0.04035996832223835706355 0.03172920986084030309238 0.03062725635612060376411 0.02354092249975941672502 0.01570277617049909216207
0.03522556993708700345813 0.04133178758054254636756 0.03876640495097626731846 0.01422681474202461791856 0.02483463818577909959506
0.0337599646223566904335 0.02689101060734966006094 0.0148962782338347404093 0.03144563113371549173403 0.01320587791257438192716
0.04335400859178570320829 0.02060034571940208211749 0.03839312321622283946665 0.03197576638230013174047 0.02739908078419780665391
0.01693154319733950960436 0.02604598526670019731366 0.05133333865799100115268 0.01326961030030993603235 0.04885885865536858385649
0.01378130840316787314448 0.03152204608390049567213 0.01755906957681164018426 0.02857834946920106283796 0.0452067383435531197633
0.02177714465064245832893 0.02889814592947834159808 0.03479612132205858049394 0.02988312411077284971861 0.01469222237970442893062
0.006695617801860586672247 0.03536028523016764707476 0.03782492947625511886534 0.03344527214744484611142 0.02909561896364657937464
0.03305208401315141292232 0.02348055222161797572777 0.02303906146234948812412 0.03643626130426311227062 0.03031218548852656485826
0.03083915339442007408355 0.01646121550216286116841 0.01715389715459302716338 0.01858857944331285261264 0.02263296931820776500266
0.02584378933478018516845 0.02587092912840046818324 0.01890913325592352353666 0.03634758584470882541995 0.01839359452307028075513
0.01928994119550050956313 0.04038879897171464977701 0.03127711950281873015678 0.02594264139422669188106 0.03665698486727245880568
0.02445162681809328469873 0.04461419767590137086533 0.03236926969575925489009 0.02193226625486306355373 0.0425775490511968029983
0.0313269637713974730131 0.01829967276117294705529 0.01222212514704665124732 0.01216887016980197980254 0.01759783971708147806701
0.02243477404494502447374 0.02869622382430583873436 0.01730340170995378623608 0.01276305609495532664144 0.01939695055586481212129
0.0082004324032678276718 0.01475788237035958495869 0.01659343489233811377859 0.0190772420620871213659 0.01884729654626561556885
0.007947679903002165258119 0.01764265799077763263725 0.03522504189516103417779 0.02024022668387738185802 0.01957143691834766635607
0.01372459251853505937668 0.02975215076723179349893 0.02618769990203172540189 0.04433571518672264205607 0.01242378731625747891043
0.02300725196787595586145 0.03477843651556367099431 0.01689152884925230330149 0.01833844004558544266148 0.01094330158849097719975
0.02859032611189546435604 0.03015164604440247544948 0.02215330356003571837809 0.0157343801625910717501 0.02262825050562364964657
0.02775601247491634240849 0.02081647308032288576363 0.01649401186755255696581 0.007400107140238232003582 0.02759235333947839680091
0.01930364058420721076748 0.02152116788236771438569 0.01489607202930518826955 0.0184217938905000509775 0.03163460271727894235205
0.02265414430908174042711 0.02981423547684317054696 0.03405887195986459503594 0.01494554400714058657595 0.02952263297569534747367
0.02332567511108627270056 0.02575569701430052357849 0.02521621690901686488329 0.02209675996430882777277 0.03712393176862162358365
0.007533699669043773111676 0.02429187900763119661862 0.0320299577167354604379 0.008787347735824667729898 0.01736357760580779785453
0.03359346619005521006329 0.01420434968752758674027 0.02666886108443292102699 0.03280833686212353966782 0.01113542529822268180306
0.03244707547128629354649 0.0330335084815581367379 0.02043140067889906430487 0.008465244102453250985008 0.03335366298017331671
0.02244286296225007568128 0.0221064543688127036758 0.03125028929712829472987 0.02739479269805304012531 0.0121993861643562347824
0.02055896406567566531143 0.02398023841345678711101 0.01262115081738566547964 0.01406898003085784061572 0.02636865604464953480313
0.03429612738735642041288 0.02365947441186829272586 0.0142638156458370548435 0.01431437273539559913715 0.0318428645635940796299
0.03646104424983990371922 0.03010449479021165206105 0.004886526192067980854661 0.02644077199124002935937 0.02196843426470448251697
0.02919465225904574121052 0.02958159828112815609158 0.01454121919675340976474 0.01168524762476438882963 0.01328762475965461313521
0.03158115507046055370211 0.01298980192622913205913 0.01797940710555545953953 0.02820201286293465281485 0.03660216408407793858837
0.0303639741329362715383 0.0175039846346796701404 0.02396257298287308989959 0.02247082425277167200273 0.02352707037984516288964
0.01260181223570485710417 0.0169369031080064090522 0.0121064952264585481978 0.02354122837738972795485 0.02138755356959368830738
0.01932033681681367270899 0.02450345238632445701854 0.04168254470625716578969 0.02258621697715196621759 0.02895937595112829665567
0.03010890383393779318189 0.0232847472815783940181 0.0226710509673649432405 0.01042511401408245837186 0.02075466909994917036331
0.04284754000174639809728 0.03860960845454138035127 0.01738517719106473166657 0.04414216303259867885123 0.03066360818323584508382
0.01249729610558824970112 0.009785210223289155309634 0.02656817094649484289892 0.03591005317845150784928 0.01532852925985689167276
0.02830430073711340255294 0.02368765589839469040689 0.04004966835841999167611 0.01562775903242407185556 0.04086655933690144792969
0.01944683271663764576043 0.02646065280980264278199 0.02261064403642020284591 0.006739468130345677154835 0.01451980372470634654547
0.02776050053159356822974 0.03044606007376292333699 0.02249759077425978262554 0.01113997581061681486914 0.009498013961910892546947
0.02339605494694877926842 0.01724223459598721308605 0.0225436218709670101179 0.01998988224502876859257 0.04088625124827090229207
0.02718467829220980180871 0.02227729817108189611097 0.0239802835385678030089 0.01457475374008916635393 0.03656256892667663488394
0.0200615227802970960691 0.0256149734967098113847 0.01711887589404717524566 0.01523630997933495163921 0.03312143300344746327246
0.01960845268474850286444 0.0272667552218600790781 0.01020922111641781732105 0.02951183875415189575286 0.02334787284127503095843
0.02784575598658400180652 0.01966891805493256248361 0.01436371727803810623147 0.03199883178932669963723 0.02563227275763371726391
0.01318300755456073766747 0.02298639875655411959898 0.01817453912010697295032 0.03390606021515089191221 0.02587871219101678041397
0.01924706750286497153324 0.0228175114257327567302 0.02373122240057540938141 0.02467387805551437066076 0.01265547062216235835175
0.025915273473423195566 0.007471147761975161817605 0.02286313933155134300867 0.02081984548601638340681 0.02708970361795933617932
0.0225311525198618571586 0.0150885577266677301661 0.01462099871773958267851 0.0402478831483449664419 0.03687449767081488194442
0.04357854362364124711782 0.008670170154908679246986 0.02296921051481494099877 0.01772709136542822971894 0.01737817087014531178268
0.02530994333286393227489 0.04361273890914582618272 0.03394807297519392835783 0.01445205084551936733361 0.0169798000501537038609
0.03022436261158923179182 0.03087447230472979003979 0.01072151566404841611935 0.01669479423014079769172 0.03127912893320610593362
0.01773176681379965216601 0.03418799377239328807221 0.01387547390965461653611 0.01889236820710371578258 0.01609210558251982295386
0.02415051359256869742409 0.01535362950697279245393 0.01945176524167470735738 0.01300211982505060717696 0.01666117369695451627676
0.02154202999596396828075 0.02786008571406722172936 0.01424296129499910863736 0.0229440225922102752909 0.01238747183212321120727
0.01437504618768328974732 0.0280125369185024244989 0.01554088070842118279868 0.01073923232068619247614 0.02381485804351121324252
0.02907872006688637725458 0.0189659394953294764552 0.02387281889179858340722 0.02649325127780921898535 0.03296935318929991587389
0.01587146772155698798423 0.03507496105836033911674 0.02204885649849850845494 0.02155409030685373136804 0.01870801378511510390523
0.01813300074095584857314 0.01429543957528679049007 0.03294678193006080058058 0.01865471382770407526852 0.02693324100323139791424
0.02188290918502031751069 0.01833053071293658589647 0.01836330043528627137261 0.0260974801928096841741 0.02848364289900136639422
0.02343291444946920751291 0.01868433418876490337279 0.01980657070894917270998 0.0218616883260200102479 0.02751682749873932132267
0.02048246271061469545027 0.01876961787046697166526 0.02601778754923147682354 0.01958526390213111145755 0.0411901195049617918631
0.01617030019649485020339 0.03122440330594192584024 0.03121987059326397292991 0.0231233303048984858985 0.01811343662891071182308
0.02267044244678595790732 0.02924111872987234655996 0.03837591682838348977613 0.01614137694669171355089 0.01928782959961849660657
0.01736913954984037333773 0.02701853284631667781457 0.01252399346592975894199 0.009729936261969100719238 0.01853967984687775530372
0.02784604528330591327601 0.01389250828338758556035 0.01450066384184226647713 0.01862209777965233986619 0.01361891824451236590598
0.01603969319323450548609 0.01239019933302594467239 0.02341869890100150772283 0.02377599949279656649237 0.0106907887207783186545
0.01070625186772325258822 0.01113034264542062980186 0.04094257787161814654553 0.02204886321548859065556 0.01850229922856768891015
0.01624965361271547489852 0.0161553880363286862798 0.02021769561998598349617 0.005862493568763897829055 0.02416275937888779853924
0.01808388248293205449735 0.01663211642266148801439 0.01526170220348605464922 0.03334601214838392446715 0.01922574812381458789212
0.02769742451273295505421 0.01115037028189083331831 0.01012478880843920361898 0.03099916263261181387234 0.02480134689558829985678
0.01628455641517807458984 0.01212573981052108597345 0.02628500876448113324213 0.02414394415298121848723 0.03227350939648526706449
0.02970385200559312252611 0.02162352685543901184562 0.02578867536665533158335 0.03069417486920395995997 0.0104154154845296931936
0.02181122632928422094833 0.0300794757254447021888 0.02105705403525659491493 0.0243733365266757331935 0.02489858394252525766732
0.02126550759685339256344 0.02059313547181373243999 0.028029792582193277517 0.03345419808877105743994 0.02944166294637039563153
0.01923199834247401804332 0.01473706914111874363704 0.0220432008914065273586 0.02725289083841892640026 0.02873744052069131596494
0.02118019362328527749328 0.01859374672201279804495 0.02610091588166000772797 0.01405200885073056710217 0.009609508623814879205161
0.008273639179097878187941 0.009446051728369994973655 0.0267779032323585998443 0.01096116666538449364865 0.02751421471075398902939
0.03806532412804135290241 0.02318822312068122629136 0.0192287567343275567211 0.01199739564073945378986 0.01425482255967712441613
0.02143185509709272934531 0.01032286249643642878082 0.02294504722740799834702 0.01274468089736747154761 0.01446586181883251914781
0.01019664795512927220333 0.02466196441075798120868 0.02099329846821532119527 0.02089471976655264337519 0.02895655018947615802483
0.03871442051184467714187 0.01515137972646560943213 0.01201387805556891445746 0.008546734006689267471035 0.02326278199466435409049
0.02092347956847359982668 0.0252187062331046367436 0.02851101942379181269915 0.01195540175149085830586 0.02651597359723931873754
0.01590095345341133517558 0.00610097055535214517763 0.02291497498612650451921 0.01264664095626666373562 0.02271621081862618823921
0.01532984652621389651261 0.03852943432228079362334 0.01697344558486498650174 0.008296116722013909677846 0.02084627453925836162996
0.01810795980101860200295 0.008379349512093018509384 0.03070919847670624744373 0.01536451478223633398956 0.02167435337198242786827
0.01974140468736641437775 0.03776476849725605294816 0.01365451543884394283723 0.01438231346321499140584 0.02286937668718555180525
0.02351853175106694004981 0.03388332003246844609246 0.01673594495165312348584 0.01820984320452573995697 0.02343597050722706978676
0.02441907307298914892035 0.02152708876070481835985 0.01151440015018235542288 0.01673694899756946949387 0.03546448859819343463196
0.02175469082356170855141 0.01319562915296913080399 0.01855798261856085595856 0.03655277332382422111889 0.02228294597781455346763
0.02063353888914252337594 0.03135371248702985974566 0.02538141639715640884845 0.03943190399362994646992 0.0323407527796950172716
0.01603906015568798068549 0.02001506666079398352731 0.03999335505335122054049 0.006497459281586423149313 0.02853861651497860418836
0.006341086102994808980371 0.02750424426753696888204 0.03041083259866680585382 0.01434245883215070488381 0.01308646942400093320102
0.01661484031447710979501 0.009317997974972064625931 0.03613821739523235404556 0.01286226124982638510663
