0.1283620205311670203763 0.1311850718119318970345 0.1518449373823177461773 0.1547992585054160652458 0.1599597115878661213184
0.1723791568881604951979 0.1754605154000823674654 0.1825948589192538384918 0.1916735078432909578083 0.1886071533659387233772
0.1935745728276861143957 0.1940163465946405374485 0.1964500757323062729576 0.2061658414932681648857 0.2054236628444587597908
0.2078237418154724736041 0.212447786756615047965 0.2118840578219978731944 0.2189649199352374231431 0.2171410954606295129476
0.2228188699845043418968 0.2285716313514546405017 0.2263398322044898880456 0.2301458042373082379939 0.2267693848681914814414
0.2306628496690844298822 0.2327269291497539027702 0.2337691676956001884946 0.2386300914158153152478 0.2391280676281669348437
0.2386647971561226266868 0.2422205986186523329895 0.2410506456838164279777 0.2475496843213115527593 0.2478836441471496399025
0.2456392824591049628413 0.2507227987340797659144 0.2516766904056106923804 0.25540023380529802699 0.2511081577688694665973
0.2583137400557494745001 0.2546497509464455410999 0.2537104172864332873871 0.2582019869574489479014 0.2540843646686005707913
0.2613669482820200062889 0.2675616880730730673399 0.2642933783414870840822 0.2620557658786185073474 0.2691628179740099824357
0.2664122178957430420176 0.2643784485957680896462 0.2827051366938806431506 0.2778881581137820910854 0.2858863573572835714565
0.2812339561539675125701 0.2834001920606453173157 0.2841613117555991108176 0.2862255587190422612132 0.285292755166787814769
0.2893942548225900135428 0.2902489519498760994765 0.2877370462542051532395 0.2911214806180099645694 0.2909440420869758847644
0.2913155168165139641268 0.2910232059113886382562 0.297514411643372889138 0.2978503019308379462515 0.2960989379859704229148
0.2948735369502845649059 0.2965547107194398956942 0.2985395314680636680293 0.3014449191984227560681 0.3007084809566005212389
0.2988094290360231997106 0.3019404736578679138148 0.3048129372932887326542 0.3009357506878440613463 0.3034738928264468227347
0.3061958257309241315802 0.3050104514722773441093 0.3066357175761887932097 0.307508682508099873143 0.3073698160096352549608
0.3082413711327546823604 0.3075949086082344074988 0.3097624663975047099029 0.3084524116589532627408 0.3131700595630822481219
0.3108182468702828660234 0.3120886069336303858535 0.3144652800343049059428 0.3145244114037248905902 0.3159329363060273121455
0.3134911303735942733617 0.3137875515778165702585 0.3128161755356600459699 0.3121354172756985456694 0.3199883796230297283714
0.3149967463375234477674 0.3171461769702014765748 0.3177813390757513456464 0.3189921308285651457837 0.3180939381773796315045
0.3190860937556957988015 0.3211396851870216839764 0.3203782729009415630728 0.3267642033354824504521 0.3227987649080533150148
0.3266443536865832331095 0.3269687169354719147307 0.3268580232942623342574 0.3261380555755581389654 0.3257482431238609144053
0.3276192013451837414806 0.3291911285329910952235 0.3294211482793623635423 0.3272197199269037404257 0.3317047959297503290088
0.3298824935461852625451 0.3313294836267000609276 0.3296531459729310498119 0.3302722628441490115847 0.3323430985400024906262
0.3314658550044142781843 0.3325314559928408408851 0.3315658853014413764981 0.3334507301164024162254 0.3340789927028846029167
0.3353117666807634011938 0.3328786637573518669697 0.332442566833524077996 0.3340477153502995899537 0.3361329427210947851101
0.3344045297490231272164 0.3353113989593257127098 0.3349808852090679356373 0.3365549104475773489753 0.3354391117499954111381
0.3373810702138583250687 0.3372682950154352043981 0.3368064596548049904889 0.3372219686636204194485 0.3369962644852458888423
0.337276032159018412937 0.3373916678737274854605 0.3392108471510852929498 0.3415176427370110734394 0.3385207799736295042337
0.3387586757429526529428 0.3373280478617845523637 0.3417457472493533598978 0.3408178231070664865321 0.339299400744446977285
0.3391685417418782155785 0.3388032700494208460107 0.3401949669454140678937 0.3428176745041365269806 0.3422761138735411767797
0.3392205946544905037499 0.3422831591741428702846 0.3431770506253847830003 0.3424530300879712330087 0.341872488831330756387
0.3415846441730964189176 0.3447249354304181001574 0.3465958322609778430312 0.3465798257929956216472 0.3440401499253400441347
0.3467545574630063187627 0.3480218018232838494974 0.3453218540208697340255 0.3459141563856847345626 0.3472592897343302342783
0.345161714838590205634 0.3484977880429959706809 0.3464612991117219653603 0.3476963117624308763354 0.3470648058608474806341
0.3459503284381046372964 0.3499071443429371819356 0.3488557519368442605412 0.3499101258213357934501 0.3488273896702627219213
0.348570718791770484124 0.3476281623282962973676 0.3502254990186221550452 0.3485849006577070308133 0.3494450373263554565639
0.3490171934495472916282 0.3505031293444746953725 0.3479158922723403768451 0.3504489091583296023202 0.3505137662397660447411
0.3504162503260717098641 0.3501145626290282364401 0.3494195241950607822012 0.3514392435509255951942 0.3512298110628244707243
0.3534254783018955792251 0.3517862825003981730454 0.350913615449926830081 0.3511828958154333268915 0.3512508069321771397853
0.3515803435229603035594 0.3512134248829781868473 0.3542678923444096406037 0.3535764063462554229744 0.3548623867778745166746
0.3543455446935409591802 0.3542602437084663713485 0.3533035718274040171138 0.3538390383450674692156 0.3529551833971882324192
0.3544526394945841651918 0.354302534125439161361 0.3537715525139262240373 0.3533875200389262061229 0.3527656784865180750188
0.3531843668828281712635 0.354495280082135766353 0.3563241731085913799326 0.3568063221142131480335 0.3557004592267707376863
0.3567160927844131301789 0.3556796368099779948047 0.355454027058682620055 0.356189237662475288726 0.35459382749902640386
0.3562869397630310519531 0.3565026179984711052207 0.3564280675829418210121 0.3572108349354482514926 0.3579419848604413756377
0.3575566129418533134476 0.3581468117392520578157 0.3569905674769025538673 0.3574650725375507209769 0.3559023990627553923893
0.3588482656882046595292 0.3571086841777420528565 0.35821491672234123671 0.3576099892334222429824 0.3591866423248815110014
0.3583016398614761732766 0.3586700305374330710606 0.3590771232388791922574 0.3590347760068527960264 0.3582612138019263814392
0.3571335221503950663191 0.3582798833437383922984 0.3577466493472518660468 0.3585301028696662450912 0.3579696079025119770378
0.3587444713679749930257 0.3598451527134236549443 0.3593678409633050407912 0.358674844556853000821 0.3579484354587120220614
0.3583180323006712741929 0.3601521351212042532097 0.3594303694351361766479 0.3584411008438298518186 0.3608097512822825425616
0.3605764554675375266335 0.3595618170860087059459 0.3612038227529924538928 0.3597949159872810831473 0.3604225715378215344487
0.3596304132021313493262 0.3594115745698611141812 0.3587396379073679031357 0.3599219349201521755965 0.3613539562729775611594
0.3599008637414909950181 0.3600797096721926049412 0.3614304582782260633067 0.360938139650990863494 0.3607983705498557513991
0.3622930631893464537008 0.3622964311192077846435 0.3598010433067391211637 0.3616845345714269077675 0.360827261352123396243
0.3614043215002920028667 0.3610043033749952279265 0.3623451750393112957838 0.3630401301877915765104 0.3622263470090877346408
0.3625983432963330588272 0.3608466399532058721533 0.3610714904272990244394 0.3608969741705134737231 0.3614234533581829333926
0.3635811336282745442894 0.3635442385792124753152 0.3615526744344831899802 0.3627738078310756009159 0.3634747514163587100988
0.3640738520540895972744 0.3632784091833272666072 0.3626319819748219375199 0.3619886900551683162064 0.3631609886450490876086
0.3616713213867948639724 0.3622886774994153458174 0.3627741914410861356899 0.3634526384253690678428 0.3623060314504941703539
0.3625902228420125883446 0.3633662903307490199545 0.3641992612166861098544 0.3636090743855114326699 0.3633813563330827167697
0.3611249392072405361986 0.3623616517229622524532 0.3639007504028779482752 0.3630202423524466204263 0.3646938509725039523346
0.3637187208738356658522 0.3628604517016437158716 0.364754490436426992428 0.3622028758740517551118 0.3637230845281681501646
0.3637518348310085913866 0.3630100610700281449361 0.3650341065385960814815 0.3624385251205424207654 0.3631149590924865888653
0.3626540609082088972848 0.3646062358670396630345 0.3632794279649038671209 0.3652648070926285961413 0.3646738384552298262165
0.3646170489627369448726 0.3639477629578032336077 0.3658817734172774560619 0.3659924828595643164775 0.3650212822849806526548
0.3641898717421586106902 0.3639849382906191199716 0.3649324442564101933506 0.3659977890555823898389 0.3656240562690190598616
0.3654579792871277543753 0.364904126074590051676 0.3636051851643960497462 0.3632194357050260724584 0.3652212601432341387842
0.3651574602539718883421 0.3662445392247846154277 0.3658942153154210452648 0.3658779734400860461641 0.364883352765035195997
0.3652289207061644171759 0.3656897969454912522558 0.3648288818401871358432 0.3665707615979043598742 0.3640886457916451823813
0.3649685922257301928795 0.3661066559764239447539 0.3648667451402953232353 0.3649951308759316059849 0.3635999204440851229059
0.3668611389213959350641 0.3656718809164324346384 0.3660441929989445286608 0.3661421779795471787011 0.364899784640741131625
0.3658984538055585766791 0.3658321786288607491144 0.3649887991345104332197 0.3652846827068076951406 0.3654652081205185809587
0.3641950018662537535974 0.3661641558200889323693 0.3670887735396314854874 0.3656942568370999957494 0.3673438976304369552039
0.3647482635520283289488 0.3654674141368287054732 0.3655510556506402775057 0.3658783948753803749732 0.3669022269849924744456
0.3656533858977994433381 0.3658866986195264958681 0.365336767211456747706 0.3651069271841134167289 0.3642337574874221495236
0.3662173604898169010369 0.36503571822798058788 0.3657567874653963047038 0.3674329495408110157761 0.3676834412488202974423
0.3670677176811414366142 0.3648839336376227260317 0.3665851268882568403384 0.3660552708706473201694 0.3664821428831716576546
0.366316303422197730999 0.3665774921962867693992 0.3654556923134686385879 0.3683442675696825263643 0.3656697278483654889314
0.3658192765389158274125 0.3659789325144349736441 0.3666464464033795667142 0.3663418481650160263285 0.3674310846162117116798
0.3680482375921492743664 0.366696286736847398835 0.3670675187410166739888 0.3684758689431078537702 0.3652628577279231070207
0.3659030017570520931791 0.3667771531135227136566 0.3663619633083804449925 0.3651864678836120869931 0.3663881530537798081326
0.3667404009994863489652 0.3663306756492844540318 0.3667213241384083555197 0.3661711987704035498048 0.3660154854853676087423
0.3661168511688311921759 0.3659021416523782210817 0.3668980558315048656759 0.3660285669362207672251 0.3675645707401803963243
0.3654633933235932330419 0.3678033568960673571624 0.3672987038273079485329 0.3662722876919199954671 0.3691790944524001583105
0.3683879769465882580981 0.3664619006291058855851 0.3674413157161649512439 0.3662238496317156144499 0.3672669514436779913957
0.3665015076841141028474 0.3658000427248082053744 0.3663163673572660816724 0.3670188891120001462021 0.3672434991804814363725
0.3667068877570382468001 0.3680494654964613365777 0.3669917480715682578385 0.3683391540063534197458 0.36635311022149091853
0.3663891366452322051472 0.3667383625642298139446 0.3662962857285435025467 0.3666133274577362821667 0.366255660528995274916
0.3666924248632775773515 0.3676428517886885516397 0.3680351400442754550291 0.3662634116689798546851 0.3675146706699255472195
0.3678896139056414549273 0.3668235713578682499758 0.3682269315624631667028 0.3674603314545869525709 0.3682299814517026592675
0.3676239953822043049492 0.367982002945373698477 0.3677064145358231450622 0.3680315931192182921095 0.3678570591607819295632
0.3678816680270398098429 0.3677636367789475779766 0.368257504476561359219 0.3673882959528236291646 0.3674141827965611284412
0.3661713218867977404081 0.3671281256444782759019 0.3678881626294067674898 0.3676874905429152184944 0.3667032090145104228363
0.3674802259128001069577 0.3686065189280863796384 0.367721914544619832288 0.3664186960416367377924 0.3664171027025822646728
0.3675863695009051745899 0.3697597842537533874285 0.3674664234270696439033 0.3668843773933800900267 0.3667537517385377476842
0.3686290214025633726891 0.3678169973724247365787 0.3678397809372041526998 0.3669867870795718300947 0.3675395224182826936499
0.3675542009308656599131 0.367205274514452784107 0.3680697119245463500015 0.3675839858405181015399 0.3681589573317903263394
0.3680775057829913099461 0.3686946156459837142805 0.3685902089513703461243 0.3684291642471847483264 0.3685382318542511637105
0.3677905412924863393087 0.3680811889613350151862 0.3669505273260385558309 0.3673439616298754817336 0.3679937377241403462236
0.368729308660627530525 0.3686739219083763896556 0.3677130409570399383057 0.3685640799487290841796 0.3676304129817590249374
0.3680858883486343713365 0.3687848411229602274553 0.3695747723108837035078 0.3684903844847517984107 0.3687012813884492090644
0.3673915973010980495772 0.3684479759982960955789 0.3679411863129246618165 0.367528556394868810564 0.3684752070311127503111
0.3677461886884243469353 0.3678439997040888198576 0.3681071426778383393064 0.3685009803575343689808 0.3674681059506210711874
0.3678256317838895506078 0.368910304255087306835 0.3668039138027730516889 0.3674625731699097674898 0.3672787274301885784844
0.3686909011635707278387 0.3688602012061751866945 0.3676852440325307780356 0.3679519821033160886792 0.3692977895766568208202
0.3677698961067288330185 0.3673212293993046717588 0.3682087558944679428485 0.3677952010597863585772 0.3683701072073467530643
0.3677848684926975919574 0.3682589522682300220424 0.3674306092364169051834 0.3681916822419581403203 0.3682506551372004000022
0.3682850830620847393249 0.3681833344733481117039 0.3679363808695126913939 0.3682828596920817432192 0.368649312396400363756
0.3688433819730078111476 0.3693096440442396599657 0.3688143228237568682637 0.3686890475103813402669 0.3672828742018088843402
0.3692295882062266443313 0.3691626971674540902413 0.3683798406537485137235 0.3688849613138313054961 0.3683931866122022724674
0.3682013809379855451276 0.3690605474707469024764 0.3686898920500575327353 0.3697131310346541965828 0.3697478197249999820606
0.3692134341620004756024 0.3701921706881972640168 0.3684586493033303877809 0.3678797362165679984969 0.368976222682340926351
0.3685150048436732772572 0.3682804215011766246768 0.3676595609804156894462 0.3685502974246949170478 0.3682018381821281494126
0.368430937425385851558 0.3688718462788231344796 0.3671549504570927324743 0.3680548340353033132111 0.3692835045762529744273
0.370310861730462681507 0.3678344177275281179362 0.3683752493127115945626 0.3679781733651590891476 0.3685641548180010329538
0.3672120968973009436098 0.3683777346635603300307 0.3693921198546014639241 0.3686926829130011684654 0.3692221312743064198791
0.3697923176154390145776 0.3679351839715411243148 0.3686446975672566517268 0.3685691701568648004361 0.3690984928684108434815
0.3672357741371726214119 0.3681752602077793534718 0.3675609158335270687523 0.3686984836551764344037 0.36835775602262599282
0.368695194930814984513 0.3681060191788299018611 0.3688045116075214235885 0.3680245759231199342842 0.3705390001768602559196
0.3691013529237200940791 0.3686377171297489097057 0.3701207988756978206624 0.3675823031230248671974 0.369318066363099328786
0.3693905275328702719762 0.3677105914958851973218 0.3691442347214875518979 0.3692352019400997886756 0.3689653441944507616945
0.3683321909570573260417 0.3692648495487481086208 0.3699403400546221742928 0.3683982305889661468257 0.3693808576878293004064
0.3677954476264758132409 0.3684432144195548541887 0.3696339882066090321011 0.3688479670158804069047 0.3685194078061826972181
0.3693977227315718425693 0.3689812195120464877185 0.36896439854902696176 0.3676902529781973516521 0.3688344487095608359439
0.3693899544862097039655 0.3686586361240322684552 0.3685649500688529811576 0.3685474136271502665352 0.3680606071755298525083
0.3696453601758301066305 0.3688724571374361604903 0.3691005034123511219235 0.3696766877507859927476 0.3691060930944631834905
0.3689079700143815254698 0.3680318757492074821513 0.3687585140788626758557 0.3701485890160320368913 0.368349287337090380845
0.3682827050262394430469 0.3683585786896896308029 0.3681096770713688792753 0.3691965914182644414865 0.3692779056517441205187
0.3694947895128191661662 0.3670825392824701438599 0.3676941646676299413343 0.3698823617641419647661 0.3697651830526095251273
0.3692664228373170876019 0.3679118368089624446782 0.3696278051138882081439 0.368993078038300226229
