NaN NaN NaN NaN NaN
NaN NaN NaN NaN 3.602592868488152078044
3.673305807430179203976 3.784172131947185047096 3.690462484532099907142 3.613459391729853198427 3.995433743671060522473
3.977055786131841852438 3.983779104144961724643 4.106151031176006327428 3.997965284292233523189 3.825638598819471880574
3.741517517513710977539 3.853311713672705973721 3.721914392981410912853 3.896074748764723150174 4.070395607957732586613
3.807940862801955095307 3.807846079006171002845 4.516253420964710052488 4.523249238521565906979 4.358744790620647791002
4.522679347057226628692 4.140784741721956763172 3.747381343300706380006 3.678810075989750849601 3.542716364110519489117
3.503307511801803553197 3.614067581633936487862 3.5522659729774495041 3.555227054766258110163 3.484897180899137136834
3.638215630559482605122 3.783608047596473511476 3.742401903194445544898 3.723143542711293996206 3.805216062516391772874
3.80020023972775300436 3.582502246680721036398 3.573418778348641300369 3.620491711112414634499 3.701653589090047713484
3.676401212411287033888 3.816466602455891976575 3.582804078659554303243 3.678518962302472772308 4.24322387489180652409
3.849387380897944410663 4.014905750744954815445 4.773628935604753209532 3.791220464965655345679 3.84071175769129036226
4.683289140929144167558 3.920347039660585064524 3.804140903020227781894 3.835409026850960412247 3.733075329890158222668
3.79632835549230618355 NaN NaN NaN NaN
NaN NaN NaN NaN NaN
NaN 4.14236951141903553264 4.412892235748033797904 4.64501429242218133453 4.335739423091233391006
3.700211065527682752219 3.88105253046843401421 3.757023761530184913227 4.308947118238611651009 4.102624530971525906864
3.800387937264289472949 4.049667281480442859731 3.905084668300976780131 3.97713441333381556575 4.623833242613757832373
4.199431739484806413998 4.455989496485251777358 4.962359327906992412238 3.97091447969378696925 4.447906258056046446825
4.284418627991637862351 4.292018449363096621596 3.679376875328774776364 3.893183681239573701305 4.030089536541252570601
4.217619452596782281262 4.649145285950238459804 4.363321032761146689438 4.241439979481672395423 4.276249178342855117307
4.525575580974585676586 4.359557020861482001806 4.759993695984775285979 4.496969124396303030267 4.742589496727113385077
4.719822831956507869222 4.760483160190946527734 5.211132615988297800413 4.362622308488848688057 5.035699062935977465827
5.080711092380640003796 4.193946610654252893369 4.981764347500580392136 4.855780637682816980316 4.680864843521032270246
5.290840807944585222344 5.380600557980674381042 5.159998406953942406972 5.013044798051469186362 4.793979700403438570788
4.290106251620738220254 4.824828181073265831458 4.608961934009098371234 4.354837488087253127844 4.528264800246725840793
4.498318673491942476517 NaN NaN NaN NaN
NaN NaN NaN NaN NaN
NaN 3.775851365300262330038 3.766438411475240499726 3.796378714281744226611 3.602724429405270267779
3.678355552177838383443 3.612990309228702567879 3.665915961526170274709 3.590157969564111706262 3.880756722233005717726
3.882587186156237990531 3.715110760998837413638 3.802234997583386011399 3.759697676655108899979 3.813812773780605791529
3.934669123087227049496 3.876666460961923021955 4.196246322981472154368 3.813472365367569061334 3.911211095199460974214
3.889933997953904043499 4.106133345487300800869 3.798092330831588370188 3.547353833767491693152 4.337630894467087827593
3.586570080341001443003 3.747208481417444669859 3.717477078828875569627 3.952902543698865844846 3.927323464240819905768
4.143622543120383028281 3.859368451676952194163 3.552656048073683958677 4.369724394045963578037 3.836234796884424813612
3.666168724454804461743 3.659507082457162052691 3.715071909081111289908 3.802269973415826953556 3.563894149905146857549
3.674336807085070155665 3.719836564966135572519 3.648292739006533835777 3.888133406629689758915 4.287451628644114443034
4.620869159737381437481 3.670982836761490286648 3.844548615642223943212 3.797331205908491380541 3.686315842688909327762
4.585655557888566491442 3.646791268759518089837 3.840896386030024256542 4.070058851873689320655 4.243563168731268930856
4.627179575554825063932 4.063801732928964405289 4.108085978200339383193 NaN NaN
NaN NaN NaN NaN NaN
NaN NaN NaN 3.811479831526495054561 3.948512721648536949459
3.82633914883539993923 3.800959766025737707196 3.76159852796392835117 3.992651970534200067675 4.067105144754250112271
4.016861476771151018283 3.886470772511791516024 3.834785835099995043862 3.731964117901779065534 3.780218319980409358294
3.627413548968196010946 3.845248457230018512831 4.223266471308683378538 3.960656506790003916763 4.349019005358575995501
3.512651335477173564215 4.208687940175677155707 4.082005346323625438743 3.816892135597501845012 4.151165775920445888403
3.664984623472427038848 3.666978910519710588289 3.877406957927435282585 3.961002177297328508132 4.0534345138942162734
4.078320759209428381098 4.250013762264319261419 4.363392197101718217311 4.282334473535378549514 4.223288333320764920131
4.472556546617018291556 4.206946462518753371285 4.587254944338014617244 4.674100466081602789359 4.898174229716861560746
5.055599252944809052224 4.544341536279959292699 4.193664533192640320181 3.741872713803568561985 4.248185420968003889186
4.199535031728842682242 4.354870831476014281236 4.229971857839117888034 4.172962335199438044242 4.046129668276563506879
4.466537589621546899821 4.642665305512398532528 4.252134702981931191346 4.909871442043884037787 5.452553384494998489629
5.016920512348305827288 4.902080853350422096071 NaN NaN NaN
NaN NaN NaN NaN NaN
NaN NaN 3.908307349639731143043 3.755968994310852959728 3.580048999592102987322
3.497914220283413033741 3.472012958734190135601 3.657926544551005854089 3.615636218184168360068 3.602384964614384177395
3.601544603977608005607 3.534224871917360566442 3.659957439394601941274 3.718000810162777280965 3.589852767456673365842
3.645183877514588388635 3.852243182082619732398 3.84340391486600818638 3.832650515926702805558 3.738047748240155954136
3.776973854807002872747 3.89640127612635955856 3.785999837326282424499 3.773343891526009574733 3.693489562416256699606
3.69431178980232610698 3.612725057608393797182 3.658414693002319584281 3.731490641933874030656 3.89747129936539904449
3.643825049719985553764 3.693667748125444294516 3.659705125676607995189 4.038182252157123564018 3.886609580492984772349
3.990261663951704118602 4.242917583690081428927 4.09226711396150921729 4.050705214966646927621 3.819659337211232852383
4.080807307689864771305 4.245183529762216245729 4.240715149817313900371 4.298102646314129415828 4.19268644511552945886
4.092341455258109661486 4.708734856435261129093 4.100222920478661770005 3.71161812405374691437 3.745557258272208756011
3.621191221200683152404 3.807953695884921163639 3.864464742043478562294 3.691953529249842880233 3.551880510083118114295
3.690120296461214088879 3.522538940952582464661 3.455030341207966593231 3.632564056955943421201 NaN
NaN NaN NaN NaN NaN
NaN NaN NaN NaN 3.781016917789708386977
3.75539497861608895235 3.742761589966320912026 3.880110166626205003837 3.884120256205944698991 3.709666097446032040352
3.777072807926650899191 3.813596977700000945077 3.907784545686253885322 3.685430986882775261648 3.940975974111774249309
3.724876193195715501361 3.901271982841596042135 3.975880223933406121262 3.723108021817767898654 3.894337447531726947858
4.285717649084451963404 3.727355190130934303738 3.923281632197638479909 3.629852938403780093779 3.661733682835162984048
3.638858395975581583315 3.590697508193932740994 3.576632956596421664131 3.585438224406911178477 3.555507051193391276911
3.572378715306224084003 3.473720737471229558224 3.474046366806958552331 3.41120489767836954087 4.058274686118596541462
4.740512916259512543604 3.557369008374710706022 3.605627882629946601156 4.441510483768706052388 4.028087155572904975998
3.673079063391054610577 4.541944763153039410497 4.556634671264003344504 3.996709273370772752543 4.020054559758885481813
3.881307072187112794381 3.80602730528886601391 3.784587471924933943512 4.335672059251113097389 4.196500643193952662102
4.287743424383949175649 4.073725421644518895903 4.584785206611710073332 4.533208482482413259618 4.830052675713507603916
4.612748857558256254663 4.605307621682775298666 4.280664067528563876408 4.572202169504575586245 5.047017109700985493248
5.154142785227552536753 NaN NaN NaN NaN
NaN NaN NaN NaN NaN
NaN 3.517363820324115764038 3.455703416638925329352 3.554595941049554674862 3.576770750552364930286
3.624257832300714188278 3.697507263028468660337 3.641312410858681847259 3.713481813572534484535 3.75610953561093774411
3.73689070050376281884 3.670141741136313306981 3.773485956106860328418 3.690485459019584357776 3.801886476784655854999
3.888371434461222797552 3.796792401808498862437 3.760998821256326341 3.806582507397705317231 3.748413992047231246829
3.83616549189486555349 3.806233076771274870254 3.733664690290927179461 3.619350110259975661364 3.6901231753480776554
3.696442022016548811791 4.035493140384844856783 3.845575251550932716071 3.918738776348197561106 3.943968859759684697508
3.544562624768026193323 3.536318766378595324085 3.562761638202105451967 3.514811392189258754115 3.530621052823869732151
3.521152474168948387501 3.518838636624309401668 3.577915155910952105245 3.73277968014076089176 3.517416580413205817734
4.114557609293560958008 4.50216490861945928259 3.988215518685433114143 3.969979502368498280873 3.680294718305544776626
3.809292648778161094469 3.766906963620985759889 3.699182617379790816159 3.735675640338746994473 3.539284894602861442081
3.510297370299308106212 3.684280508560222155978 3.684668461655211668671 3.486748189257452779088 3.55425662509694140212
3.641201872597481958849 3.542168098388540631305 3.834660019172777101204 NaN NaN
NaN NaN NaN NaN NaN
NaN NaN NaN 4.102977194317159792547 4.052165119214915733892
4.15808777580177935107 4.105886039934045328437 3.924993003295736304636 3.913654323232758969198 4.01730921905341453737
3.96424145322299725791 4.127225202323859143405 4.116119408670057211452 4.012303098268535705984 4.083767624518309879988
4.091042510045195257362 3.977486536832506747174 3.884182919096498043388 3.823418974483442145385 4.066523907334335774522
3.726201552836775121591 3.787702678660699984192 3.770536318674105658033 3.861564706492133236537 3.677027387722413553917
3.844018711509611385679 3.712555682737506135283 3.742643651717148856051 3.879186229337845404075 3.941666898674586416718
3.858144884615744896195 3.914778999220854149854 3.957786928601030762565 3.817705567290476498243 3.925046511471788068803
3.954555299687382508012 3.914201212205796309718 3.816085674533367111394 4.331588552761028942939 3.692224047232936179341
4.056430221395932456119 4.013657171862397454731 3.95548513947841851035 3.671231391102669050497 3.764800419593805624885
4.056517093034928578277 4.08889631108089446343 4.62492933312430398729 4.273369802213086821041 4.721430798127465244818
4.890817922734337130919 4.263360797219960751647 4.323212611869060140179 3.998944907288243921784 4.260310757524223390647
3.956695224717613257326 NaN NaN NaN NaN
NaN NaN NaN NaN NaN
NaN 3.921240823989611712364 3.913963451602990861744 3.766616437581669529777 3.767969569040705568597
3.729103170184044024893 3.928249462703754524284 3.883116578705121391124 3.723732944159760194225 3.839706774041806713882
3.744852836417298380667 3.856201576702438238442 3.837029485176078225095 3.78969431192185224333 3.712335310431170043444
3.742306827453024453689 3.812609861519546505804 3.790761495942852832286 3.836766975084016983999 3.864561411420400105499
3.913771054048172270967 4.153923905725135590217 4.280868270829231825303 4.385224433735257498768 4.073036800854112016168
3.841498799112768480768 3.637207910922138687226 3.640611038441931235354 3.742897702117067737504 4.115901349667866249149
4.047440741669275254822 4.346906706736946901515 4.585804642473290115845 4.476003617694208180922 4.21839050291407247073
4.099738751850284579348 3.753002510902144095439 3.835309080720766150563 4.544489922667538372991 4.562239746426066666629
3.783519017243594184663 3.830892613279095026968 3.817326452107391077107 3.79637745323441944123 3.862075350423226360874
3.79618135787597843489 4.109963313881991098242 3.790823129077498521156 3.856485811688201703618 3.835895982108145307876
3.694571663783822401683 3.787595410710839605173 3.998395587940615669709 4.362500978604219703527 4.635418823378292252357
4.271748810606586843619 3.903248661350340764642 3.843161667561228345136 NaN NaN
NaN NaN NaN NaN NaN
NaN NaN NaN 4.178404948276385866279 4.121768626401475010823
3.890859521655164243725 3.823068429835391857097 3.739805100529933312714 3.837247428569874330151 3.87405958336896860672
3.835481280488872712908 3.788592859574484883467 3.786451331168504186309 3.752573624718964939717 3.707328125771459870208
3.685604555592065345593 3.746002710651422873411 3.716770854184333838788 3.74999340445306605929 3.563773265977927540149
3.679434261027259012167 3.61451580313797560251 3.605063741234992402696 3.597051000304426704446 3.615354160137040029355
3.738158498850308042449 3.767719106655582628207 3.883333066366373209632 3.730269902284534921932 3.973630164651392071562
4.01270546450613796452 3.69863945971043728278 4.137139233141409633276 4.150577669477366171691 3.715848740861724230911
3.695635326945121867936 3.733618973348240110965 3.966456530077767439479 3.924568520529983395306 3.898447504763410176309
3.945179189952305431888 3.929768721321603486274 3.777660561622864232589 3.768933966142987479486 3.830527818091287617364
3.856706227263746455947 3.895346279878412865116 3.837735437976792063353 3.655848526852326862979 3.802155248270319809478
3.648032988328793191357 3.616606060378934728305 4.170187385854639217087 3.904129869526010931935 3.680691633379693961103
3.891250683708169066932 3.774287783575888788334 3.981433414306367879476 4.03460687176985555169 4.387526667460336149418
NaN NaN NaN NaN NaN
NaN NaN NaN NaN NaN
3.672876177497420790985 3.800364601159231359162 3.759036164172402383343 3.535066879327131594835 3.649172356725411070499
3.655729503423119641781 3.49351469863137786831 3.670098188691186535948 3.6769886065088019933 3.663709764672356872239
3.736793511008960066988 3.688902059342858308355 3.68062053751337359131 3.594885241106568152247 3.72389284695254962898
3.784340908193834618345 3.644889323089319788096 3.848918195625151916772 3.822936450247034656513 3.96111744024831002875
3.956395199149968178176 3.86028036764338322584 3.729203653202754598084 3.842768559561863472851 3.751488097405819566177
4.012849526294707480645 3.971873509413692548975 3.899731889978481191861 3.799466187263711436373 3.748627186011690426426
3.637873320657589726324 3.682999880356172539564 3.727362705595442804452 3.833204022354621542945 3.89921798773249594916
3.71954711949928062964 3.991507765850954569942 3.697964789652582684454 3.76963787232301239527 3.630199092351670042689
3.907358245663017815019 3.693217607593942020117 3.887480530948579371397 3.682193184477351888262 3.68538507165359785489
4.072895088308735367377 4.587679325330562996044 3.822125510220326649602 3.451304137637631885838 3.988847337024910899572
3.914122781620828384064 3.867949487710135247909 4.086106923575645311075 4.007092699294681814592 4.126038002343416444262
NaN NaN NaN NaN NaN
NaN NaN NaN NaN NaN
4.05120560484115710409 3.805081462390848656696 3.889058071291132456793 4.120244447605083237818 3.960592020396069834476
3.722710184134028654768 4.086461877205827875059 4.276877858415454980445 3.766894558449815022527 4.192555615081833941815
4.18551612454006427555 4.332904979302285575216 4.409170647820740640555 3.93199097499722727278 4.789066369308194737187
4.291313081123123929217 3.760812758079374873432 4.04355126067358128239 4.248683568563516033123 4.142491692233372546639
4.366683922089342750894 4.732659189708252611695 4.698005306617906384758 4.106583036963957766829 4.435059506852336852489
4.547858321627732181014 4.83611771145627855617 4.42626500443828874154 4.486902573289160756076 4.562927530942743281628
5.123464289140985172821 5.150596143006104021822 5.123364267744910272029 5.156394933173448436037 4.803302526081202117325
4.975419215479067958086 4.622057616298297588742 4.387500184709113959514 4.33359808138502877739 4.056848653924838288276
4.285897752068809296588 NaN NaN NaN NaN
NaN NaN NaN NaN NaN
NaN NaN NaN NaN NaN
NaN
