-0.3107770988081567375971 0.2283759391279953920861 0.4329909268936838473429 0.1323709932990450310886 0.3770599009681834812291
0.1098666971146512877366 0.2834618607949104807098 0.245772824258637639927 0.2423639209519710679963 0.2949598157042834234431
0.3470828479464908578045 0.4620031997824457503654 0.3888198823541922366509 0.4340637155463503149555 0.3967083342379383315013
0.2728835240827452435219 0.1618319134687773164227 0.1825761752017601158293 0.2150930558968901784578 0.335934004981953360236
0.3691929803900247941684 0.1437393602545979642837 0.4694094257869018682605 0.4753066266414653351369 0.2103114075168308894082
0.4069842719442792189355 0.3834230912263135726548 0.3764643045572144686162 0.4014242764993463108425 0.3928298564338287834907
0.352384675292354732079 0.3319288034521180597025 0.3434316225341924044834 0.2161565426092006969583 0.3687050164033629506832
0.2617951951801464338665 0.4047346036985674522235 0.3325603892177415588094 0.4451809484184217624581 0.4007193633486985095971
0.4116739426880522967345 0.3129679272309098814198 0.3574125590811815245118 0.2895144780351253666062 0.360924815931167264349
0.3271309420330416606326 0.406729508420494212384 0.4249177799430473578823 0.4291619957808218699391 0.418788693148983814929
0.4053902103382261978837 0.4254159327619118080577 0.4025929246947142492452 0.4368255719787855761993 0.3841728079457814026831
0.3590460201468736456398 0.3995039603402587569114 0.4140576670694869343414 0.413652790919289803373 0.3582653935817530221897
0.3849286770696854209639 0.4439739687189396266653 0.3708804386892988746993 0.4117904621538712728324 0.3742783077568306859817
0.367030884868954299094 0.396236410489977819438 0.415542919891541573385 0.3948375485164525300341 0.4679426723685512490292
0.4159527302621452982123 0.3701786923717719779425 0.4769420402452090312906 0.4347072503098177720382 0.4512993418952886970352
0.4142673545386661992929 0.427742690958428206649 0.4789508167466913768351 0.4332249491522613404904 0.4019326862135570443968
0.3743368432441328552684 0.4276569853203232018934 0.4383526359953905937594 0.4397410537236031147224 0.3668047744010984878571
0.3565927054868965329071 0.4160375004050105851583 0.4771739492929251702513 0.395063808505450086983 0.4508356134432168205173
0.4063193165365484027518 0.3632068584784379772223 0.4703414142633451922038 0.2737119737329048452246 0.3523961530900469041327
0.430984983078465389017 0.4389532017957319398604 0.4265133774012673795184 0.4035779228097973181377 0.3969226656217498816481
0.450817750660052196654 0.476622198461640167455 0.4480544258641069310656 0.4315725922116585566712 0.4229312465066781823175
0.3994311118601280852225 0.4065213841064526101299 0.3391832048746449834731 0.3766948448421875705883 0.407290480103980223614
0.3640039004264239430597 0.4753986719327344956376 0.4349254428881207390489 0.3927721988128181629385 0.3733738827668290349848
0.4393237831964458273148 0.4238314902629632396902 0.454819189139735680083 0.3480876571885953563168 0.3985911287143119041687
0.4124923229281882153252 0.4523802858039575047755 0.4643178042846305419999 0.4239231704662531630134 0.4017724032100110087562
0.424677902312055099987 0.3881079665943294454422 0.3232832603253334435855 0.4692096778152228253589 0.4601729760658184176236
0.428034206234105041311 0.433883567919880974717 0.3410766009566847944967 0.4282711105066851486889 0.4876607149058394541363
0.4731487596986848065406 0.4748170766453335689405 0.3539630030084780498711 0.4414362432389296597712 0.43908618648256464434
0.3783435391879196307841 0.4748240388819633950312 0.4272811940628038485102 0.4138992634563721240148 0.3941034246113658823241
0.3758069250393236693242 0.4314940253755371046829 0.4052888439872268655506 0.4013513118262887480192 0.3957713966172797803722
0.4126557687144636887844 0.4078266038663237447182 0.4533408084409258909098 0.415348344313284989493 0.4307581200288447265123
0.4669769398442142338546 0.459186289630206578849 0.4166130116908684510868 0.4408172907629967496312 0.4050702902999486210156
0.3956757409794267599246 0.5103878061838450497234 0.4302007427643070869294 0.4162566286262869286183 0.4366637675870264634348
0.3695373972873611800871 0.4634814086120871423624 0.4619217476274017353255 0.4158348767317153193979 0.4633790563512393823054
0.4398428677472220882372 0.4379924026437403417056 0.4098152963708509011198 0.3837743957893592905428 0.4343792621221891914196
0.4377116297610126327555 0.447836642846355326153 0.4635824025387553781741 0.4513382523761779174798 0.3881556824289634777259
0.4424501930929095605549 0.4434878448197239753092 0.3886715963922119376761 0.4548187602753735458982 0.4210966108335399971097
0.4900196892222337674561 0.4061466654501634243601 0.416527506414679560276 0.4596101280047149573171 0.4688318331512383307924
0.39915861335650132391 0.4531065806213869784358 0.4619876757889486706965 0.4022396205502475896587 0.3981495433082840595951
0.4377785355317163062949 0.3978840085459531272782 0.4792513453215031526966 0.4377262367295495226749 0.4457108866970976857047
0.4824051054790874371037 0.3858695534475958810461 0.4110545908697970651779 0.4360934787445575055997 0.4490685535020227936442
0.4375980747357389732954 0.4780472202869192055452 0.4880549971198138714534 0.4519636473256671282961 0.4202932568188341155846
0.4005800508558644001944 0.4157410560085101347561 0.3579977281032824532048 0.4113821639022094966975 0.411541618430102174031
0.4526590284962758170551 0.4171391916459120108307 0.4275189693629342091441 0.4497183320561948249861 0.455120868165372616243
0.4675679319970338365664 0.4626500567729119883786 0.394042432521187535599 0.4943763842255715079688 0.382460465744370148311
0.4418328901066246872098 0.467919819592811758735 0.4400531478136610052943 0.4744821838851965845052 0.4942644906410777472239
0.4690139666291789355412 0.4278218656438663725083 0.4870734513890098149602 0.3775032950781067597745 0.4645408240170034730454
0.3938911548637239468107 0.449930905672956737984 0.4747837692194948888691 0.4614814833689510065184 0.4848399141019120173191
0.4728283200756118187513 0.4161696429465878699361 0.4326500187713089307096 0.3987049946328434790743 0.4326471357783883697756
0.4617654802296937144312 0.4926908139976177158914 0.4769146995059049265464 0.3838804856231274320599 0.4453774313826873720856
0.484384376659172832813 0.4160178354521621435502 0.4264343363241428486177 0.3857631655427375960699 0.4358530082860825327629
0.4529788491877363987292 0.4264022100806166837295 0.4480869783582506205022 0.4027639797744437255567 0.4307551912917248482238
0.4306459302462241622855 0.424809933906156789174 0.4525115224214049658435 0.4693338462077461525901 0.457527651026811588153
0.4447903938519915945093 0.4770317594155252804988 0.488961351374115060775 0.4248193713067872079314 0.4886596717123502520153
0.4222210929825908620749 0.4505736779119098311952 0.451905751442659042727 0.5029066656972120963331 0.4753958220187193273176
0.5226280087092770587631 0.474978992988826564936 0.4477335585128958128642 0.4807270723403033740873 0.4797465929871772560844
0.4538491999220947703542 0.4925980037732112237769 0.4507223711391777354329 0.4657062452207260117021 0.4581960255458583097798
0.4134223680099463060778 0.4731644363915744611049 0.4966743090533102256146 0.4457178884664503848434 0.4727062496246006162437
0.4041219983080959754496 0.4756485741144457213281 0.376983066945402511827 0.4411536372271412931312 0.4834864374940027187399
0.4844174813498878240381 0.5061545454839618818355 0.462050894409165580079 0.4916101991903307766307 0.4562656673085970782111
0.4403240119708290989387 0.4126848206756246750793 0.4798022475611902759596 0.4665462810527602477428 0.4401267482268723107985
0.430602301966590994553 0.4719227975203749703148 0.4295335836966144849036 0.4540218798758510754254 0.4556460920013123416794
0.431856632356706682252 0.4937678019907697501978 0.5050032924422762636851 0.4813172830326489237684 0.4769209513157172120046
0.4294269073094654776135 0.5531961783308996238873 0.4376362374077703010222 0.4680740653337722712024 0.4902020417362451532028
0.4299338121171773496876 0.4961220015430253815758 0.4652594661430731193263 0.4768024920408701627927 0.4777348048588667128733
0.4036077967054175208439 0.4998660129200727664234 0.4246926602637508540994 0.4791074418860616912497 0.4785867333280306445964
0.4904578408120199850551 0.4569060662140935757947 0.4920978416523240084324 0.4921072264855722022681 0.4170625737153161871618
0.4791215103188929402833 0.4619876403693362609815 0.4162874896469532237653 0.4260142393634402391278 0.4830458362106935799041
0.4653113748983914721435 0.4827108668204695973714 0.4700886998193432031456 0.4571479011957098048669 0.4530735424619643514355
0.4534659107342672856866 0.4767212095181702635749 0.4863331158911875506945 0.4542640455370610674812 0.5032406968532031621422
0.475355059589681050447 0.4545505781848810933354 0.433421238226129768023 0.4435714199633622456531 0.4578080214234931943906
0.474199414720283651814 0.4635163912109683814755 0.5081429724499391120673 0.4919249988103706616727 0.4685038503438418433511
0.4949599075492241428975 0.463349959856931670199 0.4759394852086273330904 0.5043199738641934715133 0.4696429655154301108233
0.4411880283613437425672 0.4768772391654392261984 0.5171395143690388218616 0.4792771348799287345344 0.4404567672016271306923
0.4865237502784569567638 0.4847896550581078933817 0.4494616252679251022784 0.4952307078713271137893 0.4217567188978232350927
0.4500408919776639482535 0.4606561091669869045795 0.4859833801875390046909 0.4351021884398987293885 0.5017261988502933478529
0.484608822029351238303 0.4251246996653216259077 0.4633458669555780562455 0.4963465875744275668247 0.4574686650608906224313
0.4289152013984349753883 0.4584995400715728419705 0.4697244871443047586901 0.5053593145338344250206 0.4862177869784257144836
0.5009235079229940046375 0.4894187369229195949671 0.5059742547904166887207 0.4673336027640623835389 0.4558700128578357935183
0.4580441870247579094766 0.5234188389515864736623 0.5091671878603342138447 0.5237338234232533640267 0.4730085242652119492668
0.4610873170252015040838 0.4154932789587892361105 0.4628377097630598790978 0.5007748350414243931894 0.517706333389984951765
0.5477450057598425292582 0.4862104246193620915584 0.4777358399170392178057 0.4990501595526612432785 0.4680521020857972280815
0.448925892315560126633 0.4406271407859550515163 0.4799309544439192554144 0.4435362391800760084593 0.4677544470204138549185
0.4198605936142822958601 0.4992129302272855229106 0.5120302672778107577756 0.4694365357606894439968 0.5086838315254651465835
0.4694536455924812612395 0.4757319989137900884124 0.5241432921967518199224 0.482230524468745813671 0.4743453639861395787491
0.454840771842203006603 0.4228093933758637068543 0.4759513601486012879249 0.4524517534038643984395 0.5063902971260506591378
0.4746159712412609810173 0.5009285750338269282977 0.4860541501798832930703 0.4534422990421402843708 0.4837989172188756903381
0.488543643156263251992 0.4719985011167595057024 0.4813200301437673966909 0.4930331664582807138508 0.49071116139114262511
0.4674010934444319254055 0.4704278638341102269926 0.4918364717160970123189 0.5062293722375470483854 0.4832205804099138357621
0.4390793754932324488571 0.5152436352383943374278 0.475107392274763284945 0.4514025579281006339549 0.5282617811272961594327
0.4684592290243609347122 0.4783356556141073467892 0.452549126133382495496 0.4998007256788085661547 0.494588240931061573491
0.4905614670227517737366 0.5084884183085711661931 0.4865870873018882103445 0.4459982366275409004786 0.4255089163144205599565
0.5048935516225523389977 0.465200822134849645284 0.4341559409643919731359 0.4543719371198479128893 0.5291284588156243140489
0.4943303727305534134295 0.4880707004226713108253 0.4132758229614346690006 0.455069444249297738736 0.4545467236961694412756
0.4613513091945550259609 0.4613343077189778207448 0.4963327313471672108669 0.494554030362375440788 0.4271764502974150778947
0.41142640951090220236 0.5022940385975118715578 0.4567134366750011387204 0.4718220284503875650017 0.468018947499180770766
0.4584945905248943298638 0.5190443539837714670426 0.4682645583066732952737 0.4916318520666189129109 0.4667479217408849745397
0.5126902374073543100508 0.4929308957410002967059 0.4486477265945806869318 0.4831443615473359765033 0.4761421199813924975963
0.4761111347380522218486 0.5033654241158940223499 0.4693745620555326847345 0.514951346719572655708 0.5113042139278273223724
0.4802300036166414765049 0.4677703053525989473904 0.4746837576511597212026 0.5121283312768648565694 0.4228297380309825048705
0.4917379676496363982707 0.5119050670237080824521 0.4868538615744880115876 0.4744226779883238820368 0.4829908125057815748704
0.4612637847720693073938 0.4514400711476616034901 0.484440583915414335614 0.476754426078497606234 0.4774738496950336474889
0.473085537997564753443 0.4756857875269650537398 0.4964840682569654495282 0.5067055952828902753993 0.4658919227444281441208
0.4818538340247590645582 0.5317032824604895901999 0.5121093157181642041564 0.4369764926915105096583 0.4571272054453489608328
0.4762276706150297411746 0.5205617972464120501996 0.5193813801878388591859 0.4607365284040966235679 0.4596447401457507409006
0.4867091857080060868235 0.4698570872269956510969 0.5122868889245738577287 0.4361340995476574722289 0.4998826723326687537785
0.4678583990205354425918 0.4918329637845740287538 0.5251251734390092185123 0.463711519643376035571 0.4591843678171025344703
0.5125437283952092304418 0.4695035604636621506813 0.4819512525844179551271 0.4883969341020152343802 0.5284543193725937948457
0.5230842552635387443516 0.4921460725644719036431 0.5078145177021128331418 0.5113728032860915817537 0.497672136544540233416
0.4465801706647470892264 0.5288341892162855550907 0.4894318374305715590999 0.4824075141127375787597 0.4723259431973717559217
0.5145591595476419755073 0.4505697505586592210847 0.5039168569584275836348 0.4250031476178202649585 0.480380503294143335058
0.4736404804610613306082 0.4825246213069747658331 0.4845352412824399102043 0.4757231072832739382505 0.5091610577823746375259
0.470907150935223062227 0.5246981639057203272714 0.5028339106447996531557 0.5228608734918662737101 0.487153427184493281743
0.4926572850564500671844 0.4877398239892455911182 0.4413125793491207149444 0.46769370206330429518 0.4757495167387277845705
0.5062689890032130435316 0.4533221034130287541153 0.4873220170031213327455 0.5249042121316588316304 0.4686785779961375464353
0.4535130739208572125953 0.4786624783809732552875 0.5108038393032292567852 0.5200056435905813234655 0.5066681822543738222819
0.4892806620453827859407 0.4687997364952835033236 0.5027282821496693587804 0.5447583036427252611844 0.4819041933042110814611
0.4945279823970368249242 0.4558490301480230266762 0.4666596745915763677637 0.5134150682987116409706 0.4936927164591536909555
0.4428376036291385431376 0.4842067756732643668549 0.5293902169592791251418 0.4729876243519208767196 0.4885038599518495283647
0.5556808042901788535772 0.4684417704224548284486 0.5549916180885693384184 0.4618264568848035045434 0.5114931047737498737149
0.518300357370114594957 0.5014316736089264869847 0.5340127427655324554578 0.4912280959718691719651 0.4895491133890245705196
0.4945902362366811355621 0.5331875731162516451889 0.4879103578312187772248 0.5249940478091197348931 0.510174647925201285581
0.4825875545782510323001 0.4871059333457020690261 0.4626049762496141082302 0.4961325930514761672896 0.4689167513686440802445
0.4631157538521105121454 0.4584576891619382421617 0.5034894946431002216158 0.4916245566048866311171 0.526258287658899148731
0.4934117790775522371938 0.4840263432894285622332 0.4941890987249205613452 0.5044398532022883463455 0.5201470158566736667893
0.5547457490372879052032 0.5034773546849641290279 0.5141386212924388132706 0.5051267442409270724824 0.5198105094408328463729
0.4808101589544435672252 0.4913063175377995195348 0.5030193967623213247009 0.5000632671374042326207 0.5155809351694058406679
0.4744824090920859438469 0.5253553693204101593395 0.5269670373936404805804 0.5074544393499472727527 0.4755953638280788209336
0.4985406932295856075044 0.5147912103123231108981 0.4784601048170012416172 0.4812621147552532119285 0.493263486281380170162
0.5337039688710962792584 0.5314059095041867575304 0.4855946220257257306407 0.4720795577524530828306 0.4928498042526505695804
0.4953899652785004881217 0.5042289279885547870208 0.429376171833925679433 0.2397128446970465953658 -0.09784996045639296480267
0.3198780763273275096203 0.06871286172041862760906 0.3022504558409723207646 0.3948252777429932525166 0.3813230781477266462254
-0.2226427328021851614892 0.4079260256542447393713 -0.07052637584805356019135 -0.2028626246677924793715 0.4065337699458519971074
0.400200737796880312569 0.2744301161104426567405 0.3794104689127673069038 0.4054193174281035538797 0.1059135511795026157733
0.0772702829707807153925 0.2296479474062134984447 0.4054786611382239502888 0.2987959340766402349665 0.3570843623396293686767
0.3452336480483474967507 0.428998838710610119751 -0.08702581713823458187118 0.4194216861831285836359 0.407566255339837313354
0.2120624996028419861904 0.2774411063745872985109 0.3077644128927565225773 0.261832185234237790894 0.4194634818823843036562
0.4216337559105451937569 0.3394207399523622714632 0.2945777301419360560963 0.3498985058368548339836 0.2935126938847073541083
0.4081172656167073586886 0.388411950754123325158 0.4125797112455923953966 0.458390509269371526635 0.2737733898894428863358
0.3834425625040041585301 0.4235355413555765835554 0.374541127334632795165 0.4216930515355257758081 0.3504084122668058021155
0.4321334499600300027566 0.4756061168730689736606 0.3687260975535422424798 0.4548770216698387325316 0.2213066197229258680323
0.4037944642356963154128 0.3763674547977767237406 0.3982749950299035446299 0.4089854399465762124777 0.3615855207359907619313
0.4401315966738298390837 0.4126502749479787346409 0.3812461192430161016631 0.4214688188336840335424 0.338196533952243083565
0.4280592991994201512718 0.4411486425304356195909 0.3447883407245566078636 0.3449707974018169087671 0.3248189547594018122822
0.3535545516828044187996 0.332907925170387419822 0.3917935732761158584836 0.4136687656871843588036 0.4411562778761963232732
0.2176429540567446918597 0.395176261890475555294 0.4167504320347749646736 0.4522080625248091623192 0.4462414655580915212596
0.3110180731372221840658 0.4485123990925233283811 0.4271927506436058452621 0.3705815801250402774514 0.3772031924319179108096
0.3209126095858360061541 0.4270742283669107797195 0.4025146053312415594938 0.4318125849596152199261 0.388374010095894783845
0.4069633272007031066231 0.4112868533983936036869 0.4119195937152953512772 0.3065157308181843953676 0.4471656174244103554294
0.258933133712436869267 0.4536786439180262031634 0.427717292770432078175 0.4216939938809857180146 0.3518865324702851182792
0.4502473846526145462299 0.4359860995231997216059 0.4000150234210758104503 0.449922854551039197446 0.3289215486227264895192
0.3961092296564582282414 0.358464722893923948277 0.3639532793538076682616 0.4670741091927424482044 0.3872870616379969210819
0.4237330808120237102266 0.3979997958915257316725 0.4700315318133116981869 0.4286163573779206426018 0.4135492145613756109768
0.4427283585179344060911 0.4431938062143093715051 0.2961137903902326673489 0.4297540874404706667811 0.4302404226690849653458
0.3333176323768700655137 0.3690780420553471663503 0.4147468189064827948087 0.4538317438420512717201 0.3773611596571962434332
0.4309501806785082655971 0.4191854582193613731889 0.4042809471701719892245 0.4354484118614055376817 0.4505252048406334641761
0.3931330084671458280354 0.3365429611498950701609 0.3444522572467169085897 0.3863949796715884787979 0.4326023854443997729291
0.3930529304371686571962 0.3907074402515369193623 0.4520748771150941980324 0.3902923106951849963053 0.3038716536013956748263
0.3880395271332317541635 0.4129661852701850266456 0.4403450415153151720205 0.4064540652701981726658 0.4615444689731512672992
0.4542955952198066693626 0.4661473785562679217342 0.4483355556663958241259 0.4609354761171046144241 0.4824731816325385502786
0.4284675951711095498453 0.401094045892924022656 0.4084736538072797906729 0.4263648280656888722717 0.4171651102053904325295
0.3939597752866637603297 0.4431650360059747884023 0.407449666081930728101 0.4960177246416394014616 0.4392770728440282268501
0.4032331549083219557339 0.4463963671048875592184 0.407645072865050139832 0.4664920605437034017982 0.4244489710740701471359
0.4673939971174163043877 0.4895369343390881811118 0.4548328370794558206391 0.453163894731714256281 0.394856855011087248819
0.4601756012631424419546 0.4478782020051314538556 0.4522632461408396808977 0.4517748347466610803203 0.4442954457260252509876
0.423643531820079799477 0.4035194776303724917277 0.471091594080446374182 0.3927608540715824547718 0.4375394751455254360728
0.3884108513692850483956 0.4005846670090623118377 0.4504394797476534706426 0.4953680101809784797062 0.4840149109099837199111
0.4017849155608657074623 0.4750212013134668120884 0.4790417121514515264025 0.4853695201392615454772 0.4452791501369172122438
0.3778398992046803073208 0.4667124273955263746849 0.3958290677383359268404 0.4515925418716131845009 0.4949932765517359167795
0.4279081742555477796408 0.4677314271304616744018 0.3749936107026528020469 0.4475632062718097325948 0.4010878109903333044173
0.4363086210429298339442 0.4461493800586361357929 0.3954820641523761337588 0.4729232829775534274752 0.4696828602862152535202
0.3890416260161542183482 0.4501245196433173445527 0.4603421085257395906076 0.4673458723483615573357 0.471362243728314533886
0.4757910242266077394113 0.427758885498175922546 0.4123375110571677049087 0.4484443999112908141313 0.4195906293831203615063
0.4061105542205303842174 0.4201775553362521176126 0.3854761740636654110403 0.447232077465339161737 0.4348554053619049231116
0.4330817320974322259808 0.4705375322521595515823 0.4076036712960360297586 0.4531417292216909920022 0.4005910024324387808115
0.4820603528969886197864 0.438601623753071878653 0.3299482797228120434241 0.4132162649567089895974 0.4493231677249967526144
0.4722132512972860851619 0.4387473174353055949126 0.4017394144309297532303 0.4653634226676794938271 0.4079973905765590935779
0.400897725802972504372 0.441278678955024927788 0.4275603574973834697381 0.4158798948464054734409 0.4357147557219748224
0.5198994943825893111367 0.4665208791534565802017 0.3637381497547813591353 0.4626851005856624232671 0.4728954838731918020045
0.4074248751817003411091 0.4119947989012823219568 0.4592651115597911060107 0.4771043359738705857964 0.4382227439585898443042
0.456773965100255141536 0.4512142176003327009859 0.4918841524159066058708 0.4464587749307835085055 0.5216996816829325700482
0.4623699392656409612457 0.4481264408098888374354 0.4355798004348189200741 0.3899631829807534977306 0.4405011761065217301692
0.4349797500501441094301 0.4914720998027723442014 0.4648880493038689554197 0.4221199842885406394721 0.4336498834006247138362
0.5065790338255624636332 0.4358587382340747273801 0.4335815718802460971837 0.3849099985331005391309 0.4690608342318360324263
0.459969634803035876125 0.5006516022045943703489 0.4328411772630161302722 0.5091624870537880820365 0.4689706212522912198715
0.4827975566891276604231 0.4793244431380109804586 0.4487191694989073886823 0.4552101001588078621474 0.4399667006381267064796
0.477963210840477270569 0.4290136544691148245967 0.4813612856532882289251 0.4554436494612713604013 0.4367966055311438555719
0.4813059947727996723543 0.4423416918235638095602 0.5024612637959434691126 0.4607021119436727207841 0.4269523135082862186351
0.4333520826007699611182 0.4934346797136735518485 0.4472079060556796714643 0.4580025818735150577865 0.4182375533986809612585
0.455447863299482891275 0.453318033110976237321 0.4345273843868217023001 0.455079519273042298888 0.4529600470418093105529
0.4483601644174822764555 0.4381881902266865913553 0.4079131974590623488375 0.4488872445991186621583 0.4989535183194553358277
0.4442573459624865050976 0.4488620018440258596648 0.3890489905637694034723 0.4511649439228096469812 0.4694313918536372476353
0.4575935880490514251484 0.447088050017265259406 0.4623388666685307457627 0.4628290549403125675454 0.4667192118267721179237
0.3972903401798998923589 0.3977920742844828216889 0.448933395588579142732 0.4745163810790523628569 0.4609237768718325578554
0.483558512118695660309 0.4442772158101995216839 0.4216741156046491245668 0.4930758413591418976019 0.4485878717442219887346
0.449471099232325421724 0.4681840036976104846289 0.4324965874753222694338 0.4471657928260975300994 0.4321999649868369375305
0.4547735227249131706451 0.4652669669470395619193 0.4657395614947827944263 0.5005051680654015733296 0.4733039578227501431584
0.4572035323302082732155 0.4956148117168018285561 0.5040843911648325015307 0.468607818100559292418 0.4613817372933272098479
0.5111514469452935749416 0.453180339482752658764 0.4323055057216991237112 0.4523026652551228599108 0.4501345555152931887655
0.5028564934650149309547 0.4670616318941651634589 0.4772761615594328099554 0.4787543992346994792264 0.4614998571534749127743
0.4430023307427140011328 0.4459652409065951172984 0.4072346048023119391424 0.453611784816810637011 0.4570508674293343176487
0.4777688633069187007507 0.4407104948079699768826 0.4579343771907238846985 0.4156979763403235716979 0.457457304029537936696
0.4784624483752856205498 0.4751417832416163222753 0.4885358857919593345009 0.4519038099213468773208 0.4495575109664444179991
0.4452752689424233079052 0.4544495052606949414553 0.4658718553899034997556 0.4511879961273040362535 0.4740053598984562688301
0.5328610940911593374381 0.4790405718743144247718 0.4621693302643531398033 0.4879457328470208632432 0.4756647922025871166873
0.4930171962621490155954 0.3523626651196005710176 0.4632362926468728270279 0.4667067540609442510835 0.487849621931765509153
0.4467256992186388053767 0.4783243674783910770465 0.4184615664977619498011 0.436175574721810066503 0.4835630048647517331695
0.4922282540274514617273 0.4319773454582223060072 0.4848713142489244343203 0.4693410135834439333991 0.513113869710531300683
0.4756680486175261513004 0.4793245715209919488586 0.4890339992013071901411 0.441097008182935790277 0.4152506339342988406216
0.4795447940111799978169 0.5248861946977275705351 0.4875795760706482240288 0.471505636250964088596 0.4454223983119364738137
0.4806590985223115897185 0.4892785767105147787248 0.4830590144772077265678 0.5078645886068574588634 0.5174557466051454834854
0.4865415672653650158708 0.4752505538275552665617 0.4524129103298125675892 0.4620640463672748277091 0.4770219462840998847497
0.4324846092131201524822 0.5027521933845914281491 0.4772672813414954307021 0.4721425981226106127764 0.4547115683079466230687
0.4394427320698277017463 0.4827188392416749684877 0.4223903612225222703458 0.400922105930044958555 0.4693315249890389062593
0.4554466919150828574381 0.4817687387845955293564 0.4982808425514266836842 0.4504012442402261506835 0.5103079293224161983034
0.4468121493948691846931 0.4916811110401264617309 0.4723305465043869943997 0.4648490442454172311137 0.477857753773332227798
0.4750122824480230154798 0.480366189750768390887 0.511091134382073875031 0.4284793386045171459386 0.4764927313595465618867
0.477106394538191092014 0.4856225230665705550059 0.4726085749762904408833 0.471079983831186099863 0.4856884559981198279388
0.4823143405163600738739 0.4995410321317116930651 0.4353703104889708463965 0.4310229444416559529962 0.4776251299121083704335
0.4820828998013219068852 0.52013257680332525279 0.4968267028895896886276 0.4729417227961998926311 0.4917096938968711916651
0.4655060889862294715158 0.436177271122808851711 0.4257541672881798855421 0.4676719612001407067048 0.4824880268000401595252
0.4646229419046174480279 0.5222202261938442280353 0.4789621521721449393105 0.5385148675063813339392 0.507244870580400020188
0.4608689289266764133046 0.4512665708545839926558 0.4914716883907547240184 0.5054398533570616525168 0.4572391438937761232175
0.4349975899050727567996 0.4568317595128150165884 0.4727721999673588637592 0.453454699186015830481 0.4688987310225610771752
0.5269633373781162921645 0.4405473249463824902961 0.4811596186148522358295 0.4817002314197842971488 0.5113809881001019075342
0.509894088891661989571 0.484877322687888356878 0.4536234792153308603702 0.4865643213313461390435 0.5153262947097835278143
0.5170822588839025790719 0.4967058911857742953266 0.4854894563459011824769 0.4638541206977803144085 0.4838992062950137063027
0.4959290225911821559102 0.4861544133084422791846 0.4930004407361555096578 0.5104027956203625038256 0.5082111371656231613159
0.4217368980915263132481 0.4757896243436916527969 0.4663240684902426602676 0.4504875197195178926357 0.5005384318653320896431
0.5227189844143185215586 0.5531242647967488101912 0.47664953846575736085 0.5036302210290566350182 0.4837577751852661367415
0.485532889146334301067 0.4825620593291045090645 0.4879799874866995734735 0.4950621084086517798006 0.4231195272757584113776
0.4797791441660832489902 0.4784351741043297856493 0.4570190717543055058947 0.4883207417374362813156 0.4792104564319041304365
0.4679252182351448241526 0.5002341708779326490131 0.4894080425315047722101 0.5185366070821390005463 0.5222450669262236333523
0.4868461484588316734445 0.5381956520855912806667 0.4900447309148059371608 0.5010890746987409771762 0.5481770987159496621999
0.4724106385730592605476 0.4650785445888078184495 0.5239383492694353883223 0.5167429972445464203545 0.493665596393723093982
0.5098785970843408010822 0.514327875400185874355 0.4885058277440463836427 0.4865843408292084837363 0.4781990565895495870485
0.5041842696505938192786 0.461031555430357009584 0.4425163078988955667192 0.4590486162269554748505 0.4884169482916450588661
0.4661994442726249965325 0.4598261541553212983224 0.4482595224849154069702 0.4330054277750344238207 0.4812312038966142235807
0.452757192882280334878 0.4735181404369534496901 0.4859247569994901150281 0.5133589353396134091767 0.5222808378480294777546
0.508279637607019774137 0.473227538492550947602 0.5216798123934253128553 0.4807885476321991924387 0.4983387790244390713745
0.5263481929706231854382 0.5102460542502046392244 0.4529281394267399285525 0.4992241310094540085451 0.4895515137330228028212
0.4631606537392120026553 0.4843044719803311082273 0.4875252622468261298749 0.456749455300134499236 0.4700458539674700619848
0.5117974760507426612577 0.4446526631077002966741 0.490908329612748606241 0.5023501557620736468479 0.5359291248434132626244
0.4804530837501200801753 0.4988434001785119198402 0.4331459265997500973633 0.5119189000947012013754 0.4969750628344377640921
0.4981866193023724020961 0.520471170188085419106 0.5020149919157940177072 0.4741689715774818902894 0.4902740913690549762194
0.4644286368780140006329 0.5164523325535904652028 0.495543167786443028433 0.4790287028042992112375 0.5405969094968526844625
0.4841234464464771458658 0.5166178543212798235373 0.4943666355874535289772 0.5078657190886123329321 0.4864010999385625089175
0.4684938407017388284359 0.4708833436901407876185 0.4153115774212099431395 0.483709255299816565099 0.4656168326599929851994
0.4807460800536202394362 0.480752823811526008857 0.5143142240116104213499 0.472391824393805004334 0.5189567755621273814626
0.5204372414770128685291 0.4912564799258166137186 0.522466269761458823595 0.4724540841731791340763 0.5150580877660041467792
0.5289809821649718024617 0.5335120609303045657867 0.4941647345157669235505 0.4713641694405113491406 0.5000109845287071808073
0.4657296003886193247467 0.508092517020136025252 0.5037915875480777350148 0.4652658479495474508347 0.5163205783580228080965
0.5003984907925206337964 0.464345115161047206076 0.539415463602543887589 0.530722578912450448918 0.5066744133062430766046
0.4898269445961917489818 0.452802266807115660896 0.4971778493252135833202 0.4969179586152867589277 0.5151255507381483633722
0.4755330462511916378432 0.5006366585268284818966 0.4969462949622869829547 0.4933167489479955980514 0.4788601772327952255104
0.4462118056769280860507 0.5191579107186921060446 0.496295464452534251798 0.5055717776948082109456 0.4737545990628050929239
0.4975734147754909963979 0.4712359224292066994799 0.5033341606684615943124 0.5030647436792615723178 0.4925374261301328493445
0.4804721891007212586366 0.4596335056458082934938 0.5018455514465414157854 0.4934870994745038652596 0.4963751087568094577662
0.5174310487651959666877 0.4769758836301000726188 0.497592635988460652019 0.4800325511917025722575 0.5071118493498274482079
0.4723695492327693590262 0.4998271711775985060022 0.4797361668325755279518 0.4946357391817999826777 0.4895607683821007194425
0.4915539633067236291453 0.5337214669107547271309 0.5019110892459688333389 0.5354338022213217529455 0.2908401827499683123257
-0.1873452678660605663641 0.4380169826541346345117 0.3951437438516537947741 0.2742732745853558307125 0.05221311950150610975419
0.1369448335278357631317 0.3684548263273605406276 0.1275476112613347368097 0.3930180920927371923668 0.0516628690853232416802
0.3163105327528094590228 0.4313722918650833570986 0.4616293660652647234954 0.242363085898001762164 0.457557471861928910517
0.3910409092050761703518 0.4393251049095692195579 0.2084306912094244235156 0.1146306276049051664501 0.3526937597590435458095
0.4348087155461133890277 0.3933539340925737981536 0.4573288626082214758384 0.1689316115386576555579 0.2222145861307892877878
0.1646310700238327595635 0.3615398966172255201812 0.2201054496116553738094 0.2733581439920855227221 0.3867948929119057743797
0.4564791857802849017745 0.4315940954420621755716 0.3789515120263680092449 0.4204625007712901596513 0.4239125288180050077358
0.4310869773191324805239 0.3180167308394749037248 0.1722411231600601555503 0.3711673741097226697505 0.3606211706511304182499
0.4679417854925143060996 0.4065821470211589683252 0.4127835334428145985797 0.3662801567625715848386 0.3934332502377123619297
0.4009077650607379972314 0.201431739554194327857 0.3991085546530582783831 0.3896536988312400140444 0.3766750180688309690424
0.4600437562894721943429 0.330603556977758783475 0.3807329054291780923158 0.3385968500864690033936 0.387272242153562040734
0.3138427597352176356971 0.4221258339847791529742 0.2238129099946175870617 0.4022632066493041502753 0.4050651862115074997028
0.3982356143230650347142 0.4189375081132611366996 0.3260488479045907661558 0.3285677406631642427648 0.4178615027340315535298
0.4025766769334410133396 0.4037852809431506928561 0.417276487148981356512 0.4557871691188156160202 0.3576236423269653630364
0.3958870940537188576336 0.3065087097745767819035 0.4383860995308176966567 0.2586391013321528986602 0.4622550858609252300013
0.3671315093271637630679 0.4078723412202697740092 0.2968091143180391355827 0.4552121304144267632807 0.4480335227413110854577
0.4594091545693940736861 0.4345642600995460735902 0.3806998492389860322405 0.2477994838010490474822 0.4781487525630422341649
0.408052521597206230286 0.433162545641472218616 0.341806549050195140893 0.4668874590658873557913 0.4114829997082146140208
0.3665429400381340907522 0.4495405962287321588455 0.3819374647710729320238 0.4062493338465106851309 0.3692381406286384115667
0.3972507562799769131878 0.4242848946961127465372 0.4354279717472169797254 0.3561336065760145053183 0.4322594606047507892477
0.3947952691802169011837 0.3220207462178719115542 0.2550363877891780872709 0.3666486097973213897916 0.4264066459531046793252
0.4013362566192665847886 0.4668273634053909937336 0.4156637340417234649514 0.4306360568616496298233 0.4250738201628396772946
0.4168195998409733316059 0.4104710457218084251885 0.4464649985052197567192 0.441855512410435413706 0.4281541708020805692136
0.3698530990741502599839 0.3568240695094516135022 0.3737919520473343415468 0.4519366503645476651485 0.3141960255425708670174
0.430468429045971323621 0.3797666407301528157525 0.2807982765348217557566 0.4392379900258344682662 0.4322593886501592819194
0.4003876552485098327949 0.4206174618966436740131 0.464833401523789102594 0.3998063584387130386943 0.3901674163816196694299
0.4540662660663613015011 0.4245284641140799619663 0.3466831867331180427882 0.3565528698588036893291 0.4746243560563175867273
0.4742452585355800276368 0.4233879456593858114921 0.4134123053875098929844 0.3239553139325540009885 0.493198160508703686844
0.37596701506202784282 0.4654345389515603947928 0.4208675194986362666505 0.3915295185410251344038 0.3792181764454737868952
0.3153100392504328830512 0.4256052057948361833084 0.4300590211308040755611 0.3787120123942877003564 0.4231364596748078410471
0.4204750089601062557065 0.4671703152248439794292 0.387691996872645383565 0.419542641971107910237 0.4461525033042990084908
0.4475254169734889098109 0.3544444181428194617922 0.4565941549349102346333 0.4409630299316514290275 0.4115115998358736537632
0.4197237876428883684987 0.3982326431530354149402 0.3819207241454757872923 0.444386937189745812038 0.485360110171840719584
0.4077504563235924139875 0.4635801547671222766489 0.4162939992516212495133 0.4511861756867298067775 0.4834157386492147767676
0.4771806347908964518467 0.4732801002780676613568 0.3717511177024417912129 0.4637234201473979244845 0.3939148580461825366328
0.4245939787266332365867 0.4763773139403145728821 0.4406192608655568609954 0.4442338664215673693647 0.4524579874780326749217
0.384716181637448417785 0.4113975055967629135267 0.423861553779363520178 0.4730445826856281565931 0.4732025865641567574649
0.4922092679949853777366 0.4639953155407439688851 0.4041488508798793399812 0.4812717864744741058658 0.426071145273514029217
0.445151073879564374014 0.3735788824032059696201 0.4268828595790166158253 0.3415397075075885524598 0.4501255318337303301668
0.4261449103479018618579 0.4001574106552467369191 0.4769860971026239071513 0.3172032540404837730463 0.4842920830300439516414
0.4655852410126125606737 0.4372167700850976279625 0.3414085494285665767222 0.36889794327290614806 0.4082358485204381493006
0.4895068397699424145308 0.4877976082615269604048 0.4087269702287031902799 0.4245643051734147022103 0.4565515931165795571189
0.4345547633118208574743 0.4461053240924383045396 0.4233634834725770179631 0.44121390523302955744 0.4450609144525752292054
0.4420650277279949413867 0.4244841450255160131277 0.4762799801515300579524 0.4391490000280246497333 0.3276119598970989033049
0.4565493060680150261277 0.470067723766873668545 0.4919296162100001423845 0.4728676900714060549191 0.4281391694813544979148
0.5131816961126969278695 0.4568421499347742886776 0.4150306369331662748046 0.4732306221426569314836 0.4206910064242341817931
0.4671479203286022507946 0.4637112002630179308227 0.5156893359999618065004 0.4499313196983641960358 0.3803909524432458333365
0.4100462780429203202281 0.4417298257775967851302 0.4263472174500094746818 0.4694043268758148479414 0.4124251294970807113494
0.4442862334871349183629 0.4503315731624381590414 0.3935982877276062996685 0.4946984068992132388409 0.3522593838565648560746
0.4857052593001236484582 0.4552275670381277783427 0.4406880557708435230957 0.4463019023985335675953 0.4739934906532622393982
0.4680866378277807604569 0.4411562344947334013412 0.4885723141396093316402 0.4743179274929627542434 0.4143886789460815012198
0.4777596091437015801695 0.4217374688433529472675 0.4829210027352588419092 0.4851086497689679477574 0.5157346090649963521457
0.4788739605879497873708 0.4657429521896557789162 0.4782996674375394885459 0.4561004532904350816658 0.3751006872934610769654
0.5050673574071008475883 0.4416263783946036136641 0.4634217549951476500247 0.4479134684649543340917 0.4200944597782793610286
0.4860606376673252682075 0.4342961143409312385621 0.4429210719342395741194 0.4968918329956940049819 0.4502442697278921657222
0.4336614533536497506638 0.4134844112911315039405 0.4390625814687262318259 0.4006039148157193308109 0.4756394687543394339535
0.4899471619506235442465 0.4203829700874431307689 0.4741096125809436956366 0.4092867653252128534724 0.4882259037900196219084
0.4155568428654136114986 0.4660463137545560186048 0.4020724468658837258417 0.4935586992058144106821 0.4943477257661549328915
0.4410241687977438651558 0.433961157998316082729 0.3969905387750536363001 0.4463041699310437704362 0.4706162654359301034113
0.444219540102129994974 0.4921910688913386788812 0.460119100523458390839 0.5068950467045308938552 0.4543526928318589730438
0.5045459236188880591811 0.4429793002886008856933 0.4142186266924992588123 0.4607738825773185498136 0.4798556820322495419795
0.4865568547476267768914 0.4833635368353937367125 0.4886667240706423220864 0.4518556647338168308359 0.5130994457248966300611
0.4807916787390780211098 0.4567991090471406057105 0.4458325630545436624175 0.4429103199048559091899 0.4516540754547136993224
0.465394824314475874516 0.4144121804777819439991 0.4802176676535273025515 0.4751964714759304708735 0.4563728015022007755697
0.44483770575163505967 0.5043402814321827909438 0.443553492400771631754 0.4663386431335798665287 0.5052820313648881400681
0.4497505086269258378628 0.4493557478137191196765 0.4751750461286573523623 0.4415174801429126993924 0.4513875381609157022567
0.455901605787190855601 0.4784503284584372129196 0.4850514924985843689953 0.4576138658980546947141 0.4277927623102115717302
0.5012226508989423567897 0.4438347643202753545211 0.4631516487513110957863 0.4599523782842790953218 0.4353843402156429287508
0.4684931413564868973864 0.4700639867721401188305 0.4926362179470644142576 0.4089966987459656144743 0.4725125027898577356744
0.4838969691098892189629 0.4673642129616518148261 0.4505469947535086783219 0.4244551891777182395238 0.5034676194792310210957
0.4910782227993963910961 0.3755889220715438736597 0.4768307183901981383123 0.4892881400185297158245 0.4375724019451984192486
0.4389529434792884265981 0.5047851661679436663377 0.5024355401883890959169 0.4966199991717758499554 0.4761660218425270985065
0.4048003981931056483035 0.4941698993956141761075 0.4483377402522867871681 0.4478353729564392704532 0.4254264401406465112565
0.4789914076282588695221 0.4760298025163168245122 0.4684827272870374925695 0.455115570154460358232 0.4757255570805993816208
0.4352553594485207288933 0.4772062949474150661544 0.4953803317580840470669 0.4523527699436682425471 0.4826387794997895053228
0.5022985076217609812232 0.4517706994640522943918 0.4718617750188038306725 0.4466305224237125393039 0.5044947029682598227396
0.4096862549582271362247 0.5034193237747464078069 0.475240691716187046989 0.4861307903305062683152 0.4610827816067223916541
0.4453631821509335120268 0.4351424411141295300887 0.44609763944355534937 0.4726195949470735624409 0.4408216988025318583411
0.4838762419262818692545 0.4560025853307871357423 0.4860127085464521767832 0.4527163896331267700646 0.4831192054984803641027
0.4703537220560823350901 0.4663943801749473871965 0.4105784690921094881588 0.4616365898503718701029 0.4685699945308053337989
0.434778689946570595648 0.4579666278060653406001 0.497546776628750964111 0.4703702179885835832351 0.4844498155320351440167
0.4531369265455807981979 0.4895426977943990176634 0.4579876084898545363089 0.4711012572774420092969 0.496128489986424725533
0.4413206916483554120845 0.4873707012115429670907 0.4683469869492681847412 0.4718095908054336651283 0.461001175374139704477
0.5074379081534612367932 0.4845642994896768862567 0.4721159699644218998849 0.4684767749849948481611 0.5370305771365523339611
0.4803523505626707268412 0.4623274774477266757522 0.4535672535877307010033 0.4592506400315439218929 0.4807815888547740668102
0.4686434897646010733219 0.4767696079323341940004 0.531818464549484448689 0.501763947751607597425 0.4768691999289463301359
0.4856818989622304072462 0.4830807929828631608338 0.4876709818290526632367 0.4286513521049888364445 0.4710753329644288833755
0.4673340422906709923367 0.4702077330440498359465 0.4152565050014404013368 0.4860138065131032747423 0.4505174536431193477171
0.4243144379018087830602 0.4711660043302601796888 0.4805713964648015701364 0.4553134850956693235879 0.4881612705126411877465
0.4699492357495689831559 0.4069168350941331224746 0.4817525154286796396086 0.4766830579207871343428 0.4845253957916249021309
0.4635451918550910210826 0.4845607810853974073417 0.490508514457695110611 0.4928014764975419126358 0.4723808319603399197284
0.5013219428963747725803 0.487218021730777106626 0.5409610550527820249656 0.5064435756458515180967 0.4581485466382663740426
0.4542670016003053645726 0.4713411347116379657152 0.4955643446409267460773 0.5085321567465527214935 0.491347126254592980743
0.4638547620822940920071 0.4902353858357907379073 0.4527824040195301269485 0.5248161618333134770253 0.445711712128521120313
0.4814833835172341869324 0.4689091881126510874545 0.4511127491345539586298 0.4757174868051829430549 0.4699580018094313138555
0.4396558732101916167068 0.4742652253121865113528 0.4921430426896724052988 0.5125266276193100045688 0.4807738073193857375465
0.4757942621761261370317 0.4496420761607773375346 0.4649895085233045066708 0.4887524785532825211121 0.4497854377174726470123
0.4812872805625029171139 0.4856905147451782700507 0.5035075287173157443377 0.4763262777777902967635 0.4723219688169250085608
0.4665352842679991729469 0.4795080783934733137386 0.4960963483398360684973 0.4728134061614975292009 0.4643098800811573667602
0.5417201067676643555515 0.4845678650449782853826 0.5139130522448278615144 0.4707516133997824980817 0.5048455674345448951357
0.5436249270729609506247 0.4784265063949255103459 0.4712153061914651219766 0.4801925735346273538262 0.5008781321517394857779
0.4947512008305368635952 0.4793050098636756906068 0.5055215344610383132462 0.4999079190324933197331 0.4552941637798718077512
0.4535927708695849935872 0.4790813749935508569777 0.4727603036151913906693 0.4889455082875595048897 0.4881012073928607808426
0.4458885899215968562359 0.4585487219332852748543 0.4395803877806885862078 0.4818711700925141228069 0.5036826613929080709298
0.514602036900182913115 0.4743471598141143497074 0.4979311537548485322446 0.492551717886163586968 0.5007401198949752441081
0.4889328238673630311339 0.4726614691255742739529 0.5136256765267575019607 0.4439073046599428251646 0.4920664378093428381611
0.5077968088438458149625 0.5059891406218972598197 0.4938567679606982729901 0.4656077022821756838944 0.4625244300344889536447
0.4923087567070348335996 0.4943679139598937677391 0.485898034261149969204 0.4974124427404816306542 0.4822434138411772486243
0.5109926917758075282094 0.4287239195914255285302 0.4442189741793441393192 0.4804238804791536865402 0.4784304323695690031037
0.4734784727037434359787 0.4845829884633846562636 0.5280106975023528548263 0.4967032701591602705804 0.4589797599456039156607
0.4798828772432593980923 0.5317998767588334452228 0.5301068539652615818625 0.504038703178913305436 0.464904852346395947027
0.4698426887799388995681 0.5122319945493389869995 0.4999647831822875421182 0.4489868501387905275202 0.4885706136301616320239
0.4874302528471401996235 0.5040759618688893661798 0.5012054189004800930363 0.4667698850501515450695 0.5166344197129393300827
0.5026847345151932433538 0.487854886424689160318 0.5181158937962413446598 0.5217853329818765706349 0.4776480803508501571386
0.5360757659586419254794 0.5135295733306510790328 0.5030084068401337038523 0.4888616001406754230096 0.4981899915804211542714
0.4785269343230863503535 0.4509677949060516555235 0.5437898489093017095897 0.4883816203592759030983 0.4480742223317593642129
0.4613986183598353107982 0.4831427115887605983069 0.5102914987675122304722 0.4563483979326504735852 0.5058719143873406931533
0.5396478362167376197078 0.4884780342884330606168 0.5041950071424368129414 0.5058245439136693777371 0.5159779776679039864362
0.4985601485083802075771 0.5030696780080297081383 0.4894370995873451035685 0.5231954889995040769435 0.4466190604864686553022
0.4957624046528710803905 0.4875763811092954091997 0.4833804066489517659022 0.4857349641001281748132 0.501111012405812017434
0.4675104754382927718659 0.4476734495261707191816 0.512188614253500040796 0.4742841466503220360096 0.4770180425636117438337
0.4635962742623233601158 0.5189642955526770906616 0.4659261302188688613768 0.4962971980466531207732 0.4917119540987228143436
0.5058979230977272978365 0.4997172106652343903654 0.4968294989684344797887 0.4781304620783528025463 0.5053287621287058106745
0.4936451536589927524545 0.4894325927715909019255 0.4598137543316562214635 0.4774749194804569496497 0.5024051488410763433023
0.5179855840694367330457 0.5017102268783161234111 0.515879434129979719259 0.4827280519738573749677 0.5045901285559565296879
0.5321492265267555588082 0.4633298486605232358038 0.5031635126043479955271 0.5012095073107442066984 0.5067573322656726553248
0.53586536975890231016 0.5175924129203128831733 0.5330948555904813090933 0.4846776965594867814247 0.446263403623879006954
0.4899921530190776142177 0.5116820819275330611831 0.5326333913262222274909 0.4813960484967413910873 0.5286886295167407823214
0.5088121918284103095687 0.5389336360575118778371 0.5015943575035202162127 0.5573349198220732825249 0.4811294666687665477767
0.5578726332571474211264 0.4983951017679191797249 0.5138737813041472923814 0.4582878043277820445667 0.5192472699810907199591
0.4687867209061932771696 0.1170396907151768361999 0.1908982124308877814656 -0.07575964104110982644258 -0.2520201243856946549116
-0.1020741624859412416404 0.2449677369428431839005 0.2386113319382876241104 0.2250732347264417232413 0.4205952729718775429113
0.4448055632811852011521 0.2845140707231665344601 0.3784934923706587128756 0.4584049682007627635194 0.09770079215327306942918
0.4528630587082525527087 0.3021187326139702644667 0.3330153629009074967016 0.3598486670521452435167 0.3213643517520458625647
0.2819759252050226816522 0.2719726738572295077212 0.3174134779023850549962 0.4545402800080082239553 0.3869982722608054648283
0.3502181126030339264332 0.4225220351934937390581 0.3099516796097612769678 0.3526815408490301395616 0.2871614904682653901524
0.4241189620406229376925 0.4471047466930764824333 0.3503807553765136972856 0.4507703000261900072587 0.4058412728740256047999
0.4087701081104302969216 0.3571141570179639512794 0.2925143008450441506341 0.1524466331209448077821 0.2485373697731870501482
0.3736439425207844777788 0.319714516307421314778 0.345820224753769667192 0.2673884219957625707487 0.3476960727177437204816
0.4186297430050306966898 0.3369027166762381675369 0.4204220498011691509177 0.3528813984919305646315 0.4126444115885149477307
0.3315303237656059831551 0.2544065778183181580907 0.3859540948356969258803 0.3897130069257529472182 0.4398264110406121529806
0.3507199346700691777734 0.4037435920260062927056 0.3007330819145875300258 0.3575001159725750277119 0.4276575248354756442204
0.3689112775998886206708 0.3463245921110764125039 0.379425590070318785596 0.4050213160937379264226 0.401948862172298693185
0.3000815103164306552053 0.4547105462405441889118 0.335800737788451764132 0.415353734884686576212 0.4492090818965310261568
0.4502565102800784591075 0.4347316392102697490962 0.3711458579322738371431 0.4386823777774467303381 0.3996046127134016412441
0.4048199061829560463366 0.4042798308692968634048 0.3633500624348824370458 0.4313015420412634748359 0.4530579062720641037032
0.3319122765473653813295 0.3333965258451964674968 0.3367306130996716162507 0.376090740843635973345 0.265225086627949468987
0.3277551237244880621979 0.4127163907022873279296 0.4673451104800616096036 0.4039504707577672992791 0.4048733872956073454041
0.3937938883348049423638 0.4011329604755233813052 0.3907540955794630566089 0.4657499208541266977335 0.4135533661787119674713
0.4304568054880206773305 0.4639993171813605599141 0.3353406488689664732838 0.3987746835503180320437 0.4003265754171545509621
0.3746345468698463743173 0.3650903135364023666121 0.4207692793000908371148 0.4482789765572556262008 0.4258144222495117703353
0.3869950280811503273704 0.4227671045092898927109 0.3781197944783803999158 0.4238401243180753841244 0.325095725445671057674
0.4413711031649195648541 0.4022211674401964809356 0.4655116514269972416429 0.4032518160495648373853 0.3382644669016598992783
0.4020904218048267919627 0.4274428889213019444604 0.360819438349633592189 0.4790124362536998248174 0.4261934336271134271534
0.3837614868243989230123 0.3761080707291912794688 0.4674357763668631204901 0.4522548651881651005091 0.3850434703415263615334
0.4211944312478120289178 0.3638369796219696472583 0.3433244180563215786073 0.4809251980352346467207 0.4399925976908647395902
0.4161008955032665102003 0.3698811148860165487484 0.4574096318699879537562 0.4553687934252009794633 0.4105550836452229734874
0.4551314312144845719565 0.2979204136360694699093 0.4263300671085664683702 0.3969004754153362957148 0.4395347593720240753079
0.3726595239500276046662 0.4070699320293777456747 0.4032077771757918149831 0.4684294919590960559752 0.4354852820860444229112
0.3088846952449033622656 0.4129566903238561237366 0.4541373643879441091009 0.4171420328048904835327 0.4171076634982823216902
0.4389974903422579344259 0.4754909042508530525595 0.4369965470950277763862 0.453043478544226996263 0.4144113148616880848429
0.4656193776048760391006 0.313307166365959011145 0.4227876324401776964024 0.4295664542026296217614 0.4008471650526473362142
0.4503424756993906208358 0.3452943515240908256558 0.3368906569298877329288 0.3683401741244386462526 0.4303755595902919450779
0.4404848944204355354337 0.4586208581936863648565 0.4285621592035070426263 0.4546077260297984312665 0.4926984955288353229541
0.4392912912527431323895 0.4385058781144169359756 0.4509485088279023279334 0.4205561449588529066013 0.434268813682849808
0.4029976225997629057929 0.4615638417903450974045 0.4137056357932304417879 0.4530093164947995298952 0.4368526788403316318821
0.4264953011191211507125 0.4302241203158633231496 0.4228376728705414144827 0.4470207056912929854953 0.5099939965534910912837
0.4471092384916101614145 0.4065115185430386302023 0.441396891944395852736 0.4334694393801071798933 0.4610038223868815343565
0.4280754629705629810132 0.407995614062986899917 0.3814079410658142710311 0.4467434136301589031603 0.4722952306191228188936
0.4549341395094367856977 0.435185280444504773989 0.4032134692683363441645 0.3932281780249625158241 0.4464596529293172744168
0.4888681807845993154693 0.4971397794619194510091 0.4140723808190845955934 0.4477712204592601552555 0.4164691242684525063211
0.4213733431566564213711 0.4224015069401546029759 0.4031771442675832761715 0.4453085743778386618175 0.3965548831498140747165
0.4745695471555638200734 0.4195286870754453834031 0.4141385937493988755875 0.437822138013748696217 0.4405553661642985230351
0.4457650845593685851043 0.4828540054023511829406 0.4538056119426365775382 0.4571996923497293474625 0.4153980802168117936191
0.4339358668063268975601 0.4413246402503360199532 0.4100334747315044214844 0.4702002373201395468705 0.4586763730896413759908
0.3492064658668748711179 0.4592237841687852872852 0.4583103950591088660005 0.4403074268623378140219 0.4596179359217294480011
0.4167846211415910939735 0.457217229007856218459 0.4762753627513899301604 0.3722340401110834640086 0.4256730714755614375377
0.4545426619152609371 0.4632310196514211053653 0.483027797356025356823 0.3930334928811066164123 0.4367732055307875227435
0.4496811189893384352878 0.4018730580421908116229 0.4155819755705866258566 0.487484344411227843441 0.4759191467040516099196
0.4953203774645070778249 0.4531985278120044258188 0.4196233755457320357962 0.4178578606660481309376 0.4707165281589189564926
0.4679561101618176510719 0.4510279154625901898434 0.3796446605743764579621 0.4451364628471193296555 0.4877851745578044573293
0.439981423052965170406 0.4355582901120462202549 0.4456133661280606839128 0.4673461199494522988473 0.4408564754970019650138
0.463273365861990138459 0.4368284746832917231352 0.4707752392863908674769 0.4562958864451562845943 0.4414955907578967386762
0.3863982268127686414694 0.4626915471545908764561 0.4620610889569213841632 0.51798522183735595803 0.4015271594921360764907
0.4437834864137246704274 0.4669736744174915465955 0.4273152180377248199328 0.4297254622751280339621 0.4852448315942742285145
0.4693618639725147811959 0.4745000683057349899485 0.4652458334323428812418 0.4597130111830611265411 0.4719267684908349247408
0.4757904360201403726194 0.4206159947493185446987 0.440046392887859239007 0.4233574785993735600798 0.4098193550035686971711
0.4433182346494278780469 0.5099354156757960332413 0.4836823936892508113417 0.4619854561194765563137 0.4553239844504106126344
0.5008755682358080330019 0.4916783763767965109714 0.432391389904902112562 0.490690235569199884047 0.4179533395137084994531
0.4931848401912150015036 0.4078840055988542379062 0.4254019526407770701582 0.4542678978888019525328 0.4382851671819821270937
0.464067738334879131834 0.461095075558753009215 0.5101569894605125776721 0.4602121034063742510689 0.4409977042075553521627
0.4956157433830223890681 0.4215206122108000053039 0.4255178658349261788807 0.5060341483867394352103 0.4015844282809063470197
0.4116736791871972167556 0.4968170842891742045033 0.4694274793465220696476 0.3982612919466417822356 0.5087121544913473236704
0.4136811179909550828526 0.4506740125307559519108 0.4553491114138192297212 0.4083767369703628635769 0.4548619582935224947562
0.4423052287972614182721 0.4136860042776165924394 0.4535609901410584399173 0.4601462010730868468222 0.481297232453295642518
0.4897615636785696557887 0.4265655961507051063819 0.4667939721985183698649 0.4485647141599500842268 0.4587785942544697626033
0.4689522813902068376635 0.471667862020453243499 0.4279860374451859295064 0.4361445895049089194195 0.486989726528420818763
0.4819130618404274257749 0.4484891189754287577074 0.4619477057491896965224 0.5076800330605906186321 0.5162047609233402223339
0.4739475966425891195755 0.4880632919764856803013 0.4670336792339195852719 0.4999479881887389787209 0.4706165696594762914984
0.4462078760719937475798 0.4640002493541544592581 0.4610754288171515224981 0.4313920198141439898976 0.5135545734516381299883
0.4711613890116982394929 0.4527721247796042680633 0.4878806794970982907422 0.4733594477974917280605 0.4581105208816777518699
0.45157003664951922417 0.5185360527599172097979 0.4643762863098372939419 0.489048881087587261618 0.4759438041352654913396
0.4735174040736236933391 0.4897786502536311536993 0.4526122305374754017926 0.4894425172922627909067 0.468738436219106102687
0.4787180195299234886086 0.4835371041111336531948 0.5049089844196793519515 0.4509257244109672324583 0.50110761118525481983
0.4542157070810202146305 0.4903195305560348327134 0.4425620181369103733893 0.5206381734023066698569 0.451242652888597495231
0.4318313569600350509958 0.4761920066626010306088 0.4428518682110147430819 0.450863763042874898801 0.4885404004775486530576
0.4545382623407634992141 0.4173921780715263984973 0.4505701041859223043851 0.4711716422254868530395 0.4627710338407980406039
0.45115248934908280809 0.4389797457701712368738 0.4615494806126837490368 0.4755688155697911922992 0.4420578935592074376615
0.5234101907743805570661 0.5016452142945494463433 0.4964084193156994562202 0.4906505435699845540931 0.5171282065068000255437
0.4854454326285984056 0.4615172814725379546452 0.4507079547040416800385 0.4559581728938103539761 0.484854365136955012261
0.5300330952752967395014 0.4233316054035267117506 0.5133481872505115672922 0.4531347663832011041229 0.5267885075150899876206
0.4660856444390583663839 0.4425968010084517234581 0.4837393191326697095 0.5108658212856566072091 0.4377648200357210361844
0.4694324918424779280457 0.4477343761711895520072 0.4473558347170891180689 0.4486177313725688842183 0.4288146061130016506446
0.4710436855731684469006 0.480592465277512648214 0.4708850927778795436573 0.4977572709648249160708 0.5051835620168392271268
0.4731872489849257013006 0.4653468458438871913074 0.4912861121142902409709 0.4546318249464289529271 0.4904965551358779207725
0.5186537318427472120774 0.4151602145360267503982 0.4759828549003215503177 0.4677643008366526578001 0.4484473230259760079264
0.448922473172392144658 0.4906535678742134365393 0.4606704922424785797475 0.4634975346865807810381 0.4585656911137657720801
0.5130746378314625655293 0.4341323171593466923035 0.5115616801739043539854 0.445718353194735739109 0.4900107748676321706149
0.5040330365320284666808 0.4023629957193505246593 0.4881058162789035925755 0.4830299254307121037399 0.4750451453200972284918
0.4847308042830367202924 0.4530640640581249933838 0.488798185101592452817 0.5071945528785265500105 0.5266675871167519895621
0.4846174243109203083613 0.471824689681791809015 0.4739488430011817299281 0.4705678944914776229425 0.4469384249156699295824
0.4557940304621192484369 0.4731728913383931867109 0.4617167543773560423048 0.4850858380576424933039 0.4705816691730032585994
0.450242294850450031074 0.4794285909022700242765 0.4482073365791774954836 0.5351197947104906482707 0.470493500320274815607
0.4922417694891868533702 0.4967879493377388988584 0.5180870057653891302962 0.4991710500796453509054 0.4941553560851837390011
0.4879641182974623347945 0.5267655399760019507838 0.4825044677996702668921 0.4782290221892580017737 0.5103583843563155308942
0.4733880800455260717818 0.4524320992232689908619 0.4547765751981293624873 0.4788718289954165263644 0.4871887096754735080317
0.4686321324172829094756 0.5216368501173334060184 0.5468263358624463332802 0.4904376931928535188199 0.4890544238972721613479
0.4403293394685501294106 0.4809546516940571558862 0.4496353461918455862723 0.4702494751279245877029 0.4791923174980111110877
0.4932069017298624791223 0.4914877020331933632491 0.4597157000502087309535 0.5067784788749090107984 0.4952248592913477409638
0.4535567171275800557595 0.4542922473506898484175 0.4725041772854724486663 0.4925564346918132607733 0.5383902771014553723106
0.4852561446207349638016 0.4662973153190440589455 0.4885850537894335099409 0.4377653180314345915392 0.4846182756958120618762
0.4889520430714621168633 0.5337032846378338968307 0.4972970153010163318896 0.4880346660422916760247 0.515307944429947761833
0.4054454098845777232363 0.4924132942253484079842 0.5388733389646762628189 0.460531385650283231481 0.4646392310475966347383
0.5089329097261134915442 0.5630638820805777822187 0.5116891249100047334153 0.4996208674485431711076 0.4722677316466959984709
0.5048627262230434009638 0.4860934187687900864816 0.5216156924223366297966 0.474443965759754782141 0.4797997990837200577019
0.4594970295856375952503 0.4764586376116116128721 0.5158767721631382086045 0.4601542118444355566886 0.5199467907135031374821
0.4786058217728949570891 0.5319961886431432418476 0.5002297889441231770746 0.5073497263877262408727 0.5142876229104091923006
0.5129893954382925835844 0.5124736647927111699019 0.4772534625866019508678 0.5155885477177444276009 0.4783332400515626914306
0.4797576293780930756228 0.4354614959977784471867 0.4702225192638860851169 0.505104290114181009308 0.5065069922241616229286
0.4844161997259994745235 0.4701122426094777595473 0.487415323443906034484 0.485691368966936154461 0.4806500265869149135511
0.4857482165486234348961 0.5249776185349028789773 0.4872940147809814992463 0.5014036815704594474141 0.4961828085176644420606
0.5227338244955261892244 0.5000727335095406234089 0.506093584627610115767 0.4511974504500237403981 0.5155122249814191315309
0.5519029818369911577491 0.4799178013773220952132 0.5470480974980138633157 0.4902578603047783034619 0.4826840965796481142114
0.4905900211102756092174 0.4768473502800896768328 0.4801795427290399542741 0.4910477370691387344337 0.4893812315456290695792
0.5103757812441401808812 0.4777137235996949393702 0.4506901511538483062758 0.4948682714306016916517 0.4875201147910384058548
0.4766814875647564786476 0.4963493204510470713231 0.4730079183905552264733 0.5114438190801399164442 0.4849597626449150822303
0.5054804505611072418247 0.4819329313014585336461 0.4722681718082069601827 0.4906979296984817495719 0.5237270354641255787342
0.5108744790457767637193 0.4903504275973896708862 0.4913433716655306038312 0.4719198872295252145115 0.4811353624273260742861
0.4476286136891982070374 0.4799552062330759150122 0.4512545981491157820464 0.5210057253801463339471 0.5024203409029684985754
0.483966720020944873859 0.5188012397259937902305 0.4891044892073710403935 0.5492355583124077789137 0.5091558897948568196412
0.523891342838549434191 0.5022577995104863246567 0.4876218333890808276365 0.505997518441821947377 0.5260271091981336688548
0.5073862565636184651652 0.5282291920515371774769 0.5238695360833101055675 0.5315762697177273121696 0.471185896535989301448
0.5068043390413577986564 0.4853458595802748742898 0.4966662413496976680172 0.5134346938875599120067 0.4522411010995894820041
0.5017190304999445960021 0.5032305493616158198478 0.4738537656249343088533 0.522413120422152710276 0.5105275110973811480974
0.4908264256656242330301 0.4709070455518843956177 0.4736276028009950289643 0.4791774125169782072575 0.526558163377421895035
0.473015129410199575144 0.4815799472225025801286 0.4703908264254633708745 0.5063481123590919397159 0.4959348954225615280222
0.4793691896550225650664 0.4876174072425917827012 0.4680924420364609983558 0.4752057310492486807973 0.5070111824226285479611
0.5041066602218193803964 0.5158910846664873650624 0.4586921269858640903827 0.5417292664338078100883 0.488059038299250458337
0.4992778360786902513979 0.509934080434371717061 0.4376996796901408415259 0.5276331877154629701465 0.5112547720505156156889
0.5006639304846222104928 0.460287785218714440294 0.4092831547196569275116 0.5025719434901841919938 0.5040762172129017448796
0.4800042542989011451482 0.5259082580885434676787 0.4948771791962340849125 0.3779817554254543687797 -0.1241774522036470373987
0.2698521453193455932329 0.4488886941960896770354 0.3631048211930946734149 0.2597342793522275372631 0.3696452133072161694294
0.3911901899532457815845 0.4329707928401732019985 0.09395802709874699620851 0.258006281156342887062 0.3054136571170062430802
0.4011181472847612505817 0.3435662815919232615514 0.4429077358299169930866 0.4436901968644272886699 0.2964325576344794543893
0.4606685647023726626337 0.2862246539782011822695 0.4164651185221890927757 0.2814442677295244110702 0.358844673477078546231
0.4042117590487748768346 0.3231193383269341801167 0.4222671797855420128265 0.3172259378535324247927 0.2642119293714615957391
0.3839451527587976475964 0.3759224688712550777048 0.4152260994262473303706 0.4601918379469342457178 0.1220905537179206579168
0.3427435602952642046404 0.4505264613773549142728 0.08793074035180215020091 0.3776770095911166080782 0.4405471634723088225627
0.4056345547699428677468 0.4265758215273003917112 0.3433478793369619253006 0.4237580928560646942316 0.3479480182809974175839
0.1851639347402150304056 0.4308121177412235214277 0.4102576219819325520355 0.4035697578258662931994 0.3367738966661311672546
0.1052480196491289293759 0.4291009368399273382622 0.3534185360471532866278 0.3431645282473673175261 0.3754662300392881957301
0.4486092361448657528378 0.3613809898953121435561 0.4802453255493795980513 0.4182271758602449929221 0.318351761150687695423
0.4690510329716284787516 0.4242451790922165955067 0.3314292095132051474415 0.4340890254684959259635 0.2791970215250281217578
0.4404233546285077904869 0.4156298221303788564818 0.3913761848023609712932 0.4611713056066622518081 0.4573031103791116436241
0.4230527998125040989308 0.4040986606685276205653 0.3661469339574273118565 0.4169063867704336789899 0.3118926581540865106135
0.3922307767172196757421 0.3954469924727053165014 0.4363484997749714211501 0.4543784480642916734361 0.3359653833951260493151
0.4291093917493903897586 0.4230311745931272793264 0.4653921574875374278513 0.4583218688760202219612 0.3193344522442052579869
0.3771867476793467344187 0.4076340488328343836244 0.4248133124639757451924 0.3185454448496810586633 0.4354517211493522110821
0.3099224697298758046671 0.4496725717802959043645 0.4037275477170602644428 0.4512073588733472306878 0.4001204138097825824261
0.4331601601933351974871 0.4112520369608315684573 0.4551249201835891877721 0.2717491230923223533011 0.4251863786365565611725
0.3785374851788332328795 0.3468765739952877069641 0.3887651322474952597652 0.4225924268085637924841 0.4555534535992530886794
0.4376211920172677349861 0.393061105321402537438 0.2887534086264209598482 0.4343478977852448519315 0.4122292616211726268283
0.4535121134336869697101 0.4002143913154367904639 0.4385278791690730426645 0.4153177137797930407181 0.4341016427126703214334
0.4035656331382669881336 0.4608623996865676697432 0.4858487184757719345995 0.3376523451901696781796 0.3927994524722542846185
0.4339563053154482652474 0.3973942653226349430717 0.3956416563918662698818 0.4152907683061007326764 0.3271311280486589034844
0.4308714391314039660053 0.4892916549271411064126 0.4198881441808129388882 0.4144020661735654531554 0.3942349034397184537326
0.4222145386869481931136 0.4067676154266151589134 0.4182935000569635852763 0.4396880583089339267211 0.4446765599368684984682
0.3543929995778794528327 0.4000483393643874396872 0.4237888386470235468906 0.3582254238643290955579 0.3322751139880328330456
0.3665664635237939061874 0.4238403749354044958153 0.4524905284027065932584 0.4011125882567568301518 0.4453105106026018500387
0.4392699216062356248891 0.331141485618889119813 0.3778425052074319001605 0.3448201729927018455157 0.4139490900671021211821
0.3500958702091732099859 0.4484858051153605695838 0.4202101637505282760721 0.4280559483763256012345 0.2626262436935760113954
0.4274594502479818758367 0.4022369964501295580561 0.3740965586184048508045 0.4629598330130241246039 0.4668525797456796189167
0.3902083063151922659451 0.40910020824396592376 0.4367265712761164708766 0.3399373328561655638325 0.3913743483305114345683
0.4114074241722739944116 0.4158129228490514139871 0.3231994284731063427074 0.48141548436516939935 0.4490032647630763373847
0.435198055776486125712 0.4732952248276478535161 0.4232306368806473817479 0.4644048149130160507703 0.4622617046831362097592
0.4429948236479775425245 0.4181400167343887752658 0.4165004070621771137262 0.459943844922985900503 0.4810795501463872025916
0.4442515677175732369264 0.4920817989105807921391 0.4329947411712747329382 0.4442532138021652587945 0.3765871524759796806769
0.4607564760230362099769 0.4074895242809248863125 0.44785622415590270462 0.4796038061975764210665 0.4474179973928286702112
0.4867399276192174717437 0.4114318606194681260391 0.3680168725420686071104 0.4729619365234026262534 0.4441559641854105899839
0.3570362370121901163245 0.430355436399196378261 0.3600729895098735422465 0.4717406489350203790956 0.3949287389461398900536
0.3954802533050078006127 0.436863994769904118165 0.4226989983698703490234 0.4031028942871190401398 0.429284824676469889404
0.4491077925771491674567 0.4180840254265549282842 0.4233301860648153724931 0.4526041638227832342167 0.4725726694590582366295
0.4073700524343820128514 0.4320585538627272903511 0.3678099053903914894548 0.474163519408447697856 0.4201243681458199374923
0.398899774760568481824 0.4852357247615536328667 0.4303454941146359624682 0.493557466017030876948 0.4431133585280515041482
0.4658242805074106485108 0.4097384060512203607374 0.4696643789754072484399 0.4121838263536261037778 0.4445441199409658761255
0.4228898011609322216131 0.4393255142093962506422 0.4842776050718075042667 0.5014981025609781539742 0.4279263442448587584366
0.4367876355407561694832 0.4191011435473512847238 0.4651520378856973669812 0.4565484529005547353897 0.4525702086002027502154
0.4809592822007751622415 0.4095587139144695187909 0.4967847205267257870709 0.4468246037386806590597 0.4751075007104901271049
0.43543187912493036551 0.4575386728010257808563 0.4932822267922525871775 0.4281855201762778118102 0.4556781701033683074087
0.407410156073574281077 0.4004786443119024985648 0.4343985860148156241678 0.4699721535200799826804 0.4087414169319322221341
0.4948700937333572746901 0.4561045493273873652207 0.4401949480038080952937 0.4575875806011884816549 0.454049637575504372311
0.4447878522672624179712 0.4659345303171607555193 0.4701617358140232072472 0.5082100281750793202562 0.4350400553757052257708
0.4820116984970132523181 0.4553162096495840804877 0.4760829050362754832904 0.4732391560327662838326 0.4055642103696395772694
0.3708801380349709964079 0.4617686178283076370299 0.4390869725683883562084 0.4502078987999461046066 0.3960014056938394033658
0.4828855444487515358176 0.4513847609422826923087 0.4550454870160751119634 0.4688226222676094012698 0.4100813827647237230778
0.4184247471844771970595 0.4487985158552317832559 0.4192302771502517955149 0.4681231407571264102607 0.4738336653502276951677
0.4762110813099923456448 0.4831966785024265909065 0.4520603428397760303881 0.4385857636322867403322 0.4947214681704922289995
0.4124912973099031932023 0.4690607906271880289673 0.4560102673751915691724 0.4483828119960540092848 0.4429209040461351554185
0.4334998787370453743328 0.4304809776991767034104 0.4974620538454049278876 0.4667304492878092680996 0.3839938306889886798778
0.4433711982186092637193 0.4820970424723771685649 0.4575081557566211265531 0.4971211166533951453239 0.4704859049907636481258
0.4230494060576591719425 0.492123765531101042825 0.4628795467038970823381 0.4735134057511247163141 0.5074537617012047086007
0.4647889732728402445439 0.4614218798278612587715 0.4919455394162000616554 0.4622916910524356715051 0.4782855534604076308547
0.4757366598035564497771 0.4769743306926504944343 0.4334931048193558789094 0.4614792704063169770379 0.4336165745021524076108
0.438329509062671318631 0.4261742882715265912097 0.4493259052256302066297 0.4768153669105689718144 0.4226055676396365812231
0.4637016576420731062136 0.4823679304864729178171 0.4921553186176505501059 0.438645020872377444654 0.4721943439947977605442
0.4657197004646456695021 0.4667299741806122947985 0.4724792369270942593573 0.4666838497657357365256 0.4935604844489067111191
0.4625860791298085916701 0.4620678601080856484629 0.4524028227266536084095 0.4679424076555038780612 0.4638025932746543400498
0.4642842412636206672616 0.4736876533974003766758 0.4544607645288091801739 0.4814783212203876394675 0.4727077422657935956707
0.5268475635859183325849 0.4623956777134829998488 0.4540950322791405535661 0.4617582790800693892663 0.4296171167030796156361
0.5093943708071571041529 0.4466029000084007494209 0.4615967140889209452403 0.4655283233352173200004 0.4079910835590666029482
0.4839611268477535532817 0.4271657646846423461717 0.4680325904565488248643 0.4712538247168122085284 0.4962570932158930081535
0.4319551505270780022983 0.4703996308689226135691 0.4444087892506418668859 0.487008474843729277648 0.4510144644942879477156
0.4949639083372216474821 0.4938170470841116710403 0.47874253944398620364 0.4305554308901775040219 0.4425721789445291598497
0.4526650631950674963377 0.4891861273437864698899 0.5324338274561143391495 0.4378020389149872571011 0.4536058880485019928486
0.4107698523223252129455 0.4593767100905881139994 0.4600393947673699357459 0.4763221144638757342804 0.4776422477159493196197
0.4640367330752182550846 0.4353934682101210373872 0.4500785835789434252696 0.4595316971987389864651 0.436737487215883957159
0.4498226419362604810992 0.3928469200106655678795 0.5125996408116463287641 0.4458110936447836625263 0.4668831307321948953515
0.4907516608196076934867 0.4674627161521335838579 0.4796352820811275452506 0.395728894208388304321 0.470991392487838611558
0.4950197169327426038876 0.488965890924416446417 0.5003869320459014558011 0.4657834772941256695766 0.4771183636387874571483
0.4462955291927777623506 0.4346716349451225092082 0.4896167800326221009044 0.4355071799098983453824 0.4206899890597899371869
0.3984576923091967537438 0.4654795248700918652851 0.4740817742580005766939 0.4316726031655798156983 0.4603970775471379894839
0.5018388567541497424784 0.4901697154693482327836 0.5236664578896207400405 0.3876500882715004370205 0.452507267652244304923
0.4916085849099359750269 0.4965654432198145507016 0.4789137213060256637043 0.4862112784278280752659 0.4653048064795040072994
0.4540050973271190781766 0.4633406966459359677124 0.4601892726917427567379 0.4668220581913731792589 0.4978432100401180560034
0.4534837683546167341753 0.482108431025120631741 0.5096743613901529856847 0.4823159821875886432707 0.4483223007393614123473
0.5007597800459869796796 0.4435425943875254684023 0.4797532718827324238475 0.4121174582277349340842 0.5087409109756432235017
0.5012036956765150153004 0.4756873691537291670706 0.5031104570854062485452 0.475528632921303040515 0.4893120457203922746281
0.4104527015824417368606 0.4947211949273387920911 0.4477635288982035888239 0.5054395542622375225861 0.4450252035545751438939
0.476632898134058513584 0.4059690059477480961192 0.448284656108287937748 0.4378470670202989634134 0.4496658181899060302555
0.498472362916188460602 0.503619577089225889388 0.4454935192403726706978 0.4735017845985229900663 0.4765358848926554702352
0.4873201527055169290925 0.4926966830085173221221 0.4713733791485927304699 0.4716718866897880446665 0.4776771516743767431734
0.4683461324545608595038 0.4660009476966721075897 0.4691790379496225127376 0.4632369551338523239181 0.4718345822088429453167
0.4808921773204273830693 0.4871174199786445502269 0.4404536429234647276765 0.4865152461427833530117 0.5119545092811267350541
0.4477188848652711161691 0.4718258993187213756748 0.4190454450055784429985 0.4416404186942349263667 0.5184902752624110933155
0.4857541457103778381743 0.4713614826885287323321 0.4970429110626998769895 0.4425627354734208429576 0.4829873084054726040115
0.4736716679839806931618 0.4951031319433936150887 0.47768420337748168647 0.5113549562985028051898 0.4974165893438490249068
0.4969433820521739209042 0.4642900657765631211582 0.5045849517463948386009 0.4769651125465568797246 0.4562965523252690558387
0.457547072635121288009 0.5366110083219227666618 0.4788793841437637976988 0.4661075767637394284826 0.502476697932823013204
0.4807976730172500157146 0.4805956614422589590063 0.5092373829891890801846 0.4107161137681027973656 0.4659178825756058461849
0.5094123662110607853037 0.450294416093007077162 0.5222235926254648052947 0.4798141008228903880983 0.4709306225583219096542
0.4893526724309166797688 0.4513195346453535705677 0.5114996230504820218243 0.4488599462674638940207 0.5003034722390774513556
0.4623066153767694808074 0.5307296793159427261699 0.4810434592725864599849 0.4824351147952260498997 0.4837585204656560944336
0.4815434847732468215398 0.5088021195331250412508 0.5288331674546901117751 0.4990768224110559425633 0.4577986035329182357145
0.4804502787206432756761 0.4895250022975718984242 0.5059617061362496892585 0.4824671499353198056426 0.5423897218215893989424
0.4962523864995349032192 0.4876210026825534837869 0.4886697930042228077419 0.5272794715267314913376 0.5149490498154115636353
0.4713439762697156920623 0.4887776859364866277602 0.4381380634342515456581 0.5223555886522351920931 0.4791181201775913112151
0.4751303569524229497567 0.5506430382998975803233 0.4802342671244765326399 0.4783363530465143953485 0.49472801071405175799
0.448525460639686790465 0.510064688058449955399 0.4924610124597111338041 0.4560601125480751583119 0.4565375383968929834388
0.4973474442280637064506 0.4493114598438365248079 0.4924494930901451295036 0.4562888584056354335239 0.5049945459091440547184
0.4366401065661368319226 0.533436660936094764196 0.4787591537819371745321 0.492832843145370624871 0.4830241277839615876566
0.4755607910758299916587 0.454847405686500783073 0.4862940696285824593303 0.4887865300632669995906 0.4774826316907674339518
0.4862221996912222676812 0.4643449107439351908333 0.4589878239030501516638 0.4808929899957491982398 0.4656174239637766998356
0.4454530527526113781178 0.4908242104344092693324 0.5208947245942328052593 0.4674666458078680086885 0.506089081772070237264
0.4873170653920822492644 0.4507763355684306083582 0.4899673504585992378502 0.4494738280667262553258 0.4947143673005559572076
0.4418644215738329883436 0.5038841330134821161479 0.5054846082415650476705 0.4904265317317355599158 0.4218658148796773921241
0.4671158440362915276189 0.5057737176438619197683 0.5056860804874259152086 0.5163282758729044186197 0.4614674406088580260743
0.4703463414019566357638 0.496922317187071749256 0.4619914940923329771394 0.5444603813917202606021 0.4888712831060201269295
0.5015843480931907460985 0.4304994979243847996742 0.4776892275506270379992 0.5185242118285249279808 0.4961612752304609963439
0.4695821514864056411831 0.4648905743051229833007 0.5145830845391368146835 0.5244430592009095004613 0.5050875792955763499137
0.4759348286101943159565 0.4520003830688589241404 0.4928153859696612348884 0.5360986156670477509323 0.4903251644239888240584
0.4967108328169950182129 0.461507791126986532948 0.4682296376919962699326 0.4665406137116798745978 0.5464394964181961134031
0.5292731326394344293362 0.4960969863080060826555 0.4954819364888354282783 0.5362077470041790583366 0.511097052084570790953
0.4731770336423676837079 0.5132984818236759894106 0.4886869145805610159528 0.5181878644371448183747 0.5223673604387987223774
0.5101680593420905296398 0.5100291859432155572307 0.5160842076186966664864 0.4841414576556670734675 0.5035249014700646785769
0.5225621804415172544367 0.5211269299850155301002 0.5011309978145409571582 0.4753235159124036268707 0.4594753704255982174054
0.5082830517546971238474 0.4236784795147523485781 0.4992543095555105892025 0.5432770062994279891555 0.436658722791367581717
0.4784518011398035675086 0.4785651650168391557649 0.5253605174409380351719 0.4460017528658569152533 0.482725364655842925643
0.5021072543547724364998 0.4761461595731706353263 0.4620943950278693646005 0.4997163479512770623003 0.5139286309990127588065
0.5298376566863155501252 0.5273280690370659717914 0.4817355468452104716448 0.5158136433024275158132 0.4694120815862307671829
0.5043941664124534929314 0.4435664987390345870288 0.523660292856703790676 0.549457279729048786443 0.4838790683793023905679
0.5170456619675558584959 0.5227211777868737696551 0.5131893709912990209077 0.4979174583518804486637 0.5026615823775074654023
