0.2993714157862307212454 0.2076246308709088217448 0.264744995355138679205 0.2841221029038003553779 0.2072941174859723734158
0.1070264123051992699587 0.1040439252996303992616 0.08010818121947856085274 0.2686114551713081333162 0.1415279771697854072077
0.1760592939973948112264 0.2617206219776651576758 0.02773317680552299033248 0.1463824205588395155342 0.09745280332075813289894
0.08248966793126523422419 0.09753868073227998924946 0.1579544571006599174012 0.09377643716885823710339 0.1135192392699494040587
0.05762691194249302401031 0.1069854120506430888993 0.04599018128639272701141 0.06709667880823577679195 0.120448551253069552347
0.2080155531446470917878 0.1007208413682808417766 0.02128173595214010241361 0.08707735939757101084613 0.07500628167757227016121
0.06397680611142578244177 0.1235402722272515019242 0.0510003266222507287142 0.09229881000043035910174 0.1364280244484888937606
0.06497591306038812131174 0.06200188918668918247601 0.09267763924726385438291 0.1221748081503916533164 0.02155632994265412397117
0.04423971657800982587583 0.07132497853309470448036 0.08598821032411686771102 0.05622282864915928435323 0.02994620600141017704998
0.03386832585354095093155 0.03498210540673691443248 0.1301326308589091651502 0.01417412303703559708912 0.05666136815426556921915
0.05769442874442638757859 0.03870078899894562052264 0.0875190353629293760207 0.03434209803572659674975 0.05583467892167252172309
0.02216332255613323240495 0.05160275407215087623003 0.04641883751766726073917 0.09110097676207323802444 0.03307537059104586479874
0.03232702090559579077844 0.06365330434211220744789 0.04044942634530013236827 0.04058510072545069152783 0.05500062551249070008641
0.05189967704503546663819 0.04913648615560867877194 0.04066446324389539485056 0.03481601687404003303561 0.06089849070383274859397
0.02979869622410374896404 0.03847817751241405792584 0.06575470926885958189434 0.09130194950376793738833 0.07649369042735799928412
0.02606984709097347890916 0.04859188536365945804141 0.0263346887425785804171 0.07355695122648851780323 0.05522096424451995722027
0.05291949813629761439904 0.05954126540259910976838 0.03269210779458178728341 0.06986742881532564952707 0.07477982822927892181397
0.06040709932158572909033 0.0228537259616169163845 0.06182361115037809246031 0.0385678649454498159721 0.03176459568529606258824
0.01994056835021435977739 0.03647535714131917156111 0.01502271968713262371986 0.0756659733867489497916 0.04253186953446300155868
0.07575471881232884174828 0.04105736543408806255018 0.03158218555115074183126 0.03984072408537611686974 0.02977417747821971966138
0.03297878615990718770279 0.0319912270251374517005 0.06546512619568016499993 0.07211828769967786045836 0.04924045510856340374106
0.02852667381575234653579 0.03286043085160110510667 0.05186476386266701543715 0.03960961971402259668151 0.01942025243898533315434
0.0383842733188367660202 0.0251097376993341496465 0.01295511655992036270657 0.05058967623277357134048 0.0430596221785446986452
0.06471977018474663057024 0.03099909086589804421696 0.04578189820624444655861 0.03735826199445742290539 0.03137696643777401067643
0.0436984741537040435877 0.05696963779865092669663 0.04048223600313985426347 0.07732391778162420181708 0.01326764227317258140748
0.02679459660647571031533 0.03296634736153677275317 0.05916480343439094874425 0.03404021945423666567487 0.0448618516852132692696
0.03967406458042165018352 0.02882115013692328198136 0.0506693399594220633686 0.03045534155271084272854 0.05165225355692015796194
0.07932468680124479809557 0.06034256309517154609479 0.04530507909561160007073 0.02186830934064096232383 0.05239545625449910232208
0.04458283882889900462398 0.03887167565172813810115 0.01812331492238382357751 0.04732097475925795687646 0.05594345966524503360739
0.0395731780297854662809 0.05884919362818936960924 0.04735572310376492261019 0.01739759996239030256926 0.02323526764162781726997
0.02684939014938738863214 0.07245340645813998226021 0.02060908004251485806102 0.01223700496131569816216 0.03398754647851906507405
0.06378717696929903091529 0.02680311322830320960864 0.03421523995341831103634 0.02508394620595729221368 0.01799685610572303653965
0.034685942203877842549 0.06695977203940359223644 0.02466014854282670351604 0.03085352557736657092002 0.06177146826068764806639
0.04692857633629265307063 0.02222505046384996157949 0.02868044200313293184967 0.03449257166028046189821 0.01492344476820730431177
0.01872720487224472166177 0.01462417847685718724771 0.02453443789639717792506 0.02703823926973528829487 0.02550599818035327592813
0.03098847697099281484068 0.0338705066256085179921 0.01545151463013186461659 0.03706578793324644821583 0.02333447423953916022299
0.008735548150520321131207 0.04812463048271819338053 0.03826517235064765681818 0.04442883872349401297441 0.02216727439946030928097
0.03362412312249122431362 0.03512409075182187923048 0.02719587716933869608882 0.03644526015066811702736 0.04620235030028169848082
0.03163745808129516529084 0.03025768982179236760155 0.05913053816751312474764 0.02527349519694511298384 0.0559461811803507805263
0.03599242744834410534516 0.02243747407134188617817 0.03670968254875909414503 0.01733795660157389298406 0.06437584273770143028504
0.04896141243252070951453 0.03621983706749017789539 0.02136582585856126176305 0.03692494645346245524253 0.03295498376272756879679
0.0213674880559901782251 0.03396521428694073557741 0.03418566062361181462359 0.03205075156525338808677 0.03787408491962092338401
0.0312566175947351990172 0.01462526224612131255098 0.03526825883525015054021 0.03189179897470751506861 0.0142427023344049493575
0.04228760597905242835104 0.01393933464404804173364 0.01848090151998976055081 0.02706353779733632752835 0.01690217153204077310535
0.05264428410150410325707 0.02081662901193494230601 0.03680262131336751313393 0.02364388415467446810658 0.05818775825025841036409
0.06343733826553468735376 0.03884482921835696184187 0.008250635972892092495634 0.0289164624829573585485 0.03027766039265648856382
0.0284753191555933357626 0.01878803389672541873656 0.05010864221965456027919 0.05314264394637369798291 0.02147884583210218217841
0.03488507909369596704519 0.03328084823461195662642 0.0290836735458811085353 0.03628830295877177869457 0.01695513943879201762543
0.03975366527532217530982 0.02200367556107127656184 0.03179696049470617791322 0.03428812352060735951786 0.03862691450458295705506
0.04902377511855912639582 0.03945774886561940336671 0.03048707034915901920025 0.03398813031897624653555 0.0106637362805308468644
0.01732065584881262165773 0.03532128936359570786641 0.03759826901485874978137 0.04219597214836428439311 0.01756321440997767741043
0.03563633979066987284012 0.03179330266988590614208 0.02344963157313520105141 0.02929401256613695450626 0.02402882865555351632469
0.03395971536846261601417 0.03237915251675326649972 0.03812855529431388029726 0.02385597712592565575185 0.02886302637713789379093
0.03416505981023127552776 0.05228974872811007618134 0.0279448363086877114847 0.02639761620122745358619 0.02572723370304078049919
0.02396819620025852221046 0.04089203314227857211094 0.01988987004660370747078 0.02564031675471769786134 0.02914623220569971875915
0.02998429525084174082639 0.01701620142128395726799 0.02338438925289606021285 0.01810950579007897243144 0.03317363328493562468768
0.02534274677186119234529 0.02512589645280371986047 0.01509109707514626544378 0.02866087434644567014108 0.01956058260386323022217
0.04067614792548421981389 0.02686352975485058885985 0.0279993549793907774148 0.02013907575661895432706 0.01100654259225243916664
0.03711884177598130662989 0.0345491023433419017219 0.04120636545181263071802 0.03293901021711945209525 0.02038853825925110094253
0.03689824415572406229868 0.03045527579183666261331 0.02469972207933221822196 0.02475956625413496675625 0.02526632695159917313399
0.02513500697426142641011 0.04390911507660705259681 0.02112661626832994590797 0.02059605969170947778468 0.02514947199075887387942
0.03555121462673387772169 0.02455955551569470596274 0.02787494048393917081552 0.03344501329866832878279 0.01789067997807405885347
0.03207145459668147430277 0.0225752384080546639189 0.03911054641600436587723 0.0440846696941343194065 0.03105541473126839299712
0.01684771996938513177744 0.04830985429352498833344 0.02556966309937411599429 0.01226029074790995626598 0.02422689247925674527195
0.01646561399959639918067 0.02293402703646440013441 0.02102708385093697562862 0.01657391496095868277383 0.009396325405872686664654
0.0396705802344077471111 0.02438549767526815986729 0.01504679628939136447341 0.0106022264021220884167 0.01452259447188689045483
0.01404048079132111381817 0.02598646962670148746755 0.02087436241595919464431 0.01392446042745326337253 0.03008202030369731480586
0.03001893648201144071397 0.01627026197356264136662 0.04551945228484471916985 0.03775098264150567733966 0.01313098967830881799723
0.02309088039392980309938 0.02012307857717466133551 0.02424266297904630745874 0.02359048453297134945172 0.02289404640412211200395
0.009073866389805375354261 0.03120189000177904514732 0.02211222377704744404547 0.03290541529604490422756 0.02952208607773475212976
0.03559478599630557654754 0.02084394628963135223665 0.03706919391517518591606 0.01447626929538167218914 0.01934071445990927229364
0.03054619575555628241403 0.02021755670472482127598 0.02017716390534441198157 0.01109740936343187045487 0.01077520248589349319279
0.02632353581463586431055 0.02261180498335060851112 0.02054349492313464406457 0.02559913711644284939339 0.03349757282243289585599
0.02347353429505268443411 0.0219142818783267523397 0.03891426598026104244354 0.02941253109495847381516 0.01393748848860695485619
0.01098634159785342144511 0.024819994864344066543 0.02660694355275908251635 0.02862630985625197466149 0.04078984907433105128183
0.0130801226022885276612 0.02575200241658818708923 0.01979440815801448635969 0.0368031954346656406396 0.02868690113974443900435
0.03923221892433119417642 0.02215020280732031207616 0.01582749304835281284332 0.01488565326583811236627 0.0219671130243664254611
0.03362817134902972016075 0.01025126631449480886504 0.02929765507627367371324 0.02729888516193804126608 0.02016106205182747676541
0.02609754827341530941665 0.02159588767476149431812 0.03612204190730894382 0.02992945234345922161934 0.02936404581902963065176
0.0210259611732009563112 0.03749706509102746637696 0.0398546273210695009559 0.04100638678876019488362 0.0267081045583601392468
0.02522382311256960232826 0.04344789458618674576895 0.02903647081011560826536 0.01582200377458667372998 0.02772158860458233398116
0.0588383220249430946569 0.01638917308565513916707 0.0137380712145310449751 0.03163742477220387455672 0.01443475672511178309332
0.02196780074861056156199 0.01447916231493397327956 0.01745332073431300062838 0.01664440108272258189714 0.008138695058153917055721
0.0274339822047530018656 0.04377334897791359397123 0.02302214339333386733388 0.01847913406694655022444 0.01959821323334103720937
0.02901828486057442257895 0.0190007108965276685919 0.03045358570515960608405 0.02153452791431846938264 0.02225389609881966990201
0.03191732703527579151359 0.03072405783117405225768 0.01255671222855888127801 0.03327201825044081434646 0.02419319180455288195719
0.01560071798392367696529 0.02890079456522649803407 0.03112097582493090000555 0.01793248703053774636973 0.03345963261532168553369
0.02645391001408543829587 0.02400825599673952689961 0.01572895656027984215286 0.04293919021967104038273 0.0220951984015406235895
0.02395619534838432096446 0.02670528900342740083462 0.01091150477183399497561 0.01434320435404869663321 0.02923531884863086668935
0.02400310911226872026547 0.01852163250479295711348 0.03903108356387302579904 0.02874475892855604328147 0.03299509558108450202329
0.02248891146358522954984 0.006444112766564959182691 0.01285561398768874860621 0.02133978292740351667689 0.02560794461945516131696
0.01005271833618916893505 0.03062026157264099296418 0.01027263106893526109498 0.03664566965578313489926 0.03067613405853069491469
0.0172325754614243535634 0.0296465398181900118002 0.03931460959457621501256 0.02248908344275918000377 0.04365516797916303010085
0.02311764141254206081366 0.03004369237496341132898 0.03433911152358424395681 0.03099540787714162581867 0.03377100588219607291141
0.03447094652325397023951 0.009337216246957689286257 0.01771295894748063995405 0.02421228728161953919207 0.0230949862372351183426
0.03603307417478839036473 0.0275357988817327911657 0.02243651806265653178563 0.02047142338100873051876 0.02064489811132082588974
0.02305925609321696559406 0.03894296317569362342326 0.01720036838577911411652 0.02587273998425548837687 0.01974072443716137423286
0.02420333138157031854787 0.02371996202933729022688 0.02178717162269383847417 0.03064124465312199896427 0.01488982223611478444836
0.03087974748943896757813 0.0201572442212611113721 0.01772116374468756319627 0.02811834910216584604292 0.03970527272846542665707
0.01138735957164701065314 0.031686203313122517089 0.00678599391329908017273 0.03314075303646370901367 0.03253266842334618519361
0.02222730993400853435893 0.02172496687473185125739 0.02689775593598699512943 0.02434541318760616301908 0.004052200544238487335547
0.03144768843253853418673 0.01848881891909343391789 0.00375307009084028045387 0.02109184496445022996558 0.04670893274030063491153
0.01765997365851179612406 0.03796108453314858688366 0.02310561183025035963956 0.01624265256337372939632 0.02667976617842903255817
0.03481489653432497805019 0.03759392318676346017581 0.03223661668242575051302 0.02235395259199424167207 0.018983501717150144672
0.02252762896921100752023 0.003225031998835918220503 0.02034196665785975924323 0.01861982312498411742951 0.03027445062059521546649
0.01757811538570789103297 0.01723379308989947747421 0.0194718875865183202456 0.04220257693549776117914 0.02118789906049763777096
0.03305972818603310908747 0.01872453345545964722985 0.02908603344613357177817 0.02379179899269802042627 0.02382888720848123573215
0.03156880446065659512334 0.02241014777897165285991 0.01401404023330976057748 0.01858464122371181886928 0.02134826540918270329494
0.03310779433588502407293 0.01774048636303504969391 0.04387708759064200964017 0.03341727168818919152526 0.009183533720168142802653
0.02784078092158440848047 0.02190172402651021851816 0.008253831315587984232551 0.03181053796405439171302 0.0141304035702446047218
0.03219297634357530524252 0.01795207066905640455601 0.01798812933459623120136 0.03948410280040501318943 0.02426560123103059171679
0.0134047253723914606971 0.01913342177210374667196 0.02699375634652294991822 0.01616894719148815467991 0.04680014520912530867625
0.01038297408993646246678 0.02296597207296915965635 0.01928708759722572857465 0.0267379099866452071832 0.01194444326862826970259
0.03333232569887489143978 0.01241713389609081993892 0.02778326665739659986909 0.01870567043280670777028 0.01864206605597929292117
0.01331754216761638597022 0.04275743838226132159663 0.01663083005549207890605 0.02259648966384424431664 0.01981773613619631016491
0.02314570126232083635553 0.007507875537498282653148 0.03580886857173006670996 0.02563153488800234969247 0.02146657342011253077896
0.0346236783987461244072 0.0186165891055674916077 0.008864281320662461757798 0.04581571170378691965075 0.02002281480337413099857
0.04042079011500224194897 0.0302269989183419976464 0.009295475961046224464002 0.01960963772009750166747 0.02616257019390267821168
0.03400732170290021033621 0.02150169128748650321237 0.02112614408626769038624 0.02637258618345693361729 0.01559820164464214252431
0.04135780647203346482854 0.01200753381233083533219 0.03039192965626416262359 0.02970916206749744242765 0.02708443762119253084286
0.01892540894246401428358 0.03184364941726079700768 0.03438836925775251573967 0.02278909648523307768242 0.01399924883297068087251
0.02430178008787734975082 0.03287942510354827790886 0.02414784380725566725889 0.02586451959129605626675 0.0182740435350410811155
0.0245535255659279430529 0.01796279426483979313467 0.02071196562889216635783 0.02183060570074436129717 0.02538460604004634871278
0.01744155857401077924784 0.01862987853391093531763 0.01415752886692593810747 0.02499262373915556861848 0.01788867042565689749467
0.01386985675908086225461 0.02200368131764646531523 0.01323165215518650253412 0.04557912665641994376386 0.02117483639490905927838
0.03141820481553604660352 0.03684384013651481604157 0.0219056689754252853497 0.0105004792345565773487 0.02391788172804739862065
0.0242628620462617024256 0.02557349416837691527538 0.01561491439957912036318 0.02287305956953026783718 0.02484073620644603602736
0.02752682592697798524828 0.02557848790781403619521 0.01757921152500300718269 0.01768263059159286970656 0.009490231686129267998919
0.01292537381278205214918 0.03130052001694354213424 0.02331351809937355634705 0.02650567940169859526556 0.02634125680858321119637
0.03847738534100830776197 0.05645502912882741780587 0.01231769739976748545551 0.01982756806639424801419 0.02917885562495044909914
0.01364665036191681571354 0.02384251737482889765829
