0.4365609000747573409384 0.5309209243657498911162 0.4125313887939245360847 0.5317032763738409606447 0.3230145704940553530449
0.392036173081318661815 0.5279819644319690974399 0.5575088009500799302032 0.5031080328140451474184 0.5406749780227226853668
0.596600041049687779271 0.5386008282423586646104 0.5025640970223975712017 0.3648229853174363435109 0.5465503398125581835387
0.525441690759621993223 0.5509132621053991485383 0.5191358984863850833946 0.5914358338079745980309 0.5334289526296711603237
0.5234482800229891541477 0.5030605141510974265273 0.5888102284831937538456 0.5414164644874628340432 0.5288851169864096091189
0.5474168859252418473105 0.2735431727500980958467 0.5580599497825975419119 0.5708741492793698579788 0.5493164036530612248654
0.5117886716407977765186 0.5635718725057621281138 0.5004963149506669317645 0.5403415040036451122418 0.5627622343915003044756
0.5038597288339847768412 0.4684104995356958012209 0.5837067757073833851322 0.5737862940449058868353 0.5145203866294849603946
0.5636994363199391289143 0.5325877324437379156663 0.5825143137225299305726 0.5443430528098813780957 0.5327560577208602099475
0.5574283566048284788153 0.5375787779060320348279 0.5043536587180212915626 0.5513816228849446332561 0.5475266494887452983775
0.5705638095337856041667 0.5312861798522341416628 0.532045745458650354287 0.4995582934094351390542 0.5703338672350515281551
0.5361729317771907199486 0.5672084045458670731321 0.5340395403477475877452 0.5339737371877273375276 0.5338637249958859687382
0.521723450541363376054 0.4927637294981289661777 0.5592972867302425932223 0.5256441264930192813765 0.5791287099650197500722
0.5437620795162482201235 0.5284611351871509876688 0.5566737293953937237845 0.5529687095978946809183 0.5329349483905342355072
0.556476627672295220961 0.555917146682491702947 0.5400940174034132290615 0.5767928887147681926706 0.5324671596475782919811
0.5482927769091563430237 0.5162182834057504887681 0.5182532961693538942072 0.608710944727966496437 0.5444468864478578806754
0.5420563834408496095563 0.5339682750313778925033 0.5311151006541037222775 0.5677574499287041387419 0.576650599972105992741
0.5446369274736840848661 0.5728246413445504670037 0.5484750589067198811577 0.55843689507422344942 0.5517530594731658855068
0.5699959311699546171681 0.568923306016536289853 0.547854036414094358598 0.5455317123732842388151 0.5692215765086345857782
0.5505780876058616879476 0.5732784803620919467093 0.467565570419701870275 0.5771968921169725597053 0.5794525773685270664259
0.5376534616767402185999 0.5250544563142213183582 0.5224794397354368680197 0.5402675619715648913655 0.5850035178887065256959
0.5820952183283574221662 0.5456294372442364037923 0.5936666550144235054987 0.5362593398626509522131 0.5536463503267400332319
0.5824203122884175076734 0.5675312199555841985443 0.5826733171977753755755 0.5431841047508741970873 0.5729119206759607507706
0.5729443881668871974 0.5509485478539427605327 0.5422962170474944221255 0.5839340919526074813461 0.5552627243819390212565
0.6004332987530447418578 0.5594386531831976316909 0.5724966984485880816536 0.5976567599662118146497 0.5534721724722030389287
0.5619830931415447095034 0.5263005492887543601555 0.5836297920475970180121 0.568120482717592301114 0.5429607015122267510421
0.5520848728528175985986 0.5515687022777326919964 0.5720981915518317251212 0.5802753781296112745025 0.5774090180148657713843
0.5780064550146278845588 0.5529407590009007833487 0.577956731161892278692 0.5939711239762145433829 0.5703743946699676437007
0.519733441670729323647 0.5917539137097910240115 0.5197506081858579429777 0.5917619764552459749041 0.5420919366496608216011
0.5675324663801188940226 0.5883448678336733461691 0.5881907199211625636437 0.5787518222331833328553 0.5421114416242266420554
0.5596152434459956692692 0.5635279952867655595128 0.549872951972293355638 0.5046989010744705739242 0.5717522916877613159414
0.573410626003814760665 0.5786150312332253298209 0.5585185929984470831755 0.5576608786067780432205 0.5536809952586337901792
0.5801561782439101921938 0.5626964547529351712285 0.562184842644827931224 0.5880528840729597472858 0.5827608952953838850064
0.5861815652374452456641 0.6133155441490957260342 0.5828011923722830056604 0.5813319519329372964123 0.5801548771759176270635
0.5864840599541669696748 0.5503831790652407018882 0.5844920730913784057137 0.5469950749454749461265 0.5986199284319277946764
0.5809292832715794441256 0.574850864021179797092 0.5721784812785043472516 0.5521413747444441355583 0.5313227935194956286225
0.5620197570505766071491 0.5575457020703517008187 0.6011708896314381656012 0.5625936984104124016781 0.6283186620973206792939
0.5415051646495693260519 0.5702452547029266405332 0.5963250939257772609281 0.564211720238703029473 0.5360233011486076337704
0.5945160791456624016504 0.5893202824768355441165 0.6035894755916204612589 0.6007920956009231705508 0.5440500816286567564717
0.585601755762130915528 0.6076324464447345752305 0.5953542166686799363973 0.5760662352271956887506 0.6120293613502441054663
0.6095927251523430845381 0.5762398851541181699076 0.5988515292975418180532 0.5737053732821414397947 0.5785617366775669401235
0.5853947375101302696976 0.5948343184548341433526 0.5923763274318144533837 0.5742714955585428437956 0.5763571919174731439384
0.5743102731678960681805 0.6036283312355773533753 0.5981643309984966405679 0.5911971937760781559135 0.5906856662043393768613
0.5833736888107540208281 0.5736304827115448201624 0.586005915012488443061 0.5778563178041605796764 0.5695245292908539536114
0.5472551562954121040505 0.5967948116332131291983 0.5719542223821786341986 0.6004131920019785129128 0.5765708766264878715191
0.5725292990584812669042 0.5740485361766000105277 0.5563632741307162898892 0.6044462253249479610773 0.6210754502800842624666
0.5939233234134000394278 0.5840400061740890214068 0.5393816372950819282295 0.6134294631539110032037 0.5555689708121370751215
0.6109033019946471521067 0.5929454562224759639477 0.587160449098819370306 0.590384474313370932741 0.57958366860232202189
0.5823447987176508799934 0.5813631662245218878482 0.6021894492299479928477 0.5723965384720895999138 0.5632027700269316428106
0.5772568358873106930673 0.5874761333112709094095 0.5787440433229035230411 0.5955538338982518942188 0.5726312232594956697085
0.5759584632831974415623 0.5947031561175438740818 0.6098916176952084988727 0.6005938406749475877433 0.6018042597483466149555
0.6096324806130678508609 0.6051238878340562399316 0.5709758803913229652238 0.5797763723936728563757 0.6059894835230029697115
0.5742026790031420357963 0.5812260913975529907916 0.5907805820546288000372 0.5988519919518929812696 0.5747640909625280070117
0.575557004138727790199 0.5817963315817855640688 0.6119402108017705232967 0.5957368018909157125762 0.6011410266169529004188
0.594006626242536084348 0.5617843343048914972471 0.5916947330571474816807 0.5743290172035128149375 0.557755513376930078806
0.5878632559456925532615 0.5924788637346705133524 0.5987785475370622778613 0.5385575448029970013764 0.6081198862664765059094
0.5921446400622081274179 0.5553642577474352526323 0.5863809395568313487246 0.5823428807226839198918 0.5986210055178765587769
0.5569067443752987456307 0.5950775657153231090746 0.5720091420616973953983 0.5854194517364239569446 0.5974908944434190738448
0.5677464496534121440874 0.5931354110908908516819 0.6212723747907371585342 0.6032502027218654694352 0.5771473858797766531836
0.5741080863131030609381 0.6069294833118636933733 0.5727268103673419652466 0.5581777364308855293729 0.5994795080958081889833
0.5621752669409999514372 0.5851819098343561398323 0.5857579576268480137102 0.5795049927676533263465 0.5644239714892790305001
0.5706078423689526779583 0.6247200697429032834052 0.5708366745964603694574 0.6054948659807841693237 0.5848150540710447264914
0.5659013792134870435291 0.5657154763206959646737 0.6015332584697665740947 0.5890700616792402533051 0.6179685152524382329986
0.5702700674984951811908 0.6078038006682492389032 0.5821911094696570199147 0.5820551393632515946308 0.625880951613592140248
0.5875679401893352249431 0.5802505150505162800911 0.6233091212598441677173 0.6211264740566411202138 0.6097068059422956487481
0.5903592700276111271407 0.5734974323863009093571 0.575912748834427112854 0.5995408880620537450667 0.5854874082998509088327
0.5778285794606266012607 0.5764395699599353939391 0.5966778393917081535491 0.576601096944074242856 0.5761134080501074672398
0.6143300070782869992669 0.6155822111606206181733 0.6247267475460525076869 0.6066761141103985677248 0.571550095480519382285
0.5619548390359477840761 0.598582837209319595928 0.5794407797519237623973 0.5893412738233708703106 0.5924762519497779322819
0.5719507899577143117398 0.5787211274324193244212 0.5794595303993191892644 0.5973863821820619701697 0.5845503797806722579011
0.580033247181665490011 0.5796562124710639141156 0.5946280562776213862719 0.5829430326396051187388 0.5917958341586078141461
0.6016230686959384010848 0.5954607764238829537007 0.5988872379686515090569 0.5708449010935564560398 0.5969456129628303298063
0.6191702152903149070085 0.6170783545349638465893 0.5673101548929578852309 0.5530955205274833419438 0.59317037697228358617
0.605351123087574549686 0.5833032574454659613394 0.6062896125735335317586 0.5788217943606671633816 0.6062794672363633896595
0.6078296097325726066174 0.5543204227706666209485 0.6167974323247369383694 0.5697207226220930564864 0.5754750598880893353027
0.5998969228557607946684 0.6014035182950906444077 0.587638070293003633715 0.6155368432727206240429 0.5666796871865413809388
0.5840286440248317889612 0.5987162906392736738681 0.6154253359841551640486 0.5719416828404134678365 0.5654719326796918688061
0.5940865617068024073788 0.5789667608634814222057 0.5925888566333826767973 0.6189631648165737631828 0.5924372179214696387817
0.5846913288443170708675 0.5832027971873483540577 0.6209920130283326233922 0.6036818936459391604643 0.6069471783970150635668
0.5804771112799581578301 0.6097963985128012076586 0.5853154071937126667891 0.5730279768467264611687 0.5966088854620464898559
0.6080536729092907988203 0.6028447995718435592494 0.6069055587955277664136 0.6341878939903892176133 0.5942766435180825146389
0.5796607000226663419795 0.6019079456981476505817 0.5748438894540085497553 0.6029282677471428097959 0.5896643406894070960078
0.5902485094924549979822 0.5728148953154481581862 0.5982313629610297445183 0.58833317796120176979 0.5838095180275100215539
0.6114711138818803570771 0.576143042139118710665 0.5929408991378440907383 0.5732377410448655785657 0.6029117758304979313166
0.6077192241745368317396 0.596403595003678788089 0.577740129010736125359 0.562641207233920193076 0.6050132474020158968031
0.5961417956009380514359 0.587650524753033143277 0.611850269093019982769 0.5950821970714540443126 0.5887986900157140546241
0.6128911924985902537344 0.5564610098700741858124 0.6005283319354803861501 0.5898601368349466467222 0.6047768530055898095199
0.5853997074121883859021 0.6163582703831510523074 0.6027978366269421961476 0.5860848999016567972831 0.60629601560099677382
0.6164634599124221292499 0.5956845766155437482681 0.5648916463753498318212 0.5984373169624185306859 0.5901537093794155808268
0.5959401622949705989996 0.6008926995114696190115 0.5861384377958999136737 0.6183763344847317267039 0.5868166431401664606682
0.6015568504566842777947 0.5900543931438267941658 0.5815896351929202845454 0.5839907669991337701987 0.5852917852298066270222
0.6098088380694641763569 0.597621501331234705745 0.5819279311993259540259 0.605251641241428384177 0.6140302854414549926787
0.5732087146752796735782 0.585998478185176030486 0.6201283442102709653199 0.5888385537431406469011 0.6040470739526953014575
0.5798968589150935715182 0.5991953840922130680724 0.5887984215354756800664 0.567678325469730071795 0.6099499055730636110084
0.6087582120940132623943 0.5771001383248985927565 0.5798942234600540368561 0.5992250895020938550317 0.5700744242448785303878
0.5878291301605337304537 0.5781600068136483194792 0.6030655985659522100306 0.6030553022004174756887 0.5811714664623677251143
0.5950122429600525064686 0.5915264336763207397851 0.587803791499158956313 0.6155135737785303318148 0.572220930339934041875
0.562082985419922076531 0.6016779913503887966542 0.5658259766811016833188 0.6248684366672166978773 0.6084816105532133700962
0.618279305160576608813 0.5958832443754338292763 0.613737713072472712561 0.6162160995935197504991 0.5905599719444005746283
0.6254958543844578722215 0.6007894171738189514897 0.5939557366944507865725 0.5895582143057702673161 0.601960836381387309757
0.5588526963845831252442 0.5825330428517629943741 0.5824332914303514963095 0.6094534691841853035754 0.6049870706981342882713
0.5981443610012383560459 0.5721111039768643768966 0.5851031159122296321229 0.5956825986102053382965 0.5894980860406248135419
0.5733834330959280967122 0.5961751737133154094295 0.5894290753167550356295 0.6077375306661645382178 0.5789153202725202396195
0.582771651028498594016 0.600152521446021935958 0.6012802713139192567482 0.5855270309860813870984 0.5886713825067337868546
0.5843943244677021198186 0.6125685309234986108962 0.6154052323589248585378 0.6144994321244219293021 0.6053050282522259850637
0.5957963163712153287221 0.6144961153912034124147 0.6156261350868891257804 0.5887661650665778623193 0.6108655633220639868952
0.5897612791008884913779 0.5726849524595729601373 0.6081782527565121609925 0.5933959983837238105764 0.5895394280193442249072
0.6012934792616053680803 0.5863266307368205643158 0.5991734009896322321609 0.5938903549984857477284 0.6091468939733853948937
0.55616963480192915803 0.5899646618625244975931 0.6032171704301504400192 0.6036796586695601929407 0.5817921170285134113698
0.6155921898849758822081 0.6057296038539125015987 0.6151781939610795335582 0.5996081956440523219598 0.6184806839418066637393
0.598112313100762960083 0.5948266614388537654179 0.5805588582791801899319 0.5905156497398362791529 0.6062968441652922813034
0.5993437700530518386088 0.5778005006690110079148 0.5949773653257511840664 0.6173669388421616499585 0.6154284834332730547146
0.6083284094230061445074 0.5932585978086458711189 0.5882341484690306598893 0.5903165327810496743055 0.5930034785303304190052
0.6176832278960689981417 0.5877863070994288063886 0.6034774593071452475357 0.6018573092182581962817 0.5788111114945051483005
0.5935052256249617741446 0.5927176165824908915525 0.6039093894498356318579 0.611627097364004779223 0.6191109884092889092955
0.5845173942837035285791 0.5671664272185124033854 0.5947175146970093972953 0.5870379783418326891109 0.6082899456311516850349
0.5928996676347668692841 0.5995407602821091197498 0.5943260577678016742809 0.5797864678745359157119 0.5841070632054498057428
0.5804115464311145888843 0.563938807503241323893 0.6010515554894979572964 0.5977681536432581932416 0.6099088184194166872842
0.5777155878716931924899 0.6219304279852739814061 0.6301020327490168826401 0.5960222543837977449144 0.5798063284635851521998
0.6044387182297367155925 0.5899597939870876439628 0.6099426864605680398412 0.6033474237873285295208 0.5891585335366803510837
0.5848728831041221098985 0.604569470203812908693 0.5872631478940456561944 0.5737653169707381817233 0.6048162264083072336973
0.6131775487907524802011 0.5930712076251744013788 0.5951107048548184286219 0.602798520861644093749 0.6057084227283133781583
0.5965675604481253113676 0.5840647823486031509077 0.6205251918543778222315 0.6034786870301350747425 0.5837146424854797732706
0.5759125049512524574524 0.5827627621493360887683 0.6063548705782983994084 0.6025248688382025541443 0.5931599996806703467556
0.5738723016538772592199 0.5912389943618217014176 0.5911280905968256949023 0.589698440033469051258 0.5882263942265023581868
0.5944618676205850604788 0.5934350552055758232228 0.5917026818756285777567 0.5711842975885843554096 0.5927614771568244789179
0.5788731646846076994706 0.6090676672224365484354 0.5928679263324162507232 0.6051240523749387145713 0.6146973915502037533187
0.6061749524286236256998 0.5656520146387147285338 0.5708876317046623904972 0.5905381276555197178624 0.6054603202416444229783
0.587565242929160125307 0.5781404796988496297416 0.6068889032556071816416 0.6373267398439400599486 0.6198219702766361027813
0.6038517668293715834338 0.5878644478013483887224 0.58554628241869366434 0.6059714093103852894373 0.6095746656808462837773
0.602953616329332864332 0.6128139503005896049359 0.4485374284317673598821 0.4755859403198118839917 0.5233461053567055598634
0.5627610824923705568068 0.4700314849692124874458 0.4229634463410874012368 0.3897870506475988316986 0.5610444953599922346399
0.5637569383807636835826 0.4857332824549754346499 0.558011681310828011604 0.5737019004751209294568 0.5355882069520584431999
0.4339354430051379218902 0.5455482964558552305689 0.5800636511672029316244 0.483523555108610392228 0.5725518842675512143359
0.544864226128028761309 0.5138073191035115172554 0.5260066200596589247596 0.5422818951409565935151 0.5252529382718854611412
0.5866329974098262178828 0.4158967715234585527107 0.5134207574268868645717 0.5586847567561636918043 0.5520100652266526353174
0.5471341735510065751313 0.5102229119110047728114 0.5331772179267136868575 0.5463048783890612769554 0.4989581482719402383275
0.545744256339019240265 0.4243082045328702145426 0.5375202709060201700098 0.4958697078681291725566 0.5500198504446872638241
0.5763290553185819176107 0.4872004822101577703464 0.4788352629634597401598 0.5132471926176452869939 0.4453354893762899724408
0.5585912461807890361243 0.5421025193622479587674 0.5392129825349284422131 0.5399030503810584580293 0.562939232884045237526
0.5591954083125535435173 0.5276678679844308827995 0.5553419785589494006572 0.4941847165568876709685 0.506970633800078562814
0.54897542339830029956 0.5583282070241413208578 0.5225855979293789754792 0.5310530153792089036457 0.5564788309462773696623
0.5772355185788687892412 0.5660542592988073717919 0.5369927085873308358899 0.5348994874668483445745 0.5705182118113234501777
0.5346408829785734839746 0.5688112327905420206875 0.5981646325902769678606 0.5789054527979001774085 0.5748809860913620672918
0.5387199916995392134922 0.5639367975147874245678 0.5366106751338801661433 0.5298808556390979251915 0.5621786036876075254298
0.5581387248884183138742 0.5548547265259059502185 0.5740307247833389414637 0.546232977550205389683 0.5098303011130530526529
0.5643312308685313194445 0.5707281650071613920971 0.5645908741843624900625 0.5618901704763359372663 0.5459976937270867303198
0.5452747988948373203399 0.55272856098993095042 0.5164371980161296393774 0.552362699415971158956 0.5690001151401499202009
0.5419751143435044271612 0.5384500816352236762796 0.5671969403514068863714 0.569968109579155113309 0.5644221407860238182153
0.5591237164782838497956 0.5842623287257113773308 0.5591718956239909443795 0.5718522327429708118629 0.5544608545213552952546
0.5414113796634355546544 0.5461173110169154076843 0.5484207098369781041569 0.5148375847569578445118 0.5393252955697170891725
0.5581378509081037497808 0.5120203241785846737244 0.534576184548738231328 0.5925073637300934947802 0.537122505502269698141
0.6049750800256480376405 0.5988045367933422236106 0.5531298880149583263588 0.5739065863524788202454 0.5563437591506262824836
0.5704071404022899027808 0.5714430539585655388635 0.5345252863168258317117 0.5891543777642204160472 0.5937594204290331800777
0.5842826241764929040556 0.5779629126659141524769 0.5617657778392848300086 0.5960929267737768988411 0.5717875545783944746248
0.5645940902224635404849 0.5523382865458573709461 0.5901069108447564159903 0.6070862172710218551686 0.5836027381745669817548
0.5657140615226285973449 0.5971465437274537935153 0.5853722609827614054012 0.5439107052557683452676 0.5624017476787482872069
0.5634069567621520224776 0.575561642329914913141 0.572963991243980008683 0.5520374029695529483064 0.5744788909889169126188
0.5531661857066657583815 0.5886879650918166451135 0.5491098366833317978575 0.5623968942994159725401 0.5370846209310695673622
0.5454960710780022425936 0.5908808949783846964365 0.5893580325675300546351 0.5630551203705511653652 0.5858760896992575295528
0.5500632988573520565367 0.5929857437178378543052 0.5763433207710093597598 0.5919398917637693768867 0.568858300963112628601
0.5715207217697955144331 0.5832584476009781138117 0.5555985777703460470889 0.5428735769104816588637 0.5846828181909228261404
0.5381612485276823232283 0.5663326157589803067083 0.5596985135727252647087 0.5996482130737325055847 0.5841331669745346566458
0.5437379647326117115824 0.577780366667407840886 0.5410464064822354535167 0.5166239940932069174551 0.5634458238700781329555
0.5881514760116657303257 0.5894972721412641281091 0.5780650653372116920536 0.5878597155448564981484 0.5652153767835330633318
0.5222890372585557994256 0.5878096748378969227389 0.597891311781854062346 0.5662077050295800662028 0.572129881080854607589
0.5956297757600147457779 0.5708437222396188781559 0.5575636506271844927696 0.5524740060743106306873 0.584089341811396267623
0.5829885803143548539396 0.5761195044327085401648 0.5540761545829590017931 0.62741851980602603156 0.5855788479767741749882
0.5630668106263543304379 0.5637271529806632264226 0.565213744286575225928 0.5239331669253207701686 0.5946272459211640049048
0.6158018527508808404036 0.5887248897410238823724 0.5616814052049335925787 0.5441460719687269964595 0.564020697988015240476
0.5717763172962044837533 0.5787396407170513068507 0.5982939376664699882014 0.5988740871870977811042 0.5933684698356223030657
0.5528948471626211613739 0.5662426628458029354007 0.5696822379071648789761 0.589841154919806931467 0.6063847030728395370858
0.5847296288706409495006 0.5987066139889926086326 0.5869811360880047290678 0.5919695401270789192338 0.5807090656040934106841
0.5624388671595582644969 0.5779342581092978825552 0.5813081632619091498881 0.6024011583066508634943 0.556458335601980214058
0.5934975344533011121229 0.5943303932937753497612 0.5907113192395279099856 0.5674047723733696146908 0.5703778962783685457794
0.592538396807519851528 0.5814039970369437870801 0.5856989086897130825093 0.6089274139455714829339 0.5803735261701939984746
0.6009590343926015654219 0.5770740241801333159088 0.5893763697383384014827 0.5949164856719217908676 0.5839961613040305365985
0.5751112520791182847191 0.5591058555879212521589 0.5590484035834828446809 0.5983082000860314719759 0.5940898550551430012945
0.5784527073705637567613 0.6070594457290097167856 0.5782285849217863038518 0.6014147276291262889103 0.5979131030058230100721
0.5735787159164527082567 0.6139802657548065756288 0.5957984348445426459051 0.5763626887729595971166 0.580099235675289648384
0.5959032544520389551579 0.588341923773461505931 0.5589655571289998681195 0.5858300505141396108399 0.5618549869079030312236
0.6059278767683886623985 0.5897831503461713476 0.5937633546696849951019 0.5946673400175871426754 0.558710237842454326973
0.5826838873470264745791 0.5701782742528017644545 0.5889942019015605989551 0.6274611563690928317527 0.5815735120712803851717
0.5901036232936338610244 0.584378470602427424474 0.5952686067819287218938 0.5717766959240725421765 0.6104324820540716345363
0.5891197051154244412885 0.5946678680959250895555 0.6021128393308381454574 0.5921661960576969363501 0.6092398392678504137621
0.5650270760425102345437 0.5910881221485164704887 0.5832949670743466930034 0.5742310408428253909463 0.5944085737024399351824
0.5809602787289123160264 0.6046661266200952233874 0.5997073275748836529431 0.5858207495130434150354 0.5715702498143613308201
0.5863260883029299819214 0.6073216167677997212593 0.6044255087726029262996 0.5800136097214442232328 0.5922809602633904990654
0.589217040710246608981 0.5828249358789449052765 0.5794034228400392061431 0.599677448984721195302 0.6086953555747152133648
0.5746989094286191201988 0.5608850191059354672873 0.5898788892618419543723 0.5999244111856483208101 0.5705659719093006954083
0.5968361140052148572366 0.6013021047446216460486 0.5830576308169719279562 0.569429504326519064783 0.5854514526319716249958
0.5805428975057330687193 0.5909900630203634985804 0.585447548270626727529 0.6085505997497852037625 0.559439361009739122288
0.590766801179660960841 0.5926768646944619023387 0.5960787459483909422886 0.5952687120540576248828 0.6019813567680174504204
0.5704441176323405970905 0.5842449842443888652355 0.6148482428116481823821 0.592791289581110270035 0.5989025297356957988626
0.6009568695839874186149 0.5828879623201778104047 0.5964079806521924709273 0.5795175297088422938785 0.5901326992643090019186
0.6029929881257615198464 0.6118235231085101810677 0.6077225692561022407645 0.5964538136381873911773 0.5893150280632382109758
0.6025434169783606686011 0.5904651450424693859276 0.5655158246297455892915 0.5830612210590079280692 0.5667712949495972152292
0.5885046678762827498943 0.594323279599010545482 0.6059034794765451037435 0.5719584374292926431949 0.5617755233326457986465
0.6127030375392866767825 0.603559318628851704247 0.5904143371004808571456 0.5667351074601123528396 0.5896596725562510687979
0.5893304315854773767214 0.6025769253122451596383 0.6092867455166265377997 0.5781204306443284979267 0.6107266418282042419463
0.5856966922087797344787 0.5756094989010093199155 0.591606814718833251554 0.5864448910649813218043 0.5815540683240049135705
0.5943790569996966199895 0.5708327934528640845713 0.591750287211088021877 0.5865516114223178201215 0.5834659651661092683028
0.5793755697060252174424 0.5577739563792536436893 0.5971142047259958562933 0.5944456919730757293863 0.5786847632603494551162
0.5944133906495713270957 0.5710048673493185455996 0.5903717570232982492229 0.594409792441945694641 0.5916589818030694170048
0.5880916294096827368065 0.6013809257282086706553 0.5830461220417063605836 0.5903929906154505857785 0.5736575580552573105919
0.5981599402427706380081 0.5976186017145709294951 0.5882114906249714669784 0.5885051872085026447579 0.5874930614596389766291
0.5866092032651867294035 0.5941452648456800877952 0.6008805768259921631369 0.5970324779190779862503 0.5806243134852295817439
0.6011338464626609923158 0.5511064362816672224099 0.6142555217309322301844 0.5975937962213417886659 0.5969490939423633957261
0.6298619822888972263897 0.5897825320736252985299 0.5564463837714270777468 0.5377721981029224274096 0.60209191178648957532
0.5891759514977578104933 0.5792541351082609590861 0.6024901884362089399261 0.5954944233973302747387 0.5834889367503477419774
0.6068346382235884073353 0.6008542114518535814938 0.6150353899865732554275 0.5911340304820837943112 0.6154032465829744058539
0.5949178971979182106722 0.5906042124022610195766 0.583575749295028978203 0.6008086560961448663321 0.6116304444595932476858
0.6059117469509661679794 0.5735943815024261427382 0.5749230142079969629876 0.6066724196458522788689 0.5992318947818643382064
0.6154756028703775028177 0.6155618195547433169068 0.5970155204840641438579 0.5843111258311165512325 0.586087849669480021042
0.5838462336325582757723 0.5973241454442149711568 0.5883449831482483460832 0.5961090862338628282302 0.5772163156538785422356
0.5996907444729511205139 0.6074895936257854733853 0.5973226691475120864183 0.5996389013047951355162 0.5999941737890638338015
0.5878740159540848386754 0.6029474881479758296976 0.5903781430048321565707 0.5937470695102766704565 0.6105793546159656859373
0.5968639637298169819957 0.5818466653182780001785 0.5933663245822140552832 0.5718991334345547850049 0.6254350418495632224491
0.6223685332334499831219 0.6049186363244664077499 0.6133618017365615182612 0.6099594218347142993153 0.5942108295013476260138
0.5996609778770394250103 0.5922830599951695029759 0.6053086200061973398689 0.5982718363213572754233 0.5785555979451314501105
0.601737639898184184517 0.6034685398034201897488 0.6191688869814852003159 0.5992216465776676326271 0.5847226759915032934245
0.612878938512330329047 0.5848208540647957809355 0.5930016989083102263436 0.5928442559866042849137 0.5892767649802176377349
0.6221177707539347068177 0.600320790119264757756 0.6084104996950856492077 0.6150367219439889510113 0.6120157636809194778849
0.5873918231832365721701 0.5925741135862796493683 0.6161896405977789203945 0.6007717799125793511905 0.5681370395274057960577
0.6006058769443143319222 0.5945885706499992595653 0.5953133449625243045489 0.595018027482261291361 0.5863734313790017749213
0.5650679804456893995379 0.5954531492874984843766 0.6060721048119059872761 0.5789084526156048626788 0.5668854880442535382201
0.5838313786213807921044 0.5719021015350561620849 0.5883870260459173051615 0.5909716639796567250187 0.5773709362816850099165
0.579366002590607331868 0.5966687551602930517092 0.604222278416760016917 0.610560051564374095534 0.6020442260491017938406
0.5966104409424435317533 0.6064796611733769271524 0.5843015833147452431362 0.5895734235992279304028 0.6211605500788176525973
0.6021117309235310965931 0.6011390973439291185443 0.5861297949594241885052 0.5829273599282440709857 0.6142698278969630498736
0.595044179824857133454 0.5839285742040325466462 0.5950740910833880459307 0.590463699227907312661 0.5565836138954464162865
0.5727782110734372933436 0.6029599614827940712303 0.5921536144176383631432 0.5694984851643831724743 0.6175812089036000207543
0.6018848476842579842128 0.5850367736077066727063 0.5982010345938362227969 0.6271054119002278381956 0.5939094513142328946032
0.5775140917868940571012 0.5871073025315919347022 0.6026570835729365693823 0.5936259528892211534412 0.5946720801168938752568
0.5965199492444613893483 0.5911526759475145276213 0.6025992751877435882335 0.5980512133202002811316 0.6051464477073182912648
0.6058831124463280870529 0.5810645921482888720533 0.5928063420302859265476 0.5855969138268198870279 0.6187712044657245336055
0.5931420916254861452899 0.5694580413780074845675 0.5809113436547901354601 0.6103128439964399243323 0.5885943010625153126725
0.5987819859907227426632 0.6050042099463803779713 0.6179861064903615641697 0.542786079291402434599 0.6264455471772187866719
0.5845739495338223568055 0.5843717710201661308389 0.614428276699431341612 0.5966562655742448928464 0.6334991606295204968902
0.6050327039495014824766 0.5744789584583763764059 0.5938033605050576646534 0.6230496128330287319841 0.6002901882236331143616
0.6228960975878362615887 0.6165204624485606244022 0.6019182345538884870706 0.5653163156628133734216 0.5867627907097552331095
0.5899982856701887490303 0.6053466361081392133059 0.6007598197670411810378 0.5931736537722012148066 0.5801490657263742578564
0.5921960393946755774053 0.6007774577774986912715 0.6099080132791067088149 0.5665855803347601415965 0.5639126608878293200888
0.5848790745927751055788 0.5924154822156809663269 0.6049830393913742110357 0.621642880894644256351 0.6239014076559024069013
0.5753281159804872757491 0.5940851540028138089156 0.5841267936231223645294 0.6018049096083698534798 0.5950947150638864480143
0.6016621322306052732642 0.565762624486831677828 0.6165476139561459900662 0.5846957954523338552022 0.6132496816409480633325
0.6078915924995269559616 0.587139092268944340347 0.6129596516232470593266 0.5957507597301126001099 0.565955189566944349977
0.6050139706288104601839 0.5930653713061070364532 0.6058507980936242987013 0.6072704128730915806855 0.6006526014755373399367
0.5974445576615053932201 0.5913384875054860101429 0.6059143396334377706935 0.5995718609389946163191 0.5962215577648524167387
0.6096438508126745814408 0.5741110657549086671025 0.5923085178773098702365 0.5577905138378275173849 0.605978136614694684603
0.5667106361568716721422 0.5922200566691990797352 0.5987842935414211531508 0.577928369038516742684 0.6022991691195344055032
0.6108231186299832859987 0.5878279372875274688681 0.6128528901389135308264 0.5936239932009720332573 0.6002249352257451597836
0.6232017645377552206298 0.6303823073751263494913 0.5932112389405544972121 0.592997097312975340877 0.594270913104586906428
0.5901403516735472809529 0.6027732498781120940023 0.5883756969460057772991 0.6071862538360703887008 0.5926055880308425116709
0.5783748976920691786674 0.5765428186412289157659 0.6276681893667986900098 0.6001162302616643851039 0.6063004051942769701
0.6043389812529394999885 0.5830308128033653281008 0.615329663554671335568 0.6051881903954714481131 0.6141870127463994188943
0.6099452967600111907842 0.5845669079198002604514 0.6057241522135488054346 0.6044857254602649110353 0.6146333203975924419638
0.5989952866522324503862 0.5891977561531164253594 0.5871219445452594554169 0.6109072303023808103717 0.5963937963896634997241
0.5966196148133743326625 0.6009450664777514772297 0.5944313093633716293951 0.5991790650743701318603 0.6071697000356477413874
0.6000065578370636920624 0.5945984466717001426517 0.5911479580369691788633 0.6047380795310329792969 0.6079058602245689391097
0.5877713351323783363966 0.5923829632652998222753 0.5851489540738948891274 0.5911258788303407341047 -0.1898297218335776581633
0.5164622324771117600761 0.5557196072255470298273 0.5366791949862923516434 0.4649356794813807036704 0.5211133542910683091876
0.5934990699407223235795 0.5835765544035688145996 0.5739111952330894217411 0.5429904349967999976911 0.5102066568181607975063
0.4954747836987091202943 0.578214408282518466109 0.5545512372165295467141 0.5876910167868253376255 0.5203409762835620178123
0.5169419989067103315961 0.5978665597135013332064 0.5365703333755164061714 0.5718638341057167284731 0.5317421754216861140563
0.5183361916374554789755 0.5592262691747114100593 0.5579893341279109630904 0.4842060831992569536197 0.5588754365827725001381
0.5448914149142580765073 0.5643514925066832610412 0.5435024008411205587166 0.2455616955684217228573 0.5577837311625233329693
0.5850430074505018618325 0.4930576434661930740333 0.5352837025847808627432 0.5025578733091470295946 0.5235631024384563847462
0.5537713808614969090982 0.5680790272064434320853 0.5328583024589126360127 0.5592386730485806589641 0.5695197118423459547998
0.5464221985216629606796 0.5392689249424512665243 0.517216848473150525578 0.5408847768296376479213 0.5329066465269575170183
0.5720738883122464812914 0.3706870391814928722418 0.5599534746763296100269 0.5620711694014255410679 0.5247177165979142188235
0.5496896801706637747387 0.5434388308564963576686 0.5976843315074629181538 0.4934716833207483110968 0.5767156563864171969769
0.5560129265376632101692 0.5117189047913642818699 0.5198774793809576300063 0.5051761001960144437106 0.5678017830471212556986
0.5296797534650613537011 0.5691795942908766114954 0.5544012853003393859197 0.520628394310671205325 0.5662890060508189993271
0.5461150889386526818825 0.5654662932181747647675 0.5617679547698808395495 0.5861522962301097816606 0.5456615421871662263698
0.554710794270720120025 0.5685866309087410641609 0.5485440597924611250136 0.5534783985340681056186 0.5504443067963220581618
0.5566965673562308536404 0.5867202324886435782503 0.5534675042402094069516 0.5592616693533934979499 0.5621111165033008116865
0.5525649726419511464925 0.5744288490308974148846 0.5397953373610268057448 0.5617502378914759342265 0.5649521623157912619817
0.5331211138946162497732 0.6005815392057509694013 0.5925178982101592106702 0.5692187364237474289652 0.4760832083179038498599
0.5299452405584289538254 0.5618561180012175970688 0.5502575976758796727495 0.5484406405568900133574 0.5175465537992244291488
0.538858440140882688496 0.5165717142325112476442 0.5384095077129040785024 0.5935693410427501648385 0.6017289186854901661405
0.5865503109013229243729 0.5134771153950842270675 0.5522177952526892141805 0.5760372013828523041212 0.5152701852864021159206
0.5665991640128893447326 0.5633128433125709211282 0.5705270691914405833955 0.5657314181673689379437 0.5204703799893164450907
0.5368784222189670884973 0.5383590355177412245524 0.5952924941257868862721 0.5519331115587765568264 0.5716600877085437071301
0.5476603403191413477202 0.5930803619762824441253 0.5421676458330786374518 0.5972567477831299820323 0.5506119147493533372284
0.5659304282875208258474 0.4982106524673632907962 0.5330247441668396479741 0.5918719303903920980758 0.5585928468100769261895
0.5721395662496002731956 0.5644806685065709705995 0.5712598533626302987898 0.5552039698961659386356 0.5325490803504024928117
0.5842613416122340863623 0.5822295270355891672054 0.5574587070571914715345 0.5579237327951054314923 0.5865523656642774863457
0.5687734637492077860443 0.5324868051947543312608 0.5248665292789588265876 0.5863686337883731169995 0.5438718771160571119339
0.6061357253667225553073 0.5287918163134699423011 0.567997155567054101688 0.5686102182547633221432 0.559430884868365452256
0.5861681044133137952201 0.5499285740399234567732 0.5647191659889528869698 0.5816668146475757472658 0.5321474983864641350451
0.5769337000089963529703 0.5738510449206063457339 0.6042797931288689250451 0.5797245611557372280132 0.5582612307907816040498
0.5660677513063121502057 0.5775613996128138305508 0.5769284741538791561055 0.5358501294957099814198 0.5592488003093218917883
0.5965297317172095770133 0.5723315166543450072112 0.5658324020963360068137 0.545953695539102001888 0.5796834532430344966158
0.5808214937971136748729 0.5691752319755609690333 0.5758864889143424647955 0.5951963433233038447412 0.6150009767121046300176
0.583802465009337523405 0.5738051127468386525265 0.5777528928385932127654 0.5927994082270936493373 0.5828723754220372921253
0.535891139536995853021 0.5596617484155667066048 0.5308231162091832100458 0.5422323382029194949183 0.5345733807056304298655
0.572984732064596546941 0.5909343165333470482281 0.5763838395020547400449 0.5796396127683863808144 0.6100419681508307823137
0.5602621452789400269268 0.5925982943911128897341 0.5722664310374976359697 0.5940635521635938554041 0.5678728510130286455393
0.5758597842539771027859 0.5851076283091356522448 0.5778770043399455991207 0.5893854617516828264812 0.5779162410088436452327
0.6066641809459021317252 0.5765100299326134658529 0.5631370816475484986086 0.5792431496620128461572 0.5882707236960917906998
0.5704595247878905261985 0.5889927553624688671974 0.5407153423772859124341 0.5704948831039204915072 0.562829146523467271912
0.5407964771682929328023 0.5799051143580157274826 0.5995143688381293634038 0.5901793284102472281205 0.5246613603691325788958
0.5644051900099404939226 0.5509817349178324219494 0.5844990624034034354395 0.5511420086147471586457 0.5871750261124154546266
0.5949835902598776815609 0.58705475641783511076 0.5831070570328652502567 0.5424582631608461102957 0.5667046314693331421353
0.6052697163186053774808 0.5801064132313956678288 0.5856766092232696951925 0.6003800056422092801256 0.5653989232085854244048
0.5937056918917367198674 0.6080186733516138586353 0.5961286732914720110088 0.6031674848258394838751 0.5843389053130294552574
0.5767368896937201672159 0.5313050988280966224764 0.5715051389687847427368 0.5862240277975311331105 0.5721205990661628604244
0.5941030716898981767216 0.5833854619211064074236 0.6081710623128855353059 0.5615364976779458894285 0.5548761658730424484176
0.5893755415912106387921 0.5944132840983701315807 0.58678653280571535511 0.5895077160296797735839 0.5413176315948485806118
0.5701131476527369068563 0.5544345526825635861456 0.5634754381795901156949 0.5384591812443457747861 0.5677376119162618195446
0.5910836702809350029497 0.5887933595272799580655 0.5872939576110595139014 0.6029450645111187334635 0.560330946979990418555
0.5854426641989625146323 0.5901328300323241959902 0.5948609168159545435017 0.5874401851450103961838 0.6167160797076073341927
0.5749935517274431528989 0.6031399936990790022762 0.5931564452921772589988 0.5921882769102093657665 0.5854711539106448592307
0.5874642864162968880493 0.5973161069687509261428 0.5960559130798247506888 0.5797427187693536820845 0.5888780492707945679598
0.5892485831678243579645 0.5959813566416187757824 0.592191226647809321193 0.592037975966884455481 0.5792042366097016614646
0.5888310858577719963947 0.5995274881198482397338 0.6042145649874502977283 0.5915756211940133013627 0.5980271579640198398309
0.5934699578253391782923 0.5896333169716021505025 0.5952309239943328611488 0.5728567068470172829464 0.588515815107198414502
0.5957960868866604142724 0.603628178679401883322 0.5996341782088281391339 0.6011872637893892479255 0.5887922998307977273669
0.5889536015507170763073 0.5982086028025368484862 0.6070127437964546457394 0.5703118449741980677814 0.593802688607259820941
0.5816093441109305706149 0.5888051473851770856172 0.5821942501447155970951 0.6073604274438326733332 0.5946899020271589897391
0.5990046965407814782978 0.5962750712491877713717 0.603519831573452125717 0.5900559394003743740598 0.5659555720827565972186
0.599727736653504761577 0.5820645992434808624338 0.5927347354803504941856 0.5657548726220386070551 0.5896682042101772935894
0.5874108090316965125055 0.5953496545518168758804 0.6024146235515956959716 0.5798084908827342287552 0.6058737584039212142883
0.6085363562642366330735 0.5864266049538975345001 0.6009849257477321016196 0.5998258021043273435779 0.5632952630002999727665
0.5757854552145866833257 0.5604684090323136524958 0.609564385668766028914 0.5815250021032540850285 0.599226563779406751209
0.5948211524425495166923 0.5991568177782837789636 0.5957093932138585179459 0.5562024172345574335452 0.6038864463681529182182
0.5800776776551148650185 0.6145368409824822908405 0.6438624220095708894362 0.5839917889685547480738 0.5766339777251268117197
0.6034944496982066475255 0.6155143148262386398883 0.6117536800746238290216 0.5887705659882640496505 0.5839882962307045843886
0.5995782597793493096106 0.5614157198178927332677 0.5995492419929978611393 0.5900584471985158563356 0.594691387570522755901
0.6032191595147939899846 0.6189747853639738783826 0.5970487721327472074861 0.6024623869116606522667 0.5930283532256741541033
0.5660522879063258905319 0.5514532295193811384237 0.58682384956070376969 0.5885767657685857523475 0.5921027112154872984462
0.6125111506765920088569 0.5898628159554520911101 0.5992569999085687326712 0.5968338843840814700314 0.5876296594510719284443
0.5595293348046684878128 0.5782428773308559977195 0.5707319195827389446407 0.6187558948235502009894 0.583115114376145160513
0.6073040786475955021828 0.5931784614203773342567 0.5886971183813284325126 0.5827950735762346123892 0.6046205298500040292708
0.5986078298459053259606 0.604565427769703567229 0.6054816559235283168761 0.6250906898827139901442 0.589972353486718281701
0.6059731958755283365292 0.5644703217886334334352 0.5989011293756832943203 0.6457372622611005086313 0.5885056953694538517396
0.6205725816970867336764 0.598045611602459059597 0.6082596163425837421102 0.5721645237406411954595 0.5939785183936231449664
0.5813508186170230906953 0.5933579220837593704019 0.5888965116794857568294 0.5928094626445082893085 0.5903916590241531370253
0.5956869004137943512944 0.600360994340863318719 0.6091003310224281097618 0.5918681090915623999038 0.5820231903987961308289
0.5656755608345043206953 0.5755874321923540870571 0.6276062253740349872189 0.589393545954394637576 0.5927108935877123396807
0.5835454565152273787021 0.5963923790297839255814 0.5954136206662941077639 0.5765122462033498429435 0.5947942169689938163302
0.5993419388604247499686 0.5971149834398541411673 0.5867839832424113222231 0.5601906393063915690078 0.6041297184312433010689
0.5886611591379051766637 0.5905561267901211497389 0.5548506152026281279532 0.5866452730241983326565 0.5966139647027081105435
0.5884672385385572024319 0.5795975859176579758625 0.608139896943432511911 0.5840862235392833001768 0.6159979909232776718042
0.5899565228648786519017 0.5747671837184116228059 0.5882066101867002849701 0.6179035194821312915181 0.591549076653617778021
0.5933128982855555566545 0.5784083011565090970407 0.5953604731749683187658 0.6122675451832176873879 0.6047681960247792698482
0.6233725023115619379155 0.5822701075483458499349 0.5916910292647741265171 0.6023220629928685010412 0.6098388069611840878181
0.6289429361837007848024 0.5971930367121363048 0.6119331563525474138032 0.6218206889947026638765 0.588089587271663161161
0.5901733886877964518902 0.5805411431201820127157 0.6102334088611039986105 0.5808050052726730916319 0.6119325560882235004456
0.6037573853903533960263 0.6000185194136269384302 0.5569350085277713358067 0.6104859445638621817665 0.5964391668327638784675
0.5987999762726111674382 0.560607257073620468546 0.6387122755869529822093 0.5753633732830171210182 0.5926097470501862085612
0.6097443535305460127205 0.5987106019731478490087 0.6136597103959650079119 0.6229592952799624105964 0.5916489017151007612227
0.6009046158125243008996 0.5775383051501548070661 0.5947012759895851097269 0.6077457731415999431235 0.5801595599292057592322
0.5912665957715826925423 0.6053226301490103322678 0.6228285607241764720854 0.5910954725318644520371 0.5855463302045406104313
0.581377896573314734141 0.5897477280152914058675 0.572729261066171613237 0.640411375689976192227 0.6445364737985733727399
0.6022130645313962249432 0.6100785906709762507205 0.6136476466917173411275 0.5743202443851153082832 0.6165486276350045091732
0.5963389744837431782898 0.5987514178860934288551 0.5959949739674667013034 0.5745003826618556574957 0.6154126101316983454836
0.5967089691138114382341 0.5847632938098896726586 0.588662688718388005249 0.5916763527281617696119 0.612073157614404061988
0.5929626322376019276206 0.6085045200943136611826 0.5826500804656735699183 0.6123777236539074131372 0.6094056686159916580436
0.597452294619430057665 0.6048247873758425541268 0.6155664440115428126532 0.6115199378106063177185 0.5944040854647649751996
0.5905980536475147202324 0.5979884150028166311941 0.5980087462866293668284 0.5919971015835376881853 0.5943366928050148878526
0.604087663277374398163 0.6096650707273684188792 0.605427664430384426808 0.6106851191885124263692 0.6163791781592097285269
0.5957732860853293122005 0.5896350437880275574543 0.5586620117428688914174 0.6079739495016571737551 0.5733324246412078162294
0.5789699620074847397078 0.6095420295680750166767 0.5986914154774485297139 0.5959341564228490817356 0.6006311944703107696952
0.5748300669483031866136 0.5876779639021215695394 0.5508974206047656529961 0.6043738594115961593189 0.5815941504506229042804
0.5722735267865919350783 0.6054415617991127929187 0.5933286837721882811536 0.595630919977534034615 0.6008445516225900950857
0.595588624908391262025 0.603621829126241626895 0.5624516804930993485456 0.6100074695319109840952 0.5681999796720044182408
0.5892762708991061693098 0.5967888520035320443213 0.5913175111204628242589 0.605714692850898961396 0.5888420516830978890255
0.5997975706235366688546 0.5935099640921113195446 0.5974776894522931813825 0.5792260657298059500775 0.6048448598134819054195
0.585695632366780793987 0.6133259593700117751069 0.6049710327369791640351 0.5982695837577044484235 0.5991671827038345110594
0.6070180384682462015888 0.5714578766372366835924 0.5783760776504131007059 0.6074037427412454226427 0.6260832588461164860405
0.6181632257828113541365 0.5883302143904507452987 0.5981290988862120183711 0.5932485549109680622593 0.6035532230317425250732
0.5926073061513589257387 0.6075384895545276053852 0.5870558927148644690064 0.6081974032757698767071 0.5962557684855894768461
0.5984210102412600429389 0.5891595304632715190962 0.6101571533108611777863 0.5988277461881372776276 0.6017187834217758712896
0.6140478373486659702252 0.6011909287804165780145 0.5819708865028332400726 0.6091684377250630166856 0.5957337219497524927192
0.574498788868855636558 0.5885854418300329182756 0.5966315069302396967288 0.5888674878506918730636 0.581133400013769785275
0.5874435465869775052639 0.6016344951461631840317 0.6084004698060826443751 0.5964679369738467018536 0.6226792541234236200154
0.5890975564195231051201 0.5928338745941554854824 0.5953992470722678786998 0.5763146589224292792863 0.5793790768378137556738
0.6064423683499119421825 0.5930558755718171592974 0.6083134216872425614753 0.6097566568015364563138 0.5859009973275778326851
0.5798261022771531436604 0.5860777731219862785039 0.6016804550614361923877 0.6032992996370223348634 0.5937388447460810736445
0.5647801113581507603811 0.6036712137730966265536 0.5825587223198558373127 0.5885816888169196348102 0.6117967008543121476549
0.5755853563874581135806 0.5975713958106610990129 0.6065371428622621241544 0.598193792905104437807 0.6041842787746884990696
0.6194952818253548487704 0.592459560538869278723 0.5749195982074115640614 0.6080150639164824122318 0.5943641543340177912924
0.5896820491363184979505 0.6048965762112961108699 0.5855440612092186469795 0.6115281325655260724616 0.5799879548300987952558
0.601069405179488147617 0.5993606830430812104638 0.608322051858406709357 0.6152109691636904464929 0.5878593550501954867471
0.6046655849467647003692 0.5934469734397677109783 0.5773880209083800396641 0.600270273304968293715 0.6242880956276845028086
0.6046716738711305216825 0.5674285641514216216308 0.606952918150494680205 0.6084516811022595561553 0.5968173413008766026167
0.6121095217246451669624 0.5975989190190227340338 0.6142853863775276090919 0.5970015045908159123655 0.6025817184546762295128
0.5906010416820510755542 0.5910612862652024901422 0.5823236842547985236962 0.6100524697479146052359 0.5736897411477792640966
0.574891604232358188753 0.6080211572632508998382 0.5862719058882362999086 0.6045770744541598684663 0.6033253556442490506129
0.5824139698653060248645 0.5303599519346677837461 0.5221426882069705177614 0.3704271990665816693955 0.222121064169478549255
0.5242529526991214217091 0.5321775952656996322432 0.5272167127097945327208 0.5162818510989795051103 0.5071388424852373288942
0.4821638797908037177287 0.3736351690554234328268 0.5601007623209872665626 0.5498947703949635945619 0.5596008562918201034719
0.2423618449783639661188 0.4534161161076781243473 0.5591732747367360589763 0.5730305506590703812364 0.5516221358122558315884
0.500235892671049620084 0.5439965022456076937374 0.5416588241351065757812 0.5090420819698527887809 0.5314726826086333399957
0.5460327292915208019508 0.5371641403021801819406 0.5107408853182741070853 0.5246454794287906953087 0.5385005037953446427323
0.5256676419232844121865 0.5367431098900614649949 0.5231066970766836687901 0.553141351222045662972 0.5394470113700468028028
0.57102433561230336867 0.5669813782389402367912 0.5759204460161353456016 0.5288465993455165881088 0.4863404875495110912809
0.5570754428330189078622 0.4689053744256561073733 0.5758414184588098727602 0.533663473872309834789 0.5600203257926562594449
0.5450727450884275127052 0.5400480263309199724375 0.4813660163429877014707 0.4735487822328987572718 0.5512834680262799214034
0.5231805816763662742019 0.5620354526431221575677 0.5740137891299457173488 0.5474704061857432746407 0.536871922355933839377
0.5300728618604745312481 0.505109115187299839711 0.5592807716210692614567 0.5352365486396413185588 0.5411784080775086103188
0.5598098523937599102496 0.5252853170624971479441 0.50944126416120250056 0.5541058382724172171052 0.4803994807828795843285
0.6021700307124558948502 0.5259900792459016871661 0.5069822305382715166289 0.5761853417387473585975 0.5852234846501399578855
0.5769057059058713132771 0.5238025386935513116882 0.5549048503226245987463 0.5352376515770868037336 0.5330326769431342759376
0.5838284013969922137122 0.5055043205925792149102 0.5482151773360462998497 0.5838893428732973012174 0.5569209062863303971724
0.5177133488847536213484 0.5701234195923848835363 0.5586639323260524925274 0.5261515964084279017854 0.5369764296796710745241
0.5528466658575917902496 0.5472888319988433725172 0.5402305003817842177227 0.5721562009956365768559 0.5342498011046896699838
0.5670184305465256757728 0.5577091528385149654667 0.5613878810154530052401 0.559637015907199497633 0.5676668388029251222093
0.5226073809251374768792 0.5852867472554541539154 0.5914557701205482853624 0.5500484525151065895443 0.5401125407044575776894
0.5684798937081474434763 0.5625372852838609327719 0.5858877783891350832235 0.5540489675573349037663 0.5926941460376407011523
0.5315735583643594885928 0.5584798520123790410707 0.5657748140335246977983 0.5485269073964104125096 0.5321327016063241988064
0.5399881730202348295578 0.5503550497392960538789 0.5490817617667060890341 0.5542090182392027664093 0.5631474183192958227195
0.5766221687586774446999 0.54433848574004983778 0.5709745591605530634638 0.6045411606409082372338 0.5522158607932486917846
0.5707899440380213018642 0.5764361649336766646456 0.5755211349010372900992 0.5568467377667353224169 0.554706707161186085564
0.5745886379804059362897 0.5725594870827258597856 0.5629211761624481891175 0.5946729255543281578156 0.560110850855016662031
0.5629223651517942794698 0.5780713024138399713792 0.5364964662659729155436 0.5713321763170551292887 0.5710231539262922151323
0.5994194710055565922247 0.5701169518358882859488 0.5618618390523800742997 0.5843292643798403407374 0.5696718619795045901455
0.5703971262909939277108 0.5722959237901444895513 0.5605758506509253003003 0.5559737558941875157359 0.576274340925663985935
0.504196913718234274171 0.5470425267776929389996 0.5419741732852418891753 0.5475780288008853524673 0.5530236216081051425775
0.5572832218949435034716 0.5484972834441677047579 0.5584117047172018066803 0.5572915698847810128669 0.5732931380824733968993
0.5786106110455999651521 0.5884078336606858306013 0.5887537747582421987502 0.5713354694287847701517 0.5501242264125300041044
0.5552695827852822674231 0.5777476492904105587201 0.577348761632753837425 0.5585462416842464916655 0.582989918574732257639
0.5506254246337092261854 0.5710052739753944672785 0.5338837720455812396736 0.5747616874933083597199 0.5787411465626789430772
0.5596081997752115899658 0.5869873977311336199492 0.5787261556413657581643 0.5582228061300169574821 0.5716766822311160067827
0.5850636436587149935562 0.5866167193205894525576 0.5614996012724342566713 0.5227345621612554671387 0.5975144913708659855089
0.5572026826523117648549 0.593629504048614919931 0.566184477884048242835 0.5798062902974431276348 0.6074993495218059536001
0.5669056281827484777835 0.6061267725896194447088 0.5656343878324409102376 0.5762063910300337932213 0.577204110367038558671
0.5642014838551462352356 0.5477606171883434571512 0.5758499351876097405167 0.5727757771294317290511 0.5798074827377472928447
0.5951604888169683693633 0.6005151653139989553765 0.5963204445873755421559 0.5722903404330561549784 0.5844531812616146071448
0.6111531587240583984766 0.5765091019520390824837 0.5683097313315621512686 0.5902356155947686700003 0.610307858527888491551
0.5757358637406240209344 0.5851130522286697166479 0.6203656513146794670988 0.5836541796360519285258 0.5778417245508776778351
0.5707648604163243488685 0.5586768928497538588829 0.5629025485766724345993 0.5701113680492949642442 0.5825959337462015552589
0.5548350200387758279774 0.5885008915712335308967 0.5693966117949923466668 0.565949945263452658395 0.6104962976605038393885
0.5793203560812638652777 0.5880488071575934450053 0.615657828511634752644 0.5476724286122638396535 0.5676096233057453810389
0.5824156482250936184286 0.572546869560392135412 0.5858958793389272834418 0.5823504045588010491485 0.5800297098496914882659
0.5969077627443916123084 0.5901350054856741023102 0.6107345846068897854408 0.5721226307007272193772 0.6051150860677692033818
0.6044256214365790746967 0.5827033972386570503943 0.5837382862587336962434 0.5926723381059881834432 0.614442876926055925324
0.5716367666143792325428 0.6008532870898970479345 0.6057999753237569562359 0.5802462630615448091476 0.6127280591701946832472
0.5653139201792104495681 0.580784829149483039501 0.5666531792007770684805 0.5938933150681151573735 0.588986931746709241331
0.5979376358551385939322 0.6089008549139677262119 0.5790447382979778678802 0.5654252448441136058577 0.60806224422162546972
0.5687119197695984507135 0.5600705540817196848025 0.5493874145435444500407 0.5898466532599154765748 0.5911805364744344704064
0.5769935184213296208711 0.5838915040467427264304 0.5739212791786996170629 0.5545108712274794404706 0.59959948138806329343
0.613647631916176328204 0.5557948000331183191491 0.600501749032921972038 0.5956475597433191770946 0.576402119180133398757
0.5889406267043389986426 0.6014744350659595450992 0.6100083331001930897486 0.6207584301009441141161 0.5975412958887217351744
0.568547658129101574076 0.566492874644198840528 0.5878217825319458356148 0.572167722663573297126 0.559330384273180380994
0.5977286505187588971921 0.5988844592422645218832 0.5409046318913020012786 0.5621598322745726683536 0.5821060912723738933749
0.6060263422904278440839 0.5958234307266799811842 0.621143661503995692108 0.5805578077763473565653 0.5989998042970540170771
0.6023806005869641877482 0.6141703380796106337414 0.6078580198376651866354 0.6138117744314441903697 0.5908324415589464306819
0.5999795277160075990253 0.5972977713408899047565 0.5745010354636498339786 0.5896364281330398471326 0.5790890626921210149192
0.5749606498868353732234 0.6143778629479946795655 0.5831545622452675159408 0.5709005634317527722033 0.597135077054898655291
0.5972019966569747095875 0.5734838483308133394445 0.60453741546894934622 0.5784782213330985634059 0.5865774973527042579491
0.5917041855963867114099 0.5809673780681069432674 0.5850435268950775480334 0.5914842881055134560242 0.5508834656353016612229
0.5748751124238785648046 0.5780598592699410787077 0.5771048040677254631348 0.5671433238789719277761 0.6213717600177426358954
0.5938959143149019626051 0.5772116498971644471538 0.5709999804907684994859 0.6189314998585166982537 0.5825206792495314367386
0.5812854969750668177042 0.6012366141025041743617 0.5830084322605553204255 0.5929582619730809911474 0.574156128954180000612
0.5976631457549490544778 0.5910320094869553342321 0.5892025022735826178533 0.5993868634118415528178 0.5699376193019031200393
0.5882961784724537457336 0.5907351239791122088363 0.597285882354799846361 0.5719710065741387960969 0.5865915532579598634655
0.5990093485179763810322 0.6113105372082172639381 0.6049719465307005217269 0.5893029069969706323917 0.6000222185821008080708
0.5661894114562485702535 0.5797395603627050197915 0.5486160336023890859991 0.5775941419814230037844 0.5925712567193189839188
0.5627824144484657731269 0.5893541830166740824737 0.5772807535593428296394 0.5858454489401959675021 0.6155224970032365794381
0.5867208194395251430464 0.605855652945137990173 0.5773128388168164981664 0.5796551392292406124085 0.5952503238539140761887
0.6211011979170971697428 0.5936706422730132493015 0.6034870845146911300105 0.6344473773045845588214 0.5738178798313120498875
0.6041325835004663913352 0.6078745266850617001708 0.5477457517966901612283 0.5900121557967455965255 0.5813626379652429010392
0.6241704023875839224544 0.5940054885709041831987 0.59349375045352281699 0.617299003994470796286 0.604805381684013099175
0.5913136355244644759566 0.6098827370941801717663 0.5989376800048693549883 0.5847047494572479298114 0.5924268231819435071017
0.5653711714324237691542 0.5935508981133782446804 0.6119164921975941417998 0.6190815736998110940803 0.5991096421528574467175
0.6055921307114252583048 0.5843548330120599265669 0.5633275991969207696641 0.6116687136678243819077 0.6023986517737374146719
0.5929859882133901027856 0.5814813774457606720958 0.5666367315275431248978 0.6258312908170801103225 0.6211965819555239631811
0.5682012381574068626833 0.6363231137861540265277 0.6076039535827423287984 0.5978188735852619783984 0.5851292847516100792404
0.5970430262298916934682 0.5762047396714596869671 0.6077098364462099056027 0.6093789616897665739614 0.6019485486106361804559
0.5852249081152670617811 0.6208467177191541175318 0.5906707526275303266061 0.5630866312276577856366 0.6164185314239766233513
0.6008011388097195260016 0.5966073898398556174527 0.5864068202307730626188 0.6059586076525196318698 0.587530155182138580372
0.5517017632543347316343 0.5800971267839386547038 0.5855015738570251704331 0.6192612014105165485489 0.6115048059024466020617
0.5815093615717424890832 0.607830999451116293919 0.5994514856801164137678 0.5895020163444515404194 0.6113917015693928203035
0.6158342623723739306385 0.5791898994110877829655 0.6184342804085830591632 0.6020249997922699769504 0.5998235796022606258759
0.5868001833400438016497 0.5947681156839763616517 0.595376814916865448879 0.6033509151220779465064 0.6091923680471688085092
0.6284271475974997356317 0.6159800699555669778462 0.5790886471530083401404 0.6121730651576631210276 0.6175139911925291436035
0.5930231375959826856104 0.5921517205992308241491 0.5854381173010005934287 0.5847829190194382409373 0.601560639550123288366
0.5911849473618263628438 0.6040316287253351124065 0.6087492998543411193424 0.5816497523427235361027 0.5830855264478668198436
0.6070248662658644933643 0.57976823962767531917 0.6081591283296517991275 0.601633153205200832403 0.6078512222588356994635
0.5992636634515658977662 0.5872078966953344636437 0.6015783655119693040803 0.6092110854707880607251 0.5806868574605897892482
0.5806178949795279820023 0.5979102307045953690334 0.5782190833381957162374 0.6095237604534112785259 0.6018474192396339184086
0.6090958446894089162171 0.5937632452597171317521 0.5684880496400956939596 0.5974631808372369290439 0.5938924848462850958342
0.5641974834595969712225 0.6103681904951931969094 0.5805685729102875169971 0.5995078930692784302536 0.5808964985447064854895
0.5928299185226358902767 0.5962703993162631332936 0.6061378913878163743334 0.5986835835576779230038 0.5898498552127865446337
0.6189115349753055994597 0.5791048564963947598017 0.5975618072262661728544 0.622863107073063582142 0.6156578378583983379713
0.6033866826120455328919 0.5953490124964851970546 0.6015602861075839413729 0.5699687811922594660174 0.6150092116731816771491
0.6176052980417076065933 0.6091861797708834069809 0.5914466682960666243929 0.6109269674548419848392 0.5842826885492601318717
0.594938244526856063743 0.6015824828816377367602 0.5773593009919917307116 0.5985523176027277569844 0.6009108947991170790459
0.6151292691892625841277 0.5769255051397363942556 0.5871648303061397511371 0.5900146906508606514663 0.6191139460045632647578
0.593300433549724948179 0.6237548211924746066614 0.590062836174519378396 0.6354726502834566748135 0.5770447296495961886365
0.5998083030773472268393 0.5736338218823212597997 0.6083175088441473699064 0.5800129334751258358693 0.5901353124169497199603
0.6079663338063447941551 0.5820380062654625374918 0.6043384422325072113935 0.6325736781286299681426 0.6063183539896066509556
0.6188129558980154376613 0.6006697108587459865703 0.6124110514229476054382 0.6083015103279538760006 0.5888358650862525189851
0.5994934020324483858744 0.604671229784020325404 0.5850556915376241562399 0.6127337427937753489005 0.5778901859452377776094
0.5796928787268421645607 0.5999463704439041977778 0.6062444271128282213823 0.5958276258992389884384 0.5727774058273359392146
0.6094077763493744859247 0.586994747827011442709 0.6309505501997311194273 0.5897900564360030184474 0.6182264690035366161425
0.5717704853648315488357 0.5816309626098126184246 0.5946583138489331954446 0.6049514910539210976737 0.5873048469900573609337
0.5746875012854981701338 0.5798504270663067394764 0.6000439179748605633691 0.5830386248849916963621 0.5925748287321372931302
0.6008671402940098937862 0.5768290083326285122567 0.6099362908005703243219 0.6065567866101720939653 0.6142486136076495961689
0.5758899357494271509239 0.5886186991361060938388 0.6037349699635562449984 0.5974695197718610240045 0.5909537107365938624071
0.6327162582892589259842 0.5821102989130023663833 0.6074116902713984078588 0.5945400130051501363937 0.592472245759063986803
0.5906277612827223189029 0.611441460938619951726 0.5832417033878981582617 0.5786766659104658483415 0.6061846892487557925122
0.6105322060716815713022 0.5975131752013529418122 0.5957834047330582416535 0.6303216106968068110916 0.5941125675871324895994
0.6101018882040231128272 0.5887314694716315743861 0.5922711150823356529571 0.5968602305255260587202 0.6162159925983151653739
0.5877103756642214626993 0.6143382116125191139133 0.6122015724203929698533 0.6151738224874645499796 0.5903464034017512629404
0.5919723713305713452826 0.6113959380489760730981 0.5907317054922039956111 0.590146320212999841992 0.5909597151343896070941
0.5835933349778081868919 0.6025466434225793532775 0.5799902536672680852803 0.6153711845638726307683 0.5936552063597374528925
0.5992352565662305563521 0.5917033438613145124307 0.5979316629368949254086 0.6024266580512387392332 0.5835239348332764697247
0.6156323814511515113423 0.5846565270740919917358 0.5995741316444053170542 0.5794516437586779700197 0.609093778014002662502
0.6145536786519445460186 0.6014346464474886744256 0.6001161671259941376988 0.6039880544240360249475 0.5863965708535358034581
0.6141693181231928644337 0.6029461469006596185949 0.6155729606810655951676 0.6076160224444118185261 0.6298438409079271105284
0.6062499237444564093025 0.5949367178221439678154 0.5687128066357267641706 0.5770318801455378565635 0.5945926352317497665112
0.6079394775075341872395 0.6201812878615154955853 0.6002096225282824715208 0.5889489509406532485869 0.591954229752958638322
0.6037773378339318375296 0.6204357528066223315122 0.5815608650403035762011 0.604952540053086629257 0.6143882239769342668012
0.6182590061497982292238 0.6135347565931873470291 0.5891715547631245497584 0.5845556192879761692183 0.6039983063523426398689
0.6083075301814683255586 0.5890484904512143238264 0.6147894014442056853653 0.6034231813161334834206 0.6011086806630004941709
0.5972539960612589515776 0.6184876983669085337425 0.5967579748323459387649 0.6092538819407506966996 0.5905093858471778256458
0.5926093273390787841137 0.6020887085248425307782 0.5769603849603168743698 0.6039654025971437079079 0.5919144559005848904576
0.6181199882026905401133 0.6017056260217119589839 0.5830449987883383755616 0.5402626235183017877617 0.4909467663189984731886
0.3610987429693886530124 0.4960976376708471913268 0.4294858944287424651343 0.5673201312570886889475 0.5693206062983118265208
0.4995204577530755751802 0.4500994380192077093383 0.5562512566084772958064 0.5717313831044428251715 0.5206112138340954764715
0.5479158482802620744323 0.5682204350666745229503 0.5162854348562829764901 0.5583888914297074901327 0.5784417029340639393453
0.5755350102345240248525 0.5595694855116321031474 0.5190592147746230233807 0.5408397338332541215422 0.5434740448238060128716
0.5353468350907640838088 0.5633486349024229289384 0.5485981661851879742642 0.5529351136630012986117 0.5899216075576561024718
0.5801440584169470504605 0.5671881477666252946435 0.5599751608037012440278 0.5186618567245755428985 0.4774669898661009215246
0.5600837484516210107444 0.4111464349858444666808 0.5526573934880327776398 0.5576742650435195791658 0.5218775525672270099165
0.5332892476651637236884 0.5065584404495939718771 0.5054585193173535273559 0.525711195287358545869 0.4862853891592987531922
0.5465491160433837425359 0.4959909392634761493568 0.5007368060028943856921 0.5860647529365963226411 0.5264276818269864044453
0.5233711919096201148349 0.5627231769338199018904 0.5339393960701328545326 0.4955437771427942950098 0.5617420804698609604344
0.5039451343412627570828 0.5694176928035391549443 0.5693933678987640467639 0.5541791085496542423883 0.5425362588518379824976
0.5662852219678852216944 0.4681055479419350962011 0.5018003998079009209121 0.5156965171224584532084 0.5500026988477877409878
0.5255825844034529570337 0.5440772695678847137302 0.5447099475967711601498 0.5458032520689194422303 0.5617622965091179088049
0.5014118899773069015779 0.5550055912197737750802 0.5298289986902072756791 0.5670352293066055482385 0.5727750688836671377757
0.5590692389727096589525 0.5036408779903500665398 0.532164229305927993785 0.5650354949237030854903 0.5336227749689871346916
0.5440792763095210204938 0.5556980203007361174272 0.571895820934200327379 0.5574086488775951142571 0.4870226588817835877698
0.4703179369076435634156 0.5729398612574002624953 0.5729189103544096717258 0.5702569533388700540044 0.5568421205308060617512
0.5806350483432171083464 0.5723318716387665316958 0.5760988235194089979174 0.576301687972565090945 0.5870108799578401814756
0.5414696994547109065721 0.5977066905799219842521 0.553056245842755700437 0.5773796209209063334811 0.4973155102132827409811
0.562933489365974870644 0.5745693094306969506135 0.5867171391681775816096 0.5766948818633028661651 0.5734722008809119975226
0.5769991036953573404489 0.5406611648875985220997 0.4914313762835632592996 0.5380089985769238580815 0.5965270570863779875381
0.5868723726346238844798 0.5595068343238751573665 0.5696297865606286814355 0.5742589381996684450016 0.5356951178859609141725
0.5912737108728071122599 0.5814446380674591630111 0.5780736122209229055358 0.588777817960419391774 0.5426457822534905828249
0.5518249748899063389374 0.5386227044878363345859 0.5783401416593224597662 0.5729301151644092815474 0.5529996509169057272715
0.6046323670698193764039 0.5567994202132215963985 0.5510568982536332427458 0.5621404489368848622632 0.5754472830470863664587
0.5565028319559751635026 0.5717326509375502130439 0.5700710723679150992993 0.5764837204559311034657 0.5677828607153247997275
0.5475382608754397750772 0.557476163244426614618 0.5854761643373455060058 0.5629856924848551935625 0.5900736773871740892261
0.5789933359305893256774 0.5756094352535853220232 0.5626482322375649935964 0.5871713147667383392303 0.5897890678752444326705
0.5817118330258131964072 0.5280098883063474302091 0.5975106486475454392604 0.5795502310340638896236 0.5648370266176213627674
0.5738179670185999947662 0.5084346741805791936031 0.5885068767741502560042 0.5781064077994251260151 0.5863932136813891915494
0.5779305678530165524265 0.564600052614007918983 0.5672540149967686406995 0.5439583882040716078521 0.5847574940138676735657
0.5576620584188126672487 0.562932733200793955497 0.5897935031992252996602 0.5684164145736422257826 0.5459107632481710048467
0.5898041436975347551197 0.5507778485749971197905 0.567249963254613964736 0.5727062471786322772616 0.5724571587477820244771
0.6068800492462984585984 0.5888565029811181350539 0.565257900006001401394 0.5730576025753509883387 0.5789525597175455562393
0.595100311146833482745 0.5748237763727531701718 0.5739477901098979373273 0.5915943876072423668333 0.5871738055155841795596
0.6059399139543810708375 0.6064059729088578931666 0.5848592818005676763349 0.5960626487139221163503 0.5927623684690698224742
0.5988261414382555214431 0.5679004137410450514523 0.5952420413026189294214 0.5763498756682803314533 0.6004495653337961202922
0.5640400165580218283523 0.5464813566423910584646 0.5675921173955134069189 0.5465209343955730325604 0.5868905197204300483449
0.5607217012629109875732 0.590412508913666256305 0.5623245661721035792979 0.5964232766723047696189 0.5991870647487789192098
0.5906479419725894075555 0.5503425131238541823109 0.5702815744932405728207 0.6019728331832590040307 0.5305731121990644449937
0.5837001397448028372494 0.5809057804781225797797 0.5829204934288425565825 0.5723800422724912850825 0.5835228284358233707962
0.5856277142569317195608 0.5569781315539721333607 0.5596618888845901196305 0.588737577112406484936 0.5976225957301291025203
0.5846916782531228484743 0.5835066937875998949181 0.5646876875156958686119 0.6093439726225891028832 0.5663000909326790788256
0.5790869516851405718327 0.5779295307223237809779 0.5715885558497348917228 0.5917679691474226899572 0.5842770041719895779408
0.584329489910223043303 0.5792512072187444571725 0.5700033422434848118243 0.5911167023219934257838 0.5936778545997999367856
0.553426819680708947935 0.6000127189559755214177 0.6011837208436485724405 0.5976757801001507663941 0.5898183278385662475785
0.5730820535230291001838 0.6065747386702448062934 0.5710062903558614788579 0.5772264913802901409312 0.592084987669009299438
0.5860960032067200620176 0.5947126249089609295595 0.5957569413192069784913 0.578540308278500781114 0.5792381555749437360703
0.589887679161912426018 0.6216221532069647892627 0.5623758631360293858137 0.6047332056098589925242 0.5512333374853317646824
0.6057899961598082194669 0.5820004129662011971291 0.5895574459226456953687 0.6065887675535985845698 0.5773421756302783425241
0.6029884914031589104866 0.5480191850025644129119 0.5821958819407876406515 0.5849648474941110398717 0.6020867287179343385617
0.5765138195936648779494 0.5791766679434219300404 0.6036991037325356579402 0.5605076130245235654925 0.5855800545979676918762
0.6234288133823169264502 0.5951692555657499550392 0.5924199898354589599592 0.5886056397375184490173 0.5893757182731863553116
0.5867247329390091747925 0.5780540288981871333007 0.5931383837282160342852 0.6039895775785411036196 0.6014088885677657536633
0.5888074301345688210674 0.5818666656907145462441 0.5768341078449681358364 0.5732036908620352644306 0.5768980756557239297777
0.6015840591637127143798 0.619738535948306523693 0.5903340669814256536085 0.5937738511675485497676 0.5839008057897147052628
0.59575121752484871962 0.5794197632643882656112 0.5977875840727145950737 0.5686072408837449243535 0.5964424704051013437223
0.5981280370562873649476 0.5950366876519680436886 0.5882979362974902759476 0.6137180432807427532538 0.5809408214022391270248
0.5855023497873610427433 0.6089293549884314815657 0.6018317014539720233302 0.6149071375285850571402 0.5909362632596375508598
0.5737588259371243504248 0.6057241013629958148456 0.5798183914871908317679 0.5830391152277414335003 0.5791012334345783107992
0.5729418566389590239396 0.5922800494224517153796 0.5963959950046513469601 0.6154015713924859687367 0.5726486570258565445002
0.5675127817833741650233 0.5610016514494824413362 0.5656496060159446059856 0.5931459834724710500353 0.5948523624280466215453
0.5853931924424863320056 0.5757043032939604954024 0.5995773258901310187596 0.55724352433920809613 0.6011341633635227665877
0.5978517713700144398103 0.575784798811509568317 0.6095298831157081043131 0.5900967706165699544485 0.5963676640247823623753
0.5971757173595623191531 0.6041941360744209621458 0.5756502415202773281777 0.5821759145195154472319 0.5625257597310521218148
0.5944102952935210737451 0.6012203808873947119551 0.5653756822662557857129 0.6071070261353428421103 0.5910500781082927979071
0.6099543929928383789729 0.5884744306656557455426 0.5975663175764892587338 0.5997913375596074514462 0.591374311644346284389
0.6019212636991639886475 0.566371236411467915417 0.5874179739477668471537 0.5795348070231921555617 0.5982722991006653723289
0.5886605138309101148408 0.5658079562671479711966 0.5705308280128198461512 0.583785064155081578896 0.6005568304366840637343
0.5875542860389223465134 0.5836686808628566147661 0.5892675315311729500323 0.5913090551327364607914 0.5826486153932236566888
0.5884847170139798633315 0.5875263080508097424115 0.5940248422136239492275 0.5923901777591823458735 0.6029361423724775015387
0.6149910937148391765206 0.6114881129955281879873 0.5876935596075681944583 0.5747102808395162520938 0.5671563236115724215836
0.5929258034639753871531 0.6054485232726545262949 0.626466723475275988342 0.5993910231086342355056 0.6028831927885724972782
0.602828861509541846786 0.5757144635722259984334 0.5924335592860905386203 0.5989906412555162651401 0.6021471137317010446921
0.5844815114798788124872 0.578232723347245181067 0.5920194315805256124463 0.5857808070335449590615 0.5945879262525730624134
0.5844286943993559635402 0.6098919626520084014132 0.5836899082328248500318 0.5983562185293846980016 0.5842893418383261483484
0.5822683981809906317295 0.5643867941900969631419 0.5859680458641483014048 0.5831662437652854746872 0.5852442486647989605686
0.5832420850987839466839 0.6155459892040324731965 0.5929438958696722217212 0.5893834226073012549918 0.5956366460944273466538
0.60166563728016275725 0.5845351496755445408482 0.6014441022781857881796 0.5829625309989898696017 0.6059859759149057722993
0.6158550658618803241851 0.5940793823012744390155 0.6129798195776600122642 0.590810200044270983355 0.6089408874525805703826
0.5901319656557939552499 0.6029961626564059873346 0.5891529519911165024837 0.5914414090708449700529 0.6072933959532718084517
0.6115914879677181170692 0.584732485461741724464 0.576284328460438977082 0.61638238595171435108 0.5877077005412759680425
0.5737778492528712304122 0.6109404519701849833879 0.5710316780571189632099 0.5951228009547673281077 0.562110781373288515006
0.6079004880424708767706 0.6081607350973169401342 0.5868627782841543405468 0.5988381716874473514878 0.6005447619158530425665
0.6054203795481383210131 0.5917817875165881646993 0.6019389130205951010666 0.6165807051402721894462 0.5808080495629545092484
0.5984079849841876797001 0.6110053555061255581293 0.5993463212259307892893 0.6070412913940438359717 0.5658961133232509599367
0.5969235140015483054299 0.5973371837620953250791 0.6110801513090790004767 0.5979920969787302365006 0.5656656520065069804204
0.6025661345199346818902 0.6182004338962668876789 0.598537916990619200952 0.5966446932419736670639 0.5947749583168069342776
0.6179527294249440583229 0.5752775370259406439999 0.5754078531492283765658 0.581189467593726138972 0.6120956905744953102655
0.5975998807391054157279 0.6043559553958345320623 0.5763614624262987096159 0.5967291738644817655768 0.598539684858145126789
0.5843918090734919745799 0.5715494431578894696244 0.5864693194135360831964 0.5988172654888688217767 0.6192954368069157888854
0.621860757790616558438 0.6052074812876371279202 0.5937764320317532318327 0.5917617176390045363732 0.589368837020667668547
0.5967346299832836375998 0.6298015345613043880491 0.6021090089091928332365 0.5936544017506755199776 0.6012011513868128487204
0.6196085396716091153735 0.6035606800161742446775 0.5802178435983759152705 0.6146663070805725714862 0.5927329747972428508618
0.5818834095939476869219 0.5917861657828552557348 0.6239222270531719072295 0.5790745980417065785772 0.5844856696555773556412
0.5900565083365540974825 0.5893007459560445360225 0.601192911987486477976 0.5700213380990473144294 0.5924082562704784393759
0.5745955006033377499008 0.6135756926923314757971 0.602090009661748859493 0.615613782799130593304 0.5953981044731001537329
0.5773957516135433953863 0.5661400646062065833419 0.6021543204325000564481 0.5947455927403531017461 0.5730331323891031392037
0.6136301288635069850486 0.6184106534051991843626 0.6202526904165881482811 0.6002144522400751913693 0.5773906338478803634828
0.5763468914782572394273 0.5844937595047317024921 0.6061186439286452287689 0.5913247315576763973866 0.5779875129026118552034
0.6043020039021245182198 0.6113631235491805426818 0.6079441645958779671943 0.5792109144242221230314 0.5920539056107718689503
0.6070536732776637967035 0.5877902000628016931927 0.5918290069098754990762 0.595695452917131107462 0.6149453360194903073221
0.5852437137408482703549 0.6094703109330361634477 0.5722192866546914613579 0.5636492317162357101878 0.5862397755837571722282
0.6118661551454883662515 0.5991654474229031190902 0.5958334440236466855723 0.5760225571359114393744 0.5935251914262761330221
0.5624541767965998140255 0.6001448896557980416944 0.6183675791460607751304 0.5718596504383676171202 0.6131256971750205231331
0.5918219911516852116407 0.5877360767792183526836 0.5849496145224871712642 0.6003450793219873293793 0.5891325404632721252085
0.5771353821015411389439 0.6000460741972782896525 0.5833707858716934424592 0.5948035062897834013285 0.6154394843573079976196
0.6217072938887814315123 0.6078034325517297498109 0.6076919523057734418003 0.5766904621906933092745 0.5928106463641192869218
0.6155308153486162003887 0.6143096289897356232501 0.5864186847120477219519 0.6042316447808069312941 0.6044862275355653569164
0.59933862669144277735 0.5826181848390352691069 0.5897759591554669889035 0.5913972402660369054317 0.6136652850826366245585
0.5693124107325993055184 0.619259521828233738816 0.5978464762560276035686 0.594750892490725768802 0.5958284347913429535026
0.5795722811319836687005 0.6462316009055369958602 0.618090644686802526131 0.5785874251238434240463 0.6025057771787764027138
0.617707023426092405316 0.6041013581764895779003 0.5638935504479971605463 0.6044709836170806260824 0.6181940606754130485001
0.5684701861314925830371 0.591295896263170361884 0.600135222482531149879 0.5884960761626610858954 0.607108580854325174947
0.5793233475109822450122 0.5948017261397380295307 0.5768259569327921498783 0.6104484619335006634344 0.5901870425754706106503
0.5980732253200465864396 0.5600713109546909818093 0.5922090564839341819692 0.6091491880238952827398 0.5879021331577060083262
0.5696099574585125058235 0.6047529278496822646716 0.5864758341429925359023 0.6085550386572571301969 0.6167317651173667147901
0.6013511115229922543435 0.6213418965867496535083 0.6036970313785826602881 0.6040880334783211846883 0.6139809737742056849896
0.6023174632266227179755 0.6153750078500385134461 0.5844864155849385234376 0.5890923618672717632094 0.6108932817440801965603
0.5905363373958693040677 0.5941253675221989105637 0.5965421193447867365123 0.5854641197485318526716 0.5957336946339798489092
0.5747875215368857260145 0.6078724013240554002735 0.5919979879492565100207 0.6236669180854634841893 0.5700789151732650328341
0.5784586955808626029807 0.5894903683951584483225 0.5842982814745688591174 0.6035150463426618427931 0.5922850136749990834772
0.6186949393229522753401 0.622401433272321891188 0.6161425191045266647194 0.599812591660474625499 0.6074785343916649926754
0.5831093100428644815381 0.6204204641790671548307 0.6249724119146031764416 0.5850160456569005740235 0.6049163894277185260506
0.6008178382106028614373 0.5860948848318295878457 0.5998732936188938547062 0.6265354984698079388039 0.5905876233597437963141
0.5789927834660457683924 0.5913181313683056883335 0.595662310417925833228 0.5933825520315707535701 0.5987203110327655730671
0.6225741025758114721711 0.5889823757851379015804 0.6013587969829193857763 0.6250577651674333878873 0.5940287893509534900005
0.6104374742599129044507 0.5880813840843284179272 0.6118605488214406973313 0.5812679170332386568987 0.5803118329954928267256
0.6093584353391433561242 0.594814796040670556998 0.584884695263026221923 0.6119170776615646678565 0.587658286388608730455
0.608364552122199975237 0.5922375546941062163242 0.6098295005803163748581 0.5992140870145881148545 0.6091070989316865746943
