NaN NaN NaN NaN NaN
NaN NaN NaN 0.2696994194618937412677 0.2711359121869337251987
0.2492127940963552445996 0.2646553231613648637932 0.2680202465078956874933 0.2747332165139282911248 0.2760273917904432217085
0.2806592185948850737276 0.2917133760600898462201 0.2664954951093173041166 0.2916626073812589314826 0.2925300589972390508109
0.2954582256540936313627 0.2753993761092775049981 0.2967805136459722992193 0.2922482406118738773593 0.2789018191843801175445
0.2826874888640378835625 0.2867300283667723048708 0.2623305444692049515076 0.2776559061100045133763 0.2715624308689867372202
0.2919474644614388769703 0.2788172801483909113429 0.2939884062836063960411 0.2845739767104598083591 0.2842169190013104085324
0.2769490584274412747767 0.2883304939438779412875 0.2995316407471944608609 0.2829516596049121979206 0.2786932024689245390725
0.2808318529983958589114 0.2667429827969559075207 0.2736936750038356236381 0.2597255179005287240024 0.2770445024465932326585
0.2837608559300561772432 0.2890740703694058555406 0.2788722345544322189781 0.2827969647170799905034 0.2906640771239535347981
0.2898798646296450454152 0.2778152234940630127547 0.2675727481950433972457 0.2675506504799738949352 0.2790584256763688486558
0.2901715216405111874565 0.2904372097956410270214 0.2817076710193245903113 0.2849072721379009576204 0.2737211093937745309823
0.2765737337655678196313 0.2764254570694242296724 0.2771877206071829968792 0.2967282793503719928729 0.279250729519762652675
0.2801128739443002335641 NaN NaN NaN NaN
NaN NaN NaN NaN NaN
0.2866879580182629116969 0.2669639192682757289354 0.2744554375179544813967 0.2745185563058054056818 0.2641524776612415026378
0.2975020347534310105608 0.2464791059223096492126 0.2863635537572625788805 0.2565212926821096584007 0.2646262424598172513512
0.2694026260427497820871 0.2620246115444734846811 0.2765144962392622751679 0.2754258791090014590885 0.2823859100071815508848
0.2639715838162569605529 0.2720530207414024737034 0.2767542347049525841562 0.2799501496184990667615 0.2796066473360316329
0.2707176418096703396365 0.2741504268845794123344 0.2745841303877837868974 0.2593170734961266488128 0.2773818057846163531721
0.2765266800669708979754 0.2859073613421334592033 0.2777435604705785210378 0.2817899031251239194695 0.2776654944929606294579
0.2796034571166237103768 0.2779087067966056201485 0.2952547818310030658395 0.2951417061442276335015 0.2801982696969679276222
0.2881314002086861614238 0.2731030897333357465584 0.2912866511484434872692 0.2824053087938259709588 0.2856888543032288230172
0.2866788491585001152906 0.2833173201448822564608 0.2791572596534240280342 0.2760636030031619059244 0.2908053383096749211489
0.2807055657074491450409 0.2863430017636925950519 0.2805320285288846471339 0.2738496304932217517702 0.2663708370206904763045
0.2678349878540030037932 0.2726820544994844053299 0.2771456708045693662079 0.2864774245287218801259 0.296347465226293238505
0.2844886521469330853407 NaN NaN NaN NaN
NaN NaN NaN NaN NaN
0.2524335388450718586917 0.2621203417021670256659 0.2500101839142365722779 0.2773433882639754211041 0.2817828680930483109535
0.2771250172512022547089 0.2807658449480922580044 0.2737764190095166028094 0.2779053231967651416134 0.2765678856926053752474
0.2768360587318667853651 0.276672128263396210901 0.2908077632200778972482 0.2862612085707307851834 0.2735243868644784970279
0.2699586851185375446782 0.2762597841988588265316 0.2869380751346662372647 0.2796083985106077030025 0.2758539164208501648368
0.2741686444745057849026 0.2687862428604838038737 0.2784256234212970082531 0.2522991454410499212457 0.2748549139001804086924
0.251201414461942218459 0.2553555632014824494647 0.2634531308755557188483 0.2756975037514451942755 0.276018167074994158483
0.2707122242697501679487 0.2730141024549856965109 0.2702920647169386181297 0.2720528269147026723118 0.2649673022823224588507
0.2721432496565009406808 0.2748111778180803987937 0.2602466837556908774154 0.275034816257755942992 0.2855948888824832998523
0.2850390678816543399421 0.2770607356760892980851 0.2535545300003456681281 0.2529684842391615728907 0.2634225052709476266877
0.2667515868746463958416 0.2852390089871280065559 0.2813199612127248450122 0.2920516071157304160977 0.2928892972538541528138
0.2808360862906137400685 0.28409168860982381144 0.2790098395943216291748 0.2715458415974921768665 0.2679253731866583221333
0.264731969168766345657 0.270381061167519920474 0.264705384150160538681 NaN NaN
NaN NaN NaN NaN NaN
NaN NaN 0.2820786187579508719203 0.2539051096095128468022 0.273766571452411511256
0.2604047306298826747195 0.2679820184886780864986 0.2722555978099129858627 0.2514788885993089473381 0.269201474353948033702
0.2619279203973156056051 0.2714050354738035686353 0.2857709286357704159265 0.2919739345786220852119 0.2757529551186654881434
0.2825365077133212832194 0.2744339388668008417049 0.2766768138694840617475 0.2705465786927412352725 0.2769156316757958591346
0.2738112688536839534059 0.2697117150179301758861 0.2821865388853169176464 0.2519126986284050961906 0.2501582851324269385351
0.2665916149560499381899 0.2694686951771817495782 0.2892521268645663612418 0.291134121403100021297 0.2811615327769282912662
0.2926362612200616997171 0.2866843719849079263895 0.2923152848255108349207 0.2856977244191662990147 0.2865230571914869073247
0.2830195173776823835965 0.2775287856951713649778 0.2762142528841614042001 0.2617536787524474828359 0.2736759705949632359712
0.2719979504057195018873 0.2820109658747504410847 0.283419893932362498834 0.2828348066146059713866 0.2890216406658325243306
0.2950794970332853428552 0.2835545083202308802584 0.2924546158557458919169 0.2977751504920007619148 0.2932766492519213175072
0.2993820992640932043827 0.2992596404032510926108 0.294552752699412723203 0.2926003674037017665555 0.2810858224055819420961
0.2819973614096599745515 0.272815148835037379893 NaN NaN NaN
NaN NaN NaN NaN NaN
NaN 0.2651034256421586077224 0.2623918404324593334209 0.2514462198475420073862 0.2476387982517223862455
0.2379152386583248679486 0.2524404330092754888959 0.2722981263198684942495 0.2537597457224780028717 0.2805289806013415154773
0.2505511871957004643718 0.2741141878060060488309 0.2788109989475293093442 0.2827025535009242696027 0.2766867082213743667118
0.2766807406099972554969 0.2661444629954618501522 0.276214938428201439713 0.2868851958584403005759 0.2774945192034649621426
0.2843838732073903363684 0.2786936287131452916199 0.2650763086639252308352 0.2670538254085285667649 0.2765405844937071644374
0.2873221131882637835453 0.2809008396653402961363 0.2827963943850269057378 0.2757771925174215543741 0.2856644394072333503765
0.2768405751271064696439 0.2713975285897308187266 0.2915324394540478314397 0.288259454998994357755 0.294816251396861739309
0.2860569483439004967451 0.2711351874734481692819 0.2715526289245671631711 0.2750429547952010223 0.2550893460282156466334
0.2693418927265447404551 0.273015333923015690587 0.2673152120847248625068 0.2846522741066953021694 0.2862597112066302407207
0.2883939750305516969142 0.2725090031086343511646 0.2687648486238719547359 0.2866004273540501134931 0.284387790150302133263
0.2970102814039903837973 0.2918595261727073286728 0.2925497076914793659341 0.29453482846560585795 0.2955350637070519592697
0.2908578731571785924714 0.280377214024159437944 0.2802575405294921995214 0.2857148862644158793245 NaN
NaN NaN NaN NaN NaN
NaN NaN NaN 0.2366737872473810011531 0.2668637310551068564379
0.2482569095883177812123 0.2701117255117441717793 0.2603398621303436022423 0.2618822683366467951593 0.2752343427668832442912
0.2734804367321481688435 0.2860921572687227243392 0.2580464415464006067147 0.2772840675404916743751 0.2879084557923630716125
0.2867066963001785873111 0.2946478806684059703613 0.2799274528943876405584 0.307454117822180683639 0.3096062175102913816005
0.2832470111903054310609 0.2723835845521920817625 0.2943045941654366948192 0.2860841039791283679783 0.276268109326382682589
0.2877566894128087415794 0.3013478461530286200976 0.3060743550199269136236 0.296074246184110156932 0.285565866030691672961
0.3170263131622808594479 0.2736973958344509072482 0.2631901312795956182633 0.2931489547919285953981 0.3039365788882280039473
0.2897723566150415264175 0.3033560416176987462045 0.278536029263651618848 0.2597040540401640007495 0.2738519122212982326303
0.3044766322878817432773 0.2925825564700337277912 0.2881102350134576162155 0.298143664271623587414 0.2834492267771903106777
0.3121487475187422755418 0.2992857610526733491696 0.312133627023109760934 0.2898186499471299137909 0.2814016171692942935856
0.2839937860279320713808 0.2997553114435944077165 0.2899482584916582839085 0.2869387483488657908381 0.2936302361066585597804
0.2715022037257635578733 0.2830638264507067125564 0.2778952118625393485907 0.2910211000247374113492 0.2832106217465504283126
0.2804608848826702360846 NaN NaN NaN NaN
NaN NaN NaN NaN NaN
0.2805200751855947971514 0.2825662981355728797794 0.2767145279481013075973 0.2709914508154520618177 0.2773130317433621372381
0.2806937831002942473901 0.2762435360725421507055 0.247707510892707677419 0.237187653764644651444 0.2576637763156499616457
0.2692349675531505726056 0.2735677559071092446175 0.2513714248682504259769 0.247687649157946609968 0.2699597262952287413107
0.2472714859343600468655 0.25970680616762747972 0.2475850505432510284543 0.2337169508866544787029 0.2254784319735322895006
0.237812803501581071508 0.2549558731438343883724 0.2492755209578984276764 0.2526327318512161523856 0.27155396626502215085
0.2839048074627331663677 0.2953913599730669248267 0.2963117517470754136433 0.2786955796733002754806 0.284023720279584279691
0.2793493104820352623818 0.2785504012611989543835 0.2838606049701553613041 0.2822150889480798396924 0.2865845296885586312996
0.2914495388455376478909 0.2951982326346859752952 0.2910988381532046975764 0.2899358656001420064818 0.2849178769303930547352
0.2904855243378872131643 0.290111196842353480374 0.2879409041314581751969 0.2786984531885841609444 0.276862259566794666199
0.2767987249608553357305 0.2753351194650708322342 0.2847123697052547086628 0.2812322773406592535395 0.2976593637459316044058
0.2877311535486601901113 0.2930007063076059958817 0.2900383914186010492209 0.2919066125128849109593 0.2837053847145326046508
0.2976837259334368934738 0.2918903657437674770136 0.2870422306560136971321 NaN NaN
NaN NaN NaN NaN NaN
NaN NaN 0.254160053639676641879 0.2488697875268567893947 0.2498142610473393365744
0.2615320437900121586239 0.2615578031529568470148 0.2431504914310727849536 0.2500222730333745979614 0.235714410346953701092
0.2410128902907856252025 0.2363056559893566277442 0.2326566840864702223612 0.2610063365462000350981 0.239578644544491237145
0.2494617557971189059085 0.2504964103676614040062 0.2560277308472108104276 0.2693486669943683242678 0.2566083903621892425839
0.2491872415498053994209 0.2625011641097232950592 0.2774543595722363531486 0.2730635485441507692705 0.283465471437398419674
0.2697548948263733814557 0.2782847274162885686799 0.2648222239129410238156 0.2767626299130721001518 0.2465147719632385381328
0.2508343535683406066994 0.2495570438576151239829 0.2481129365883423254502 0.2558434367670158748886 0.2492380041165455639707
0.2429185033017156325474 0.2536184649595488171947 0.2560782692538973726037 0.2515690109903915283596 0.2502782532753293209815
0.2882382461617271629528 0.272085254232972861832 0.2952110660793416108127 0.2864314066495225463704 0.2918547654498384602562
0.2897064972395692605822 0.2634006621376102641463 0.2627153661788206306937 0.2567552559579237003717 0.2832834301208969618457
0.2607957947713722135497 0.2568762391835036629217 0.2573800483750428580443 0.2454515427460118859315 0.2570826254805168020745
0.2602721385731095460336 NaN NaN NaN NaN
NaN NaN NaN NaN NaN
0.2490453641846439580831 0.2651408856959696080935 0.2640193222320268984227 0.2860832314716519886311 0.2623180311632838934699
0.258896586628613145642 0.272401592643325640708 0.2740486760133696297892 0.2759623756728028509677 0.280352295439756205031
0.2920850815129585331675 0.2842720991767767046987 0.2890030465482593124982 0.3032626796932798018958 0.2901677994303279439769
0.2810580320846383095557 0.2593756409890525249651 0.2678376191356924840292 0.2986141104243984489841 0.2804476071804615777694
0.3002981062467474093758 0.2705032677848375755048 0.32314857559123882913 0.2764640738970864375368 0.2982114111844990644862
0.2771251971828203597425 0.2670644297223468965896 0.2831919710602349704587 0.2606817792665261923624 0.2792629132530083935215
0.2623817970816421651925 0.2730837585505725417789 0.2816190914911016474065 0.2703077986067564664197 0.2907561769299738529959
0.2678859545315782630936 0.2781795934723822472101 0.2567629465375765307478 0.2647295825220314924309 0.2620090521026696706031
0.2605644176565857783601 0.274383748737080268576 0.2705739085451842051988 0.2619984621129748947332 0.2522326511266044235526
0.2597113971964040146645 0.2632697051234684781917 0.2912482030107028108112 0.292242348190645817585 0.3026339928103478071897
0.3086599441936468957159 0.3260912215092454657928 0.301526378822922824785 0.2998073687548019061744 0.2775367890993230557406
0.2917896111855614593722 0.3020481642552472201224 0.2854945904421722358002 NaN NaN
NaN NaN NaN NaN NaN
NaN NaN 0.2879088953053156596518 0.2839106719993919614176 0.2749255583244890610572
0.2739627330760804890808 0.2723792084217222519982 0.2656518179217650099666 0.2631130069240547597609 0.2584902155930249856297
0.2651216058093309180244 0.268740169975982545747 0.2622281705968631526638 0.2662293766254183458031 0.2591501858943889846643
0.2620790249103172597778 0.2532074710568346653794 0.2656337486886932719443 0.2683939241897171368301 0.2659801926175431874277
0.260294771772956234912 0.2601921119489119527124 0.247275078156982769384 0.2510398712440263246926 0.2553706457003566687725
0.2578868554281017466678 0.2563697205082897112582 0.2612573728430636066378 0.2686253357648235029487 0.2714033247634418666294
0.269236301709574576968 0.2750146618251244623465 0.2634241535285736790506 0.2659114889700980310927 0.2846033803453257293725
0.2861803319090255870449 0.2639753816684373144419 0.2615051753427193315105 0.2578959480779789981142 0.2540972351364609305158
0.2556032683495936264073 0.2533351798906751661811 0.2713582152426931570766 0.282290116291189940867 0.2782170569812010829658
0.2966949988028089735259 0.3175663477990907646031 0.3058340868435094339617 0.3023104015275471234681 0.2831940931767680247333
0.255156051374653025654 0.2728272510510845183518 0.2673197046094497597579 0.2412291853614869363565 0.2534538571936244544247
0.2434333473334391040321 0.2623849800952522404174 0.2664754264984325882182 0.2847629452161185015235 0.2846752936857907534396
NaN NaN NaN NaN NaN
NaN NaN NaN NaN 0.2579203664890760694384
0.2634756444797800023494 0.2580550500998970986366 0.2605842067112102422577 0.258184377764963168822 0.2585699301555264839614
0.2491120280364317596256 0.2367494592212981419088 0.2443547136149637755143 0.2507355822345257445605 0.2483482327265939260119
0.2593766513322899314176 0.2548369076106931641057 0.270410132088444499221 0.2558854737055537564849 0.2700539506016775836983
0.2691983193510476546351 0.2906133758335648353821 0.264448393770701006833 0.2795818015761275532327 0.2498356752308217021419
0.2692094176794041504586 0.261871489807753154988 0.279105577730849763185 0.2740494959620688453228 0.2654494121180243637603
0.2664335987838921115944 0.2601456608322455510418 0.2694351359776622767406 0.2772020191429933055893 0.2665243381246636955595
0.2683336165453429345007 0.2642692211304287774887 0.2660488148507647032659 0.2712544289788852980294 0.2616590707217888445157
0.2760012417483480029468 0.2559158233177225572064 0.2860974536475952012538 0.2770628798998937547537 0.2839812734360538937217
0.2825931022959058402932 0.2745983975698486623251 0.2802720603392300224854 0.2729282159190535295146 0.279328101605592848955
0.263913449863577231902 0.2743614878375010279754 0.2814956184600654887085 0.2854725880508104940425 0.2663394701204050973864
0.258334530505752058005 0.2647159192485194489919 0.2655296042166642722648 0.2901937149839508567339 0.2982053959669298537349
NaN NaN NaN NaN NaN
NaN NaN NaN NaN 0.2692982886845272094689
0.2510230073549515328324 0.2533894692455048169855 0.2355751165926913415216 0.2662394400502379743223 0.273522939937806630617
0.2787180252406480929217 0.2812335763551068179567 0.276258098252638029102 0.280769674049504758262 0.2715135067915614985878
0.2923837481371538982167 0.2601909622777036634744 0.2814139473621709575113 0.2757938298847824043492 0.2805688746096671182251
0.2961175640622378257838 0.2821753267314776048025 0.2842585747650271943421 0.2692371619966629214815 0.2649785809061308006207
0.2795417926223792148832 0.2781446409534498731553 0.2828419687166642826348 0.2643619373826262552996 0.2595996744353016860707
0.2620634289555529572446 0.2531424233418919089722 0.2524119570483531749261 0.2589996120798913059602 0.2605074393911044339234
0.2838703942831357629473 0.2812841236629455843321 0.276916689452358033563 0.2722572517261601099392 0.2765224363593837275666
0.2825843024506844436416 0.2720022293699428939107 0.2584866701172913172613 0.2591523958992494325315 0.2763167431016519959286
0.2706273904563678556201 0.2682042429644450054482 NaN NaN NaN
NaN NaN NaN NaN NaN
NaN NaN NaN NaN NaN
NaN
