0.1133627566363399896687 0.1351172364860057095726 0.1373325195071011528558 0.1512094862423069285828 0.1584507225025372501026
0.1784086229313197879964 0.1745424570255770246874 0.173518573347412191632 0.1789271440595931739193 0.1765481921367764162056
0.1765265146803521589813 0.1867521217731040739096 0.1857363365740685445804 0.184710446908537079258 0.1916933745728145732645
0.1839408149415557858219 0.1837434746403211749399 0.1867324174838728423342 0.192168713415686698287 0.1934806345400920390976
0.1909177144106430634718 0.1896161421402600411046 0.1862647138191215190339 0.1893870086428280086199 0.1903956408468778227494
0.1921124675559252037438 0.1901598900511612122433 0.1919736510574134857876 0.1906734062759528336439 0.1926335861291779139037
0.1893870902596967442655 0.1931470876313954032621 0.192749391255025492864 0.1853520062943020962898 0.1931204582689142190688
0.1938414973692623999302 0.1896393877552561557653 0.1878113449819713010047 0.197111448921658966027 0.1919565783322749741302
0.1909825587659667034401 0.1937010543599952672178 0.1922784369544733862334 0.1919206501640225992489 0.1948131007422102267679
0.1935462805842514399934 0.1898610079785211790515 0.1932738565669002706038 0.1936538174559554459364 0.1919455477060020565094
0.1939303911854293460681 0.1918790436215041250723 0.1922070574706927215125 0.1943282207302662045745 0.1908203027915603422482
0.1909899435246326937499 0.1918871864094720547378 0.1934411386791271558749 0.19114315901934209041 0.1939610033235248109929
0.1908422275947740665014 0.1925925467952657454962 0.1907828666004058593142 0.1911295026904861193984 0.1923188631990241370673
0.1922769219347436331358 0.1897593547323790930115 0.1909121359111661531127 0.190910228427806499818 0.1911284406384705647497
0.1939319953106238003659 0.1905991152219895234943 0.1925602059659167197836 0.1916670477535488414933 0.1907820941179812768151
0.1944883448845335649491 0.1908550154887846961316 0.19164977247905712332 0.1923313212265357619035 0.1897560636013758961216
0.1923315079323337506434 0.1898265360231951026648 0.1909834651748757716749 0.1921473956423901119361 0.1918850766390191864286
0.1916987048525246595254 0.1914155177420032161173 0.191907162506800760271 0.1900540319442756420631 0.1901074544275186406495
0.1896004111608943498712 0.1897531275066938194485 0.1897445432590576797072 0.1902772722387204018535 0.1930487212516004968954
0.1903381855728277782802 0.1926830812202739717787 0.1897809375929702113694 0.1893173979930635464353 0.1920026876492283429698
0.1912891896805322677899 0.1903673540874104841425 0.1935744605719659505727 0.1918007103287131809299 0.1899393991358448718909
0.1902112124687777572341 0.1887769319466017226006 0.1896944156490335264831 0.1911050918382372898474 0.1891030117287600953446
0.187999438304461530258 0.1903793979189534746332 0.1894280418902238583012 0.1886876534023126661399 0.190020151128705239163
0.1909066745284677679706 0.1889507696158470029246 0.19277888391899286602 0.18804903335551448329 0.190213344467878492372
0.1933399189066828394168 0.1892022288842891419858 0.1878566840135781623733 0.1891933278195950252076 0.1877966453824201908951
0.1893870927245871194078 0.1904937628584584818903 0.1879279616548146514265 0.1884863040124278577014 0.1887445269042486162281
0.1886533445577028289541 0.1870887102097006648993 0.1892187298805846906724 0.1876149970443712067247 0.1867062289480168613132
0.1870131636352859727523 0.1869813218411961186494 0.1873920957649589102978 0.190181943787943508184 0.1860637530070771983315
0.190158829807623164232 0.1874811411831183438625 0.1866005054683934349935 0.1862792227192639205047 0.1867424823123927379864
0.186360414689060782667 0.1882666698078929723437 0.189128602624419106526 0.1895708320797707957528 0.1851589261125236862693
0.1882351484540711883398 0.1865120487431332074735 0.1872139390381871715263 0.1869468754668800469787 0.185977854825423893903
0.1875837511403935786714 0.1858560535492276288849 0.1867060870010549544773 0.1862538436356576676545 0.188896782236593202553
0.1866174041661134153092 0.1846981494885305830067 0.1861327617245691068426 0.1856665896533742365904 0.1871802629570008258408
0.1859017768455105967806 0.1859547631044194127004 0.1874486348067186114452 0.1873318959754353973945 0.1863759086996203684361
0.1852005776779364343287 0.1883856769128051666939 0.1857239382238249636448 0.1852630912292746456771 0.185683434023775434385
0.1819732841375531484651 0.1855005391430799011054 0.1849751329409275446558 0.1839531590089065471449 0.1850616681097703164482
0.1864359113232929854309 0.1859162045401898666341 0.1844244853995993527196 0.1847808398458885281723 0.1854818522904063127221
0.1828390729238474898821 0.1850482373759141929703 0.1856687517152997013437 0.1843864924738744526245 0.1824826313138493971699
0.18427680232675677785 0.1848700989688430995628 0.1818070875632105398712 0.184114808356206111073 0.1847415535108268558329
0.1835473501940095564233 0.1835755979437441731683 0.1835952764788463809076 0.1835846440731007389591 0.1835866586983196102612
0.1841851437638041266709 0.1822428254530991109661 0.1827071154214053028131 0.1811164428943565496422 0.1844948264048207886567
0.1843323670476931519513 0.1837707970824023762102 0.1829895087494383121296 0.1818457803443568610025 0.1813774537186713387005
0.1833183161304308139705 0.1826028718623394775378 0.1818030647996828064183 0.1814133519392456816988 0.1830590727433559772308
0.1821453858470486186771 0.1838759416948219649335 0.1821960494771063532315 0.1818444444492710032613 0.1814364514732783872919
0.1823286008524851453672 0.1820644620244186162594 0.1831851201369039672251 0.1794554201592647169061 0.1804176909962110497698
0.1815578970113849166523 0.1793393077904433807745 0.1823342731451603193626 0.1821002242191704645347 0.1815980286818208999655
0.180985629562433580908 0.1802015455491854378778 0.1786272853826285644807 0.179438159222388760039 0.1806220333916029319177
0.1790501207911411596374 0.182332176725737288292 0.180600024820134430481 0.1804383005629901781663 0.1820713112773314490411
0.1817802940985300541588 0.1810326131215271305841 0.178560105183986239652 0.1802716778349029713713 0.1805728938588431475853
0.1802851516365810147224 0.1805259070722066150338 0.1793902107479486418562 0.1802280311154000891349 0.178334494731373416343
0.1783561963624392399108 0.1787795184826377614673 0.1819900132256668801034 0.1775150376569064047949 0.180468788216375797262
0.1786078189228453572124 0.1791792410378519606606 0.1776660534727247386932 0.1824650799348565277658 0.1797754993894269681665
0.1777392171181400581936 0.1793447227976933677773 0.1793601774388601521881 0.1780774064906277542875 0.1786982831956319128786
0.1793708772729642186849 0.1781397576097256407746 0.1774138983311950301669 0.1781776554015814528764 0.1799671899375698824741
0.178504195272497112601 0.1782160726267177364157 0.1799723026508599499351 0.1787909253688927668779 0.1750911625967936646742
0.1776671026735317793221 0.178083738596048951619 0.1777235966071523121101 0.1773724454055692345555 0.177155479242684932295
0.1779719051125047135642 0.1755885991649471511433 0.1774935732541346733449 0.1790440211745399634591 0.1765244025584528086981
0.1769555635110071079019 0.1756492347293067968206 0.1764501300141353701267 0.1784881746773352428903 0.177179408555168199646
0.1757615506400239391294 0.1777998037728841518312 0.1779423520635230737685 0.177074097157570581329 0.1775864537081352778625
0.177915898886554596503 0.1750553301222143864901 0.1754069468242714091577 0.1765211869014275680723 0.1753914412796119537408
0.177487891827079802276 0.1752051362760568276045 0.1752687067932233166978 0.1748098444623479852389 0.1769026921635508398101
0.1746291500338836566453 0.1771865042837838244427 0.1753895302851098403352 0.1753520653506732140947 0.1766168479511686650874
0.1765143706474133766804 0.1743926728566541073384 0.175703015063316786426 0.1756907592510433824273 0.177143156872384188727
0.1740954970089659548105 0.1760396626012079301926 0.1732186208282838202344 0.1744380357943866866055 0.1768590589697582593498
0.1742569623540147216723 0.1746732639753865168331 0.1755347848463676696529 0.1742935638275446286194 0.1750418628881102722783
0.1737372020766369817846 0.174129037062204367059 0.1763713943656578519992 0.1718020393633565012781 0.1733235241235514811908
0.1756506021909748638254 0.1743598265517302681182 0.1751745691371338065068 0.1725671179258459753125 0.1731352034253785809881
0.1727596009941978760782 0.1741093134074968851177 0.175316033884654998154 0.173539452729341486803 0.1730367132615201197776
0.1744655202644184444072 0.1750295214840394408817 0.1740650038478012417986 0.1726576918763794987743 0.1745359972286784078221
0.1727126370361693197264 0.1733909003107148849576 0.1732669177860825249216 0.1748355325651667901976 0.1722195591806134351565
0.1725727714998613326891 0.173331783956967161453 0.1729001927749800604506 0.1725603018117879694504 0.1738015355665821215503
0.1730660280782174154091 0.1741550009448916136456 0.1725968598730404368613 0.1749637461947381178451 0.1719835584317675747368
0.1739334222650361638784 0.1739306022062524215155 0.172106647568658566172 0.1721927185949464755854 0.1717474722050924829109
0.173532637682964618886 0.1714048449833900644723 0.1730341601270773688181 0.172675270796254914929 0.1724476085603851016614
0.1725544726491995695117 0.1735076229552181270588 0.170242904393922228623 0.1707070712230566444934 0.1706397691534279337233
0.1719875022565146571729 0.1712409242462847869248 0.1715099169812388524292 0.1706594111829435878036 0.170755219989534329228
0.1718869952204658824169 0.1709492045603447363256 0.1716388222818339692743 0.1728012033411634729152 0.1695914139253324459666
0.1710331023933290284234 0.1716734250672365402757 0.1713618760603297097589 0.171439863913392165351 0.1716316531461795080737
0.171983037119740472809 0.1708106553570330476965 0.1706591141467156125255 0.1710751293902814940129 0.1719894377811816699175
0.1720021705370798903445 0.1706969206127696703224 0.1689347263926239128828 0.171539037722734488689 0.1712873608127391256151
0.1695038821393721195641 0.1706654678186207141355 0.1702920836300495233129 0.1707679652908016820767 0.1697539690795696609715
0.1694104263426009782112 0.1706375045957238822947 0.1691207769795387283462 0.1690341268684646958143 0.1711450989491539176335
0.1692036693945306036202 0.1684749122714538638323 0.1706583011789114534551 0.1705873149759527807046 0.1702048376174135624339
0.1701802982734128277809 0.1693228831107060627925 0.1684864933909579753912 0.1709379691365119913193 0.1686591738721566757775
0.1691312914154144975143 0.168704313457152588196 0.1693336055818100149839 0.1686198388201877174097 0.1699846472252345142007
0.1683583959496720849902 0.1683022593755107432223 0.1695781867243025264891 0.1679798557181927110005 0.1680291573376717639832
0.1676548316704106200703 0.1695350152207817928662 0.1692355228490703411559 0.1684565049613882259383 0.1693031346349357091352
0.1680237169584883616391 0.1708475178217899459465 0.1685462269216625452728 0.1689517763650960346933 0.1693112366055052331326
0.1689229057099675690434 0.1678050286011994463031 0.1692270382743652767932 0.1687329165472166159212 0.1692638804634980786989
0.1677375749722860021063 0.1688896824793088280448 0.1679195285223063216495 0.1682478996316772723585 0.1682320991556298939162
0.1682014256376531124992 0.1686172000665327741498 0.1668965464973871104526 0.1698523924221884973118 0.1670445918950983765772
0.167828542299274602323 0.168172348427481854749 0.1677167055633933534509 0.168541606089295414872 0.166507565186308714722
0.1664799478115321085259 0.1671529216650728677518 0.1678472153249900566951 0.1672077872950026300458 0.1672796189733046223758
0.1663793089767264254952 0.1678380215962604615765 0.1679368509783941698643 0.166983943200296303111 0.1675729905706883071659
0.1675342357947582905275 0.1675869959652915019976 0.1682735687298999027739 0.1671810178925194900756 0.1679587202125541467446
0.1668251306083501084299 0.1656713492999702386221 0.1671651560999736774171 0.1673467935220466495938 0.1669351667194570176811
0.1676488269146856613379 0.1672876675452465988769 0.1681555289641029904413 0.1673941394004893057357 0.1680864917440308414776
0.1648367467847330070096 0.1663650396078222570839 0.166030552470159298295 0.1666492785198767923038 0.1657289576941973763269
0.1678723720939487851211 0.1648884953959511012744 0.1653288811730614926709 0.166309688626334606365 0.1663398734038118165213
0.16539928632531250563 0.1652863634445097817949 0.1664369088385872219593 0.1673017812765646428197 0.1641420722676544541319
0.1660371701531296317889 0.1659503977039523681114 0.1656535785871201260644 0.1651618728790523182859 0.1664195055352757912637
0.165528759281063836406 0.1642830205313427216485 0.1643567471053190842678 0.1660692286592417854507 0.1649537390902936218051
0.1661400950549475619145 0.1644501112477289306302 0.1656839182307861257915 0.163985680943755290917 0.1653765222968711645635
0.1647095338246279128125 0.165357347355587630533 0.1658941671089816105589 0.1658472306350397829089 0.1648541337476160384412
0.1652435393905087590571 0.1655179861805442798062 0.16526896437135102369 0.1656448241337495352887 0.1642920403656023264904
0.1652511408776672352516 0.164089948776821675791 0.1644033179042848069606 0.1668771453666742232702 0.1647316196520501041523
0.1661420792986436634209 0.165231656248890551586 0.165222040095471922605 0.1654943930322102518815 0.1658198729770216095503
0.1664923250694357592661 0.1633852226100250826235 0.1652839231151716770096 0.1644137321048826649861 0.164262520480369489384
0.1644678014482849615074 0.1625196404037300423884 0.164547654435104190318 0.1662160874607839788908 0.1642971899629323828673
0.1647577177606978637847 0.1657005294520026150717 0.1655157838758961053038 0.1640552715530337601901 0.163071800516843390394
0.1648776026419293272429 0.1655988899209580311744 0.1630629984710746660515 0.1631786512999107985333 0.1657566495333435141468
0.1645270918376939839334 0.1630230211742844104172 0.1615046533919800297863 0.1651484708246584998115 0.1635225972180193443339
0.1629691586313102014127 0.1639095253359817982997 0.1645346127989932571989 0.1650306678622254774602 0.1637414815622794117544
0.1637535097556691299214 0.1643885493514074813692 0.163632737172483971877 0.1648189835245225109972 0.1634348809003189073596
0.1620311621543930324929 0.1617808695716422828781 0.1617032151696474462366 0.163141155279891314489 0.1623518488213794019881
0.1630704764172343501638 0.1621374988723289778392 0.1619533779973709453071 0.1622060873842063322137 0.1619295537569310772241
0.1621887582700423102722 0.1623835060236910876608 0.1639923582709316707273 0.1634818526214446010592 0.1630437603691325676447
0.1641408881807264186214 0.1633091032824215138586 0.1621359572576308027969 0.1619436193771505716477 0.1625108169830138948875
0.1617287592764835024717 0.1617397819573686834627 0.1642021845115707034957 0.1627451351769763354671 0.1638849600394733097009
0.1624412547011968854793 0.1624136176740693660037 0.1626353655793639774174 0.1617133074536825643186 0.1625053206104042358149
0.1635929433913693165081 0.1619214974344459212485 0.1624906708401714638956 0.1610185194203868352947 0.162789201004150091423
0.1621822827753191254008 0.16129913726662398199 0.1628060939766275416751 0.1630133382661072549702 0.1616618900859533580761
0.1626980607671618117571 0.1629387229821860905155 0.162363184336212190706 0.1590543710197772353521 0.1619653020685712652149
0.1617771317904086181283 0.160518634603250998083 0.1629157158042685571431 0.1613616493262715889667 0.1625915803466927433973
0.1609716559820916492729 0.1643451420749066915761 0.161654513774426300543 0.160704472447078694497 0.1610696714280970276434
0.1600620840639643549519 0.1625351559830019443353 0.1608546297416112991208 0.1625564810979762409016 0.1620491110118625066594
0.1615491080175876781322 0.1624476146907282703147 0.1603541631352052854176 0.159966531077104345826 0.1602207856778235517403
0.1617411370977490381318 0.1596329723347216789087 0.1608115803070904736849 0.1608378055088844071907 0.1607697697459726238201
0.1600881033098938421855 0.1610847318705299624497 0.160337962379634574317 0.1608656473091729377511 0.1618239811107372860821
0.1614306052145808578757 0.1604534816842906885803 0.1614117880224229806263 0.1611842832240997502868 0.1602171744363377614562
0.1608821694221450049334 0.1601887080531734230959 0.1605306047278601544459 0.1607752667680750202628 0.1598180647561162903703
0.1598502781927928773076 0.1594571837180854267935 0.1608883620310477546855 0.160344837442708970654 0.15970351011148173348
0.1592134764813072644873 0.1602472236506649050369 0.1597718713875481144626 0.1605165010906021982873 0.1597744399025897710231
0.1601243067802693154089 0.158706597932596615852 0.1618259790102893613817 0.1593235103895981330524 0.1609709039975693312119
0.1590238135182431289394 0.1607909954282643327783 0.1596088979205062818867 0.1590413244318638896768 0.1602254619951355707475
0.16021404291266019837 0.1591298050684181453196 0.1605705812396312215373 0.1587415371911209405198 0.1607153387799502564093
0.1601236591611917281508 0.1614767426987254173021 0.1603029814873201119863 0.1602744711468541416455 0.1596493903509707268373
0.1600352161943069950745 0.1597991586335666402974 0.1593238798944055512052 0.1590061176865264491731 0.1592818072848241339745
0.1600500439873152047632 0.1592117749241500623825 0.1586589463974167613092 0.1581434923395055314188 0.1595408676365944744546
0.159761662376897900506 0.1582071313670951606678 0.1588088585796810781048 0.1587865678185413076395 0.1589346734500032831683
0.1594133521380225460007 0.1574174820564368526554 0.1595921398805787705388 0.1585164014525884679241 0.1578929966764197334594
0.1587078548972841174347 0.1596092855186554138047 0.159116151799391758459 0.1573339531701989923995 0.157132671487291514234
0.1611582569184430713261 0.1578517992629673294402 0.160143855709095561668 0.1597931148879678520114 0.1577522568465205832222
0.1590976082936520485944 0.158738686818646751453 0.1579757194022812505363 0.1595930428430202274726 0.159521463960858811415
0.159656417978513737177 0.1581375698963974063549 0.1597514205806667697551 0.1593125768759532656649 0.1585140605939132085744
0.1576130506647469842196
