NaN NaN NaN 0.1741030185420766318583 0.1636438355211266570954
0.1286751243191332771953 0.1084782201423330066925 0.1421151224205634278075 0.1336918765066443803846 0.1714353989185302684639
0.1184302133192122324923 0.16341998786399655752 0.03879914316307867677702 0.1324280777688347787713 0.1156931848928376554975
0.1707669546779064240205 0.1782729894891049993166 0.09581407518937769263179 0.1553871893580588692263 0.02991419479232689318526
0.1217836462352244325524 0.1619907356576162638095 0.1070924416539743156962 0.1181398652726854542339 0.1542551027592762302731
0.1959845865035270418009 0.1080338333621226193371 0.1478922452027713052569 0.1196661744647434522104 0.1275009603733164853523
0.167579696307672082467 0.1381495369525884142625 0.1253817641607325450437 0.07804536616239333979284 0.1313287577199327982314
0.06037253347439237166627 0.05246044717053629374837 0.1191706833717459390609 0.202821503464792551874 0.1888556918039293597289
0.07058365208544575830629 0.1261912330949885030495 0.1565574310593945139836 0.1422644323886131934032 0.1959170363834692174532
0.1198340321854974716009 0.1737501562108242358917 0.1393969280816569622505 0.1753185710958454490704 0.1859659323531372421279
0.1531484257460486164693 0.1159756794965345477744 0.154621565255235238201 0.05248575478025849228025 0.1152994941929209038456
0.1812899089800269480932 0.1458253346518176840618 0.1880073434863418213592 0.156936406001402461996 0.1324760980726278347674
0.1564788051672448276896 0.149935170061332806446 0.1519047166038370866303 0.1175324075875584795003 0.1085270987653575575083
0.1254353542626523709824 NaN NaN NaN NaN
0.1855048093600193681585 0.1126100121055058078667 0.1568816401701048635076 0.1395431418652461341701 0.1271357420807043558941
0.06422618312544244034701 0.05925914825760098675334 0.1154154712764454970841 0.06978908389624453867395 0.05911416855884642912455
0.157772093214147368645 0.06239205806189206116041 0.06675734398409720327106 0.06526988874230921222619 0.08123421145912047836024
0.07384542077748967869866 0.1152715174743361298271 0.06961328178427460267041 0.06269780642373534718104 0.0624105514144149137179
0.09868389866394924880844 0.06533955541090918917035 0.06372736738774373299599 0.07517439076797467756297 0.06759765935318029494994
0.08011936140924431903887 0.1471328037409566635851 0.1565916035835329400694 0.1776021136211110573733 0.1694638044501665941066
0.1990001666407820168914 0.2073020159754136726438 0.1761991963344433087535 0.1320937234197818721526 0.1328829865616228123049
0.0899172251767022395752 0.1082472211246446047728 0.09495164178775483687645 0.06663412373556537593444 0.1447778535676572664315
0.1557554921742429765441 0.1495671491084132054272 0.1591834770287400835365 0.1765897795758124833032 0.1835915702030025686842
0.1731360745536660306065 0.1606407010212110020309 0.1619053832580514273864 0.1782187737231241686509 0.193532146662661719283
0.197132484651429129574 0.1747325417047258244718 0.161751377190480633006 0.1584515146370163996004 0.1783331015055962254223
0.176687086061196568787 0.1738614705408081384519 0.1728485030395819355142 0.1686918099505098633806 0.1820717848218767753732
0.2040498681156655835789 NaN NaN NaN NaN
0.144690058351871347897 0.2056922804377079583293 0.1792235910369720242041 0.2202812501285040247545 0.1025400662727887629577
0.08438304288924917961889 0.1256073029213663483361 0.1511934627152468901823 0.1499007755147052090017 0.1396387056772036838748
0.1338299709314332008869 0.1755727166353786561359 0.0680375952346173318297 0.1736689332655991790944 0.1211957214693896861535
0.1801281375171989718176 0.1122031502752403736567 0.1648851330787629021479 0.1730002658571263285392 0.1023862856929244058435
0.1558032646983705804544 0.1283221883302702592822 0.08697198099643350943655 0.1735332769457839097171 0.1625823364800394743579
0.1231622664881544398918 0.2134913550741738830219 0.173269601375206583338 0.1336774861428410565711 0.1134697155807753710111
0.1462804545065284067551 0.157193559866778631573 0.2016126720785787473922 0.140671568800889490447 0.1224418047910071499773
0.1349345084304313657775 0.1526691969347207522567 0.1563754810633676828324 0.1606962552299309177073 0.1957724274422593113698
0.1724479883517644196456 0.1922357413891143951279 0.1810551586844518501263 0.09050418804338115907893 0.1428649846845873594425
0.05290417595959957114404 0.1719278449611177650436 0.1396668302399954042503 0.1359715711059121534543 0.1732367380685773672333
0.1347501957898660229773 0.1711577564626861058805 0.1052791327915847952035 0.2079690982621845984912 0.04603018608357124785702
0.1797708513168570776397 0.04927764413828013972951 0.1695206580483307468032 0.1014005518916021864051 0.2237766850813171504164
0.1950833049369068428192 0.1400841808302999980107 0.1632121453892731166579 NaN NaN
NaN NaN 0.1682196701438245511895 0.06586346741235210577869 0.1854573015147003567371
0.1757478845538099909707 0.1291369022000817823326 0.06151861510113741660088 0.08984298618481920128964 0.194792925507784403516
0.1564623924066234073038 0.126589998241434159576 0.04127359344496841359051 0.1740235576752552082436 0.1683647906858969645061
0.07047004181391126886869 0.1103367073925104330234 0.09431838137681052003369 0.08100254585030887410912 0.1459605170144300523294
0.1298456196265915241206 0.1123860301046799847757 0.1437686456442972826597 0.1247479310354849130205 0.1380759919822814041357
0.1629640113255304556539 0.1610975327866384365638 0.1527405869111150282791 0.04450202900755211715689 0.1813007292627334676727
0.1258024580353752086559 0.1533665440507613053622 0.1112241634921490723853 0.1519167955810050152365 0.1037744555419668895935
0.1060703072339682639935 0.1289065952304838669207 0.1478134959337794596124 0.1233289779797651503079 0.1667901719863492115969
0.145679819272628297 0.1627842831840065618287 0.08243089769019969204056 0.1112083641496573599428 0.1423119670048157148212
0.08886890106210321160773 0.1472349482587714253334 0.1281268261354536752705 0.1851103005031902448696 0.1577826537622206704015
0.1182716301765216609931 0.1077289470572098811774 0.1291070202997452454063 0.139603207306464111026 0.11427648558525428657
0.1047768623487372735559 0.1159757939080806876664 0.1491968184384494244821 0.1374173882654365907996 0.1701693899218266192719
0.1487278697960078277518 0.1803425967239382365914 NaN NaN NaN
NaN 0.1520733065933663752389 0.0742760366455624126969 0.09246188138185490457133 0.1663636968849857566966
0.07408110111104246331415 0.07971979414737820346382 0.1182699633387703785914 0.0746692914688152492575 0.1102982404636844437906
0.06859269837271057823624 0.106810630155235411487 0.131907024623436203159 0.1053022718282672354206 0.09837249675409881488619
0.1341015960255365069287 0.1602826077859470788045 0.1453044667130156952783 0.1526434758594004403864 0.1825033418168269250259
0.1172612444263698983082 0.1697414596748611226307 0.1456353086104547056578 0.1900027631132212291298 0.1764840643337521886025
0.06728507736645082670801 0.1814615938769128522523 0.1608100309958373774766 0.1820909775316418011126 0.1887847639028665258643
0.1849174505272873081374 0.08677955665178095634449 0.1851832846729899451077 0.1944237716661967596554 0.0741226231709081057053
0.1984357925706449754522 0.1722978077997915913322 0.09858079423870928781337 0.1498677175643811088079 0.09390653304104573662059
0.1590731125485270458508 0.1882560801677260753362 0.1410909235824455987274 0.0904313614211699895451 0.1626230507251191503837
0.1785897839475918125185 0.1060232615862446575727 0.08741152119384060226182 0.1107920824940132054071 0.07274488061897774193731
0.1112785403766679281912 0.1730654618969596769684 0.1840949163369360597198 0.1121209570583396319954 0.1186895572357872657987
0.05707188256827923356074 0.1391206780781704677175 0.1986613766429857486084 0.1486548895030986305876 0.05160206879685658165613
0.1104093005357498491481 0.1195432069666416963205 0.1090330950498035605944 0.1501719647289609382845 NaN
NaN NaN NaN 0.0906728519579809294493 0.07410905813672502562284
0.1525514977250303494394 0.1342588297543328146322 0.1246145017952051403665 0.1566455035968479514441 0.1230463918895818575816
0.0479672715457099552161 0.147938021220151177948 0.2423992845189402167705 0.1728349944763905854384 0.1418443611614927379883
0.2621693989174016525823 0.1093132265706234645952 0.1169673268751422190448 0.1744649470370031318911 0.1046894841801662701108
0.1659112582262705637426 0.07572362799726878312967 0.1753605408379920460593 0.1471464720751519683617 0.188324926981299323181
0.1803539988149313322285 0.2013401042628426007575 0.1973218183732484143356 0.1325805542213333299006 0.2009415836957781087424
0.1358006207479897364809 0.2320004649874152224953 0.1571431096625326984118 0.1703019891113481953937 0.1357775847671646718418
0.1603554633346434277197 0.1655444932765942900321 0.1490894479525080307258 0.08531891621767730138348 0.2015191908438310475216
0.1614478857159372948704 0.1893162040752410790745 0.178569600965649361024 0.1768333017057269751504 0.09204182175597902526576
0.1528004014278436517582 0.1451828266200113071172 0.1432657142121545046365 0.05044665749380509989219 0.1831355004927168184103
0.1055483807982468824616 0.1538930478221011144413 0.1588175813249061152366 0.135624825518803171498 0.1874976205344306146028
0.1949102959762661624321 0.1560777831137782345472 0.1806724140104143672136 0.08485905046524806760733 0.1250616455072868504761
0.04335509755443882340398 0.05347768328893336142738 0.07296324359966797901134 0.137569209189708857588 0.08045444385789535246545
0.135505306800333125139 NaN NaN NaN NaN
0.1418537072964786149853 0.1954051543816822389399 0.113515561920619914571 0.06120298016837064786211 0.1892603288940263583928
0.167893066426607923125 0.02566444927774914550045 0.2027850692569551915856 0.1607844989378933442392 0.1906063942066611449633
0.130638437858535794156 0.1583455978341715419955 0.104608528309046183713 0.06743220328688943887574 0.08759629689786206652169
0.1537540415330915510861 0.1451837448094511762164 0.01552418996965203995542 0.1060105779982630364033 0.1469949915428312436916
0.152262328233424948376 0.04688476790738132365943 0.05531698918895310707056 0.08152399094579072802436 0.1177984812452355506407
0.1537251489756506495077 0.1334227402363491188364 0.0580972636272065814933 0.1747001816113748218218 0.1995192918098740719746
0.1131690907420417890883 0.1083831891376222655854 0.1218288488844913447506 0.1174753378277568066634 0.06908637278936170800225
0.2079702258598713771054 0.09323599626814363383609 0.2027091823476983578622 0.1423995997540663249747 0.1245173379403147345679
0.1649129908586030590634 0.1480007527912468867637 0.1520085040298679857074 0.1816764718410995294029 0.1344773860583731439622
0.06501174865013825687754 0.1511174338286994101033 0.2109817608592412241375 0.1201979229266599280557 0.1637083311476436042753
0.1723353779592914636343 0.1327741872591032823436 0.1699472531142643960678 0.08353886762373256835712 0.1566542363912111768265
0.1597587677962268026821 0.1487419566753670485681 0.1930388209641016039608 0.1747343846759674412805 0.1208203668097896504863
0.2104834128112049174142 0.1920923570864515594891 0.1887501030792581024897 NaN NaN
NaN NaN 0.1117080213154675039089 0.1233425424078301441133 0.1625477817955603421218
0.1801421233141392852506 0.1574894393343718446143 0.1470436822726387260385 0.1078730277208247850806 0.1080238811347553479214
0.1340994921236711712176 0.1633209597609343866065 0.09055267630640675968756 0.1100217534742987390839 0.133125166321273802339
0.1010104306600545370776 0.1262049361524109070132 0.1396780979281091739086 0.1063169052219707227946 0.1957332092423158254046
0.1609713120205146785757 0.1989751666577078970111 0.05829164151794902215542 0.08693259040801383508157 0.1187125608784038166554
0.1151783968501759736203 0.08611860177700980667481 0.1768263449634903672347 0.1300233833314557718719 0.1478296392223990285419
0.08530955986922997280608 0.1381171569190586256859 0.1292366987328639194033 0.2113935319953674230042 0.1204773974166150896092
0.09025891514533725124014 0.1945394308796055404809 0.1468873156292564152725 0.161027177859530357118 0.1090940014102650956751
0.1065849162921920223468 0.1300462346655118506256 0.145362169383808415013 0.1391130181697013412645 0.1371752034354213889422
0.1882281901937942203418 0.09219611600377858318112 0.1106246853478960040507 0.09617688027714606235907 0.1145417193325086041567
0.1338905278685107724801 0.09789610912037420564769 0.09597659945317049690061 0.09587423868583218322659 0.08634428201472235664404
0.09332782055438254564805 0.06235320188300314675489 0.1000713366489434097417 0.06347146307643661278242 0.1703501745092639851897
0.1513911109981559421911 NaN NaN NaN NaN
0.08685080846396965592593 0.1419669697898172933126 0.1756049097587715490665 0.135934883444115500728 0.1060857653932062300006
0.1527742806774848860485 0.1474347405304578528806 0.1135066271025618328538 0.109439427519186852078 0.105022467634731289654
0.117879684803485887401 0.08463455822632993952315 0.1038339654234891051843 0.1614004707097405622029 0.1097332507859880013079
0.1331421051055535764718 0.1860453764943685028843 0.1533169080493241853702 0.1363128027004321396465 0.09225312399811033681196
0.138239846759599160908 0.155336139519377164353 0.1364224257955316266244 0.1937202309153650270357 0.1183382891499594746776
0.1606978945357846189079 0.150591311660122018079 0.14429215102627296341 0.1008279274974663991538 0.199260585654258026711
0.1533878193487930308159 0.1860447641608282132175 0.1627621047480152238762 0.1729559252869600216584 0.1729924516851238380788
0.0311121727651750799859 0.0452404036076365229091 0.1397535176332189155168 0.1042845960097813079459 0.08669945061116550444336
0.03440505982152210207037 0.1184698767500794031049 0.1628846725525676386592 0.1340094277214056717185 0.1365477223849313470616
0.1697522639268087552011 0.09018135558047142563698 0.09143767396974317174241 0.1451937967447055888304 0.096111617009602218209
0.1172349824158609860048 0.1616581764026738532447 0.1522327924398851339838 0.03574503611429868943361 0.1770995494030673522712
0.1626078847378359115705 0.151553528018515654141 0.1093635048501463008508 0.09914645472650718271979 0.1414585114525866160751
0.1415275816931852725933 0.1668909103047688802235 0.1844576489405342634154 NaN NaN
NaN NaN 0.06136791123178208379185 0.1634538010209112823823 0.1226269704479183153545
0.1801374808470386779113 0.1366943869906450392815 0.03513320574645183158591 0.09256855300075589321196 0.1582801063152097509334
0.03326252201301610478268 0.0632140644172301535697 0.0443331373174663742609 0.1086902451472560870993 0.09519763192061264645005
0.1399671816201955021342 0.1390498076170650354477 0.1354385007713186372946 0.1090911718263254948091 0.1292178228405208850749
0.08802633938577580918761 0.08930491277632700286571 0.1527089355875293763543 0.1821028434731378209399 0.08447997677422935947078
0.09914952815647488926221 0.1797926815380563037028 0.1742430085022888264223 0.1064092217435045478746 0.07468773450721979956235
0.149897136781397183336 0.1768318012939505134984 0.08344768470095202672621 0.08024944849256995804687 0.1411634481396996376734
0.1464079846221239267212 0.1165576834628636454516 0.1260054494081052911536 0.144088657561764088566 0.1139882778212579217403
0.1168266234580133816623 0.1154442312714952789676 0.04060730247810715592971 0.1042097039956688259155 0.1310975710213703737672
0.1150528954561950006896 0.07376168100435703811613 0.133269215184127376439 0.06870146682839881058236 0.1315789731697172837421
0.1707725190991039587729 0.1355118539104102071136 0.1238580915686708222578 0.1407914236555357634373 0.1026466093095373122157
0.1182787972636796941517 0.1132246844722109430093 0.1295033079640746931371 0.112133331286156587292 0.1913959321223620835273
0.1002450700701997265973 0.1466468361744925064105 0.1607998946640185611301 0.1414147351604683189308 0.1943343252135906751299
NaN NaN NaN NaN 0.1106101999377860772844
0.1609399988963202687842 -0.003975774400855844672997 0.1432754639564711995892 0.123385479369372524916 0.1693177265146869614476
0.07957003131144517460438 0.1548748485090427617905 0.09732617770948913393791 0.1531311031028810831778 0.1574628388028621317485
0.1175553564378865323281 0.1059569026958575577169 0.1984033795385091170083 0.06088698861246212568066 0.2185627085653819023925
0.1525755602952586220677 0.1069438669005746134211 0.1379340316439073566013 0.1390150243016898823356 0.1538914282637253994057
0.1778721205564604834759 0.1205214133587153985117 0.08953026629122322332943 0.09522069621575428299831 0.07071841807442133531758
0.07948001426875715702547 0.07708955524197343145421 0.1429085830355890374133 0.1606136549203602548186 0.06572678882989577142659
0.1458298638398424218465 0.1033006090900270984578 0.1007373338428361603247 0.1302725660667166940332 0.1742799081486054169066
0.132848199543311812354 0.1799369791631353077133 0.1911666469289707293022 0.1658755889673151073804 0.0325344737520602139691
0.1126731890982091560671 0.08367906398418771540815 0.05735735684270604206603 0.121551764135516465748 0.1813200912740693115932
0.170243300021398730193 0.1066611090338597661598 0.1111917056629332101192 0.1237451539971119174322 0.1626063366383385389025
0.1586731660565690316123 0.1606975340845655519928 0.1185237977688293753431 0.1294967653084854730672 0.1208174884262178672145
0.1367337065021073938542 0.1083438079779942969649 0.1637558623774406640905 0.1489008873055902848481 0.1951615632176312287172
NaN NaN NaN NaN 0.0837332798058627175708
0.07819417145990292805635 0.09729118213609130871866 0.08978552828868607837975 0.1096703732937944625325 0.09358537493895004166777
0.0797455070906261942465 0.08922526868228627949797 0.07772858848330217729217 0.06395374690638715164948 0.09479000486421118587543
0.164252676258657664965 0.1548254661774425278153 0.1662115059461389821038 0.1574249182420987269726 0.1646311381515924154861
0.1432458499176678112796 0.1431262271329879764981 0.1508748983138026578121 0.1608476458346290993706 0.1560181746248221479334
0.1470335123571951396748 0.1751835706490600941265 0.2121484151694105202424 0.1762994635628239992187 0.180112167717944970935
0.1720355004321242609056 0.07778245968497619899917 0.1153974495534594857382 0.1364086110985922861705 0.176340798593117409343
0.1644671423154502876152 0.1547729994196898051229 0.1553144445430922615525 0.104477335332252868616 0.06384385069658266020909
0.150496941186775812227 0.1994937345400904782355 0.2008603346722427351878 0.1948645951256625097336 0.1982777312597774344027
0.1740776610423576398201 0.1767965476063585728017 0.2030754955843279141448 0.1510048927848867683643 0.1686455495338646248804
0.1589759340405638710081 NaN NaN NaN NaN
NaN NaN NaN NaN NaN
NaN NaN NaN NaN NaN
NaN
