0.2482948872940000106802 0.2521294910710000225507 0.2730160768930000037003 0.2816091270960000003676 0.2848565223210000052489
0.2731690261240000139331 0.2644168611330000029369 0.252490463208999982303 0.2650784662060000074213 0.2556738317219999778729
0.2759219314460000238576 0.2753779000259999887312 0.274364897358000014993 0.2732652032680000231402 0.2819069619139999982593
0.2975632796880000041639 0.2937868895569999971862 0.2951355768830000170233 0.2976441559210000198377 0.2956342658119999744493
0.28761574277000001576 0.2794895717040000171494 0.2747772859679999957194 0.2753404179460000045232 0.2865523856609999975298
0.2830821527840000073617 0.2901089023169999836504 0.2743897557659999986157 0.282179812177000000073 0.2684367395849999726742
0.2742143235610000062685 0.2669524011270000274365 0.2670415248720000023219 0.2651110871640000032912 0.2681342776780000214387
0.2817829904840000176947 0.2973258051930000034346 0.2899958331410000256234 0.2853523579869999826641 0.2746499861739999936994
0.2728192685429999819746 0.2818309547639999967927 0.2780702768919999789965 0.2778244897339999797126 0.2671419232419999789663
0.2826659701790000256416 0.2963668060640000101458 0.3009443852940000274643 0.2842303868339999817216 0.2887761234369999874261
0.2762679507970000059025 0.2885029451480000117769 0.3043945931520000147685 0.3032218084380000067135 0.3073079010290000190331
0.2685880827329999998021 0.2743589249160000020922 0.2902259209240000137342 0.3021678056789999788911 0.3062457309380000047838
0.2823458520079999978236 0.2694065915359999952017 0.2644002432959999815409 0.2833878068340000000447 0.3085034500859999972988
0.3140341211539999788371 0 0.2955163726899999732112 0.3038893961870000048897 0.2967001905860000010584
0.2792116473260000120149 0.2664204488599999920417 0.2632715958960000213196 0.2868275755010000205303 0.297788358096000016495
0.3030895016349999804284 0.2736716169219999827966 0.2802029802209999864715 0.2751797738130000170464 0.2767748768259999936348
0.277457446636000026885 0.2788127856400000048609 0.2773781612999999812708 0.2453502300079999920435 0.2375124985229999929892
0.2397669811789999994023 0.2759428908809999914098 0.293511435569000000978 0.2941627884229999767562 0.2852795913549999728964
0.267290268496999994241 0.255793725119999981743 0.2755801380060000083105 0.2779887758590000035319 0.2943276568600000087095
0.27436267206100001248 0.2716627891189999921551 0.2841125256590000258683 0.2837056088380000007376 0.2868142473229999822593
0.2938068507630000048003 0.2910542936989999884823 0.3008229966229999940985 0.2699154320959999964202 0.2791210988860000075107
0.2795747792050000124497 0.2829806612929999798389 0.2836737288610000073952 0.2856084968450000038942 0.2730864350869999790383
0.2611998409560000178331 0.2520071057020000226956 0.2704697152359999967608 0.2746469509969999833743 0.2839373491869999766024
0.2944292408709999753214 0.3015281863090000236127 0.3012502648420000150864 0.3057193688579999957255 0.3089798373729999991788
0.3056052507609999802085 0.2977225109280000059364 0.2935057436080000248246 0.2794730508700000171096 0.2736780195369999946209
0.2868024960080000074214 0.3066735720339999748951 0.3110013550390000047763 0.3118367503860000056193 0.3029512158570000224245
0.3064592464309999764183 0 0.2414755798129999964097 0.2516788605720000071564 0.2614171431719999882937
0.2465350827170000036492 0.2325418005640000063128 0.2263949636079999883087 0.2484258724099999982027 0.2547179062070000221674
0.2493298732039999909826 0.2381198332470000067485 0.2613926128510000168603 0.272434647222000003719 0.2905101612300000080147
0.2734242160240000218963 0.2664711887990000027671 0.2576148888609999798582 0.2533964827549999854206 0.2489263596119999921719
0.2590185584790000161703 0.2671019326299999829821 0.2735217956379999981742 0.2678043339830000202362 0.2799354117349999726549
0.2702139829549999872071 0.2752294096690000024807 0.2995812541519999872008 0.3002240058219999840894 0.291740529099999978957
0.2841673673180000192495 0.2770566779190000161748 0.2454988373080000119142 0.2658191820010000205876 0.2395707880069999906603
0.2582484501589999981164 0.252831360750000011528 0.2708015322760000120894 0.2754417340729999885696 0.2376373954840000080058
0.2323877743430000086811 0.2412292735190000037004 0.2517969143509999896402 0.2430201936960000030918 0.2455230302649999973852
0.2270196050240000096299 0.2458214714020000024597 0.2566185178879999972956 0.2567321380320000123731 0.2653589621670000009424
0.2657908757049999848299 0.2967403497059999950558 0.2769654901229999799384 0.2628425310190000141475 0.2729770637539999933452
0.2749477312720000066193 0.2916592051190000089989 0.3063604708350000094264 0.3004784825090000000003 0.2668511276850000224492
0.2587323961260000193541 0.2508523422780000178278 0.2594411903009999909031 0.2717282763130000056151 0.2568194433020000166934
0.2525623924800000086321 0.2402290235210000068911 0.2675102702200000126531 0 0.2810903465480000251731
0.2861677559349999899752 0.2595921702599999769667 0.2462430975519999953871 0.2527279028070000266304 0.2556518128349999918747
0.2655539350200000203728 0.2733242060680000085071 0.3024450129780000273705 0.2733108320970000226779 0.2632106723379999957402
0.2689791461959999963049 0.2644891042210000264845 0.2484785060240000120757 0.251530781809999992582 0.2563664593080000053682
0.2615953232500000114058 0.273180405401000026 0.2914429701119999882586 0.2947331053630000141652 0.2771043318959999779416
0.2578541536280000157078 0.2664352963370000271226 0.2452894607539999882739 0.2630758016579999858386 0.2322384285519999980174
0.3002481778009999935364 0.3065840964359999865074 0.2867207538500000096882 0.2638751858180000131604 0.2663058637110000126391
0.2724864125450000007511 0.2841774792890000012058 0.2967227037799999855849 0.2844011004329999869888 0.2856609524370000152693
0.2581380213960000058471 0.297342480994999991406 0.2947851544169999837841 0.3052474828819999874696 0.2992158334700000255069
0.2863896872889999944967 0.2804989834309999929829 0.2822561957690000178367 0.2720852308939999963933 0.2651303933240000132443
0.2848315305720000023548 0.3036607262670000251248 0.3021519414500000166868 0.2744749764769999766933 0.2578924884189999766626
0.2816727852209999771738 0.293906922356000022134 0.3089873115580000217939 0.2957802888020000242619 0.3039519665439999740464
0.2836930940929999755973 0.2931827858680000065128 0.306966673231999997995 0.3012851086459999994105 0.2971631521259999741957
0.2833489252199999919313 0.2931523230409999736246 0 0.2618435454370000026181 0.2738444265889999895691
0.2752213271410000050565 0.26238255472100002752 0.2506485982830000125432 0.2345443173950000070871 0.2385008183160000072576
0.2401006796300000079025 0.2364820760530000065547 0.2572916016710000142176 0.255657085775000014749 0.2530806038630000198708
0.2280938167169999919448 0.2267335871829999904836 0.2374391452890000087095 0.2441695240890000007106 0.2498249234990000122725
0.2601931090490000042514 0.2780720803730000190157 0.2777602089530000206707 0.274659684858000019414 0.2639203826800000096675
0.2621955926539999981451 0.2663026939790000269248 0.2560935488980000118708 0.2775933883419999803621 0.2787898916320000197722
0.2818253473869999914392 0.2843952748069999980629 0.2660779766490000142198 0.2719462873540000047434 0.2642421100319999882622
0.287676730714000017386 0.2725928944839999812366 0.2762248863399999754265 0.2569272627959999777403 0.273768174886000026369
0.2781935958160000055273 0.2845376356350000079942 0.264655829326000013868 0.2862591420419999810321 0.2703267299329999984181
0.2903894223469999924525 0.2712992747429999740305 0.2984319525560000241349 0.2743193092799999788234 0.2738303019589999887096
0.2250744305019999891293 0.2415328970869999869464 0.2703094262819999982206 0.2879073821079999873085 0.3042741816430000190152
0.3039624000630000155709 0.3083943578250000205898 0.3104942724490000194315 0.2961129990959999735978 0.2870151372070000039827
0.2744268170929999861585 0.2812441704790000218672 0.2844384269499999895459 0.2755079778150000269221 0.28868392239000001398
0.2799345018909999982526 0.2747364385889999871537 0.2666308834430000107574 0.2747764653700000003766 0
0.2830130608070000053367 0.2768870826420000152979 0.3155166651119999943198 0.3221874533940000118193 0.3130424256739999799848
0.2994550840329999741307 0.3156160412849999818974 0.3223766427670000100925 0.3199973731199999837926 0.3128497943160000183127
0.3305246936380000222222 0.3446163683979999725615 0.3294491758770000111589 0.3347903456360000196135 0.3169580845330000062887
0.3353251172619999831426 0.3167472063210000077227 0.3354672172829999965415 0.3103071048189999792122 0.3087095566279999814263
0.3052886815640000195415 0.2943445019759999836673 0.3306888067250000062813 0.3474517541689999822196 0.3352923144959999990355
0.3311403515040000078429 0.3250886585700000219745 0.3367224944919999796156 0.3274366018709999881509 0.3173434140470000053291
0.3244114278099999859606 0.3074225208660000263627 0.3077450447010000034176 0.3066241897420000084296 0.3012307307820000223941
0.3042920514479999782864 0.2982203425409999941742 0.3075058906209999776138 0.3446510423699999936531 0.3587364602470000107814
0.3669153674180000157534 0.3223725579930000195716 0.3079937864319999829554 0.2726300838499999823483 0.2898720681390000164512
0.2998061802270000075765 0.3141592758469999857596 0.3168789573649999913307 0.3147836319860000120485 0.3126401060049999736101
0.3270480891470000095467 0.3097291722500000177298 0.3108197130040000200069 0.3013676809940000200783 0.3235659468509999858732
0.3324805142300000238009 0.3427489389300000244276 0.3514156949309999999898 0.344526778849000014926 0.3282154590999999954626
0.3162019857389999910602 0.3242831011530000195897 0.337920295701000017452 0.329837255044999999587 0.3462323310270000176203
0.3316740749800000109815 0 0.2742532632149999871629 0.2619643842850000181599 0.2920917562820000146218
0.2815784908410000064727 0.2842726022240000260943 0.2799690926350000275136 0.2866899844529999796805 0.2981580399300000072671
0.302738852612000008957 0.2976374982519999767838 0.2965696558729999932069 0.2716365528840000154176 0.3028679193359999910484
0.2971892869930000125045 0.2659518935199999822849 0.2605140861320000000845 0.2743333319549999815834 0.2808958524369999931736
0.2751509791119999825959 0.2424233079349999986363 0.2585994309329999740754 0.2535682588539999726684 0.269934885045000017012
0.264485636528000001011 0.2827115825679999971953 0.2920759140299999945256 0.2956677955429999893333 0.2786144900060000262343
0.2800175335310000068745 0.2722876262880000175493 0.2698903573959999802057 0.2563076947569999930465 0.273069589261000000846
0.2790530036709999994748 0.3058835470779999732294 0.3080377045079999986932 0.3103853798180000178597 0.2936441727529999767832
0.2868487536650000113703 0.2762479637329999793138 0.2865583626150000062793 0.2951958513049999788258 0.3046984329810000224903
0.2930238460730000271681 0.2963845244860000005538 0.2992996402529999877551 0.2941281808419999865833 0.2865003473289999824658
0.2982142627209999896643 0.2891710173620000157158 0.2633984046239999932126 0.2709116817050000181055 0.2899827855420000211062
0.2899207665010000156691 0.2765006301640000052622 0.2683806705649999790886 0.3007147191210000070072 0.3024806350670000143488
0.3140132398509999922531 0.2960948664270000030285 0.2975364475550000276094 0.3021602210600000115726 0.2965451339090000026921
0.2861321217430000118931 0.2981398174989999816376 0.3080891935369999834471 0 0.2456293346500000029931
0.2455752283139999991857 0.242494250939000011158 0.231518424138000000756 0.243458892187999986767 0.2595109163159999843273
0.2690953073269999884509 0.264181373670999974923 0.2601570363080000225509 0.2420864544080000013704 0.2380795937880000046061
0.2234891975689999865651 0.2252652629820000029781 0.2174779823709999948544 0.2059756756170000036033 0.2083543434540000016675
0.2232949791609999956599 0.233324558433000012192 0.2288763629680000133426 0.2205922865699999901867 0.2190944245070000073738
0.231458480501000013474 0.2403447951530000015197 0.253706493719999981451 0.2498988292429999980016 0.2356235333989999958249
0.2303767790679999982739 0.244621744011000008534 0.257411050674999974941 0.256307586980999979609 0.2680465388459999931392
0.2675005225850000112331 0.2616321573679999956674 0.2489914881770000087968 0.2497872893420000073306 0.2490547599650000110127
0.2318752456800000083526 0.2285046535440000137207 0.2536310646159999904192 0.2531171264020000144512 0.280606299928999991522
0.2581026948199999782041 0.2563086287460000223248 0.2412617593380000091674 0.240658380468000004937 0.2658943640590000212498
0.2536020390140000246859 0.2780746602649999954515 0.2936002614289999756991 0.3179548544049999869721 0.3057055282130000106733
0.2817329545360000020437 0.2474704425629999926528 0.2589827906339999818996 0.2489573509640000126275 0.25915893318200000639
0.2603876713250000141109 0.2496799735019999966212 0.2581998433630000033823 0.2450311955109999995095 0.2293045664739999933701
0.2065689454179999995365 0 0.2751159927140000016621 0.2720458778020000134568 0.2726196990199999947713
0.2652529332490000113509 0.2490671196379999896564 0.2455835358660000133924 0.2342895282470000006825 0.2332369570650000001333
0.2481514986249999943357 0.2497229647189999901524 0.2717044316669999792779 0.2743788965089999920544 0.2700401154279999937913
0.2414425326290000062279 0.2430358984359999863223 0.2311515339290000081718 0.2589734327780000011643 0.2566065083779999755897
0.2764766338419999969211 0.2797915936709999829013 0.2888729303240000212405 0.2746235187389999832241 0.2718505590499999957643
0.2769940064349999953031 0.2888913680329999733587 0.2581336263519999896232 0.2434434005899999975409 0.2323292061949999987025
0.2565338256349999901396 0.256705937870999989503 0.2638183593169999840988 0.2571664423580000136127 0.2384910650879999982621
0.2568886676280000003203 0.2594605550649999869961 0.2724484461769999810166 0.2652692570960000217895 0.2557190947560000204852
0.2429128507870000064361 0.2364976050329999912591 0.2456768846240000025993 0.2686222305620000194715 0.2713128060880000136379
0.2871508498909999818061 0.2770077049899999921401 0.2393257317380000082085 0.2206540065519999871402 0.2321521244610000034303
0.240189458070000000367 0.2291937136839999888949 0.2493570294140000087602 0.2490905677099999881996 0.2519348089160000081499
0.2324534518810000005562 0.2602490074809999942573 0.266520920295000018907 0.2454324110999999974947 0.2189973995829999908747
0.229126279285999989721 0.2478664117920000020678 0.2692781617480000111442 0.2785120233919999854777 0.2840042454669999827388
0.2403932752540000050701 0.2218972839120000040136 0.2499404727279999904876 0 0.2589719713270000056582
0.261156693390000027577 0.2736772182609999992664 0.2728365077420000228692 0.2479252000199999861341 0.2334468386899999914341
0.2417369628790000113394 0.2513811230560000220535 0.2653715249629999828329 0.2698185551219999811501 0.2737134567080000135952
0.2680295036790000251514 0.2564134265499999898452 0.2624000962310000240052 0.2551787006030000193313 0.2547702712470000241396
0.2520154249600000118114 0.2673302618730000190794 0.2722672285080000031954 0.2723806512279999814119 0.271256842301999978595
0.2672826660209999816153 0.2729141111989999979315 0.2744820725409999884192 0.2829853809849999790593 0.2750432605989999723661
0.2612469974700000197032 0.2403934855950000115676 0.2352688083470000079966 0.2415444964139999983743 0.2377675655160000067756
0.2597634623000000253512 0.2655636344189999942245 0.2768375700819999951641 0.269801412409000018755 0.2661418594309999940961
0.2613813191850000161587 0.2593820378310000007716 0.2669068431550000175534 0.2682373044040000098498 0.2829090600279999812017
0.2837465567960000267789 0.2834110197349999915595 0.266401200743999977405 0.2592922995799999963396 0.262091663985000000725
0.2743871011819999927717 0.2846827649950000038714 0.2793831733259999894337 0.288407007448999996857 0.3097619663189999927866
0.3137408222790000200675 0.2908724193889999920515 0.2752373367659999847668 0.2685793786969999930037 0.2814975029319999877409
0.2663153586029999853046 0.2659610513110000074022 0.2604767447849999917331 0.2715201265859999990582 0.2657098251169999758581
0.2643935152090000073599 0.2605641371069999934207 0.2602940690589999883642 0.25948614756200000242 0.2600225168609999748526
0 0.2413664782759999960504 0.2570297411249999885996 0.2469022347969999919837 0.2554646200399999789177
0.2480766515589999943181 0.2572289784030000192594 0.2446376455800000071505 0.2262379814930000065942 0.2151874753889999880574
0.2272865542799999971635 0.2783384340119999800223 0.2882098312240000126394 0.2763068408809999931819 0.24027353619899999293
0.2556847567159999945474 0.2588168197960000194158 0.2609317417379999892724 0.2617627151069999991151 0.2686296731280000127384
0.2649344680049999789517 0.275665046211999997805 0.2696613440760000091068 0.2903639510439999793512 0.2664870371149999916938
0.2775319052190000079783 0.261463999556000026292 0.260763502129000013241 0.247250832730000008608 0.2510952012529999999302
0.2567423752879999798715 0.2765438071329999747405 0.2873058397180000000937 0.3046156980110000245254 0.2750977648649999829367
0.2824758034090000258232 0.2714498108069999804393 0.3046102655990000074304 0.2831341066129999806122 0.2690693255680000062213
0.2213738688770000018202 0.2254153061799999968606 0.2288967508059999989012 0.2468632893649999882069 0.2468845089829999894793
0.2608548448369999994689 0.2442809416229999863734 0.2565964214509999785641 0.2760396592270000226677 0.3018102907799999901073
0.2998341771170000003011 0.2831160055379999818115 0.2722516094590000101938 0.2884651121419999908468 0.2875256696710000170469
0.2941100103929999987074 0.2674896552789999826238 0.2607541823319999840791 0.2569107519370000258796 0.2496338685449999983401
0.2413412955149999983284 0.2459714405239999956976 0.2671935786910000221184 0.2700347001710000083285 0.2543470302360000268038
0 0.2414192965589999906317 0.2504017781469999870403 0.2635497585079999982582 0.2843531356880000249276
0.2779657845910000202316 0.2840180902760000014595 0.2775134513840000205498 0.2603848892830000205656 0.24885134713500001169
0.2579994775159999975678 0.2667440306070000266558 0.2880524459170000217689 0.2704709891970000223971 0.265522061463000003112
0.245851021119000007209 0.2577618464390000196929 0.2555510859260000100512 0.2406337216789999899902 0.2259120809590000056311
0.2690382038269999998015 0.2945163893900000218196 0.3022086654300000230222 0.2767281363799999893693 0.2710537170710000109963
0.2662738463179999959252 0.2647416640399999909761 0.2440912756889999923882 0.2443462645870000116144 0.2743493280920000221279
0.2753603492389999907175 0.2764813993979999828809 0.2778151289940000157053 0.2794284167530000084767 0.2828602274670000138457
0.2635100316580000212596 0.2609765756340000075753 0.2577514342280000092522 0.2770171830159999792897 0.2836408413420000163008
0.2794173772749999895559 0.2717131144320000246672 0.2634914472370000204648 0.2714830191709999840377 0.2580823238639999850363
0.2696209379439999942463 0.2605876840479999789757 0.2506158665550000108624 0.25045924254000001552 0.2620482277530000181365
0.2748410273010000182126 0.2704449735810000032821 0.2581261264010000222591 0.2603047934170000243803 0.2660111018949999905914
0.2741907307359999768082 0.2843826765740000150906 0.2781923989349999737364 0.2853483862080000155181 0.2812853833369999834169
0.3063043592990000174581 0.3033381084069999844566 0.2895959058989999723721 0.2707442371609999898219 0.295201200276999975447
0.308535001826000021552
