NaN NaN NaN NaN 3.788151970757566378012
3.933132693346307551252 4.512010125067233978768 4.46797235992149222028 4.679737032285175679647 4.688591142035636316621
4.726691767790264897542 4.567542139364512365773 4.750633777779610156244 4.447685789037485903918 4.803306614269539309703
4.41704988258769315479 4.710125505406164592159 4.558013787969042773796 4.682898508809699933408 4.749915916509508839738
4.749518178505939935974 4.732121686201935517602 4.583560693958269816051 4.763696161974737997014 4.816071992105865895439
4.599449048329976363902 4.693650849758994603178 4.842131820754532967044 4.763037558397281934219 4.807251046605561128899
4.764440827452664173336 4.75116134873686757345 4.913314029967787988085 4.779693640146909672239 4.892491320281258104785
4.899352244627254826526 4.852507981649981871897 4.843713351252023180393 4.864741235794845408691 4.91222966526343896021
4.686732232717594648364 4.754003136161483844546 4.935217645500025618333 4.854489282654258275329 4.869620539918098955923
4.896835527988693925749 4.923955664795014897095 4.851137787598950978918 4.761615335440400720302 4.703233212800328466585
4.732435311032164193534 4.822379802715675900515 4.766388967378037300193 4.741424996506592215439 4.670918214238697352414
4.769162707942694368057 4.790606043584110018685 4.627269459896385939146 4.724293975718052429613 4.853146995273007746619
4.87239330981376106422 4.892650623161502565495 4.73638581620471210698 4.836978836125602754237 4.715342282950088836913
4.685218314089405922118 NaN NaN NaN NaN
NaN 4.818056786928754497978 4.758818905185837166982 4.77681483932574213469 4.721529474543618931648
4.680049442826741845636 4.762055478095008176354 4.715047431842227965149 4.64173660134751475681 4.659795217812914280842
4.680711947550979523669 4.712972408970929727445 4.590151735819243405956 4.727011945627413780358 4.737164889763073816198
4.931304837744721503157 4.823873156376848214677 4.831099759428258977323 4.792771548827668759429 4.746634787701494495593
4.624436177380953694183 4.629020736626443977002 4.73055761242716066306 4.698686251171628747159 4.621569234401517789479
4.615939529313516587194 4.644414434644304812139 4.648864294507840000392 4.859100688574642390449 4.754322590071748066975
4.726003235713320371758 4.83018991184157453489 4.656849503445171123417 4.719996209288700228512 4.727031558561860968837
4.777661617552082518046 4.799514913749603373105 4.723922495764049322986 4.643553286805129687309 4.860953612982978455648
4.692311445143342751862 4.718086510083145057592 4.754028445834895144628 4.717964813023332482089 4.847275177058484096904
4.822737352979213909521 4.839900386286336342323 4.819445589820586128837 4.828250397247494163366 4.564077771951382977988
4.825817824736778227646 4.854157336777529252458 4.730576618077344086544 4.851614585816759195325 4.810522133113502185608
4.812407794256958304402 4.794476142585506472926 4.756458770647669531684 4.836250029427666241588 4.766131712258716568442
4.821831775758561811074 NaN NaN NaN NaN
NaN 4.600924553132382577303 4.494342048955696000689 4.508463839251242610828 4.284900147664994385366
3.697635348274908917432 4.135125242107901222255 4.43636691002430527675 3.912391507066942608617 4.627065509273798227241
4.660556718436901668667 4.496759641069820290227 4.326065773818653426019 4.782387617739674467998 4.766594669429951025563
4.571937068778480828257 4.629406664170319096741 4.704941866705775410651 4.668630311196915627647 4.637008837220677470725
4.735492387139126790885 4.667095408783325183322 4.576175321216303437666 4.595304351147331267669 4.722770969575388555484
4.696953225094910422399 4.757637547250445742009 4.75804883618003149337 4.704372036103847243282 4.703973976194101069837
4.758618655766008842534 4.787517744431168509323 4.812411497819703676271 4.656226837602480905787 4.789636488534879887879
4.609028983308803617547 4.728614846261505633152 4.675634186065366293406 4.747203368587553207192 4.621179407821923490474
4.662657591143013036117 4.63887041736738758857 4.64556952907261599961 4.671275678642547113384 4.682857119220256159053
4.58624522182272187365 4.686622159957534172747 4.623017958465134746859 4.658582069565117222965 4.690949869119057424882
4.600629360624219899023 4.622149662392613933548 4.659171146029933652244 4.658133787294279848368 4.656806216728641700797
4.775789844267880113193 4.66824438209914038822 4.668862739550482032769 4.728218552866572110815 4.801722358837479553983
4.699404014675330643058 4.8114278436368671521 4.810468279785275136362 NaN NaN
NaN NaN NaN 4.769894274104831133343 4.672603359177052162465
4.777280498071342584865 4.659291769558054241429 4.588805189980704746233 4.780897064344627800381 4.579488541710486693148
4.846132979521271977319 4.886896904841040445433 4.894434158284462377253 4.55290481756713827366 4.664205867424453977321
4.742422924068543821363 4.634122432098466859429 4.750537417827531250225 4.78107084095857093331 4.626365002744091015074
4.702582062966183862329 4.805578268783146533849 4.84173440040792524286 4.812523851001218488932 4.791435958054724331134
4.866297618330623464544 4.787428867499426310417 4.830266143558595182128 4.917103699840429165135 4.945912265977481681034
4.951312549553658293178 4.703706418044520276567 4.838040059402583636938 4.754660532417295470964 4.763824828576270320468
4.794746306576127103938 4.88962428445370722585 4.851278895526021983642 4.769344260781334554622 4.754931399882910803001
4.756413961916700294807 4.79263807992253632051 4.795793316277566553651 4.789370909549150567841 4.717939359772301166629
4.787463798396159653237 4.846442579648169157736 4.885935271084453468404 4.82776347551771678468 4.686349905952173600099
4.787019105029804322271 4.74081640749852084582 4.843553714508161078811 4.770830707627947475657 4.642876993958261699902
4.697117995595585071555 4.665629285376666324225 4.744040533074777243883 4.798102523568078758842 4.900992955107995818764
4.68989989631183412655 4.802265459474504893933 NaN NaN NaN
NaN NaN 4.201154156381846860313 4.113533478825662115241 4.424279853433421116904
4.305073059049315808977 4.557673261547560805695 4.328599729710881582889 4.537575242159005206588 4.15811721496627839656
4.570504972435392332386 4.221044331291394335892 4.491312166583416143339 4.487461415075521209417 4.709871327223709158716
4.619970794143603676218 4.704662695559269636192 4.336442586312871050325 4.844164509808155827386 4.732129844606628665815
4.673857372179382352329 4.526482697501175600507 4.652018487714530969868 4.612255879445723572019 4.603614685879896306631
4.529021133414858901745 4.632367097314565640431 4.678170066878167610014 4.809162765938850725433 4.743373303688809272671
4.745435777602986959778 4.621174998470779726745 4.717027862552928496598 4.818692199546895871265 4.70980596678964413826
4.625811737702094639246 4.572590597574743398468 4.465143167097338938731 4.651508172126539442104 4.756510922178371458813
4.813476148387542785656 4.77780261638790371137 4.801712960471419933128 4.929688391456903850951 4.579089822767920203717
4.789160361355232709002 4.763405771080202910639 4.586183356014077894258 4.646172161925890442546 4.71473867305569616093
4.702163852761511719791 4.763083112265967145049 4.777777659090423512112 4.886944858664956647942 4.909098470471911390689
4.891365046209749323225 4.966169474756290114215 4.780817362376199142204 4.820163956127823112752 4.733409811825479707181
4.657480281261606513965 4.76463686566684074819 4.781800806899723532695 4.789086175601549477676 NaN
NaN NaN NaN NaN 3.747333828506762110067
4.463968645234422716328 4.502795320591424399481 4.838149156495106240072 4.589058928736860387687 4.854950175125203770676
4.544305769283830898075 4.806541959257778273695 4.994030512649972664008 4.659915353637850365942 4.789848705677578699635
4.561172611100140272811 4.604909076416280555577 4.736710893185943405115 4.708567006574530644514 4.770343236180393020618
4.79752553722804364611 4.700818831031881472882 4.630653595627539864665 4.72085602953178717911 4.784328771539704483473
4.804013494362727065834 4.738047618717200926142 4.833765682032978183713 4.822128350501060367606 4.837096380215126778523
4.807376005131632545897 4.876783922842235163841 4.81397152250014936925 4.852061077479788764322 4.734688965335895005637
4.81476602850418800017 4.804301128786597985254 4.848702466425535817507 4.863290193972802377687 4.862085671388124197279
4.83170342445214640037 4.941755582119014000853 4.867450158996767584085 4.704072629799746607659 4.725629358987239569956
4.857735119421019653885 4.852741250776078985041 4.683980735774739834198 4.807276647581412376553 4.804787625666761208265
4.762963571007621688125 4.838520630281524681493 4.751435553873575301509 4.775281055589463363731 4.704394737388465586037
4.686095334778060284009 4.748062327273967042629 4.746252192125107960408 4.637391185612481869782 4.71043351347307659438
4.747626592805452183654 4.797306305702599082963 4.663487127990206815298 4.67603481020275779656 4.809778314942723120851
4.878425726798630179815 NaN NaN NaN NaN
NaN 4.21566445661309341375 4.42466048137867407064 4.316443402581199961787 3.771575107455543474089
3.491245481760795854598 3.893738907404292515224 3.636193318650728034669 3.89333265494399327622 4.143126252706136547488
3.981801759212889368911 4.647331594401189924781 4.578858800238233328628 4.803036156766466113766 4.684563841200390932329
4.73106566032140207767 4.819956901759242740013 4.763176933355313558138 4.789710620987275291327 4.752646079602988571366
4.752781238847781253298 4.786375657858878085449 4.582244743287309240998 4.73031636477109085348 4.790706760361893579159
4.651487046527081226088 4.737986200108437628842 4.684146009051940673373 4.638519589958331579282 4.699780109753636914149
4.771438741678331929563 4.759732200094966003689 4.735699240377646113132 4.710002203205575277423 4.808894422383938049848
4.904172293830096229783 4.823210131148217172381 4.788274224938231959925 4.7319566585497438993 4.94372268699492156685
4.856616673207163614734 4.811980449343105981086 4.689182635168210211418 4.786089112111134191707 4.777626667462520515528
4.838626663612519251956 4.790447108674503517989 4.879360840082905603765 4.857314590152374655929 4.753669472451068855889
4.721631175591972429118 4.794190635687672674692 4.786782293717513070419 4.762033724078044372163 4.837791936699003869649
4.82339922871938409088 4.883649740639583569646 4.723737656802724949046 4.646553096340427124744 4.766830323607073260916
4.76506326614371200634 4.804549739809186092998 4.734988896542184022564 NaN NaN
NaN NaN NaN 4.676478028879717641075 4.753245401185720808712
4.719222441865769113178 4.77596793005965292167 4.505509318009030650387 4.5807022417837792716 4.736563909323871612855
4.771403638871904995256 4.840424280517764188403 4.642430672919786616148 4.728962749035987123136 4.621561165171844010047
4.72584856915129858379 4.80831129826287284601 4.526075686363016714608 4.640869693905327331152 4.537538712382350070129
4.822208038824647324816 4.913968151417385854529 4.477738989473377451134 4.591060029935173147919 4.704232837866864080922
4.462411140993972402669 4.716896334177705263357 4.780451652231474390931 4.8579864397276990573 4.896593712652092200699
4.780891698787751664668 4.659632880739070337484 4.731195723427984667353 4.736781614106195803515 4.673361343116603450198
4.550054363846845362218 4.644593849207403479795 4.745922633426246761701 4.729307395141657544002 4.664403681263959100534
4.691515283481677123234 4.822990318946129839617 4.737285359726465472363 4.663255820053377576073 4.76602672133560467671
4.862741964331824817691 4.778134727015117100279 4.750684257591458958814 4.791355356137033894015 4.781040854472793810714
4.870148820122045307812 4.834409439740092295779 4.836734040298125592017 4.77910311425920308892 4.902276518318722686729
4.771838622678101771157 4.791338203448920474159 4.756091972362928466111 4.750432296859200320682 4.764748331843606798941
4.703798725077837694641 NaN NaN NaN NaN
NaN 4.039862739039570271871 4.739552985347366131919 4.466922910737070928633 4.504589163177689314921
4.709214754138644210002 4.488794203357078238525 4.861594910336609842716 4.477039790590263024228 4.723647871269235132274
4.87547637506094400095 4.763390387391638114423 4.820925559283923078624 4.780730486195655437598 4.787323603925508486157
4.786245557305947251336 4.591961983774159428151 4.736271385814448287022 4.671068363797414413341 4.803820326969190368516
4.682969431539716786972 4.792009299566080571253 4.752905665255319433982 4.764912852903591122811 4.791391120204122167081
4.692482815177843491483 4.642125231252082429023 4.843623503940523100653 4.645614958299155716759 4.869249105366622920599
4.62544460775678256681 4.812958059182637526874 4.689000879212474437452 4.76926470219081544144 4.836495225092309446779
4.823704919759733478202 4.694811350437357866383 4.632574500147818241658 4.702257182772041410601 4.66201636721905821048
4.68442534137153288043 4.777591424544422871179 4.853709682742914033327 4.892619175787881857786 4.816224580916701469846
4.892710973042498245889 4.887814051153305250352 4.82375324231973756639 4.862522401344331335338 4.853111996932732985499
4.890236490095913879372 4.820446991278488191313 4.867934780665355454232 4.782097699312464200716 4.803325733350766846286
4.828385865440723456743 4.700094350888896599372 4.641582524987046376452 4.769378703666566465813 4.660699430590084624271
4.830073228633784410135 4.801947452296200680166 4.850624379275836339787 NaN NaN
NaN NaN NaN 3.98576621098124350695 4.013794764296480188648
4.066129527061466575333 3.99742212345355030223 4.383862297507432614907 4.336563272159595250344 4.526118669239262537474
4.63532955073489283393 4.559782670926003866896 4.063589014403660826247 4.450484044262472238529 4.026490345184149610702
4.468673242949711799099 4.383675850050495981236 4.499021377233554552788 4.55121277776674837412 4.45317401308469218435
4.500912244280129925755 4.622327466880271629179 4.53418484755768336214 3.735838618667930877137 3.454548166040560808199
4.083830622898752871208 4.797815440219212135275 4.132919469501397102817 4.686152032191396976657 4.97822400953663901646
4.926912377041850810144 4.61212072025567110245 4.785709923134054299965 4.791986860708322915059 4.908405579513550165416
4.717597616614129130141 4.61015391668375418277 4.791148784634209789601 4.83217436139691347563 4.716709156135871161553
4.823109137750531516531 4.57127173385415286333 4.764556785853121922969 4.526330788787627845693 4.56390868379812530975
4.74461007558493808034 4.894695861169787498568 4.801989489773901276237 4.842632360152910209194 4.645360503150351760837
4.759763195565636095807 4.791177194449052656466 4.688770355007140899772 4.658033247238630103482 4.686693382292252074706
4.78504736975050093406 4.73480022006753120678 4.643817291382097423025 4.734563464111307240501 4.730481227564857782397
4.609124250464025962515 4.747747296704946329271 4.706927745062493784189 4.85131121447230295729 4.760109608477774756352
NaN NaN NaN NaN NaN
4.606212536171001126206 4.169846103333577858052 3.948443199006297810172 4.448180529097748525658 4.656380051787239793271
4.664321490452615570632 4.189836842069832201219 4.585313877325599918322 4.152982877873324873974 3.361823192453988973227
3.481998020016005224164 4.38730518158341009638 3.648296829084958670109 4.627436172068013497949 3.507874658129710443433
4.359594264099719396199 4.662523436962790590599 4.709159090652391022047 4.838980529624453019721 4.754083237486194768451
4.888965507746947380951 4.522658387864826323721 4.741576467000368388938 4.83397286090713151907 4.710644810985025188188
4.641135022753410055429 4.796538481339122306224 4.816148266184729465067 4.825032291827431762954 4.541002891737154989471
4.716324862611006807356 4.554081553931651704659 4.761111619503115122143 4.598127249810858963031 4.878899228699689061273
4.682618290916574999017 4.623031720453703918849 4.651682739046997028254 4.685903094765462739701 4.515637971594469668446
4.727823752345265972963 4.782227953003159726109 4.653359998414588361015 4.776254807507745780981 4.759194219756779808961
4.645362741260933070464 4.712493533695917058424 4.746065214199551185459 4.755078315986940751259 4.955647632219734255443
4.682312154079545152285 4.808037203009996041203 4.703473277149251785545 4.79166239964194051737 4.80851122309755929507
4.774045061165178793772 4.834710582279335255862 4.840235155307938796909 4.799535769270978136092 4.85386788122539414303
NaN NaN NaN NaN NaN
4.772114148212116546688 4.653091012964312156441 4.755659065252941353208 4.570796743402975259585 4.658168218328562204533
4.587772654713949904703 4.601639678972662572676 4.676861971891450586725 4.812899292993551014774 4.776606663613982561856
4.608086379983683755768 4.677047529639724920969 4.878844607482069939408 4.755743790264255643763 4.860824502794362622637
4.829916143193011102142 4.639089620792382184788 4.854011312710473369236 4.764381734102635768124 4.721264882241380966832
4.828696466074381632438 4.741208753843589640553 4.819322612541923511742 4.698977079090287389818 4.795241446628419446085
4.822350187331561066628 4.7885537075641648741 4.809011531243106318811 4.825333911561463295925 4.726456837209412675804
4.776040298597742150832 4.739479870334173838842 4.773014948689652925395 4.78146431555935169655 4.68358777529302283682
4.917305907737103964905 4.86932506038774981505 4.896398936966708248519 4.885491672426392817385 4.793189796890112930328
4.827268470187402016336 4.794893081509579602084 4.823740631456271188426 4.803706895689503930669 4.80373086373995139553
4.849850317481664951913 4.753279015596201695359 NaN NaN NaN
NaN NaN NaN NaN NaN
NaN NaN NaN NaN NaN
NaN
