-0.2162164939743708713671 0.1645598584297562338996 0.19477061050820954069 0.3738614435780134859222 -0.01528137765771699074779
0.2464319764726375927566 0.3760556326805306603944 0.4312888331542575337529 0.3978620171211637024378 -0.2586373501042080191858
0.3915450925444454166602 0.443824539753447599999 -0.2967085179058183141976 0.2177726487075865857701 0.05228696591515833574926
0.4465789694600246773071 0.3957643278240158823955 0.09769006655517453729942 0.3678389349597890323196 0.3320060965117838658323
-0.04640793912336702714549 0.4470276115351493606553 0.3542880335677655589954 0.3244937134194975092427 0.4638818960529955126582
0.278184217246149390057 0.4014459073113098019903 0.3626711651016053528096 0.276910182636727564276 0.3793838338164790546791
0.3038779078713615966478 0.2485060611908886107901 0.2667455493038074498813 0.04331429727444528754443 0.3236868342676962884141
0.3406750332815858262059 0.3526494702444918361017 0.4636538682712791903384 0.4246983040678752319153 0.2379965667934438589004
0.4156697941685655317556 0.2916199727094800353555 0.4701760925389794620877 0.4175833352557542510475 0.2898053601665628864481
0.3851322538725666655424 0.2838116856311030389293 0.3660000015254373240126 0.4135197968850088390269 0.3443415941507664279619
0.374279373321518338269 0.4725120040253301123556 0.430363812317232530269 0.1534618756596095312528 0.4139573760923111467314
0.1660014590091916375503 0.4227476534516565465083 0.4132621187989388156225 0.3372194059513022312835 0.1601692447817608944138
0.3052764353756726167788 0.327406351340143397799 0.4198749489918150445966 0.4050754697297564987934 0.2017987118920068212446
0.4411016821130880338764 0.3069048902263169509297 0.310432015710746800341 0.4201735205463748012988 0.4385079447624182225063
0.3613674590123167051914 0.2877870964871376835426 0.3142616107996115126788 0.3765071957615740427805 0.1975584646348912121194
0.3927454830763437154673 0.3229984078659672297462 0.2737022758690539347981 0.3554466037289122359866 0.4014272169673668844148
0.4403495879757349795725 0.2572818366307981774455 0.4485453461557172283314 0.2890631670017098087122 0.2699116538017721778075
0.3896325255651894026165 0.4030040804436357260165 0.4536944879859214352358 0.3190581377724852618627 0.4015408952863219749219
0.4206802044322894285067 0.002646193146616430610929 0.2101977836507690489132 0.3156445721034465967669 0.385372921875503038347
0.4037033006068480034401 0.2084612805249606293234 0.284146765080278917992 0.4381590503190819219093 0.1683398013429484307846
0.3778352035340372672145 0.4393501294395179002095 0.371700765822218559542 0.3184399083543184016953 0.3909298771199794519937
0.3601942191380428370806 0.2229497083281259672827 0.3931529950245742366377 0.3567791897836474213079 0.3932067377540988117879
0.2533446784535830498264 0.3484435441020264367928 0.3905362290976350791993 0.407311630335290497662 0.3472839594656286221763
0.3811369360954846019496 0.3511626899845511351472 0.4461176867686772462562 0.4171981515704937248934 0.3363863788054318737508
0.2153754791905616861047 0.2726466033615732587059 0.3857218688316667587479 0.3225878332550531912837 0.295991899668209268448
0.4231730495625175558772 0.2858466994433010444077 0.3824095308009224369883 0.271212060554911371657 0.397835050249021160429
0.3783202961740499969956 0.3960200585236293702174 0.3690567103666214654467 0.4073534336906126651634 0.1798866125149691796992
0.3331627501514341505029 0.4516767962794762114598 0.3632356918719439331511 0.3809484820959402884277 0.3878889485910436696336
0.3998842086275407603502 0.3288709604487259352545 0.4423922582347666332403 0.319213553290580653865 0.32712516235092664596
0.3324989889850642477143 0.3758613332025372844036 0.2750886023467545848931 0.4020929685165303135719 0.351297059410301759641
0.2332181033620035759402 0.3608717775209788758417 0.3827858763315521994919 0.4140116756180938217824 0.3108006810883551795932
0.3955726567112626268496 0.4274144945737374245986 0.2207567130380277409252 0.2529817712232804716166 0.3513838332520817786531
0.3817132569709862366381 0.3373949908958298604666 0.3695577781144273599168 0.31992587324304916363 0.4241604357524889623576
0.3176237017908420390278 0.1786396164340634806766 0.4401449368456852306863 0.2443242605753812024538 0.3913956466824793922754
0.3853982728974570393099 0.3170399489078715715706 0.3805581027857695142202 0.4287327605132437158275 0.3036849843499505041677
0.3717533958927832227204 0.403229869440183408269 0.3338956769894950160626 0.3909565261927117063578 0.4174855678689498583722
0.3823124236400429754035 0.3586785094848332633433 0.3158995009886937377352 0.2496556564791665988601 0.3853398889843018260137
0.2892590492710417349187 0.3578309027984480361617 0.259950928803202363504 0.3879394383730812023714 0.3410227031842524847427
0.3612838192019368621644 0.4245379588941739501529 0.3868758942255071664462 0.3453734568894200052114 0.4427864222667384219712
0.2493962031271390877851 0.3693630538659930517831 0.3669450578722686096 0.357772442611173413507 0.192899984572944410699
0.4059328499298444636878 0.3988558288977934740416 0.3531529659020282707615 0.3395582234756279182974 0.3677294814278007639707
0.2747956546849500414353 0.3898640783167912626794 0.3747942841407867486936 0.3756730180373935024107 0.3919715105132520194253
0.3458774004263066026432 0.3479511432741740906138 0.2125930775624160218307 0.2645309101664751194605 0.3792833901414545683117
0.3315032571325599031198 0.4106129800124043716103 0.3511078427380536770563 0.3296939926965516409751 0.3730515618398357879926
0.2322876866310981114339 0.330933381238110335687 0.3607476472434148484503 0.2746065243085092366648 0.3220808593118736906646
0.3051040605636003433254 0.3526204937743939726857 0.3651756329012081359053 0.344703429297921637442 0.3315313551296777405675
0.3727897947309093407142 0.357381342033343152309 0.4483689528335037532969 0.3985076087585681103853 0.3373565596391389642683
0.3714182405285526011873 0.3438786365790815202637 0.379745671825693853485 0.347444492340744537362 0.4172160419546013798708
0.3023633838207775981211 0.3745303988986847798515 0.3463013589129883551543 0.2362227606082411279775 0.376088913232827504185
0.3510780006817708076561 0.4213127279021708360141 0.3662381351033267007367 0.3110685756533847490246 0.2745452365367149205611
0.4024852064729471101678 0.3844776293666878896893 0.4062183075835669177067 0.3094897612122383678823 0.2024122369436641977192
0.3756379314727331664159 0.2956617150721088105314 0.3468493511737770762515 0.3562914607017826362778 0.394126987400521600069
0.3508086705462180598936 0.2174821937100369917406 0.364216722243560719896 0.3076151887782727634146 0.2980434949484223605687
0.3448155505830501343922 0.2948510751408817687214 0.3057374019842446499773 0.3703780538348719897357 0.3290641639690595754431
0.3256023031234556719404 0.3928373498348459724738 0.3139448090645425848422 0.3435298400606542901237 0.3688614822168071460951
0.3333884115818199767034 0.4089621066214508826597 0.3979087353004588378802 0.2784269061364708086614 0.3099394046775038047414
0.3694263130386756244228 0.4047609403199183275568 0.4020082923066431446202 0.3534890969396066173758 0.3924289548000715610598
0.3940179139724660495325 0.3925756871412148796274 0.4192122294071903843005 0.3884339536274089565993 0.3299739677310357666151
0.4056926635826663130047 0.336460813390871471551 0.3616952127260152360932 0.351314103175014547098 0.3633744721950659117837
0.394183839870431040886 0.3496184246438968634685 0.3454116790393838565265 0.3837458183855618210067 0.3493873055154540496758
0.3975673476727827337918 0.413609878518372664491 0.324370074273293451661 0.3913483893801034119164 0.3039899306385681065912
0.4392077843600957764991 0.2583779528768450628462 0.3461602868030312363246 0.3911027435882603597861 0.428401557547047506791
0.3814998930917547492747 0.4010113049444222754758 0.1987025575554034195758 0.3304813880428645322951 0.3255502206226924544197
0.358495016265098498387 0.3793283331125574808773 0.3395068171245750887621 0.3635731093164369376325 0.4416568364296418192083
0.4017405904259458426786 0.1877174726121378922628 0.404817872799758060598 0.4382208079888844642902 0.3600568353057348458535
0.2899611537164907826281 0.4046540688649490347117 0.3537591905197202124533 0.3872589254514641199378 0.2597228669233035414088
0.3455994664800934867976 0.3502733415380294146324 0.3280906606975445560792 0.3177455897688474806273 0.2769558806512883997186
0.3598994367467454047471 0.3687152889005830824765 0.2424196780579186694116 0.4144897908683086162895 0.3505077441208743205259
0.3043001206096081490138 0.3608543336536390033764 0.3563590387280334836895 0.3365812346187546655329 0.3450267494963507042272
0.3887426596525846433927 0.3459965513378241985798 0.2987547558977000083935 0.3660953598782860085592 0.4000240664464077000595
0.2904006201577599699526 0.3669547802897758503882 0.2908208480753686764331 0.2710560088064120631834 0.3556294643558611801026
0.3589550479619352807426 0.3381144354296196641307 0.2052848475770762126658 0.3301851847149562813044 0.3450175951046457467619
0.3937001024240994184744 0.3858800879639683323319 0.395938308307627828686 0.3758724558900315981802 0.2400265419098357166927
0.3844337382761840449241 0.3924905146277973821967 0.3704182551743313567272 0.2364671440792686651911 0.3403785631330009109341
0.2588056883896473481244 0.3477776344912854034064 0.3906824376537139653642 0.2778465232595360157042 0.3747243005441645014031
0.281566820893561109429 0.3774456939985831871454 0.3648110631301944573046 0.2339530312224946118072 0.3497705133302469460155
0.4036685371792010923464 0.2409678223912993244582 0.3875336364834785496392 0.3452296517377657636416 0.3899510699907739463832
0.3801598243014297495712 0.3544670350701617511646 0.366946599672799189662 0.2350376564540183343954 0.349554287052200540753
0.3731195543081845533706 0.4413861066764762086656 0.2469618400978732530859 0.335633852674133481564 0.3844565403273651482685
0.2585802233902537161647 0.2798160664112209206067 0.3785367198561492840803 0.4007143479575632216694 0.3897376331592581899521
0.3872393346404299774299 0.325299876436920487599 0.363920641887120699387 0.3455727734680862917038 0.325673200363017889547
0.2126042699572533722918 0.3763125405242846999165 0.3245860230206938368269 0.3601462353622399970021 0.3554617862934226768523
0.35489614895217697077 0.3848714538245418537166 0.3737162310671808262974 0.3725557807273743859966 0.3294265965039174237639
0.3434253241531214917437 0.3783343876846742004361 0.3195892030498215796719 0.3788463280388933429599 0.3219800646195579707509
0.3746389387433327056165 0.2298170197472576281594 0.3361830318607773593342 0.4068148408398543636189 0.3987471196861327449312
0.3841250644059729379975 0.3517915870944781642216 0.3508879714200745514319 0.3448582687694407011847 0.3714878651906326489929
0.3693605715899067054586 0.3832447436809554575099 0.3261518413593385568028 0.2557766961931831617427 0.3735733611335583792545
0.3416485913937115648231 0.3049591088080290113282 0.3380699054292860550319 0.3071914546916029720158 0.3528343321079646655036
0.3684780460259804990564 0.3883607723634732167284 0.3830618775173034173953 0.370298519145166038502 0.3324562371681070160889
0.4060406246789969308963 0.3433331487655872926723 0.3700285166642155454397 0.4032756454167953918954 0.3666127876416419573147
0.4005383868773824684872 0.3621618941739122576884 0.2326291652131518838953 0.3555206049889029773503 0.3243255980649161762663
0.3829008413728600124237 0.322048889266422222466 0.3969893530985381668863 0.3792654583700075243691 0.4144540096010307372865
0.3847399695049407153391 0.4413210417612880576144 0.3174128574495709842473 0.3595348150162213096692 0.3195146365979623093168
0.3845458581587041790861 0.3442420281312633112414 0.3475782834096196038942 0.3134215903420721205386 0.3912722391942961563949
0.3415099539902530789703 0.3780946742798685367148 0.3061953139991042127654 0.3468803794572962728715 0.3408113016248752180637
0.324363926107809008581 0.3374919574806733435501 0.3514872173412396660908 0.3535557430791059219111 0.3936509874777731066153
0.3883451769085856097874 0.3650500567296369180958 0.2902717970000386338292 0.3490499219981045286865 0.3210690013493981975756
0.3695055723726503038584 0.3847762028223979946517 0.4068718143787110053111 0.3809185381443007667457 0.3785381898346187323767
0.4441736389705531196093 0.3668709072518213654135 0.3749507163784829844033 0.4064872231415939118904 0.2764459660543731045479
0.3561885387109475775702 0.3525876523615431024083 0.3659648800871060370099 0.4056518206250192548623 0.3725146489447611619639
0.3978064051158410330267 0.42299296364567928741 0.3809889369626537347635 0.3798771174494314228909 0.343342678383841748424
0.3657549051147576113507 0.3987161049932659850903 0.2362633506943006278522 0.305000860583711674856 0.3800485076611280210734
0.3959300105105519329562 0.3331869554624935503284 0.3395283319089150708692 0.3592877559171828161233 0.3336180955155128580181
0.3844140619865481500739 0.3317296609607905955031 0.3742016721236053888866 0.3818724350815316803676 0.3369211673514297400445
0.4012306132289690241421 0.369094327735586702488 0.3177197401816904132055 0.3144487461181548204614 0.3131950273011016583347
0.2782039309154084594233 0.2975727644059399379373 0.3016333094797953306987 0.3352184690003560674221 0.3587392500421399677002
0.3544118301148223015851 0.4052003684508143632748 0.3831967583149473166593 0.3178920965695194444933 0.3775523875073577562134
0.3404486849434179562834 0.372590695062773924473 0.3713460054099304574748 0.4083708222904754436833 0.3214519017283757329473
0.3134861203200962065374 0.372660885217956205917 0.3054015845545502982894 0.2938220141554823139352 0.400533487452420122743
0.3703221745343626691849 0.3721795840935753774126 0.3402885123568704650587 0.2773030030774606968791 0.3754514053992296651607
0.2695092143504799753195 0.3505791914541546705486 0.3730331906814803311079 0.3053478742753200636528 0.4084556198683523264847
0.3778507952908049527529 0.2652023818464329107947 0.4165357670472754625379 0.3840573668100826232319 0.3847739994025111132103
0.3590974178291464480317 0.3532003676466348718321 0.3683859914905542320973 0.3664722482017628846229 0.4157386347097454248889
0.3469502677482864672065 0.4152072559952565411479 0.3897681418926481344833 0.4081888646858730651523 0.1914529735507208840772
0.3893574108060672278597 0.3825718831049594315097 0.3460642391956023078414 0.3502782137877551438265 0.3610731945118960117824
0.2961657618501556399337 0.3071060923482653581829 0.4285869985710462626294 0.2981568438409066268413 0.416515374794761805699
0.3177877021874210283769 0.3376473699625139879288 0.3751463348030695810209 0.4156422877123301939939 0.39575087626503896443
0.3085693793562978570755 0.3248533255280938170095 0.3430787397954946360557 0.3740029526233232815002 0.3175104567714506775822
0.3495687006506126848215 0.3235732346820678340116 0.3547200995233362186276 0.3283325061128916644293 0.3902591231183260012116
0.4327439716705985262024 0.309309020013386948289 0.4027622153248944791848 0.3303033975295179835996 0.3434091338912016455609
0.378198646938346261237 0.3793348970493198302201 0.3534426750778407178011 0.3897516408512443075729 0.3405346351668617765895
0.3272288923774755442508 0.192148695033263205989 0.3994813114159582179141 0.3473241392043616149188 0.2920837166247943206265
0.3400894295716965221033 0.3412281786157778662449 0.438098214400247876199 0.383755590874312324523 0.3480756419125383138713
0.2678278376313836250944 0.3585891497402923233651 0.3552789482610367310933 0.2436184484020659235526 0.2990101476763779020374
0.3318041699128341792679 0.2875526876689052935276 0.3755036345135289166386 0.3427414231011816081462 0.2379596036065243225277
0.3157217791262316719525 0.3588060949844435465472 0.3446192880873227282201 0.3173325614412704220868 0.4195801494633110695354
0.3302609969233977760261 0.3609925651599290019611 0.1903848454501204934264 0.3559953835288825474414 0.3245488758975836884879
0.4147271058006418154029 0.3488034692999275598879 0.3765328384474312950481 0.378201017486674617718 0.3660582486304477245476
0.3807980125862580611518 0.3234674109270785358206 0.4010216509855064059842 0.3345900803410892798695 0.3175530147109235645786
0.4152174025067385532139 0.3702025953043830974742 0.3549610706114571523351 0.3707155703663426171701 0.3636937792165251814858
0.2620381034645052342746 0.3619831553737981599816 0.3477552203910860839642 0.3677316118945187506384 0.3557488194869384834362
0.3453286656350874617161 0.40051981561256289055 0.3557940399523959462691 0.3752526639848191014615 0.3500980896761070604306
0.3794513128271968516181 0.3619282032507334934124 0.3898359542387876963687 0.3606510196106654797532 0.3661505440772716557518
0.2887296819590694507696 0.4335567033391172775403 0.3903229854480519400717 0.3773637802494644311047 0.2501865075562553220045
0.3870310221064905409349 0.2394208182206632451461 0.3786901673562962922226 0.3566976192191319006142 0.3520908766927927646684
0.4045158397416869777707 0.3865174695210845112747 0.319479262139965247691 0.3785595474023571438416 0.3685794241672127879994
0.3532056005562089762151 0.3702481163280543219329 0.356998175011928708944 0.3533497558595427023853 0.382060320152025068019
0.3623288793205848845602 0.3648426174824923595708 0.3027175612354423561712 0.3914214635924895824282 0.367344880645998517199
0.3950717914341317360538 0.404721688606945906308 0.405969522142442473811 0.3762219535760340516362 0.3838318335403639869341
0.3714224721756826941288 0.4123288035431073028647 0.3720781075009174099222 0.3408202648311522420244 0.3314068793157678438632
0.3576616983770895541461 0.4223345590751625966419 0.3218986636997119843429 0.3800950737952385471985 0.3839399655707768088675
0.4051795453812422342921 0.3603828639485301965628 0.2976258003863809231682 0.3534236343939229918476 0.362042950809902674969
0.3692609124495540018351 0.3331543591737635146011 0.3644751916383228151908 0.3560560238045796799256 0.1045468486227591614623
0.3143979893449183049547 0.4298665222353634796093 0.336098012633552933881 -0.06508021387037821181565 0.2704050620315928132875
0.4141523745520925281483 0.03792414031872523572098 0.3366647248960223937075 0.3696187198526321715519 0.1982805761053882953604
-0.1829889324909691750154 0.4195175851387094589917 0.2295142632475302146844 0.2899055024789763401749 0.3274446873557527726284
0.3780648543671739636451 -0.2425104365814935991619 0.3234643649734877390856 0.004014689219969298956958 0.4250670720730366780593
0.2894992091600050998501 0.298898056415875745806 0.3016260265791269601365 0.4452709133432164456678 0.4405640581261525134948
0.483686873991012011853 0.2511421063164497313736 0.3615452374258529277817 0.3264463972115578260791 0.3469844708563668000956
0.07274868449182339547043 0.08182011899161049928164 0.1999042108212338297868 0.4294764012348197268487 0.161019565553758209342
0.2815831442582581445322 0.4144217195228357408787 0.4287055250568254094468 0.2169451343479126548264 0.3205836173147264545058
0.3465152830552470919478 0.3116810701265231853263 0.4356822246902057327311 0.3708372913484856980837 0.3679217049106419112903
0.3668788971259812070613 0.09082296775277629019563 0.388314540957050480241 0.3477543841018623238526 0.208882083122389178298
0.3674215496900782862433 0.4632736661501731245671 0.1796706154870971738902 0.2617405716688859795838 0.08135852814661639897942
0.4683897623812531829657 0.3922677208397614134761 0.4478841603490704148527 0.3363870536273019240525 0.419612693177691342683
0.2504008137017921797884 0.3071970747981319638242 0.3397756576810561091051 0.3300970889781196793145 0.2856627071108379656295
0.2126890323563680740282 0.3158937566504553262625 0.1574753670486744305812 0.3546879925093888163978 0.2539008231940331206111
0.3028212185374661857828 0.3621099614998556925904 0.3334993601713277522336 0.3588741522205953771163 0.3921897972518241792805
0.3152439724277132926389 0.3750388615309328543823 0.3671507423586406471117 0.3327327256503033181545 0.3021237060093420190299
0.3709451025062449058822 0.3489341067364067350276 0.4586605878685939829964 0.3165876071637741540066 0.3684885666488965649812
0.3081901194811276223362 0.185666305195471059708 0.3630599277987764939013 0.4337897562529432482492 0.2047474201216721856333
0.3535901612730839027599 0.3833192861710452703505 0.4455297391296326736665 0.3539194134255782553389 0.2619811731704008717081
0.4780731518494657494855 0.3508802317675230320049 0.2926383597226218102882 0.3725369658474371181711 0.4388741758068650522517
0.2708635404311386940535 0.3888894142155153721419 0.2810675720476505934364 0.4344794037714310164233 0.3838084111899995320982
0.419356668934947607319 0.3528402304225198848897 0.3265934316859996355831 0.252741206838923260225 0.4538759510425910970177
0.2239318356066074822142 0.3451233768672328783289 0.4688813062299972411751 0.4038180998028256252219 0.2744906389177351746511
0.4063753127052905922412 0.135051935510604265156 0.3118040405225211419982 0.4115366449124973624585 0.3112663091470810883266
0.4041985379765289931875 0.4096930114886759288773 0.3658430572818363590848 0.4107823123937393572369 0.4125002268971062480141
0.3150408592454953526918 0.3652600528553880399052 0.4315559724991797629912 0.3906462099285499256496 0.3311071716682782439811
0.3602373111027825647312 0.2566675273588205352659 0.4064964381434075235688 0.4019815861944976975728 0.3542275056123999621427
0.3201637031709110847721 0.370919996425286169206 0.3884912475141412691038 0.2054162715967166874531 0.2768074013318231885172
0.214470609945222517867 0.3750097370949572184173 0.371318326373799079132 0.2583331370164373974596 0.3903254527967481291029
0.2946580139885394689081 0.3539266264547995533007 0.4360908625751414025018 0.4648650910080302511851 0.4022073932468809287499
0.3489263832262408659979 0.4058044660023480409983 0.3721168985509415993995 0.3241743348785553480162 0.4031659188431115925511
0.3566321010632103605253 0.3667050994244286377111 0.338882313631614584537 0.4257141896789933266376 0.3991578972868300434484
0.4018666044402877668418 0.3488393054872274134937 0.3647894956910339714362 0.2025415959551295497221 0.3733631726952014728838
0.3425552028473894949911 0.2933678289373508052407 0.335995522630071763448 0.3783738714775681799551 0.3046759205575799156485
0.2404189192426048615747 0.3864781080906786736584 0.4045272835187919135969 0.2861442692305398716179 0.2512430526519270346242
0.370645003877502154932 0.3040452277226680100064 0.3659679001649932539308 0.3466728997914689802684 0.3617024693377092203761
0.4003531150833756768748 0.3743417363938068564977 0.2934779634281471372148 0.3024860799129200361612 0.357958503807067507374
0.3079019804762826995059 0.3049492280147010903057 0.3491737262401084507246 0.3799211879145438786054 0.3879978927516712916557
0.2734310924141588050595 0.3958754075204398703569 0.427174275618601828608 0.4111106584475608394236 0.2446541054147492733062
0.3915154163195863623592 0.4103410880674467908769 0.3643870334723950943356 0.3769325361418791042745 0.3034496094056246540127
0.414385680227767616568 0.4068389426414395493303 0.3872118982160942524118 0.3353193714266015645897 0.304834408793528022219
0.411084317204728932893 0.4168570474337746634141 0.3120383008912159250592 0.3387505262433567754243 0.3734016814191101762965
0.421911135413081395118 0.3597252790990363435775 0.2453260679756638640292 0.4036376228363399154553 0.3704557366733812751036
0.2834502035076446047057 0.3703292293414995328682 0.4437699365598689049683 0.3105385176777393785308 0.3162817075580208747709
0.2915123949169413641869 0.3471921560246507554304 0.3775847369803002617772 0.356637611127352316398 0.3904367312466468509236
0.2983669097222061417085 0.3462907946975486983554 0.3413732796687328763241 0.3715272499377910708773 0.3832898902594878975947
0.3740308539929008135871 0.3905991751866893513245 0.3801703066028270794341 0.4195773759919516621153 0.4038111500688489341471
0.4343961733009535364225 0.1961064037013634520079 0.3552334410582769774756 0.3883138981304409820261 0.4140624810705867409055
0.302631277708067858434 0.2453636857344804467207 0.2619949606596179147999 0.3648992792758996572822 0.297227867708651394274
0.3699786040678247345248 0.393003457222446728192 0.4158846329236878802682 0.2672180178919498771961 0.3057170939935821563083
0.4203741159873349841902 0.3149604261510033365035 0.2711608697994954964017 0.41689102343843026377 0.3137104438090145275275
0.3638759413609723991634 0.4130887837047140798141 0.3680825212304763560667 0.3182364120709577082202 0.4062704221442631769001
0.3457333468245377683381 0.388628575895410166563 0.2838134037051345259783 0.3562476814852541529 0.3446995681910494102596
0.3573218857975626883139 0.3456273836391010600977 0.2863699277018562083796 0.3106451011235696335611 0.3583964081354321096207
0.3209089716655166291126 0.3506360112206115542399 0.4103359518337856282066 0.3649138016254865890531 0.3201961153358208744812
0.4210505683638979257388 0.3313089511769375383743 0.3305962338029476144108 0.3736347294634617677289 0.376174763469983797215
0.3723029396785821343308 0.3384276148016203689117 0.2970095385017730849064 0.3736619553473378707587 0.3958342932309064643448
0.4087767080855658208272 0.4243958453979602141182 0.4048277890707019377459 0.3273000483163548413046 0.3754202162405114728827
0.4178505190747829889375 0.404174141560752431257 0.3192090124520386429374 0.4271873022699203548136 0.4170864343216892367039
0.3728215228791497692917 0.2520233920996526322256 0.3910135371242068891284 0.3627998867873064581246 0.450047864019790633261
0.3782769235370470051194 0.3807698692808164087076 0.3570759417275582436879 0.2194533890612628546091 0.321983582580309179999
0.4062093861538701444758 0.4030465244515691325411 0.3427587331470910436693 0.3762836293570199774905 0.3181003795211080342753
0.3186496992971286634777 0.3798066349886511372524 0.3126049940131890858552 0.3931109078835056114265 0.401877602569576330982
0.3948507474804220374054 0.3667055121130267658636 0.2444338464977067193473 0.3509668189334194665641 0.3145507481680908101751
0.3801534142545635042154 0.3915248400408306017617 0.3008190549383775169723 0.2015414672898963865944 0.3753854903169773216121
0.3790070247678435921834 0.3215823487215312415088 0.3600562405588151881908 0.3324228025375624562265 0.2228948931490768448072
0.3131754362272058944683 0.3085109972682081869166 0.2365785534080980245797 0.3769371875138646243997 0.3385869924228481764317
0.207301588935325409313 0.3567340304801757122632 0.38798198410761086663 0.326956553389576076718 0.423459837503463443209
0.3679701677936144110781 0.333169648166278808965 0.3839886547148339546176 0.3313903355144088291873 0.1680284961249083053314
0.2297766784529238215384 0.2890048347523472282994 0.435063161822902777498 0.3817882901436340237211 0.4028786785760133382084
0.3900731935323408783312 0.3304430198618651948195 0.3786418020563546149582 0.3533294064016424540497 0.3886806363557602783665
0.3532828545227759686753 0.3691588206795680671135 0.3505149618404167499719 0.3870996998359508833865 0.3189241750294471433591
0.3622881814050221138679 0.3883419776732512374018 0.4076265441195592864609 0.2194683563535514414511 0.3760242524105130712542
0.3251286538176768603492 0.3587677939667354709563 0.2732363450936148296933 0.3598007430605437706461 0.3348768499259290876147
0.4236910166312063408256 0.3787145971408108491296 0.3614007696493288235295 0.2979464464851236393805 0.4350232097106118134278
0.400532962332719344456 0.32726536608849143839 0.3620337782696974038288 0.3640588307031392689694 0.3571520428403481273172
0.3296429787270578892766 0.3486256005423992720971 0.3550258723941424054971 0.3649858982703990673002 0.3213129960163110809823
0.3369238686800965498769 0.3043240759333325495817 0.3351283219312510275323 0.3095710948446662169609 0.34920913864440411567
0.3990586994576129087342 0.3159507964123809409251 0.3847524181691706623987 0.3397097106412844680356 0.3996312227287627805161
0.3298831637108762260269 0.3419038153576198779682 0.3677195970816829473371 0.3437872912829972871229 0.3393395249032558624869
0.3690172646581683091327 0.3232041803614660313571 0.3516016047653834353248 0.3811389331144157122111 0.3660810911274159362705
0.3887385289634788798629 0.35347149989028864292 0.2806846281740332793575 0.3580911395828512699957 0.4086253260182251545451
0.4103559767511354983149 0.3635701060288544783639 0.2718520642412232679597 0.3541688769374993772665 0.3322064803409557343095
0.2955593030803692067288 0.3042268687403247295897 0.3972031628742088149586 0.327150438660389175638 0.3377553351904520884119
0.374664356882422888706 0.340186222581763564321 0.3657909319444869189475 0.3939950086922981431492 0.3653189546838994661293
0.3236764790396927105043 0.327725053443630287564 0.3307765179515386733122 0.3399996444697601649665 0.3570275771152712218637
0.2574211047448987654818 0.3947263785175520456328 0.3719915214931595603964 0.3857444559405167061605 0.39124640125045023753
0.3366368820523173988057 0.4191902137516458903832 0.3864004074934896393323 0.3910196729357089395762 0.3260497940918679060651
0.1765877978139696602433 0.3361950613799131182269 0.3988509424194321972834 0.3491424184590766754965 0.4039986914861421474221
0.3868205123089748509457 0.3162842012417514392375 0.4447173237479913332493 0.3578100953748915569186 0.3483819455597143566195
0.3412335400179732913806 0.4196363169800160775047 0.3845600427058964987381 0.2844875065868265884284 0.37445944985153711837
0.3369242635494168469634 0.3147146504016020696071 0.3574286194354978629661 0.3056172228432798565478 0.4040189304378817292118
0.2774829763931867532278 0.3047100837993295119333 0.2863050881338541908683 0.3365856589288101496926 0.3497627636545752038977
0.1648263937368318332588 0.3287191858193819204992 0.3754628193440446293216 0.3869489788332315938213 0.3369284654035887838219
0.344113006875874594126 0.3477022561390171184748 0.3074207781693101271259 0.3812809319073532376976 0.3911646936190384393761
0.3619929507217941599961 0.3932058415628860714719 0.3375340922344306493486 0.4144182499536214758784 0.3819799741801494508131
0.3344777865592203358602 0.3658270736528144162492 0.3413740481435100782015 0.3908789449038461705221 0.3718938382986994861668
0.3932217788203357100585 0.3522346348470294374877 0.3257504269997096857381 0.3152907110200892648599 0.3771154236571889195595
0.3630381085031943455554 0.3542092397805107761855 0.3802641571847995005662 0.4122263525817142504337 0.3293296167853640987744
0.328505367648091184396 0.3578282043305931470201 0.3572646020279355849603 0.3680480292309393774985 0.3875038572817595672326
0.4074229577792805034875 0.3242856797790537037862 0.3624978307183466808006 0.348880451300533411807 0.3326048987890555252989
0.3550280274734546881454 0.336299622666274389271 0.3703459438601950926007 0.3738733661193674451262 0.3547830637534935549482
0.3457443026513847272874 0.3881024935355728011643 0.4050990170892737607389 0.3788925741745547970396 0.296696487250428353466
0.338915847121694369104 0.4103665069770314755004 0.3992630616397649934157 0.3860727200976865058912 0.3938685424081040387101
0.3653237430843905286793 0.2538606999811199305128 0.2361792101726930825922 0.3745393239788698536152 0.3411199765673245121178
0.3587628938435044045896 0.300745426114380542959 0.3626746807972405228782 0.3918983688676077603574 0.4377686753683001086301
0.3563571657120833124921 0.3016793818057614262607 0.3451171264037186103835 0.3276041885306062440009 0.3566087976277002580261
0.3200271938102177138319 0.3530139337904730778561 0.3960002089760650267891 0.3585594497988144335743 0.39187782673225213248
0.3345608602404778197936 0.3789537703885682007332 0.3047616279291596175227 0.3351625857860713875169 0.3543388664893054040839
0.3612774157578673150937 0.3025364305578706614064 0.3089305941879307848552 0.4031224192442295906069 0.4108788320955880646324
0.2857703586948151519564 0.3496464761100615548095 0.3060626988115107693922 0.4531768440060453539964 0.3894080949647769629429
0.4118993874893061568621 0.3812306351315521424361 0.2681218735289257470988 0.3682220615612776803971 0.3398310979006234910926
0.3783688109924018827535 0.3433030361909537031551 0.3733245502151868455698 0.3779510484755098653764 0.2818960045566133443273
0.3791353267468496324177 0.2428404289587261233319 0.3741586294916596222571 0.2084294163113060982528 0.3083851297728641416285
0.3225528996153298466609 0.3763334445878802614338 0.3635573833306151581013 0.3245621797124080276653 0.3796927035736973321534
0.3553487220686472602971 0.3867444152214421504432 0.4001623567879534770775 0.3409635356796250627021 0.4005476683484520683542
0.389268796227453806047 0.4046162502296014040759 0.2718794463765871194383 0.3413623792958326852442 0.3402717665955370396347
0.379603115952007796885 0.3737273882551385706385 0.4072803959864688128079 0.3069498856200577607822 0.4082161752186527770014
0.3742135595505530210048 0.3751761301823801075805 0.3967140002637839502064 0.3648563529410863703895 0.3147808998765888599536
0.3897501475143552718272 0.3828668215771846017326 0.3683865200767460490461 0.3839989267788188609387 0.3278969069979981720842
0.3393450624870674725564 0.3375973406734036896815 0.3453266214972038339326 0.40470084410985290857 0.3820092669590393064105
0.3009665878903287072887 0.3672442910738882848598 0.3541581591309248544519 0.3914279013998880896175 0.3662788820955963919879
0.3631338358564136781226 0.4251430462308188884535 0.4173178211230462730796 0.3618648193682980074293 0.3669275397201068877884
0.2911577244629270366794 0.3883731935745764474177 0.323591770462939132269 0.3596228062105388256775 0.3284392856352487677363
0.3300525714970287682881 0.3817962300660275309916 0.3446178925381570556929 0.3939475460967696851533 0.3585813129048430747403
0.3664614169554637479465 0.3645689636980277148481 0.3534389958414121402086 0.3157961689175369235372 0.3347684377240148778654
0.3808608593676604536782 0.4119128296607034167565 0.2744465928689316935873 0.3819353132534617500937 0.3956084439948723829872
0.3050033026142019987326 0.37902217774913060655 0.2884228893923238556951 0.3803901475521273001235 0.4006779328328088363165
0.420437610987841436927 0.367147037481453053509 0.409523217295706398744 0.3720334514926077473795 0.3356232512241965615374
0.3554075865555280655528 0.3502633591144536651107 0.3966524075596336573746 0.3010809982287449559912 0.3325492379530134989807
0.3563114264458523416934 0.3677051840444260366603 0.3517154644777067962202 0.313625935383551379676 0.3847946469090826604464
0.3311211964528590345758 0.3332195431370640337221 0.3224588551472430952849 0.3700779906611378899939 0.4057007156393430680197
0.3243997412789786927156 0.3559719309232190487258 0.3033244164474151460809 0.385655364270273248728 0.3803399752245059661782
0.3405496052528667050296 0.3350942847664966084409 0.3050884276082666546337 0.3543052399763140236644 0.30668845528361937669
0.3843946994170848729944 0.3351038459664224533618 0.3447306512691601931841 0.3263952266436603300015 0.3900571831505928455108
0.3712107736234304677936 0.3854377485677399906017 0.3658948765060178187625 0.3684085894700027119519 0.3770556233419911085214
0.3226486654230622530548 0.3113246595650246972831 0.396847893882588675929 0.3474362237476218417953 0.3908073669976020458883
0.2853111534425824546979 0.3937134601373485365272 0.3956292759190274122005 0.3345319934035726472388 0.3158194307160714919824
0.3685941365887302478832 0.2835202417069171421105 0.2713587633569549684154 0.3459626586412591353614 0.2934759046800529125321
0.3846542504106333359992 0.3603239492018290857089 0.3475300267971604961659 0.3672658770618305035249 0.3293962969906401028197
0.3477916477867673550328 0.3170942526266433691973 0.3953226384992002406804 0.3964440034516698574407 0.365215078499278089641
0.3865414791420884732531 0.3588385385809605976348 0.3374070206228701462869 0.3466585292017798636266 0.3183959603163738494302
0.3672009242332098244432 0.4185782753573439318728 0.2880049188694475681416 0.07032883351650097425445 0.1613108771296220267377
-0.2151516342340623333396 0.3064307166017474215458 0.2003653510870401499577 0.4343884552877798066461 -0.2679483317679369758224
-0.05589548122844573141421 0.4470910958249740274617 0.06907938576207468817092 0.1283023048336819904591 0.3995478539130870032636
0.3270772606240174296133 0.3729658341501674856389 0.4318841845941451262902 -0.1988127158634153957006 0.4012159936285277228585
0.3518080855108847160295 0.4738102453248154710685 0.3341327349727018503067 0.1887768959617253106131 0.301838809437192101548
0.3381834711889832867371 0.4387933750618575601266 0.04565752986042832112235 0.3759253257370699374817 0.4121178098532870537341
0.139215342213871690058 0.4381018783679512251794 0.3715684630278606181975 0.3455583446340267372854 0.3167200709505605393801
0.3949000464509730412566 0.364626226150280452476 0.3732265547281129469681 0.3546215532196360653572 0.3961296293283885217029
0.258455642787842665431 0.2441819296622927959461 0.387353527515017281857 0.4358291256486630516065 0.1200012858161693396486
0.3747123394771688653648 0.3984044097158174202455 0.4466900044074930131721 0.3663303323451964077506 0.3474961207789555861503
0.3103108721712638518042 0.4222392292824013737551 0.1931879426487834172654 0.4355975198918120572245 0.3869183972259634396451
0.3164270248952439357204 0.2448991313826862081804 0.1858617644218915621046 0.3555755152985493605655 0.411186866558857722076
0.4326224246934413653065 0.1651722449937506331796 0.2681493306097784135034 0.3928518001023866279553 0.3668192886569198729596
0.3506529168737140822465 0.3920055207630145921449 0.3803538493733317760181 0.2321903605755057109494 0.334167277158878117671
0.3990945757943532568035 0.2854650010069310628325 0.3380187997602460692192 0.4496335123370225894668 0.2855290125425450908914
0.2680237867638907700574 0.3862433421430354618664 0.2603608495109582254834 0.3357849760765969082676 0.2300446642280584430562
0.3415808930493897110914 0.3715439119773303322525 0.08621470731551654498315 0.4255210755714209369671 0.3966335408532989936781
0.316474769891575746783 0.4130809044193909929099 0.3443529912178543983536 0.3023073838446592165319 0.4443577414413576454066
0.3947329268306833394142 0.3288880615875605095688 0.281706735023088794545 0.3528318374964927728321 0.2908325211715946934099
0.3867116285564562994104 0.2875541187163547784955 0.3915411359988643091867 0.4079397398069443125834 0.2788946252618320076344
0.3901677645271756089684 0.2947855120529428440967 0.3700656571998570676385 0.3441461670569625486138 0.3757249873311272470033
0.3325743698907037693147 0.4037631955487509527458 0.3012151877733239557777 0.464235692297042146226 0.4408220501409104152835
0.4197374656548185090088 0.3598610947849016361566 0.4011615982892094978141 0.326766361128305593553 0.3314806561986915478535
0.3268174345876072584005 0.404994869249579225734 0.4328625463238170434366 0.3387682011208863475105 0.3205058972974965669778
0.3305291014776482461102 0.2779283156052078651577 0.4093838423366717438334 0.4445388360473266908812 0.2655789872093574643941
0.248037222597733475471 0.1906446481770871781425 0.3622988619951994504476 0.423413526232113424097 0.3945760902454388818761
0.3554113603714962876801 0.2752737122534912317384 0.3947451215381842515306 0.2821401624644761518823 0.1835717508855080892793
0.4246900152790015758875 0.3381830757943037890634 0.4316671149800868079183 0.3028618023443485074431 0.4373757871012036169134
0.3645479459530110433185 0.3270001248642830371516 0.3938200378085821573571 0.2914536022005327908779 0.3805821746993833243344
0.3700213692250259867045 0.3347501145421693524717 0.3980853590127129137954 0.3926502758978424600933 0.359768326976519448035
0.2484560791322351913646 0.3425112631735980905923 0.3409288926141028630568 0.1825568474677638497461 0.3783638445162044172676
0.3320123064297040849091 0.3343906084646602883126 0.3363637997750065222746 0.2967292668104423714048 0.3363585017992553605204
0.3883533902828217865277 0.4020075590213344485235 0.3350747581196256152936 0.3392089179980506963297 0.2875996545832629758266
0.3600369693569170914671 0.3760772934768775721537 0.3096468602722765584012 0.3276932408486165626549 0.4356223241798998224716
0.3862245238709239303354 0.348148170668087730828 0.3319193902227851600273 0.4306272223911706831245 0.3585410677656355460385
0.3883947429350448343754 0.3505040259822944648249 0.4753497870101643374419 0.3512841840731827924849 0.2912733655210555383519
0.3576791861163624020037 0.2725077815941502890063 0.4013821467307263635149 0.4121101781670558072967 0.3400311630021011777281
0.391012391636980372045 0.3470919099360390558395 0.4161498025544041468038 0.3819856026863185372022 0.3462837610681874234153
0.3282557917197401753384 0.4177894277705965775382 0.3559635139377012591488 0.3622495838730840356234 0.1544073646357380646954
0.1907166397314050687584 0.3163738682347383424087 0.3300344797362304016808 0.3771386013998327402241 0.4173674480317923207728
0.3288668513089408329542 0.3283969609231512931657 0.4099916788425093661097 0.3756026677501269062098 0.3762929747885010445252
0.3030835608097467992472 0.3241669506020319335704 0.4135120708621836671526 0.4180942894202236415069 0.3576185277502845760722
0.3705056252874633915262 0.3686604341098590476022 0.3559677853994085428013 0.3128867413290805643555 0.3899140311964468530448
0.4041391326592533861373 0.2530382214435008547682 0.3869028173673243475861 0.3917676283633155231989 0.2134627290382518360889
0.3649089881732223150657 0.3892911505515256331833 0.3378578838213940893631 0.4065446647681834058119 0.3608062291251903364042
0.3855093786984956083508 0.3425735318278467778086 0.4015812798473440414782 0.3752078778243042034291 0.2976863079875671225238
0.3098653066960058155566 0.388987682305164506058 0.3435959407286165445683 0.330764203210590634896 0.2515742590133529521523
0.2762148113996665266257 0.2770895879034381281691 0.4330935405221112977081 0.3586246537445505477848 0.3779730394182521657775
0.3649962511068507997614 0.3343216657194035823508 0.3676449315266768769206 0.3438570905699805946298 0.3790357049793119936787
0.3709198860027538846573 0.376231230440886188493 0.3958083416649840202695 0.2846309544678376490801 0.3868858678536871709142
0.3697546779377814396561 0.2486608575845859203657 0.4190101682629633894628 0.3592134380487574940588 0.3666463346729567085447
0.2662030928616908043161 0.4004726989406172665831 0.3798532285753497550473 0.3872511283190646080854 0.3003273918379855689231
0.3901206064331763090358 0.3865012707366047295388 0.33681506158500229553 0.3255152241416712222133 0.3111933728190909853595
0.3372762405513917705058 0.3202727882713420348715 0.4180479903503997451963 0.4071068362270443552475 0.212425854553176057804
0.2989997324492739694257 0.3684978408309631525697 0.281936734403822941708 0.4090044282770681771666 0.3340585883414610157693
0.4171936676060907234209 0.304155223275417219142 0.4303894979872862625037 0.3895795648370847796826 0.3992229982067287408221
0.4228640403051280305391 0.386964859652598358597 0.3522289175369114344605 0.3371940721953700093039 0.3318129355336382202424
0.3357152959680136383724 0.2667746252592855804586 0.3855527769923827730025 0.3836242423888835961776 0.3563054235244047518449
0.3450978876413207663276 0.3665757330623222176591 0.3889104049250700079199 0.3765784288224619524854 0.3483667744505668517618
0.325484654697565212178 0.3852635182476965014509 0.2286440673886364072231 0.3611579095516968540558 0.4173586563368911206418
0.2629244036562553010761 0.34566406550158002009 0.4038178281460552687676 0.3681288192297240136064 0.3241329896916872455037
0.3942422110681528812925 0.3807803699847725487082 0.350676799029879082692 0.289191285964717881285 0.4072587483008563991049
0.310368908455542436009 0.3789432493689465220044 0.3535316187179886604497 0.3696186853245229664289 0.3541520458755133549111
0.3743861069458620516315 0.3747835451201284584499 0.2364494575566875589345 0.3526189006352564714319 0.3658553141100474581648
0.3891935505455658139695 0.3887938875648896397408 0.3345218778947170457094 0.3299770932369385789684 0.3559899209266018105247
0.4212036368019475562896 0.3192112405324297186304 0.340838415453079079942 0.3904001654412472821498 0.3691711273199001497325
0.3979667105989017072964 0.3370132986739889924266 0.3843003263814044334623 0.3969095489181874714113 0.3871677847749228629226
0.3740083244968432363287 0.3303797057745198606504 0.3853986366243811190202 0.3216485360266386761552 0.3829763836630826756569
0.3370858424930357477578 0.3957802880119001831538 0.331364438546591311141 0.3225201500515698649352 0.3869309298011857634059
0.2344921777745817836891 0.3735806392974044820576 0.428991006195734714268 0.3654079259024028969449 0.3569000829806805441535
0.3576724490026306213508 0.353289641950716881702 0.32666405727636016465 0.3753848811771516857938 0.3619948323331683148751
0.3396046070915612613561 0.3551543142195872637679 0.3046348392047373287994 0.3928212927268601717401 0.3781102452254441748103
0.3591999281599965176959 0.4007999451718761152463 0.3409696981170973195674 0.3758698737623926700024 0.2048367035884698927894
0.3245496913956812390367 0.3167920403034747978133 0.3408014379820435424406 0.2892669472119966389556 0.3637283832468307664953
0.361235012673658151261 0.3164644719685402174392 0.4079574183653776331404 0.3873895295275238126465 0.3585726895883862286318
0.3422893220436211692004 0.3567356376860615907454 0.3904963264990248816844 0.3640673959738653375773 0.3685393230643282391767
0.3738851096847358723707 0.3825953845115108165054 0.320699935196428032036 0.3481863630621759297945 0.4042560148300672895338
0.3110889245971937833168 0.3863323531566622004441 0.3258812831964646439253 0.3739248449808145191575 0.3717294830145329020965
0.3343025707163123638743 0.3591252925264226125712 0.3593937691872288175965 0.3729157026914506345427 0.4221084988320401576445
0.3865616098094524222262 0.1627520196497953819392 0.3392020336164639493504 0.393089049075446339554 0.4253371268394828819126
0.3576523563480334955145 0.3874464185799030846447 0.4214890697741663916354 0.3987455916221882556982 0.3617272789378256914183
0.3760961487732855657029 0.4202496258353010660791 0.3757660079681025555587 0.3679605184521264060749 0.3328632984373161018965
0.3686950159975998508877 0.40705876145894731577 0.3320059142299727206193 0.403369330869223607916 0.355254139121165990467
0.366368928028690532539 0.3853667188479146243907 0.380293707657034130154 0.2941800519286648096795 0.3371378766424807382762
0.3456311138356550904938 0.3538493462145013146447 0.3628507555306327292399 0.4151244856846722508514 0.4012083585083950909578
0.3701514821738577376564 0.3025923621962599563417 0.3696670277780751967533 0.3819420921713522210084 0.3921358968635959563187
0.2892728272094641228662 0.350038341452609591542 0.1813544285094941532765 0.3986187494520916363427 0.316812968976297126833
0.3750193571050010610257 0.3865108006587557598621 0.3904332812738441349509 0.3957682986770962307865 0.3636954452143952298826
0.3388170124495757939975 0.3325927838989823359661 0.3600667346017427106197 0.2965878929805438879441 0.3932574322478940009873
0.3978966164884158440707 0.2720125259167497921986 0.3943694007161442360854 0.3551970166860969335687 0.3473220766551528559951
0.3640943658077271938289 0.3694297743596691718793 0.3319611695804622897299 0.3362054666377524703158 0.364308451260486831913
0.3612552785315676362465 0.3569283469682525411493 0.326163127349863635196 0.3484996916980847014855 0.4069742655156787791704
0.4275184438971023070941 0.3732677358336409789707 0.3522552103463767458891 0.3786941258552133371396 0.35292458224550227186
0.3922685252047499737671 0.3242421615575938331766 0.2984623252468709964091 0.4026787444269752103132 0.3953061303428586636954
0.3760114922414501403836 0.3557791411662573621832 0.3170018049892876499385 0.3378713146694703461925 0.2944200645016476491911
0.3624092915795261160561 0.3465821074305044380282 0.3671677996162033830174 0.4392936535016787047425 0.3273666151413786584712
0.391178881503682185361 0.377795387436957674776 0.4019458420197441483879 0.3498138894714947211284 0.3952828457005511664235
0.4142993451479647371016 0.306070601447843704257 0.3376566164690512628077 0.3871300287962359254479 0.3596026072436547815769
0.3819735156017357025071 0.4048515543589376042277 0.3859077177299042316072 0.3158523790913774775824 0.3559118223610377995669
0.3895419282241071590178 0.3758992737797616778828 0.3514741808867179462261 0.2923038360162636406514 0.3970460681650949119614
0.4044749422001241989655 0.3426629655050209000144 0.3462034250471421881201 0.368056860524847540006 0.3067953379404070313186
0.3775069860083852257837 0.3592101537522309762096 0.3739038301357598959029 0.3808339418240128670945 0.3379997502359382566262
0.3641136266534826249064 0.3435284287401829672604 0.3653293857601986882599 0.3718662413754711959513 0.3742917657233699735286
0.3276533189530290157698 0.3075681705161436019225 0.299264326086957632711 0.3670106276791611499277 0.3720984702761464535392
0.3961512651490826653067 0.2485388442396043728877 0.3679091483868432432836 0.4063795459899596784759 0.3152718034932872614995
0.2921540096281342591134 0.4167401434022012796099 0.3757385189813630121947 0.3606584378506275667675 0.3799776912403268758212
0.2862883124787078958917 0.3153216260324037123475 0.3525206456003514010611 0.2995069697944919839827 0.3798734675385443959605
0.2890101933327169358989 0.4060166358295105304421 0.2894666910530218628672 0.3665389793670273954618 0.3503325627071447456728
0.3571420598195985118828 0.3718602435507333270337 0.3397088120286580470442 0.3103259535943257430013 0.3218916382269955134277
0.3920792268437945926607 0.3666539134197109306434 0.3755431467287217439655 0.3484208482445599885935 0.2880000178156848500421
0.2096911626138159845389 0.3863549168839919834006 0.3792928157481642026383 0.3530582874280413507861 0.342922756855144061916
0.3991948144213895433019 0.3347460656374117160539 0.3171768775846781629468 0.3663635737004389825167 0.3846603980835253122628
0.272552686904474317231 0.3763835923555878260061 0.3155625215250650872356 0.3067314118212204898661 0.3532194448193805014213
0.3403491883499085712828 0.3732044650497743920603 0.3755074850849441370215 0.3488481765923085453629 0.2805285311994659691592
0.423910045098611243386 0.3656875113855634351623 0.3656334136053537298139 0.3619584490235602247665 0.3699465311133670608612
0.3597572092112694130961 0.3577053314301154585131 0.3396776870430907591114 0.3828229414134646235723 0.372185361400183323255
0.2653057657089029075514 0.3360411874652899366644 0.317786454785927319211 0.3732966985083864819295 0.4079305674580244178706
0.367974787191798713426 0.3594555198053729361263 0.3875958734655093884669 0.344124696914744954146 0.3589848881066250996241
0.3212710503475652568106 0.3508886070793536537948 0.4038542881088380553933 0.3718477021272383331585 0.3604356839394727285431
0.3510665337803361985003 0.3872196409597329913588 0.2891473358756226907929 0.3858794091200493658889 0.3710378858939177848519
0.3319319972168085497444 0.3147189981583984885738 0.3800529105962842102429 0.3421380807266380386089 0.3514656455081116570582
0.3074968112778157514065 0.3831777499135552988996 0.3482102155464625869996 0.3086803128056853084971 0.3992161237639735293925
0.3170495151163686964324 0.3754996185838771483034 0.3635531457465299154386 0.3519293372617541826308 0.3554460510727139310738
0.3008850473191815311225 0.353363748512967590365 0.3026383154343446624246 0.3634642260452450313046 0.3595401411393483459555
0.3559557832671857435791 0.3833187494472755085795 0.3746117779326557095665 0.349475368597475910537 0.3718580755750325317344
0.3607748231024539009582 0.3930461435205570008833 0.3459932426822052153881 0.3904744803291115839983 0.2748756368416140904998
0.3420797659759503561716 0.3834174307635906941982 0.2525513636157028507512 0.3077452132085677916074 0.353826710458043869334
0.2906336862957818456543 0.3608742659354736703747 0.3680209362400975181551 0.3594276986601707135627 0.3789162358586848355912
0.3733469010064556781181 0.313749196928171658616 0.3557865142750192832821 0.4009994708239755789592 0.3497170758196794237982
0.3673803409377078277309 0.4230640308024836149237 0.3709227539958933062003 0.3175815059222558689456 0.3216682572500702552709
0.3481433998065302515279 0.2768464790172226464016 0.4042116814602440544313 0.3599855341593924951127 0.3101870680569438487595
0.3980356136659787269494 0.2620110361532517195826 0.3476152625237656224044 0.3810992422575865679057 0.3654660370280172765334
0.3746718736754903189556 0.3684157974795226331288 0.3614069476537955516449 0.386228187796587463243 0.2459138205926641451704
0.3749612546458647721614 0.3159566051502695760433 0.3452145792980810257156 0.3345659792470425109023 0.3955725585241482988863
0.3342339631431414104235 0.3221247851483414748053 0.3884665495967749015982 0.3285245229733227412261 0.3477385786173347037575
0.340049117935513289801 0.3366497944934223607305 0.3840939166810264926433 0.3763535872180054919767 0.370695165398835846382
0.4100450006501845656715 0.3258007401374086731138 0.4120960688064535526465 0.3559097298914595253194 0.3773965634236727817452
0.414343933702983169276 0.3942766256129640045636 0.358377364230423489655 0.332896479758231556012 0.3622171162971902780292
0.3652943543121793257278 0.3240608063905870972476 0.357561329097290492296 0.3794899531507937573416 0.380219673512170897034
0.3591783177060826059979 0.2986287457484834151344 0.3354272682442835384897 0.3783303906240534364436 0.3636358917723962469459
0.3425510935298942682969 0.3511605343567166248597 0.3099521293795942655791 0.3511421637564041131618 0.3536361920637616229612
0.3802486561854331870158 0.3600549358552623258056 0.4052154521182402824309 0.3840713440569512582279 0.3594717028741198361352
0.4077785446223838317081 0.3861478714346512908229 0.3805532676285698356899 0.3289440247537799288935 0.3273098292382664031841
0.391022367349613764187 0.350559220224839651614 0.2411181055711316689738 0.4065995836941600494185 0.4029285899015737637541
0.4779613698306474089961 0.3206080607363248069497 -0.1890182300289502681512 0.3593687587703732755351 0.3707773686810050262075
0.4208803166857139621548 0.318718777365737393481 0.3912179605413435012906 0.3859491097295570938286 0.3360724447464351616333
0.1925149255046299523464 0.3236158336503731636213 0.2562126916435751855516 0.2351529337830606525284 0.3020941092039290953863
0.4413535946259355413623 0.3820855044896909746832 0.4518621568259763576769 0.467822710888695425524 0.380557855610066664287
0.2331655771269052490613 0.3933596499040190597185 0.2780359622380597639513 0.424948199892197231442 0.4179449305256148772258
0.3749772272472542411492 0.3082404347567564983912 0.3942240358257252386132 0.4016375448604888043214 0.4067064974653768483215
0.2651116577996016077101 0.3202919932205584019336 0.4039375893822028662505 0.4710992076542194206823 0.1499018806916291024489
0.381994401190018817438 0.4075742319642464694951 0.2504621406442681386117 0.1927750226146170697827 0.4294914521874529933498
-0.02302163324406517747045 0.3739370736718321541758 0.2939377671422174764793 0.2947822256293429754592 0.4290478932129590528
0.165319148772014257176 0.3820640525872659454265 0.3566487380639429827234 0.3672578815125745466119 0.3410953162609466349231
-0.009644866481926231763233 0.3984734711259570461017 0.3450834647381250674947 0.382825987191131977827 0.2129390919098850254443
0.2458871228951660659057 0.2243111149353506361681 0.4162207888687107226744 0.3336077480141558804227 0.3609602201400505805395
0.1029669880770660433944 0.366038754623340845118 0.3176915212269852961668 0.4626985781823041432581 0.2031550914283087039269
0.2509309514571259058791 0.1034275431941837491978 0.3873106100574580379359 0.3069461601415725549025 0.2986524410033511989226
0.4066383023463678858533 0.3440927396924537418066 0.4059529322315937327481 0.3634015813043504072866 0.3113243605027392058027
0.3005862464086683782938 0.3605519483892593024521 0.2682787225253012719506 0.1903753707400043793108 0.3412306613525278864429
0.3252643633889322760666 0.3369235627369751018279 0.1279946016560475907653 0.2993003323398906734276 0.2154554645851759209219
0.313984355232791945145 0.3950449478074792852844 0.3567344025853510514068 0.2953525896681550855227 0.3219161510929026137617
0.3056887381684023075046 0.4007250713914176087904 0.3914075013544525138975 0.2556773758791632822351 0.3077892565059952012518
0.303759078486808664632 0.4171531538694198681938 0.3703591092325378975048 0.3783074006359910534947 0.3351558008334014071572
0.2708543729644517505939 0.3141810138852104139495 0.4619066595266771435568 0.2823505408621153067728 0.3170007438140325373155
0.4224523988198795043658 0.3537564567566689466283 0.2751576695644124548323 0.4250197332614125689254 0.3543347266284853636087
0.4472885935192343342948 0.3416843446322460065012 0.3256724862775449702568 0.4028213572080662219221 0.3726636732082642677888
0.3211515947359435685371 0.3848788806368161896643 0.3661949999644440456592 0.2276802573399743234717 0.2661768414241278968291
0.4139354162903803313611 0.3907672325905200971796 0.4128383780464615071537 0.2299215953594663797155 0.391436083517887056793
0.3682822066822593054525 0.4126470160637193962394 0.2930699119840271538173 0.3774652630496039273922 0.3859642148149160512105
0.293213560515326987499 0.3584660254661237721585 0.337359846445581701424 0.3436628559077162248236 0.3931605843881322281952
0.2216965272724683022609 0.3374276902006151379609 0.420410389792103766915 0.3630687855075369618874 0.3321812702120737204048
0.397637230200152791415 0.2216381575158692940342 0.4380619809990932700394 0.4305472908305779111693 0.3779421386557607065448
0.3288270700959145531606 0.3987449339962944039328 0.3779540635702322015632 0.3432210221818448037112 0.4088539458694362416225
0.3309018166490266810165 0.3926078215833162521342 0.2243092384903360159143 0.424962587584554407627 0.3445930126916506575085
0.191608045162148604712 0.3546135018611804023969 0.2749877610837044850101 0.3505926046389069572484 0.3856950744723631196997
0.3668258570608933233359 0.2619740369741361818434 0.4179735264410464057327 0.3601549026987034829439 0.2466330271266582441214
0.4103462419401221472626 0.2913911222435597303537 0.3467409956984411900649 0.326201524219338456767 0.3434942325161515763732
0.4087417411537822564682 0.3357190455849826671297 0.3578070632922639160434 0.4379670419467865394303 0.3256304813885638194115
0.3583454208124447482042 0.3542646139069555166756 0.4185281156923304490824 0.2970751551948668245373 0.4380559385911568792693
0.3499599838155961761821 0.3747847723954134124824 0.4038512918591824485404 0.3971117126757869320031 0.2779733712307013715481
0.3822129164958041891431 0.3906448191246191248283 0.3693479508576075764914 0.2966436261574862953694 0.333349418413975473463
0.3679393904635276379977 0.4003356906644463530931 0.337512432323075539653 0.363920085148286331922 0.2681601829595111063931
0.3744971564893296855914 0.2586362491876880720376 0.3736322042794873454774 0.3210547837311361063506 0.3802157322449393750396
0.4185810413001846419512 0.3258337514686415747889 0.3076044430784215522046 0.3116098155893158305751 0.3942394472494194501699
0.2003945033191436297937 0.250085209995708546149 0.3781458618072546795652 0.3915151623673301384265 0.3538903646623426935136
0.3740108726799057925483 0.3283204809288690628755 0.3546625159257342230212 0.2789391192972531796634 0.3890552071588658789025
0.3450960037204448549453 0.3794146383840593661496 0.3632105375603468244705 0.3626757195974051328768 0.3227113458816714408606
0.321941505177992248754 0.4061474636729220932807 0.389131899780674861411 0.3386181750544039470441 0.2221745003881730740058
0.41091091268105872647 0.4043298003716488953074 0.4205053411172351984781 0.2562798929461767571958 0.3820390746161703710015
0.234118374748575830413 0.3325759351118551809812 0.4340159882971722504763 0.4035044754078275230924 0.3309176542259168463112
0.3875236201534673630142 0.4150032725069392469663 0.325611662505704557713 0.3498178706006097593573 0.4020815782375589675368
0.3477066322929612818271 0.3900403113244011454874 0.2968736793431195897242 0.381472161209538751514 0.2334681053421031327044
0.4487531570866197805358 0.2214326972059724452091 0.3039481539041893332076 0.3959441270309617122436 0.3925976861833669895319
0.3928865177771537764428 0.3514109923085729780823 0.4113749911187167818127 0.3974383286465059672565 0.3900545279612563920324
0.3684418653211938843306 0.3670086828581607396593 0.2017515904535656656726 0.2666052963131579356393 0.2938121613174157209514
0.3770126531561531768588 0.3265363977701861153413 0.3681218739941312101394 0.3777421702726136421013 0.3439897667405168446564
0.3438300990721290806285 0.271956332266221012528 0.3822295762605965041558 0.3710587682944136989072 0.3961399067067343793269
0.3505036799183533502422 0.3649837122362829533451 0.2602005079485499305925 0.3942393264106868744356 0.3907992346218722712337
0.3836386136198386975771 0.3484937124083934967267 0.3949966387303453507762 0.3530289868073864245623 0.3669218382769931507958
0.366989449553567603779 0.2676403321934802681525 0.18486798696136080844 0.2318585058335211335212 0.3826114548372998025449
0.3517340486997720949702 0.3628466422065702579047 0.3174686232416376041598 0.4017791371267701583392 0.3578298490376597418283
0.4343810168356785350596 0.2587006328932144327837 0.1919468238989935904293 0.2266730033413220934957 0.3867701453715218784524
0.3127485206669061712503 0.4154983512466688400089 0.3367592920958902835693 0.3945018129863224753962 0.4256285947564816818378
0.3639889305782439410386 0.3273097558734067713537 0.3777297170754694288775 0.3743434908266193295034 0.3869994757163987553206
0.3845485319984570660168 0.3806159283992218700376 0.3431077307333705306291 0.4149383347321131121355 0.4361521914238412622744
0.2054772821168087959531 0.4184974955618594449902 0.2233575733769499749304 0.3554488852947043087127 0.3802053946605751799659
0.3367454803308783661819 0.4114469048077604163005 0.3263913238572561104078 0.3747105635606103324342 0.3722898630376959561161
0.3599293394562407821802 0.3640089655320976058661 0.3751507519369270959864 0.3316244503675481181126 0.3957997921040967703732
0.3908725668730604341228 0.3923041356394140199981 0.3359335917591281250871 0.3633304518654137393874 0.3608061021316920080615
0.350004307501606382047 0.3690167908763469784006 0.3695136749998641501058 0.2183330470068300110942 0.3701756065169574672069
0.2970931305095249053139 0.3037872070868576357405 0.357922940387060295464 0.3726316755032081373677 0.361894807020823383592
0.3749254089542172763139 0.3652650647713838738539 0.3222096405436432609015 0.3844178959021293806586 0.3630980664612334929409
0.1365431252772859316291 0.2816275186873466451765 0.3811559126284616016989 0.3659501916780354968672 0.3503725403548186290159
0.3504924425233352236475 0.3867452164860735175367 0.3894089192814512712104 0.3756524921245367742983 0.2891136873554967512412
0.278510953671782635066 0.3375484969766234799593 0.3663501324435923245382 0.3933545387172381335716 0.3236385574007947796282
0.3594368505777555400371 0.3882308447443898469231 0.3693785464136672969104 0.3152766434591843247581 0.3899367454862437964991
0.4026370519872932707273 0.4342762872799127982226 0.3684492942041652230323 0.3971126595899552857993 0.3689702790648670127638
0.3650856440076476472356 0.3949023956296828230528 0.4027907164031073738997 0.3505590511561019750886 0.3194076939605771103814
0.4013394400650358573301 0.341090929167566447866 0.3857351720890814239517 0.3709652130535985303794 0.3951829426837578096432
0.3430863198035222771942 0.3805994993895838729436 0.332913547035547596753 0.3541302502884058345245 0.3845555210906182463937
0.3316585398316752586467 0.4010661131037380755515 0.404505765732634470222 0.3937022269415675346238 0.3606657559379021216195
0.419940351194337035956 0.366961048355101127072 0.3582834667469373401971 0.2978768139352581667545 0.348885363701533224301
0.3643282237148482982647 0.3092554292842491503457 0.3741354186249746804904 0.3112577844831660445202 0.2846771954698581463816
0.2967849283237519730783 0.3706236189247082424281 0.3708655223118704213903 0.2862709715347417915865 0.345565574692178079097
0.3740139475696838133878 0.352259272014794289074 0.2955058901547456540193 0.3938286665660976626491 0.3945545679272227657108
0.3989662051521172259072 0.3780959555256679927027 0.3819285581850911936996 0.3522424936966039865638 0.3690513522674961355285
0.3933238946770835631206 0.405335294360191999985 0.3662899396784350392053 0.3231018424512731579412 0.405516347605507643248
0.3760121693577895274352 0.2817461859497628062776 0.3685426448917131780902 0.3124210633796685732122 0.3100992037006662926935
0.3787671955668646672777 0.3541886267315894620822 0.2383216024897835405572 0.3344008027895186141443 0.4070614820877589412618
0.3642826241369505613221 0.3469217081228357923983 0.3418828456830738660166 0.3326028733636011702757 0.3317290826436373740727
0.2794565830630657554678 0.1843881067241443516558 0.3838990223816477476149 0.3434827544855086900455 0.3348494782761141652649
0.378999787241606489463 0.2900466937268822986695 0.3458246242100501133265 0.3658566037541414184275 0.3425939994476092653741
0.3526782853272286688551 0.4200445377394239065971 0.3513767201344886736969 0.3156320997365699154713 0.3827245222042223726788
0.4195387364145286013262 0.3214657877096063764988 0.3194698785609162428045 0.3455761734878772806212 0.3620556499051905685604
0.3845728746717744228611 0.3610172174411592216359 0.33436829306014992369 0.2474763361331726863046 0.3691246535729453825958
0.3485587151558104945792 0.3954936437231172385864 0.3021272114193822577732 0.3585316081119693243373 0.3618283164686504904672
0.3504234117110540114304 0.4014474772158388993226 0.3543658756714051505377 0.2955373132558856141827 0.3115128960947753378186
0.3283989427803870042588 0.379759358256149814892 0.3555842364617609607791 0.3936178970201905658044 0.3922137274573774812225
0.3728576313173369571885 0.3208381699057382130391 0.289153655821936306225 0.3306352902334558918618 0.3231662849784022739641
0.3760210389502754435576 0.360841390217379209826 0.3850748545746091600073 0.3947154515476217762071 0.2804191798665157664416
0.3412519498854782451502 0.3703030701643593713968 0.3275237190959306432525 0.4499351453754676377628 0.3810422236218053426704
0.4039704324003307034374 0.3691535194580093381944 0.3771748093725276196331 0.3666438241540229125981 0.3799385043875327938601
0.4027636725318050614497 0.3342517227072472896232 0.3735816187428714907348 0.3404824159667810268282 0.3159560879757394302736
0.3331407313162344507873 0.4081384276943344491251 0.3479122032721668200672 0.327337478047938335024 0.3387162728986098936268
0.3383317250544556342717 0.3548933345498249680716 0.3651305128028781155081 0.377140695284568505663 0.3422845963632189514314
0.2994365387161427305429 0.3663063040764965583307 0.3945822850050098029584 0.3213735212787484085695 0.3842495363149182052709
0.3937938697972521162605 0.3710021461494389383162 0.3414913806327977696675 0.2511638722526657874212 0.3500284610104646976225
0.383597971940862425555 0.3536283989280852857462 0.3882217140465707982955 0.3385316073795376357047 0.364664433951540023493
0.3563250914516704059842 0.3331081517555444237999 0.3665506462094672013308 0.3449695454281731521462 0.2770328171468323108506
0.3688859830969112296728 0.2804964239604461062605 0.3572079314112992509678 0.3489522832533556995216 0.4210073301125685785173
0.3507965510332082259559 0.3317607110158500294261 0.3793790342934525994245 0.3931514602112932688094 0.3303106245968638332577
0.3357339247201434062617 0.3070153517142437116227 0.4129410468986333682118 0.3764674108557569121025 0.3192660426964583630927
0.3878397872258138590063 0.3300134371602660432465 0.2460745319431346667116 0.3492630156521108752976 0.4013275349335096442438
0.3351575204608855385047 0.3330507232270294437626 0.3488417582956929718918 0.2997411578806304932598 0.3187036850757452577376
0.3473753622369908922174 0.3600424064477020236197 0.3376146161484324670354 0.4022666096355230203052 0.3888061329277200939281
0.3218490350171467895279 0.3981846094106877842478 0.3361888082295771962293 0.4155455101592964717305 0.4236840173901553208147
0.4013201117196343870042 0.3981754262573299341099 0.3784960159802767121207 0.3445252847817487640292 0.3956259515689740102751
0.2483806608282896066786 0.3506907952767513436676 0.3513578210423930481276 0.4218609651262172910435 0.3643283859979522532058
0.3132214826850874822561 0.3498860087792675099827 0.4337047189870232299924 0.3340758120788847040927 0.4177778967661254228005
0.3051157635576576265812 0.3423886595446922198605 0.3564231824917032942501 0.3174328982079144823025 0.3684205931848600346079
0.3074962429039677647147 0.3507443648675317438013 0.3796539233180870609452 0.3606605105970931979265 0.3867729637780545348669
0.3818114941378452087406 0.4172383704470906673478 0.3609171051816497666209 0.3791382958549708859231 0.3515388688703915409661
0.3456788480066298463456 0.4193519447081600071137 0.2812558951069215606999 0.3651400947791293982725 0.4037057125757200770622
0.3443260513537754197166 0.3307282704340632761841 0.3404312797778971666496 0.3621893857281711648355 0.3638549125862525213115
0.3699972837213257870204 0.3108411074001846130521 0.3272445598657919285657 0.350656465941106110229 0.3509441695001874750304
0.3970209686919194402854 0.3692492894502251155053 0.3782846484102884709877 0.3594974434258423334754 0.310083268811896684003
0.3544158068136420980387 0.3930299318225116689263 0.3795362199913507317284 0.3840795518878664105422 0.370094977653402823492
0.3703388782719358451878 0.3136655478407200381419 0.3471800283270677356384 0.3323657888972920138038 0.3755822277772840056542
0.3898987548313770368225 0.3086102693335380786621 0.3149692023486051484227 0.3473902380149870849912 0.3709244967006898319184
0.4160590346241977988129 0.3370522473527440276975 0.3607848763324859597823 0.3664577391092640468173 0.3769818651949580767813
0.3657015936871801375929 0.3910113834202590954447 0.3561087777963751754839 0.4230048400812260189774 0.3500352127165530236041
0.3906759173259836681602 0.3436469756871337599691 0.3160792592326810979131 0.4071248916460888378488 0.3380340412635821079057
0.3852688692735365960651 0.3572660630583086027734 0.3261059630659430275124 0.42034781650696051436 0.4008760486454239213572
0.3375775626980886401363 0.3276425945312971266254 0.3526813988061854310274 0.3528648137724211819588 0.369606968799735258191
0.3304851753984335283043 0.2360694637644417948064 0.3337055348075089744597 0.3381198319585640432727 0.3891213889534635428369
0.399107838827206184984 0.3658816369684518843286 0.3226098011122635056402 0.3849850075894671874721 0.3498557360278425898414
0.3491227720577422255488 0.3697110791180518440946 0.3724935182277294143383 0.3123724896490803759619 0.3001448158569766655468
0.341653610900782667148 0.3844048656300638744376 0.3865231627823292881452 0.339611356874980452325 0.26136711341913360096
0.3997026104529236012475 0.3164706916343779097289 0.4038692157260375670269 0.3517234696464207610589 0.3559080288796690472175
0.3689156909503793491112 0.3794534094398400725368 0.3700194072295022174046 0.3619164856070147262557 0.3766698812069452229068
0.3667036284166427795306 0.3748850631447867565171 0.4213633408394939494634 0.3410326828844627566895 0.3764887229304394455909
0.3126153970710188190196 0.384850290235227598945 0.3562180252393156720814 0.3552430478396798596563 0.378633143762141466393
0.3414614476494453043642 0.38028187431514021144 0.3709535387854069332647 0.3763794961155765284033 0.4090833858286527791037
0.3623105744765476310398 0.3916374493317257843294 0.3705238892227630254084 0.3838242629424954976969 0.3534647284465379235563
0.3260255003888633540399 0.407580805179643568259 0.4018399314558218637927 0.2908917589497070910198 0.3792995106318193809791
0.3457392672505509301217 0.1991494314133147869317 0.02459511162705113607174 -0.1776839775953163724775 0.2751687947968601832827
0.3455278605336785657798 0.4125329177329214447312 0.1224935388893552551393 0.2380173602276706712466 0.1702425003768543720906
0.3749852061388682100684 0.3643119532148759720513 0.225402464669922114604 0.2515996708399396153411 0.1570256767956770549421
0.1496069480861817735384 -0.2771612514073616972965 0.2909986261470845492205 0.04308410794602301335798 -0.2940565437303671592062
0.4051425251799151694421 0.3801282739186819248367 0.1379756622186955328235 0.1762952134453958652482 0.2700765696888880462723
0.3117169696690659796978 0.4163781276810055165249 0.2235530507909420094848 0.3064794144251700713788 0.2024112162332346309679
0.3348349526350164473421 0.426921292011281483525 0.3949685989631990801207 0.2823794891369288961869 0.4055926617507769060822
0.3315512832956714062149 0.2808254347081495794214 0.4110299173738832245739 0.04701830029288920492769 0.3706312750348750295615
0.2953542975122993019532 0.3744713764867498295708 0.2217915493818423955386 0.4265817233588791723697 0.4043340456787558045981
0.3029251054754255600976 0.391517515288228368231 0.3508245265601379059284 0.2042460241044994351256 0.339725642191176513407
0.2328025186345098196394 0.2725495682861360235982 0.3700102322560930856454 0.3700748448352052522026 0.2641176053157107683766
0.2638881772110741041892 0.4021000583611769596537 0.4017621425727606609968 0.3271437273049019323068 0.2189983864490311626927
0.2919454221410112126911 0.362349821733761956466 0.1004929100056208418623 0.2478293943234595453351 0.3288573893987534746408
0.4236121880216082713488 0.3809671873465675373538 0.3058230590000492465919 0.367153830974192907366 0.2977961940331398937865
0.304790065644873930939 0.2207603782926580160417 0.2753953377843975092176 0.2767833434884003906973 0.4721095133319571091057
0.3309087694696851711385 0.4361669551955578705282 0.427006871845009960964 0.4024374771411272089239 0.2612614368901984285287
0.4315576223715885118004 0.330768011624720859043 0.4373688925698675511455 0.2317348805407385137212 0.389948965420170490237
0.3360011672957619599522 0.196020196167084215233 0.3143694384224626769964 0.4248629140530282843891 0.4211511600342541239428
0.3057593344268153545684 0.2705718759810258888798 0.3815487716368332060668 0.2290121541177015107582 0.3603195563667704326427
0.3498623253733448845715 0.39771658324252900929 0.2765417492395300658181 0.3020856920225857833451 0.4284054837059745324268
0.3226427464977291714732 0.3859634598736943478237 0.2271831055515981523385 0.4125446296429278736362 0.3153541241026808772396
0.4244736220056813946755 0.4261553452477240822027 0.3605299476616328213652 0.3681120454550560472384 0.2459466142366333041291
0.4288953140401843278084 0.3845351254931763662626 0.3449595849283333404145 0.4310112434108681056522 0.3254971606264018824106
0.4061980531251289661121 0.3982526889762164623576 0.4346822148593833534669 0.2996682840265133540569 0.2872981948206024260806
0.2334097407789336442452 0.3939725388243086601214 0.366126860847840351898 0.06465544488307693737905 0.3937269226568842483971
0.4253788998197559068082 0.3796643049082644716385 0.3654706334875006956686 0.3462403926182383573362 0.4046361982186021943875
0.3863784513550628796352 0.3764629823271976594157 0.3603761949031764055817 0.3065331052742205075745 0.2467660288814077229613
0.404227353535773936688 0.3500276320264858465059 0.3837180247402863231265 0.4106782023984434926156 0.4348791897620065127761
0.3318909566368104524514 0.3447295233210619369579 0.3508674643773592172202 0.3861115036652251752969 0.3329337189548754460944
0.4214772919454374822124 0.3430380304452026463125 0.334586795651588220224 0.3806081954317481752526 0.393837231668336007484
0.1907238528233280439039 0.3399803495372475947711 0.3425658531367152814795 0.3245760214158011081054 0.3077569046117982765054
0.4390918957218849505431 0.4147444266947257762723 0.3991712177957063567568 0.3293580869235331332057 0.243370518026413157342
0.3032677526387353994508 0.3420821175433334526694 0.3713936652233575941295 0.4156419469862589477493 0.4010359348880962460093
0.2777571117663591437896 0.3183914875760577856134 0.3246414055090333650178 0.251492365588305510915 0.424394722042036709464
0.3755856724524860301706 0.4115087490037772077756 0.3733799151241060654272 0.2904569305078738561399 0.4117133691293694552904
0.397707959037918945544 0.264283186319219876026 0.3123065241475670439364 0.4139380780652957558807 0.3716457806959283516335
0.3522864049270857944585 0.3652766051235198374592 0.3219742994962617732568 0.2879075897913073722734 0.3732583302301931693634
0.3826936256795449575741 0.4063936927058172110527 0.2921802440595102634546 0.3336487812664184482436 0.3250316165383719257953
0.1592094545233873337242 0.3673020659791744746414 0.3586684775728130603056 0.2488893557819453206115 0.3168480102264407127777
0.2699384956102485744189 0.1723691704644105260336 0.3432604825471994858255 0.3679108015498123718245 0.3950745345492884252891
0.383975706652687709397 0.3201741061998236159702 0.368214615381667942362 0.3667383673185117265447 0.3399745916385631394618
0.3825586356949915445291 0.384183653790402424022 0.2901277308913740027307 0.4004400576887237606094 0.3709604159137276924163
0.2262945065343673622937 0.3091024928746765043641 0.3293658408823856853509 0.4266358052085238994344 0.3437000905585479992865
0.3767223178230715285864 0.3810549909922449907107 0.4032380225387395822345 0.3767398153923570691681 0.2793231573294837621901
0.1963269360153805098701 0.4258949233743347662084 0.4005625716431923666327 0.2340094325150011700387 0.2590913666295037720566
0.3377439467225481495305 0.238165817780229632783 0.3520957067931166917241 0.3188061601329041372388 0.3014800858481411771628
0.3999254829214881068467 0.214107040390660030571 0.3084190571319407325745 0.3612376169251664825843 0.2654620515013494386203
0.4496127785326317627401 0.3925366781382897407582 0.4240318179171008172723 0.3072196349095450695899 0.3491854965671425392593
0.3925870687880091414179 0.3777465048037613182252 0.3128095335712142710527 0.3300982341055784252681 0.3975847664188126850959
0.2427011014771206787177 0.2020461077941024530258 0.3222003473748092372553 0.3974338307589365126837 0.3124767660927684764793
0.4019215243328225217745 0.3375621083827569646196 0.3503060582742175133042 0.3434105470547269556292 0.3992032202603833512811
0.3395424928934366870514 0.3686566307786188212425 0.3744539503490115217588 0.3812441521036925018429 0.3946925087826226863363
0.2472031224944103156016 0.3312046429496212085475 0.3056280529469813656007 0.3610004563865051308014 0.3842224216304150896661
0.4093596961319323490613 0.3765025573575742634524 0.387920642033329599041 0.2548952871334315140039 0.369402062411091969274
0.3735065360495216646441 0.3259343432861776523879 0.416630907578059761498 0.2920475394893878307023 0.310882938521889640171
0.3472949468904213965459 0.3938458293693564704618 0.3677528726951238557952 0.3565987436056071158141 0.3612065768840487245406
0.437816329082047706045 0.382108200632750028003 0.3394369193964617559267 0.3748307915784337418508 0.3763937254690035150162
0.2148244130911251270621 0.4000685733063988336333 0.3839148189876803729526 0.3553394928710090772128 0.3481792350714817962931
0.3876791709187983325791 0.3504412091402178131005 0.3865823092120884152401 0.4169355433865939986049 0.3051811700349553180267
0.3604352113662548373618 0.3591014273193583461463 0.3724936760905445121139 0.3179932327033543892902 0.3713457283629272298597
0.3492153274710001475967 0.3211526619604520016438 0.3495054337928562016025 0.4173642831453125978669 0.3468821430112993819961
0.3336959726496040445909 0.2845077428265891383852 0.3538304368571659752618 0.3936952161886305701088 0.3630105450720177984181
0.32782298675901538898 0.3892087830368944900705 0.3542185053998824217913 0.4000929196759684947082 0.3304664843944848939827
0.4034461737651675594662 0.3707044796977651546221 0.2928391662795689631693 0.3373895131569802363636 0.3679009184097363216459
0.3213523339682571866582 0.3303875606909276174683 0.2617902738966518261243 0.3686577145706680935788 0.3381616329214230387556
0.3967325826887844186786 0.3541157744169811660839 0.2672360467019377350262 0.352872080417629296889 0.3367639675551667433062
0.372593053848114086346 0.3964618121874781686564 0.2184598795613930943826 0.3598014867551595497019 0.334055364686545674946
0.2820806542746843725844 0.3731978030794319556307 0.2485076427300219603644 0.365147293382407811535 0.3774016346413688327566
0.3507472286977847963918 0.3733806611756105287014 0.3375373545708530431675 0.2963442130188815859526 0.4139590748705766487525
0.4249678124986265292939 0.3880876181865066665289 0.3845028884432487581435 0.3269230409689077299085 0.3369675152671460782727
0.3946311738422303982965 0.2851622923126072572941 0.2410249449701007962155 0.3787505832813253814351 0.2772517909993265083912
0.4032705277434190382913 0.33727592603457595688 0.2695098311936230950359 0.3757528059836636735724 0.3564222038567770312056
0.3778989143613101786556 0.3376301811096725224992 0.3338362747020841569956 0.3440307564613520607821 0.3625523914560144222996
0.4143396813013217605537 0.2750162007794549334783 0.3891715825261318761896 0.2545855119637620567197 0.3568992861503567648462
0.3171160095048092264491 0.3104664912421197242587 0.3696732321322566128252 0.2889232034563176676478 0.3868494306284131489804
0.3939649537579314464431 0.258355521617263828027 0.3382170163565726972443 0.3491138252961289989429 0.3189463820046252173768
0.3817439215941320629355 0.3444261907330886107736 0.3854873958131613265188 0.3360448466035653725115 0.2077443680834689110348
0.3600977812444323689078 0.39045620187390400746 0.4009317722884108148307 0.394029178003275915021 0.4336078470779591853557
0.4039655099769088320016 0.3456938002553873734435 0.3896921850406638854203 0.3857950841406522779486 0.3360200259893100782627
0.3455238166730287829864 0.3797572665823997217771 0.3185467419777967545969 0.3470834768903496847514 0.3188410707354815132319
0.2966751338422996542299 0.3930384829994312267942 0.3612022708373633372858 0.2506253387061830872895 0.3992902287922568405065
0.407724841933130022209 0.3565759239650932999055 0.3078352622599127563774 0.3593716090885599734328 0.4075649361560545469452
0.444530375641848107815 0.375926520816171394479 0.3563081902366607711663 0.3795603056755104676157 0.3576635914942187799426
0.3950690070188435099041 0.3173265414835521602832 0.3267594677698331118165 0.3023536970755947850265 0.3778804625093190594498
0.3556846017129054460248 0.3844471253300292268307 0.2120287208251077915033 0.285553973404919336776 0.3378057288648596001579
0.4153360158711431604495 0.3545068827927689847357 0.4434045457928983968721 0.3323762042995418442004 0.3520301670381391079268
0.3884753711423427624538 0.3314572641927995833022 0.34156237160926405938 0.3431388633023487177987 0.3103624216779287126045
0.3892022918489896343708 0.3781814135625738981794 0.3764109705922743520645 0.3038139491163640570903 0.3352809868759881739564
0.3096091328523656316385 0.2454203566037939376887 0.3730649942760818627008 0.4094088393181485874273 0.3060953079448042180033
0.3506328656818913924731 0.3784575355425219833627 0.2964233212343601042704 0.3730816693191568167443 0.3258725852382662324658
0.3838470288876583702553 0.3526820251804364536596 0.3731419016360334461879 0.3397683902369811326238 0.3288427174259652141508
0.3092261289440260685346 0.2972107026402264762233 0.3853568050385021148685 0.3109338677648555981925 0.2806280597001769572252
0.3782748318771263495996 0.3504401683904249109602 0.3537964114234471990628 0.3159421781442381393923 0.3532530511085661961701
0.3566474553965584548543 0.4228103641501195775199 0.3573776982675044289195 0.3355570884554583965809 0.3125264677931440249203
0.3742700574579149175314 0.4011820682481373467887 0.331654621160530238555 0.3747489150987893258282 0.4270036753405334617462
0.3879288242340919179441 0.3685561028734187227762 0.3752201538424073112843 0.3622834759553338335181 0.3546822306496512089424
0.3135429879328185398535 0.3128639228406037697816 0.3991707203267753079068 0.3969142408437407731903 0.2901565346887843843682
0.3742309042496632653929 0.3794676864382154346522 0.2673905682661691374236 0.3129938464768249328785 0.4078801587272125050987
0.3239719487412539011828 0.3757637325515607584769 0.4021289226331279387239 0.4192737564895170354617 0.3593295818411522679625
0.3423808930415276341463 0.2827503815447222068613 0.3164607652352258715389 0.3820536949407413174207 0.3819788880251948071098
0.3496256585843298680949 0.3494173904093087479339 0.3520013771742114827568 0.3949163534153155574735 0.3075545790629821696349
0.3703117035006130985941 0.3051723660710776164784 0.3910973126534768584683 0.3435302817016942511508 0.3306585734397041176358
0.3790598482232311883244 0.3221576191132948796536 0.3653409046416796757129 0.3372939915697081847412 0.4017446293896493880737
0.3800051738599574124855 0.1994871322617831621571 0.3827639047141854766743 0.3878355522301343283331 0.3206134629785324929863
0.4265804979513375672084 0.3233374803743365166753 0.2477381112017528197455 0.3360669613981570047478 0.4007569628390357241443
0.3421510796760524608651 0.4076865219184448441148 0.2876562830479740262568 0.3603303183002002363367 0.406583734361709581151
0.2559329667854222112311 0.3668543835250664408854 0.3470630463492159201166 0.3584085429983460135972 0.3456355645441014923236
0.3780376091208945132927 0.3597574573850993995272 0.3883141877715431400375 0.3369323615834553531379 0.379349336071229670253
0.2872655587148494338301 0.332636705563600754143 0.3633694637492160262049 0.3564495096675779906015 0.388999360624071754966
0.2977855764200611488057 0.397814051300599214045 0.3855229983726485842865 0.3210110970805574170939 0.3618192558321943752553
0.3605661006694056425204 0.3895159320180942574829 0.3972184991342564419625 0.388052638926827120347 0.3140396845973489337034
0.3718039738513722047841 0.3521068581215804349505 0.3890279012862668528427 0.4259150494533656128304 0.3650865620370050690369
0.3765073029327287712498 0.3511208792489581287377 0.3471819464508851260653 0.3738848624946722876139 0.3370415333141799085759
0.3761845070925433631714 0.4175147676119231321401 0.4168554137150350946683 0.3930326955478018469137 0.3434033328129159623465
0.3573719712313696561523 0.3691079572786838958187 0.203055468538460431871 0.3689416041795468004239 0.4047355722407730560519
0.3517891171234871494633 0.2226977802275854068093 0.3036144401042134011171 0.3516263400028455388124 0.3807773566175954860213
0.3050896779734451613741 0.3531874300139828393164 0.3977744577200164610709 0.3756482756449058824089 0.3388060409481705725909
0.3384541911507583100693 0.3926070167943175315273 0.3012318914405109349097 0.3481056612660099469636 0.360828218100365416543
0.3587148370351919690613 0.3370079602072593161211 0.3316650875689625688203 0.404388707943217962093 0.336596852074644681263
0.3680314699363690933431 0.3854859344334282122979 0.3448081339806987055674 0.408812029890245676178 0.3325720793299706823376
0.4075054266028463323401 0.3544199556006975559974 0.3431552377103261886049 0.3837818547313637806973 0.334367571438725308397
0.3358012759992789475483 0.3261066408132789473662 0.3443106920699021133991 0.4081461112758799636424 0.3471641497733212178289
0.3445438666168855190719 0.3858938239085714094756 0.4162962185764744194039 0.3605734938790076116177 0.356046436875136651512
0.3743113438892148869819 0.3140832809229406330509 0.3618242429974208862475 0.3828469641683394653064 0.3801697907868284986854
0.391550002742053648852 0.3086214699917521064876 0.3933636039278898266502 0.3661724071313872119759 0.3406376207035490821795
0.3882677724413098885314 0.3626985788413634170801 0.390395992251401202644 0.412700922985006934951 0.3235117370416983884063
0.3563361965767725125787 0.3952255924164822520339 0.3819129493987176715564 0.352953900194685088465 0.379259367787589618537
0.3333708971264377485255 0.3062504012358618354916 0.3477922952092045716377 0.3868549903787610877437 0.3531117923763876786936
0.2766205446594184880205 0.3794825426718711480767 0.3378632586887323485669 0.3946112694224524486408 0.3963308205627651958913
0.3763529878324733957129 0.3612495116528737781891 0.3332909768684811924189 0.3384386023130673271098 0.3159170654032739666839
0.3304695117153050309966 0.3769766644898802088193 0.3657520811031851337702 0.4170901824989493578144 0.4039283368088841807975
0.3523481456810695355841 0.3531478656855911446577 0.3476631704042705273139 0.339696693253083104036 0.3190636904842797938464
0.3935743454820651576753 0.3616008898749815125839 0.3795636079701502629824 0.3369093141480885011951 0.3638254637000545854697
0.3559235965658784084376 0.3317395750476334614909 0.3140797530809801285656 0.3622795644175725859881 0.37025073256066082239
0.4073851697384839876115 0.3582504994742963799759 0.3759720771787977144918 0.3542319006561094885122 0.2643162360393230825295
0.3059885952534491249111 0.3145257132526415588814 0.360718315269304812265 0.2701936319753388549003 0.4140519643011392192378
0.3374197311254062969788 0.3641178983123475321193 0.3331006283926395417083 0.3335265577577928852726 0.3714790378612239374334
0.3654789307871174064424 0.3549706799035882709425 0.2929053472195302654235 0.3846580364772466675838 0.3398758130237049535083
0.3837608721192479199757 0.3807995893752972871305 0.354286910690465750573 0.370511806945518495926 0.3852621368024087833426
0.3156906119841034197293 0.353164527352903823143 0.3764414936973982106494 0.3814021708990975034759 0.3191948420715421952387
0.3816298093386236156555 0.401054986697673254703 0.3681742639513210790803 0.3457585717807176717287 0.3816043130982901820936
0.3657446664667550195738 0.3623269495227850467423 0.3790023807121890020433 0.3313027259134221358394 0.3568733160930582792858
0.3584699568933325530828 0.3857569289540530577121 0.3609245213809735841615 0.3849373671554682241336 0.3385761490814280794126
