0.1793012068462551122927 0.1485501687905634304876 0.3091753649261930747549 0.07835580534416428100108 0.1892030259510169842851
0.2512216886437633189821 0.2860221674899755539556 0.2096175357727990407053 0.110824899752529362762 0.2728487852781206757236
0.1230095585336239555341 0.2580720080261508786457 0.2880764052418711140824 0.08252424056437203392367 0.1493831874799330938774
0.326803167224265889157 0.07365416955282957922613 0.2367821982994739726802 0.316705209096494799681 0.1637272520130828024065
0.2094459710940336227836 0.1341551925379911303082 0.08020869691646115295924 0.07794134130654420400397 0.1705810290755241098726
0.07633935230084398781969 0.09787720734707355818571 0.1072587881276387683505 0.09192168100710280953525 0.03034330432348092757011
0.04773804917256756208399 0.1351551350062393797025 0.1308637098191763326049 0.1437377546294515417991 0.04640003634666994142277
0.09325599212062563037051 0.0705776318363864896277 0.1750588125885525481173 0.0748543338603842312029 0.08596210717748227481128
0.07518147392580860899347 0.0877817473537768344638 0.06105069496282716084989 0.1959659667646520830875 0.06316984282298057640226
0.03901071899702809181454 0.03696544325275547687726 0.1342168036272938236309 0.1058851329711396060951 0.08201444913506733547237
0.0891500444524913338018 0.04528916267883230373226 0.06130750597567822396394 0.1084505560749797897779 0.09793396525958021625602
0.1385752679165109524373 0.03204317284769665069577 0.08911197829355162192133 0.1112244095790119180478 0.06724821917281449679127
0.04727234584670149397656 0.1068493585732125106258 0.0641636656344124756135 0.1222694904577996816153 0.08440140567267111204597
0.08156847546615822452942 0.08993386782211913732521 0.07456025765541948735482 0.09463672630882548342246 0.1244722358054223543267
0.09513073989867133761766 0.01299385163466302943458 0.03723470584320714288351 0.05070088434019694167976 0.06785601199884370993143
0.03641603921499208390555 0.0720567628232123558174 0.05085028151781847971513 0.04831301428319965951541 0.1373922027583859561961
0.07607361098795291376451 0.1029881312577134722108 0.07762728095613016798815 0.06806483373589719554353 0.03022063137413839861711
0.112313158952309422034 0.06562579599200706048645 0.1248230012598045557404 0.04452614780477361783317 0.06596768638766241366067
0.08408916483434265842778 0.1515336097885074118086 0.08344292690726988481753 0.06329888628981263087869 0.02297299661057596725788
0.0621236459764613682677 0.1037406619224094106446 0.04297268354259449474331 0.07480750898594612507964 0.09643438515902126584312
0.03473414874221338738414 0.08675682934155949654897 0.03452482575365019290548 0.05231916479703909578225 0.06197468870057423057096
0.04646148370002971261794 0.09188713678729842904147 0.03910459562866861610297 0.06417381423966615761056 0.06875647658022547570322
0.08190226244304840697019 0.07199257987618813692254 0.04144919117245739886846 0.05483451951491075809786 0.03994893959681156125896
0.04877694947330334790392 0.04617740252247855975432 0.1154969228729472996431 0.05547094863978409978733 0.07446027320613055056064
0.08758986231657828191999 0.07438198034746443254583 0.1373418258593723795258 0.0888762053378141236859 0.05111194928621448640982
0.01794093468163289115114 0.06503385416524018469708 0.01868309077052817887554 0.07375991965819686524419 0.01002856388955066825608
0.04506838331531200919633 0.08622167285487918053644 0.06675599891928289675302 0.07041013227243164696034 0.1014702643249800889658
0.02022338606992621357072 0.05717575471285182148184 0.02070817935678807147903 0.08159782192220327301513 0.07582162372065387456743
0.06364509991578701231241 0.06596664080077578595773 0.0397954652928710211901 0.03235949477164101750759 0.08628650597309175940275
0.04259702113406648588123 0.05034821209077907505636 0.06135494128759863552425 0.04429325608377090300882 0.101267651770224745289
0.09502148272431379383285 0.01508614578677963495579 0.04018151883538348401181 0.04172133103208997689793 0.05380444378607317224006
0.08319156290139975706843 0.04089987916503800419177 0.06499968341540479643825 0.08377252793034421773921 0.04495016916789159461265
0.04794575341339879503977 0.04242819955120060576581 0.02597831713685784874035 0.02938400498430554855234 0.08190436998256710177113
0.04389208845681331905286 0.09373851936375451887606 0.08593887296226300487323 0.07160353525323179257889 0.04142924718490438584784
0.050686107178473951973 0.05163971972184384917615 0.04188113599998764119414 0.02960565834860114792226 0.07736712741624632294624
0.05682370814754836990668 0.0612606090026647370772 0.04203640167177533082388 0.04598336799380665917969 0.03258695163557587953784
0.02623702951762375140676 0.03902961601214750136934 0.05998319668401537463343 0.05020861393902976282932 0.0420744235113369655088
0.04810378339521298451942 0.04164085704187646397312 0.03177915800148381486601 0.03599023077102369433389 0.09490380608756526781278
0.01080517691531194049426 0.1010621818081182676785 0.08914342603776488627165 0.04587058769589281992385 0.06984664172682823746197
0.08130535463539750873352 0.02831940125697058469045 0.05334147317635155177706 0.02440451989849777222896 0.09387751940115605930881
0.0425240955411247747997 0.03562035254143774282154 0.0384519584923579682556 0.03955089806339001645696 0.03565147639379420002603
0.06034611238818178569066 0.05102876385290731203748 0.0190405206902240289879 0.07463142199029958179235 0.07110061131753750429674
0.03247970755856818825258 0.03709295630729780857138 0.08334374054247059571132 0.05866171414857278276767 0.02811617975444229144966
0.02360603222510727905448 0.08586347997958952704689 0.01405835680000899756692 0.06223304965896964829897 0.07424021508923978052152
0.07765031549224586659985 0.04066907425197878456213 0.05828719179828047158853 0.04868935808885785365696 0.03770294279994448188864
0.06667939342989732953715 0.02782302282055199027511 0.05504983699623412773949 0.04302979620076798072947 0.03260846378007328794091
0.07948672547216009687254 0.0562267437660053312487 0.06238807175846175501199 0.07344469653846202872316 0.05535273478600841179365
0.02933693934207124223712 0.03658930846789066465563 0.07269464071736529697798 0.01984939882236811184435 0.02052962409280644634491
0.04398416620405120464055 0.03491916971036424649499 0.05894587388750111706104 0.07115876416895795808504 0.06332645174704620849582
0.05368633203742377568712 0.03581782211585300690349 0.06766327944373068392636 0.08254033171240683641745 0.08807858645803981478828
0.04104454622192302976069 0.02693224815023965990068 0.05728559475164106407075 0.06032541384380435411927 0.08145820921203743292249
0.03606522563916170903697 0.04581045363759504718271 0.02401912444616422989685 0.01549796800027012158574 0.05587084047852869383988
0.07497006748775315865263 0.04899870036097810077624 0.03580896125206672886421 0.04408498742326826674853 0.05187698422441390511128
0.02589290972467513107791 0.07307839449572264833854 0.0374172656928863228698 0.03603532165184347713094 0.04053783258668602895725
0.03619930134246448355517 0.03986458266920520077115 0.05296945624051038054025 0.0422115304808179866991 0.03191742693858444501753
0.05513577815173588414499 0.0198854346825711111868 0.03603142765250368778629 0.0450165313188473428796 0.04701684996436065328007
0.021601644829705224371 0.02924247524918205734523 0.0274934812857308592815 0.04778975165428381993715 0.08061247945958648075671
0.09344816327627998575611 0.07124775927665702446312 0.03605408994554516743936 0.0242656466976991641582 0.02991127015661146706926
0.03305167047096552179752 0.03475119857951963764364 0.03714010028783665956498 0.05222764572905374408363 0.08187638666997192060659
0.08874153885816404851994 0.07202311549797260625816 0.05644287532710876714726 0.03197095704083847966803 0.03135978789513641645792
0.05135709902187893249881 0.03561730403035303499371 0.04005325064620095243395 0.01795739127819779082373 0.05173560270682867057168
0.06561129838591181484553 0.06111369789075209169038 0.03888375062045872770922 0.0194063436550381621104 0.03727448617564226018839
0.02936142426468763347303 0.03907792560464930231579 0.09219427874353763874282 0.06317465404249032745465 0.07541896581887166939318
0.06868116583995705071164 0.03913585613946719138356 0.02346745524945243258075 0.05669669056963674846905 0.05201039070958262539035
0.0347698195758012959522 0.08437972631444512483512 0.02208095434797661613113 0.05333928749256238582843 0.07598946179021597024938
0.03964080200451004787343 0.05334549320948002437692 0.03237337618663133076424 0.02615261442942511810328 0.05459058733744039798585
0.07104076319247111526156 0.06605384915424683534013 0.02701870279169587760193 0.04465038250604692199319 0.05380079945381595341036
0.02189735405270403639788 0.08429220026040266933176 0.05289530715034682084585 0.04537077437657355966083 0.01945208836704028637632
0.04650239513422303044843 0.01816068946466560876662 0.05258049963313771169027 0.02767541700394111209294 0.04533643310352570426902
0.09261834956595264845003 0.06407749287505769275608 0.03348604478320145461101 0.1120942641074329781947 0.05119302001495906750961
0.05505030970581465538105 0.05927046671964441432179 0.03201267275446265103689 0.04902778532517804155333 0.0377953005505476738457
0.02439554924419832376836 0.04424167580615852995995 0.07275762147549964808935 0.04444128040497535153674 0.02301720945407468785215
0.03001740926852195304186 0.0769368558211641767608 0.03470687492133922580351 0.03276698027365139431755 0.08730527626948629549286
0.05226141988588559050832 0.0356943729037957624417 0.05308844578974349082134 0.06581535471429604544635 0.04830170048967931395456
0.05056166165383891436536 0.03083742598998179956782 0.04047411493449928204802 0.04173146541187985197885 0.04131511082855836292094
0.07629231939584117661024 0.02415931111913480547337 0.02342674237058943106926 0.06661707591542147255392 0.02308895407727461906999
0.02575182225160847770962 0.06495237073536730409984 0.03535110779868630426215 0.06913321089420502996159 0.02458545262706528580776
0.03065108649816004893207 0.0242097410759098304045 0.03714561236675763961079 0.07112082817066289752717 0.03924607888114036574612
0.02359968524616741503142 0.02194399718221468759127 0.05899874022942479256937 0.09887263802379332722214 0.01989833921419821224919
0.05771062349906957295032 0.0565027842860906584499 0.01442572592513967702499 0.03113828841328258878463 0.05293408415741810563171
0.02371824096478207175021 0.02570661466187298960229 0.05278772491045243681063 0.0485080333972020966149 0.02967264024626256949113
0.06852888866349965413249 0.04374249080805927419879 0.01669090555294680880416 0.05193893505716731806565 0.04374509218921177750028
0.04580060307091856491857 0.02403139298972393686493 0.01233317399535712420577 0.05014487087204040627331 0.02580342281280459046378
0.0326062053410732036185 0.03065133279436346031011 0.02867734544071627936224 0.01705074533767471020584 0.03339483501685460570263
0.02810810836072234752958 0.08468017842087910418414 0.04443495216258123992059 0.03951470241345687167689 0.05298193337620898252238
0.01227058251765839741454 0.05368839861421022263688 0.02338603982623501525984 0.01745910078571936280278 0.08348530542367699203155
0.06122535532662467389065 0.04575701729964647135329 0.03410013795348045689826 0.05413818786754881484669 0.01818039341296561958727
0.02634579293748647368933 0.02801872943390498749139 0.04316852465781085418373 0.03960430159251229764727 0.08097054910020595741571
0.05589395588836363476526 0.09063196873341118620093 0.03483596329861499835134 0.05370371260087578729747 0.03758153112020750502564
0.02746635403323837570921 0.03357183122210444931044 0.02383500068422943901636 0.04613791309083011688008 0.03271887031399778322793
0.02474388163067909804371 0.02311818464052232957595 0.07051288449656124834863 0.03441029845080793847512 0.0173228299763574927761
0.03623180606241148404845 0.03545569766499497010859 0.05089106013847632947744 0.04281984340725288745721 0.03965700984494443387396
0.02784476988887443771326 0.07574061075727933634028 0.03845296305597475927662 0.03001651900090644004004 0.03709575634532791266196
0.04758213216571305359537 0.09101789308077974649525 0.0192602153028398580259 0.02768056326638817371544 0.03342177636241963623043
0.02707934761480842306147 0.03521711851203138815558 0.03050385413227065661834 0.04533947887091302475504 0.01867011762431392690731
0.04293698406936465733486 0.02708145937216339602105 0.01972840656566999389954 0.01623239525705948496648 0.04783013244398055113793
0.0430680305848938974056 0.03239290348157502358317 0.05134600479005755474526 0.03441731292352357557407 0.02794917491653731850265
0.007796123959654462087787 0.05361752731573439512136 0.05105035511145825793955 0.03718377045359440996597 0.03272189472101432600182
0.05075297197689244976804 0.03915954447731084114848 0.02373228453454176781201 0.01990991651845158000311 0.04926670041725097343166
0.04042045437764170412454 0.03185380977421229525826 0.01783847467393461297402 0.02771432940205290421098 0.01589003175110769230938
0.01857951965534313659711 0.04826059801538074012228 0.03596354541002549920492 0.02831781746581709877097 0.02559610937448227388491
0.02937942556117631789925 0.03170500907750641722549 0.05013948559916620029142 0.02355240011764441962483 0.01055969470948987104508
0.026916000873140187577 0.01900695581612580481456 0.023643036654913903577 0.05012419227017111261757 0.03475048216917018401029
0.08159669644418936218511 0.02662709959100806322851 0.01358675291388995211295 0.06424860652412225925367 0.03264598250354286412822
0.03809683281457429404604 0.05898831279070680666532 0.03811644378132934135595 0.07479607245112041002955 0.02586940970136301573556
0.05000425593209911062642 0.03940533524199738707461 0.03683975124949937646202 0.03423071747957503324633 0.05075421280612686658618
0.04925080708060410733529 0.0255959722341190139272 0.04635147579590094546464 0.03295173123478972038169 0.04654605468328673612
0.009602064487453437421904 0.02595804993106281058357 0.03212703557050296948594 0.02220527547700060222446 0.02639591450566098132513
0.03783599376230841609958 0.02884784679991250766484 0.03532862997666696980303 0.04026040324142690640663 0.04407268504784647711325
0.02783703155907199175423 0.03937566832829444279929 0.05144789343844426848795 0.04927152861055866805984 0.02692865431950868665423
0.07287893328482913934963 0.03964979202446068662358 0.02140495873128197418245 0.01489410988574899064041 0.05551881261685257668015
0.01711547647030112195843 0.06378202188123040239365 0.06576400430183584888688 0.046846578994694021425 0.02703385264431749229752
0.01996635050324120988496 0.0231622324064719720127 0.02070302284065573747429 0.02354976130572219647497 0.01779933057226118844896
0.04829225591751103163762 0.05862188146434255120454 0.07545053278383957728881 0.02653750287785657316353 0.09658752435801208624522
0.03140132527788316169071 0.07174835124433427691049 0.01853111610140397227942 0.05795962657077996516009 0.01397583823025596964917
0.0676659151810625192347 0.04913206662046470246663 0.06015182501797599473603 0.04360350827317348298973 0.04325081525294358075762
0.04429554106561745668857 0.03486730890353023637473 0.02168722603190496520109 0.05464076507058230475211 0.02808573742751574106591
0.03037044831586317369942 0.03204082024502690612122 0.02106486291245873720968 0.03630364023165222331357 0.03826151376977898060927
0.02765978473629506634301 0.02146700557292439623391 0.02227532966416037943369 0.03133257305457445851538 0.0477639999358418360087
0.04296140276026038512525 0.03227403289478984749206 0.03308875380611450006674 0.02007771994274167026706 0.02925944298416100625149
0.0361151523752028177916 0.016511419156263029695 0.03787533794079078752759 0.02519181105010245488862 0.03015825360589975343006
0.02763011578268319279328 0.07961485752320329734033 0.03593991738528264784369 0.01316137713032912090472 0.03989121904592617118279
0.02281019345399666262142 0.02956467047857517377318 0.05651429039801738468674 0.02724168216471538339629 0.02890347891025495455364
0.04637929237234796053801 0.03074902779458442078631 0.03100891057172247555762 0.05747229742883651348873 0.03858835231921507041841
0.02663375375220760482575 0.04404541493449132261162 0.008146067988319410577147 0.0228771464290612250303 0.06383659722656914725647
0.02708523408792276598867 0.04412530034963654812508 0.02866143155596845293331 0.03326899189253092886664 0.06199618326145459740184
0.03457234302019247113025 0.0157211665595338480339 0.08621656922138982992454 0.05199518927770527265686 0.02465463934706496260119
0.0414793744423931562415 0.02800081159438087829994 0.005069418567265555723711 0.03755322687601527625878 0.04528369448875345371075
0.01854028297116433812719 0.04732568621401225805734 0.02120906863220582347362 0.03384405492147743443887 0.02512329746061085777864
0.04118408825545287477166 0.03353485884406166850358 0.007478257216381179774134 0.05088793548081746442868 0.03855091836754093170825
0.04397357001160465128642 0.0391512699590265897398 0.02797180764201254166146 0.052382736106451520397 0.01806216923353545777964
0.01814911396659912162788 0.02601782055549490407786 0.01808830714017708660157 0.02663462047311219993428 0.06146436533948190089616
0.0272000319290787648252 0.05158425247854809408965 0.02276751334042648872158 0.03887013528537671541718 0.01495798061585266666706
0.03279896911116403357411 0.047016209414918012921 0.02319789496692607061457 0.03089498256419885569013 0.06136385578238429117093
0.03271324682349045082086 0.05891220790929420358939 0.02871573308672991861612 0.03680031504674518422204 0.03479541081182675743566
0.03495650461553070215137 0.01727794123619396174374 0.06685074523344936014979 0.03404108041357946368155 0.03626710277234737600516
0.02066781540040890305376 0.02340926562676483996261 0.03838451296534217682677 0.01835475671191372920577 0.01449433493577625964299
0.02115715274654866168147 0.04057277712962662624685 0.03614387295298035485125 0.03136760527550017801923 0.01890271596722283009573
0.03888126719415403720337 0.02448345518982939644781 0.04566631537609322499804 0.04977086166056923777212 0.03047639301797949729078
0.0335552565610373748628 0.02206988904146877858437 0.01589699964946481025585 0.01241890197657317951307 0.03194030840068254328834
0.02648189972259731503335 0.02948230884171267746074 0.03930740204714315566559 0.01468939015503278704144 0.01492405659754277719165
0.0176007099424149229816 0.0129923595197423344394 0.04037614791983394624264 0.02280065643982082113084 0.02376520289102595703823
0.03602641126636751955914 0.03046738337410757890833 0.01988775429627430077484 0.02747274135159336397316
